1720000 755
1720010 755
1720020 757
1720030 758
1720040 758
1720050 758
1720060 758
1720070 758
1720080 757
1720090 756
1720100 756
1720110 756
1720120 757
1720130 759
1720140 759
1720150 764
1720160 769
1720170 769
1720180 773
1720190 778
1720200 778
1720210 782
1720220 784
1720230 784
1720240 790
1720250 795
1720260 795
1720270 799
1720280 803
1720290 806
1720300 806
1720310 810
1720320 813
1720330 813
1720340 817
1720350 820
1720360 820
1720370 823
1720380 826
1720390 826
1720400 828
1720410 831
1720420 831
1720430 834
1720440 838
1720450 841
1720460 841
1720470 844
1720480 847
1720490 847
1720500 849
1720510 850
1720520 850
1720530 851
1720540 852
1720550 852
1720560 853
1720570 853
1720580 853
1720590 851
1720600 848
1720610 845
1720620 845
1720630 843
1720640 840
1720650 840
1720660 838
1720670 836
1720680 836
1720690 835
1720700 835
1720710 835
1720720 835
1720730 835
1720740 835
1720750 835
1720760 835
1720770 834
1720780 834
1720790 834
1720800 834
1720810 834
1720820 835
1720830 836
1720840 836
1720850 835
1720860 832
1720870 832
1720880 826
1720890 821
1720900 821
1720910 815
1720920 809
1720930 804
1720940 804
1720950 799
1720960 793
1720970 793
1720980 787
1720990 781
1721000 781
1721010 775
1721020 772
1721030 772
1721040 770
1721050 768
1721060 767
1721070 767
1721080 768
1721090 770
1721100 770
1721110 771
1721120 772
1721130 772
1721140 771
1721150 770
1721160 770
1721170 767
1721180 763
1721190 763
1721200 759
1721210 751
1721220 753
1721230 753
1721240 746
1721250 741
1721260 741
1721270 737
1721280 728
1721290 728
1721300 721
1721310 712
1721320 712
1721330 706
1721340 698
1721350 698
1721360 693
1721370 695
1721380 703
1721390 703
1721400 713
1721410 721
1721420 721
1721430 728
1721440 734
1721450 734
1721460 740
1721470 746
1721480 746
1721490 750
1721500 755
1721510 755
1721520 760
1721530 765
1721540 771
1721550 771
1721560 777
1721570 782
1721580 782
1721590 786
1721600 786
1721610 786
1721620 786
1721630 786
1721640 786
1721650 785
1721660 784
1721670 784
1721680 783
1721690 783
1721700 782
1721710 782
1721720 782
1721730 781
1721740 781
1721750 780
1721760 780
1721770 780
1721780 779
1721790 780
1721800 780
1721810 780
1721820 781
1721830 781
1721840 782
1721850 783
1721860 784
1721870 784
1721880 786
1721890 787
1721900 787
1721910 786
1721920 788
1721930 788
1721940 789
1721950 792
1721960 792
1721970 794
1721980 796
1721990 796
1722000 797
1722010 797
1722020 798
1722030 798
1722040 798
1722050 795
1722060 795
1722070 793
1722080 791
1722090 791
1722100 789
1722110 787
1722120 787
1722130 785
1722140 786
1722150 786
1722160 788
1722170 788
1722180 790
1722190 790
1722200 791
1722210 792
1722220 792
1722230 796
1722240 798
1722250 798
1722260 801
1722270 803
1722280 803
1722290 806
1722300 809
1722310 812
1722320 812
1722330 816
1722340 820
1722350 820
1722360 823
1722370 827
1722380 827
1722390 831
1722400 835
1722410 835
1722420 840
1722430 845
1722440 845
1722450 849
1722460 853
1722470 857
1722480 857
1722490 861
1722500 864
1722510 864
1722520 868
1722530 870
1722540 870
1722550 873
1722560 875
1722570 875
1722580 877
1722590 878
1722600 878
1722610 880
1722620 884
1722630 886
1722640 886
1722650 889
1722660 891
1722670 891
1722680 894
1722690 897
1722700 897
1722710 900
1722720 904
1722730 904
1722740 907
1722750 910
1722760 910
1722770 914
1722780 917
1722790 920
1722800 920
1722810 923
1722820 925
1722830 925
1722840 927
1722850 929
1722860 929
1722870 930
1722880 931
1722890 931
1722900 932
1722910 933
1722920 933
1722930 932
1722940 932
1722950 931
1722960 931
1722970 930
1722980 929
1722990 929
1723000 927
1723010 921
1723020 921
1723030 916
1723040 910
1723050 910
1723060 905
1723070 899
1723080 899
1723090 893
1723100 887
1723110 880
1723120 880
1723130 875
1723140 869
1723150 869
1723160 864
1723170 859
1723180 859
1723190 853
1723200 848
1723210 848
1723220 843
1723230 838
1723240 838
1723250 832
1723260 826
1723270 818
1723280 818
1723290 812
1723300 816
1723310 816
1723320 819
1723330 821
1723340 821
1723350 822
1723360 824
1723370 824
1723380 826
1723390 827
1723400 827
1723410 830
1723420 832
1723430 833
1723440 833
1723450 836
1723460 839
1723470 839
1723480 841
1723490 843
1723500 843
1723510 846
1723520 849
1723530 849
1723540 851
1723550 854
1723560 854
1723570 857
1723580 859
1723590 862
1723600 862
1723610 864
1723620 866
1723630 866
1723640 866
1723650 867
1723660 867
1723670 869
1723680 870
1723690 870
1723700 871
1723710 873
1723720 874
1723730 874
1723740 874
1723750 876
1723760 876
1723770 877
1723780 877
1723790 877
1723800 878
1723810 879
1723820 879
1723830 879
1723840 879
1723850 879
1723860 879
1723870 879
1723880 878
1723890 878
1723900 877
1723910 875
1723920 875
1723930 873
1723940 870
1723950 870
1723960 867
1723970 864
1723980 864
1723990 863
1724000 861
1724010 861
1724020 858
1724030 856
1724040 853
1724050 853
1724060 844
1724070 837
1724080 837
1724090 831
1724100 824
1724110 824
1724120 818
1724130 810
1724140 810
1724150 802
1724160 794
1724170 794
1724180 786
1724190 777
1724200 779
1724210 779
1724220 777
1724230 774
1724240 774
1724250 771
1724260 770
1724270 770
1724280 768
1724290 766
1724300 766
1724310 765
1724320 763
1724330 763
1724340 760
1724350 756
1724360 753
1724370 753
1724380 749
1724390 742
1724400 742
1724410 733
1724420 724
1724430 724
1724440 727
1724450 732
1724460 732
1724470 736
1724480 737
1724490 737
1724500 737
1724510 737
1724520 737
1724530 737
1724540 737
1724550 737
1724560 737
1724570 735
1724580 732
1724590 732
1724600 724
1724610 716
1724620 716
1724630 707
1724640 699
1724650 699
1724660 691
1724670 682
1724680 682
1724690 682
1724700 688
1724710 694
1724720 694
1724730 698
1724740 702
1724750 702
1724760 707
1724770 710
1724780 710
1724790 713
1724800 715
1724810 715
1724820 716
1724830 716
1724840 712
1724850 712
1724860 705
1724870 698
1724880 698
1724890 690
1724900 682
1724910 682
1724920 678
1724930 685
1724940 685
1724950 691
1724960 696
1724970 701
1724980 701
1724990 705
1725000 707
1725010 707
1725020 707
1725030 707
1725040 707
1725050 707
1725060 707
1725070 707
1725080 706
1725090 706
1725100 706
1725110 704
1725120 701
1725130 696
1725140 696
1725150 690
1725160 680
1725170 680
1725180 671
1725190 660
1725200 660
1725210 652
1725220 643
1725230 643
1725240 635
1725250 625
1725260 625
1725270 624
1725280 623
1725290 622
1725300 622
1725310 620
1725320 616
1725330 616
1725340 610
1725350 602
1725360 602
1725370 595
1725380 587
1725390 587
1725400 580
1725410 573
1725420 573
1725430 566
1725440 560
1725450 556
1725460 556
1725470 552
1725480 552
1725490 552
1725500 550
1725510 554
1725520 554
1725530 566
1725540 575
1725550 575
1725560 583
1725570 591
1725580 591
1725590 598
1725600 604
1725610 609
1725620 609
1725630 614
1725640 619
1725650 619
1725660 625
1725670 630
1725680 630
1725690 636
1725700 641
1725710 641
1725720 647
1725730 653
1725740 653
1725750 657
1725760 662
1725770 667
1725780 667
1725790 671
1725800 674
1725810 674
1725820 677
1725830 677
1725840 677
1725850 677
1725860 678
1725870 678
1725880 679
1725890 682
1725900 682
1725910 686
1725920 692
1725930 700
1725940 700
1725950 706
1725960 713
1725970 713
1725980 719
1725990 724
1726000 724
1726010 730
1726020 733
1726030 733
1726040 738
1726050 742
1726060 742
1726070 745
1726080 748
1726090 751
1726100 751
1726110 753
1726120 756
1726130 756
1726140 758
1726150 761
1726160 761
1726170 762
1726180 764
1726190 764
1726200 766
1726210 766
1726220 766
1726230 765
1726240 764
1726250 760
1726260 760
1726270 758
1726280 760
1726290 760
1726300 765
1726310 766
1726320 766
1726330 768
1726340 771
1726350 771
1726360 773
1726370 776
1726380 778
1726390 778
1726400 781
1726410 783
1726420 783
1726430 785
1726440 786
1726450 786
1726460 787
1726470 788
1726480 788
1726490 788
1726500 788
1726510 788
1726520 786
1726530 781
1726540 775
1726550 775
1726560 768
1726570 762
1726580 762
1726590 755
1726600 750
1726610 750
1726620 745
1726630 739
1726640 739
1726650 733
1726660 727
1726670 727
1726680 722
1726690 717
1726700 713
1726710 713
1726720 705
1726730 714
1726740 714
1726750 721
1726760 727
1726770 727
1726780 734
1726790 739
1726800 739
1726810 745
1726820 751
1726830 751
1726840 755
1726850 760
1726860 763
1726870 763
1726880 766
1726890 768
1726900 768
1726910 771
1726920 773
1726930 773
1726940 774
1726950 774
1726960 774
1726970 775
1726980 776
1726990 776
1727000 775
1727010 775
1727020 775
1727030 775
1727040 776
1727050 776
1727060 776
1727070 776
1727080 776
1727090 776
1727100 777
1727110 777
1727120 777
1727130 778
1727140 778
1727150 778
1727160 779
1727170 780
1727180 780
1727190 780
1727200 781
1727210 781
1727220 781
1727230 781
1727240 780
1727250 780
1727260 779
1727270 778
1727280 778
1727290 776
1727300 775
1727310 775
1727320 773
1727330 768
1727340 761
1727350 761
1727360 753
1727370 748
1727380 748
1727390 742
1727400 736
1727410 736
1727420 728
1727430 727
1727440 727
1727450 733
1727460 737
1727470 737
1727480 741
1727490 746
1727500 752
1727510 752
1727520 757
1727530 763
1727540 763
1727550 767
1727560 773
1727570 773
1727580 778
1727590 783
1727600 783
1727610 789
1727620 795
1727630 800
1727640 800
1727650 805
1727660 810
1727670 810
1727680 815
1727690 819
1727700 819
1727710 824
1727720 828
1727730 828
1727740 832
1727750 836
1727760 836
1727770 839
1727780 842
1727790 844
1727800 844
1727810 847
1727820 849
1727830 849
1727840 851
1727850 854
1727860 854
1727870 857
1727880 859
1727890 859
1727900 861
1727910 865
1727920 865
1727930 866
1727940 868
1727950 868
1727960 868
1727970 870
1727980 870
1727990 870
1728000 870
1728010 870
1728020 870
1728030 871
1728040 870
1728050 870
1728060 869
1728070 869
1728080 869
1728090 869
1728100 869
1728110 867
1728120 867
1728130 868
1728140 866
1728150 866
1728160 865
1728170 864
1728180 864
1728190 863
1728200 860
1728210 860
1728220 856
1728230 852
1728240 852
1728250 846
1728260 843
1728270 837
1728280 837
1728290 833
1728300 828
1728310 828
1728320 823
1728330 817
1728340 817
1728350 810
1728360 803
1728370 803
1728380 798
1728390 796
1728400 796
1728410 797
1728420 797
1728430 797
1728440 797
1728450 798
1728460 798
1728470 798
1728480 800
1728490 801
1728500 801
1728510 802
1728520 804
1728530 804
1728540 806
1728550 808
1728560 808
1728570 810
1728580 812
1728590 814
1728600 814
1728610 816
1728620 817
1728630 817
1728640 818
1728650 820
1728660 820
1728670 821
1728680 822
1728690 822
1728700 823
1728710 824
1728720 824
1728730 825
1728740 825
1728750 824
1728760 824
1728770 823
1728780 823
1728790 823
1728800 822
1728810 822
1728820 822
1728830 820
1728840 820
1728850 820
1728860 819
1728870 818
1728880 818
1728890 818
1728900 817
1728910 817
1728920 817
1728930 816
1728940 816
1728950 816
1728960 816
1728970 816
1728980 816
1728990 815
1729000 815
1729010 815
1729020 814
1729030 813
1729040 811
1729050 811
1729060 808
1729070 806
1729080 806
1729090 804
1729100 804
1729110 804
1729120 804
1729130 805
1729140 805
1729150 805
1729160 805
1729170 805
1729180 805
1729190 805
1729200 805
1729210 805
1729220 803
1729230 802
1729240 802
1729250 801
1729260 800
1729270 800
1729280 798
1729290 797
1729300 797
1729310 795
1729320 794
1729330 794
1729340 793
1729350 792
1729360 790
1729370 790
1729380 789
1729390 788
1729400 788
1729410 787
1729420 786
1729430 786
1729440 784
1729450 783
1729460 783
