1720000 693
1720010 695
1720020 697
1720030 697
1720040 701
1720050 704
1720060 704
1720070 712
1720080 716
1720090 722
1720100 722
1720110 728
1720120 732
1720130 732
1720140 735
1720150 736
1720160 736
1720170 738
1720180 738
1720190 738
1720200 739
1720210 741
1720220 741
1720230 743
1720240 746
1720250 747
1720260 747
1720270 749
1720280 750
1720290 750
1720300 752
1720310 756
1720320 756
1720330 762
1720340 768
1720350 768
1720360 771
1720370 775
1720380 775
1720390 779
1720400 783
1720410 786
1720420 786
1720430 790
1720440 793
1720450 793
1720460 796
1720470 799
1720480 799
1720490 802
1720500 805
1720510 805
1720520 809
1720530 812
1720540 812
1720550 815
1720560 817
1720570 820
1720580 820
1720590 822
1720600 824
1720610 824
1720620 825
1720630 827
1720640 827
1720650 828
1720660 830
1720670 830
1720680 829
1720690 831
1720700 831
1720710 830
1720720 831
1720730 833
1720740 833
1720750 835
1720760 835
1720770 835
1720780 837
1720790 839
1720800 839
1720810 840
1720820 841
1720830 841
1720840 840
1720850 840
1720860 840
1720870 839
1720880 836
1720890 833
1720900 833
1720910 829
1720920 826
1720930 826
1720940 825
1720950 824
1720960 824
1720970 823
1720980 822
1720990 822
1721000 821
1721010 820
1721020 819
1721030 819
1721040 818
1721050 817
1721060 817
1721070 816
1721080 815
1721090 815
1721100 814
1721110 813
1721120 813
1721130 811
1721140 809
1721150 809
1721160 807
1721170 805
1721180 802
1721190 802
1721200 800
1721210 799
1721220 799
1721230 798
1721240 796
1721250 796
1721260 794
1721270 790
1721280 790
1721290 783
1721300 775
1721310 775
1721320 770
1721330 763
1721340 755
1721350 755
1721360 753
1721370 753
1721380 753
1721390 757
1721400 761
1721410 761
1721420 767
1721430 773
1721440 773
1721450 779
1721460 783
1721470 783
1721480 788
1721490 791
1721500 794
1721510 794
1721520 797
1721530 800
1721540 800
1721550 803
1721560 807
1721570 807
1721580 810
1721590 814
1721600 814
1721610 818
1721620 821
1721630 821
1721640 823
1721650 825
1721660 828
1721670 828
1721680 829
1721690 831
1721700 831
1721710 832
1721720 832
1721730 832
1721740 831
1721750 830
1721760 830
1721770 830
1721780 829
1721790 829
1721800 829
1721810 829
1721820 829
1721830 829
1721840 830
1721850 831
1721860 831
1721870 832
1721880 833
1721890 833
1721900 834
1721910 835
1721920 835
1721930 836
1721940 839
1721950 839
1721960 843
1721970 847
1721980 851
1721990 851
1722000 856
1722010 860
1722020 860
1722030 864
1722040 869
1722050 869
1722060 870
1722070 870
1722080 870
1722090 872
1722100 873
1722110 873
1722120 873
1722130 870
1722140 867
1722150 867
1722160 864
1722170 862
1722180 862
1722190 860
1722200 858
1722210 858
1722220 856
1722230 853
1722240 853
1722250 851
1722260 848
1722270 848
1722280 845
1722290 843
1722300 840
1722310 840
1722320 839
1722330 837
1722340 837
1722350 837
1722360 839
1722370 839
1722380 840
1722390 841
1722400 841
1722410 842
1722420 845
1722430 845
1722440 846
1722450 848
1722460 850
1722470 850
1722480 853
1722490 854
1722500 854
1722510 857
1722520 859
1722530 859
1722540 861
1722550 862
1722560 862
1722570 864
1722580 865
1722590 866
1722600 866
1722610 867
1722620 868
1722630 868
1722640 870
1722650 871
1722660 871
1722670 871
1722680 872
1722690 872
1722700 873
1722710 873
1722720 873
1722730 874
1722740 874
1722750 875
1722760 875
1722770 875
1722780 876
1722790 876
1722800 877
1722810 877
1722820 877
1722830 876
1722840 875
1722850 875
1722860 874
1722870 873
1722880 873
1722890 871
1722900 871
1722910 870
1722920 870
1722930 871
1722940 871
1722950 871
1722960 871
1722970 868
1722980 868
1722990 869
1723000 870
1723010 870
1723020 870
1723030 872
1723040 872
1723050 872
1723060 873
1723070 873
1723080 873
1723090 874
1723100 875
1723110 875
1723120 875
1723130 876
1723140 876
1723150 877
1723160 875
1723170 875
1723180 876
1723190 876
1723200 876
1723210 877
1723220 877
1723230 877
1723240 877
1723250 877
1723260 878
1723270 878
1723280 878
1723290 878
1723300 878
1723310 878
1723320 878
1723330 878
1723340 878
1723350 877
1723360 877
1723370 874
1723380 868
1723390 863
1723400 863
1723410 858
1723420 853
1723430 853
1723440 848
1723450 843
1723460 843
1723470 837
1723480 832
1723490 832
1723500 827
1723510 824
1723520 824
1723530 821
1723540 818
1723550 816
1723560 816
1723570 813
1723580 811
1723590 811
1723600 808
1723610 805
1723620 805
1723630 802
1723640 798
1723650 798
1723660 796
1723670 793
1723680 793
1723690 790
1723700 787
1723710 785
1723720 785
1723730 784
1723740 781
1723750 781
1723760 778
1723770 776
1723780 776
1723790 773
1723800 768
1723810 768
1723820 763
1723830 758
1723840 758
1723850 753
1723860 747
1723870 742
1723880 742
1723890 737
1723900 731
1723910 731
1723920 728
1723930 730
1723940 730
1723950 735
1723960 735
1723970 735
1723980 735
1723990 734
1724000 737
1724010 737
1724020 738
1724030 740
1724040 740
1724050 742
1724060 743
1724070 743
1724080 745
1724090 745
1724100 745
1724110 746
1724120 747
1724130 747
1724140 748
1724150 749
1724160 747
1724170 747
1724180 743
1724190 737
1724200 737
1724210 730
1724220 725
1724230 725
1724240 725
1724250 727
1724260 727
1724270 722
1724280 726
1724290 726
1724300 728
1724310 731
1724320 735
1724330 735
1724340 737
1724350 739
1724360 739
1724370 740
1724380 742
1724390 742
1724400 745
1724410 746
1724420 746
1724430 749
1724440 751
1724450 751
1724460 754
1724470 757
1724480 760
1724490 760
1724500 762
1724510 762
1724520 762
1724530 762
1724540 761
1724550 761
1724560 759
1724570 757
1724580 757
1724590 753
1724600 748
1724610 748
1724620 742
1724630 735
1724640 727
1724650 727
1724660 721
1724670 713
1724680 713
1724690 707
1724700 703
1724710 703
1724720 700
1724730 697
1724740 697
1724750 695
1724760 694
1724770 694
1724780 693
1724790 694
1724800 695
1724810 695
1724820 697
1724830 700
1724840 700
1724850 704
1724860 708
1724870 708
1724880 714
1724890 719
1724900 719
1724910 723
1724920 727
1724930 727
1724940 728
1724950 729
1724960 727
1724970 727
1724980 723
1724990 719
1725000 719
1725010 713
1725020 709
1725030 709
1725040 701
1725050 693
1725060 693
1725070 685
1725080 678
1725090 678
1725100 670
1725110 662
1725120 655
1725130 655
1725140 647
1725150 640
1725160 640
1725170 630
1725180 623
1725190 623
1725200 615
1725210 608
1725220 608
1725230 601
1725240 594
1725250 594
1725260 585
1725270 580
1725280 579
1725290 579
1725300 578
1725310 576
1725320 576
1725330 577
1725340 577
1725350 577
1725360 577
1725370 578
1725380 578
1725390 581
1725400 586
1725410 586
1725420 594
1725430 598
1725440 603
1725450 603
1725460 609
1725470 616
1725480 616
1725490 619
1725500 627
1725510 627
1725520 627
1725530 627
1725540 627
1725550 626
1725560 628
1725570 634
1725580 634
1725590 638
1725600 644
1725610 644
1725620 650
1725630 657
1725640 657
1725650 663
1725660 670
1725670 670
1725680 676
1725690 681
1725700 681
1725710 685
1725720 688
1725730 691
1725740 691
1725750 691
1725760 692
1725770 692
1725780 691
1725790 690
1725800 690
1725810 686
1725820 681
1725830 681
1725840 675
1725850 668
1725860 668
1725870 661
1725880 653
1725890 646
1725900 646
1725910 637
1725920 628
1725930 628
1725940 619
1725950 619
1725960 619
1725970 624
1725980 626
1725990 626
1726000 628
1726010 630
1726020 630
1726030 632
1726040 631
1726050 630
1726060 630
1726070 631
1726080 632
1726090 632
1726100 631
1726110 630
1726120 630
1726130 629
1726140 629
1726150 629
1726160 628
1726170 628
1726180 628
1726190 626
1726200 626
1726210 624
1726220 624
1726230 623
1726240 618
1726250 618
1726260 614
1726270 611
1726280 611
1726290 610
1726300 610
1726310 610
1726320 609
1726330 609
1726340 609
1726350 610
1726360 610
1726370 613
1726380 613
1726390 614
1726400 615
1726410 615
1726420 620
1726430 627
1726440 627
1726450 634
1726460 641
1726470 641
1726480 646
1726490 652
1726500 652
1726510 657
1726520 662
1726530 668
1726540 668
1726550 673
1726560 678
1726570 678
1726580 682
1726590 685
1726600 685
1726610 689
1726620 693
1726630 693
1726640 697
1726650 701
1726660 701
1726670 705
1726680 707
1726690 710
1726700 710
1726710 714
1726720 717
1726730 717
1726740 719
1726750 721
1726760 721
1726770 724
1726780 726
1726790 726
1726800 728
1726810 731
1726820 731
1726830 734
1726840 738
1726850 741
1726860 741
1726870 744
1726880 746
1726890 746
1726900 748
1726910 750
1726920 750
1726930 752
1726940 754
1726950 754
1726960 757
1726970 760
1726980 761
1726990 761
1727000 764
1727010 766
1727020 766
1727030 768
1727040 769
1727050 769
1727060 771
1727070 773
1727080 773
1727090 775
1727100 776
1727110 776
1727120 778
1727130 780
1727140 781
1727150 781
1727160 782
1727170 783
1727180 783
1727190 784
1727200 785
1727210 785
1727220 787
1727230 789
1727240 789
1727250 791
1727260 794
1727270 794
1727280 796
1727290 800
1727300 801
1727310 801
1727320 802
1727330 804
1727340 804
1727350 806
1727360 807
1727370 807
1727380 808
1727390 809
1727400 809
1727410 810
1727420 811
1727430 811
1727440 812
1727450 813
1727460 814
1727470 814
1727480 815
1727490 815
1727500 815
1727510 816
1727520 816
1727530 816
1727540 817
1727550 817
1727560 817
1727570 817
1727580 817
1727590 817
1727600 816
1727610 817
1727620 817
1727630 817
1727640 816
1727650 816
1727660 816
1727670 816
1727680 816
1727690 816
1727700 816
1727710 815
1727720 815
1727730 816
1727740 812
1727750 812
1727760 812
1727770 814
1727780 814
1727790 814
1727800 814
1727810 815
1727820 815
1727830 815
1727840 816
1727850 816
1727860 817
1727870 819
1727880 819
1727890 820
1727900 822
1727910 822
1727920 823
1727930 824
1727940 825
1727950 825
1727960 827
1727970 829
1727980 829
1727990 831
1728000 832
1728010 832
1728020 834
1728030 834
1728040 834
1728050 834
1728060 834
1728070 834
1728080 833
1728090 831
1728100 828
1728110 828
1728120 826
1728130 822
1728140 822
1728150 818
1728160 813
1728170 813
1728180 806
1728190 800
1728200 800
1728210 794
1728220 790
1728230 790
1728240 785
1728250 780
1728260 776
1728270 776
1728280 772
1728290 768
1728300 768
1728310 765
1728320 762
1728330 762
1728340 760
1728350 756
1728360 756
1728370 754
1728380 753
1728390 753
1728400 752
1728410 749
1728420 745
1728430 745
1728440 745
1728450 742
1728460 742
1728470 736
1728480 731
1728490 731
1728500 733
1728510 736
1728520 736
1728530 735
1728540 734
1728550 732
1728560 732
1728570 732
1728580 730
1728590 730
1728600 727
1728610 725
1728620 725
1728630 721
1728640 717
1728650 717
1728660 713
1728670 709
1728680 709
1728690 705
1728700 700
1728710 694
1728720 694
1728730 689
1728740 682
1728750 682
1728760 676
1728770 669
1728780 669
1728790 660
1728800 656
1728810 656
1728820 651
1728830 645
1728840 645
1728850 638
1728860 632
1728870 626
1728880 626
1728890 621
1728900 622
1728910 622
1728920 622
1728930 623
1728940 623
1728950 625
1728960 627
1728970 627
1728980 629
1728990 631
1729000 631
1729010 632
1729020 632
1729030 634
1729040 634
1729050 635
1729060 637
1729070 637
1729080 638
1729090 640
1729100 640
1729110 642
1729120 644
1729130 644
1729140 646
1729150 648
1729160 648
1729170 650
1729180 652
1729190 654
1729200 654
1729210 656
1729220 657
1729230 657
1729240 659
1729250 660
1729260 660
1729270 661
1729280 662
1729290 662
1729300 663
1729310 664
1729320 664
1729330 664
1729340 665
1729350 663
1729360 663
1729370 666
1729380 666
1729390 666
1729400 666
1729410 665
1729420 665
1729430 662
1729440 657
1729450 657
