1720000 708
1720010 712
1720020 714
1720030 714
1720040 714
1720050 714
1720060 714
1720070 714
1720080 716
1720090 716
1720100 722
1720110 728
1720120 728
1720130 731
1720140 736
1720150 736
1720160 740
1720170 746
1720180 751
1720190 751
1720200 755
1720210 758
1720220 758
1720230 761
1720240 763
1720250 763
1720260 763
1720270 764
1720280 764
1720290 765
1720300 766
1720310 766
1720320 769
1720330 772
1720340 775
1720350 775
1720360 777
1720370 779
1720380 779
1720390 780
1720400 782
1720410 782
1720420 785
1720430 787
1720440 787
1720450 789
1720460 791
1720470 791
1720480 793
1720490 795
1720500 797
1720510 797
1720520 799
1720530 801
1720540 801
1720550 803
1720560 805
1720570 805
1720580 806
1720590 807
1720600 807
1720610 808
1720620 809
1720630 809
1720640 811
1720650 812
1720660 815
1720670 815
1720680 818
1720690 820
1720700 820
1720710 823
1720720 828
1720730 828
1720740 834
1720750 839
1720760 839
1720770 845
1720780 850
1720790 850
1720800 856
1720810 860
1720820 865
1720830 865
1720840 868
1720850 872
1720860 872
1720870 874
1720880 873
1720890 873
1720900 868
1720910 860
1720920 860
1720930 855
1720940 850
1720950 850
1720960 845
1720970 840
1720980 835
1720990 835
1721000 831
1721010 828
1721020 828
1721030 825
1721040 822
1721050 822
1721060 819
1721070 817
1721080 817
1721090 816
1721100 815
1721110 815
1721120 812
1721130 810
1721140 807
1721150 807
1721160 801
1721170 799
1721180 799
1721190 794
1721200 790
1721210 790
1721220 790
1721230 789
1721240 789
1721250 790
1721260 791
1721270 791
1721280 790
1721290 790
1721300 790
1721310 790
1721320 789
1721330 788
1721340 788
1721350 785
1721360 784
1721370 784
1721380 782
1721390 781
1721400 781
1721410 780
1721420 780
1721430 779
1721440 779
1721450 779
1721460 778
1721470 778
1721480 778
1721490 777
1721500 777
1721510 779
1721520 781
1721530 781
1721540 784
1721550 786
1721560 786
1721570 788
1721580 791
1721590 792
1721600 792
1721610 794
1721620 796
1721630 796
1721640 799
1721650 801
1721660 801
1721670 803
1721680 806
1721690 806
1721700 809
1721710 811
1721720 811
1721730 814
1721740 817
1721750 819
1721760 819
1721770 823
1721780 827
1721790 827
1721800 831
1721810 835
1721820 835
1721830 836
1721840 841
1721850 841
1721860 843
1721870 847
1721880 847
1721890 851
1721900 856
1721910 860
1721920 860
1721930 863
1721940 867
1721950 867
1721960 871
1721970 875
1721980 875
1721990 880
1722000 884
1722010 884
1722020 888
1722030 891
1722040 891
1722050 894
1722060 895
1722070 896
1722080 896
1722090 894
1722100 891
1722110 891
1722120 886
1722130 882
1722140 882
1722150 877
1722160 871
1722170 871
1722180 866
1722190 862
1722200 862
1722210 860
1722220 860
1722230 859
1722240 859
1722250 857
1722260 856
1722270 856
1722280 853
1722290 851
1722300 851
1722310 850
1722320 849
1722330 849
1722340 846
1722350 842
1722360 842
1722370 840
1722380 839
1722390 838
1722400 838
1722410 838
1722420 838
1722430 838
1722440 837
1722450 840
1722460 840
1722470 843
1722480 842
1722490 842
1722500 844
1722510 847
1722520 847
1722530 850
1722540 852
1722550 854
1722560 854
1722570 855
1722580 856
1722590 856
1722600 856
1722610 856
1722620 856
1722630 855
1722640 853
1722650 853
1722660 851
1722670 849
1722680 849
1722690 847
1722700 845
1722710 844
1722720 844
1722730 842
1722740 840
1722750 840
1722760 837
1722770 834
1722780 834
1722790 831
1722800 827
1722810 827
1722820 825
1722830 822
1722840 822
1722850 820
1722860 817
1722870 813
1722880 813
1722890 809
1722900 802
1722910 802
1722920 797
1722930 793
1722940 793
1722950 788
1722960 785
1722970 785
1722980 781
1722990 777
1723000 777
1723010 775
1723020 773
1723030 772
1723040 772
1723050 770
1723060 769
1723070 769
1723080 765
1723090 762
1723100 762
1723110 759
1723120 755
1723130 755
1723140 751
1723150 744
1723160 745
1723170 745
1723180 749
1723190 753
1723200 753
1723210 756
1723220 756
1723230 752
1723240 751
1723250 751
1723260 751
1723270 755
1723280 761
1723290 761
1723300 764
1723310 768
1723320 772
1723330 772
1723340 776
1723350 780
1723360 780
1723370 783
1723380 786
1723390 786
1723400 788
1723410 790
1723420 790
1723430 793
1723440 796
1723450 796
1723460 799
1723470 801
1723480 803
1723490 803
1723500 806
1723510 809
1723520 809
1723530 811
1723540 812
1723550 812
1723560 813
1723570 813
1723580 813
1723590 813
1723600 812
1723610 812
1723620 810
1723630 808
1723640 806
1723650 806
1723660 804
1723670 802
1723680 802
1723690 800
1723700 797
1723710 797
1723720 795
1723730 792
1723740 792
1723750 790
1723760 787
1723770 787
1723780 786
1723790 785
1723800 784
1723810 784
1723820 783
1723830 781
1723840 781
1723850 780
1723860 778
1723870 778
1723880 776
1723890 774
1723900 774
1723910 772
1723920 769
1723930 769
1723940 766
1723950 762
1723960 758
1723970 758
1723980 754
1723990 748
1724000 748
1724010 741
1724020 734
1724030 734
1724040 726
1724050 729
1724060 729
1724070 732
1724080 734
1724090 734
1724100 738
1724110 742
1724120 746
1724130 746
1724140 749
1724150 753
1724160 753
1724170 755
1724180 758
1724190 758
1724200 761
1724210 764
1724220 764
1724230 767
1724240 769
1724250 769
1724260 771
1724270 774
1724280 776
1724290 776
1724300 778
1724310 779
1724320 779
1724330 781
1724340 782
1724350 782
1724360 782
1724370 783
1724380 783
1724390 783
1724400 782
1724410 782
1724420 781
1724430 778
1724440 777
1724450 777
1724460 773
1724470 769
1724480 769
1724490 765
1724500 759
1724510 759
1724520 751
1724530 743
1724540 743
1724550 736
1724560 730
1724570 730
1724580 723
1724590 718
1724600 716
1724610 716
1724620 716
1724630 718
1724640 718
1724650 720
1724660 721
1724670 721
1724680 723
1724690 726
1724700 726
1724710 729
1724720 731
1724730 733
1724740 733
1724750 735
1724760 736
1724770 736
1724780 737
1724790 734
1724800 734
1724810 726
1724820 718
1724830 718
1724840 713
1724850 710
1724860 710
1724870 708
1724880 708
1724890 709
1724900 709
1724910 711
1724920 713
1724930 713
1724940 714
1724950 715
1724960 715
1724970 715
1724980 715
1724990 715
1725000 713
1725010 709
1725020 709
1725030 703
1725040 695
1725050 688
1725060 688
1725070 680
1725080 671
1725090 671
1725100 664
1725110 655
1725120 655
1725130 644
1725140 637
1725150 637
1725160 626
1725170 616
1725180 616
1725190 608
1725200 601
1725210 596
1725220 596
1725230 597
1725240 601
1725250 601
1725260 607
1725270 614
1725280 614
1725290 621
1725300 627
1725310 627
1725320 633
1725330 640
1725340 640
1725350 647
1725360 653
1725370 660
1725380 660
1725390 666
1725400 672
1725410 672
1725420 678
1725430 683
1725440 683
1725450 689
1725460 694
1725470 694
1725480 699
1725490 706
1725500 706
1725510 712
1725520 716
1725530 721
1725540 721
1725550 726
1725560 729
1725570 729
1725580 733
1725590 736
1725600 736
1725610 740
1725620 744
1725630 744
1725640 747
1725650 751
1725660 751
1725670 754
1725680 758
1725690 760
1725700 760
1725710 763
1725720 765
1725730 765
1725740 767
1725750 768
1725760 768
1725770 770
1725780 771
1725790 771
1725800 772
1725810 772
1725820 772
1725830 772
1725840 772
1725850 771
1725860 771
1725870 770
1725880 769
1725890 769
1725900 768
1725910 768
1725920 768
1725930 767
1725940 768
1725950 768
1725960 768
1725970 769
1725980 769
1725990 769
1726000 770
1726010 771
1726020 771
1726030 772
1726040 775
1726050 775
1726060 777
1726070 779
1726080 779
1726090 782
1726100 784
1726110 784
1726120 786
1726130 787
1726140 787
1726150 789
1726160 790
1726170 791
1726180 791
1726190 792
1726200 792
1726210 792
1726220 792
1726230 791
1726240 791
1726250 789
1726260 786
1726270 786
1726280 781
1726290 775
1726300 775
1726310 768
1726320 764
1726330 756
1726340 756
1726350 748
1726360 741
1726370 741
1726380 734
1726390 728
1726400 728
1726410 721
1726420 714
1726430 714
1726440 711
1726450 712
1726460 714
1726470 714
1726480 717
1726490 720
1726500 720
1726510 723
1726520 726
1726530 726
1726540 729
1726550 733
1726560 733
1726570 737
1726580 740
1726590 740
1726600 743
1726610 744
1726620 744
1726630 744
1726640 743
1726650 742
1726660 742
1726670 740
1726680 738
1726690 738
1726700 735
1726710 733
1726720 733
1726730 731
1726740 728
1726750 728
1726760 727
1726770 725
1726780 722
1726790 722
1726800 719
1726810 716
1726820 716
1726830 714
1726840 709
1726850 709
1726860 704
1726870 697
1726880 697
1726890 690
1726900 684
1726910 684
1726920 680
1726930 682
1726940 683
1726950 683
1726960 682
1726970 681
1726980 681
1726990 681
1727000 681
1727010 681
1727020 680
1727030 680
1727040 680
1727050 681
1727060 682
1727070 682
1727080 682
1727090 681
1727100 681
1727110 681
1727120 682
1727130 681
1727140 681
1727150 683
1727160 684
1727170 684
1727180 684
1727190 685
1727200 685
1727210 686
1727220 688
1727230 688
1727240 690
1727250 693
1727260 697
1727270 697
1727280 700
1727290 704
1727300 704
1727310 707
1727320 710
1727330 710
1727340 713
1727350 716
1727360 716
1727370 719
1727380 723
1727390 723
1727400 726
1727410 729
1727420 732
1727430 732
1727440 735
1727450 738
1727460 738
1727470 740
1727480 742
1727490 742
1727500 744
1727510 746
1727520 746
1727530 748
1727540 750
1727550 750
1727560 751
1727570 753
1727580 755
1727590 755
1727600 757
1727610 758
1727620 758
1727630 759
1727640 761
1727650 761
1727660 762
1727670 763
1727680 763
1727690 764
1727700 765
1727710 765
1727720 765
1727730 766
1727740 766
1727750 766
1727760 766
1727770 765
1727780 765
1727790 764
1727800 761
1727810 758
1727820 754
1727830 752
1727840 752
1727850 752
1727860 752
1727870 752
1727880 753
1727890 753
1727900 754
1727910 754
1727920 755
1727930 757
1727940 757
1727950 758
1727960 759
1727970 759
1727980 759
1727990 759
1728000 759
1728010 759
1728020 760
1728030 761
1728040 761
1728050 762
1728060 763
1728070 763
1728080 764
1728090 765
1728100 765
1728110 765
1728120 766
1728130 766
1728140 767
1728150 768
1728160 768
1728170 769
1728180 770
1728190 771
1728200 771
1728210 771
1728220 773
1728230 773
1728240 774
1728250 775
1728260 775
1728270 776
1728280 777
1728290 777
1728300 778
1728310 779
1728320 779
1728330 780
1728340 781
1728350 781
1728360 781
1728370 781
1728380 782
1728390 782
1728400 781
1728410 781
1728420 781
1728430 781
1728440 779
1728450 779
1728460 778
1728470 776
1728480 776
1728490 771
1728500 766
1728510 760
1728520 760
1728530 756
1728540 753
1728550 753
1728560 749
1728570 745
1728580 745
1728590 743
1728600 740
1728610 740
1728620 737
1728630 733
1728640 733
1728650 730
1728660 727
1728670 726
1728680 726
1728690 724
1728700 722
1728710 722
1728720 721
1728730 721
1728740 721
1728750 720
1728760 720
1728770 720
1728780 719
1728790 719
1728800 719
1728810 720
1728820 720
1728830 719
1728840 719
1728850 716
1728860 710
1728870 710
1728880 702
1728890 695
1728900 695
1728910 688
1728920 682
1728930 682
1728940 682
1728950 682
1728960 682
1728970 682
1728980 682
1728990 682
1729000 682
1729010 680
1729020 677
1729030 677
1729040 672
1729050 661
1729060 661
1729070 657
1729080 654
1729090 654
1729100 653
1729110 653
1729120 653
1729130 653
1729140 652
1729150 650
1729160 650
1729170 649
1729180 646
1729190 646
1729200 644
1729210 642
1729220 642
1729230 638
1729240 631
1729250 631
1729260 623
1729270 614
1729280 614
1729290 606
1729300 595
1729310 598
1729320 598
1729330 601
1729340 604
1729350 604
1729360 606
1729370 606
1729380 606
1729390 604
1729400 601
1729410 601
1729420 599
1729430 598
1729440 598
1729450 595
