1720000 808
1720010 815
1720020 815
1720030 821
1720040 826
1720050 826
1720060 831
1720070 834
1720080 834
1720090 836
1720100 837
1720110 837
1720120 840
1720130 841
1720140 841
1720150 842
1720160 842
1720170 842
1720180 842
1720190 842
1720200 842
1720210 842
1720220 841
1720230 840
1720240 840
1720250 839
1720260 839
1720270 839
1720280 838
1720290 838
1720300 838
1720310 838
1720320 838
1720330 838
1720340 838
1720350 838
1720360 837
1720370 837
1720380 835
1720390 835
1720400 835
1720410 835
1720420 837
1720430 837
1720440 840
1720450 841
1720460 841
1720470 840
1720480 839
1720490 837
1720500 837
1720510 835
1720520 833
1720530 833
1720540 832
1720550 832
1720560 832
1720570 832
1720580 832
1720590 832
1720600 833
1720610 834
1720620 836
1720630 836
1720640 836
1720650 836
1720660 836
1720670 836
1720680 835
1720690 835
1720700 837
1720710 839
1720720 839
1720730 842
1720740 845
1720750 845
1720760 847
1720770 849
1720780 850
1720790 850
1720800 851
1720810 852
1720820 852
1720830 852
1720840 851
1720850 851
1720860 850
1720870 849
1720880 849
1720890 847
1720900 846
1720910 846
1720920 844
1720930 840
1720940 835
1720950 835
1720960 828
1720970 824
1720980 824
1720990 820
1721000 818
1721010 818
1721020 815
1721030 814
1721040 814
1721050 814
1721060 814
1721070 814
1721080 814
1721090 815
1721100 817
1721110 817
1721120 819
1721130 822
1721140 822
1721150 824
1721160 827
1721170 827
1721180 830
1721190 832
1721200 832
1721210 834
1721220 836
1721230 836
1721240 839
1721250 842
1721260 845
1721270 845
1721280 843
1721290 837
1721300 837
1721310 829
1721320 823
1721330 823
1721340 817
1721350 813
1721360 813
1721370 811
1721380 807
1721390 807
1721400 803
1721410 800
1721420 798
1721430 798
1721440 796
1721450 793
1721460 793
1721470 792
1721480 790
1721490 790
1721500 787
1721510 785
1721520 785
1721530 783
1721540 781
1721550 781
1721560 782
1721570 782
1721580 785
1721590 785
1721600 787
1721610 789
1721620 789
1721630 791
1721640 792
1721650 792
1721660 792
1721670 793
1721680 793
1721690 792
1721700 792
1721710 792
1721720 792
1721730 792
1721740 793
1721750 793
1721760 794
1721770 793
1721780 793
1721790 793
1721800 791
1721810 791
1721820 788
1721830 786
1721840 786
1721850 784
1721860 780
1721870 780
1721880 776
1721890 772
1721900 768
1721910 768
1721920 763
1721930 759
1721940 759
1721950 755
1721960 752
1721970 752
1721980 749
1721990 747
1722000 747
1722010 746
1722020 745
1722030 745
1722040 743
1722050 742
1722060 739
1722070 739
1722080 735
1722090 731
1722100 731
1722110 726
1722120 722
1722130 722
1722140 722
1722150 722
1722160 722
1722170 719
1722180 713
1722190 713
1722200 714
1722210 721
1722220 726
1722230 726
1722240 730
1722250 735
1722260 735
1722270 737
1722280 740
1722290 740
1722300 744
1722310 748
1722320 748
1722330 752
1722340 755
1722350 755
1722360 759
1722370 761
1722380 764
1722390 764
1722400 768
1722410 771
1722420 771
1722430 775
1722440 779
1722450 779
1722460 783
1722470 788
1722480 788
1722490 790
1722500 791
1722510 790
1722520 790
1722530 788
1722540 786
1722550 786
1722560 787
1722570 787
1722580 787
1722590 789
1722600 793
1722610 793
1722620 797
1722630 801
1722640 801
1722650 806
1722660 812
1722670 816
1722680 816
1722690 822
1722700 829
1722710 829
1722720 833
1722730 835
1722740 835
1722750 834
1722760 830
1722770 830
1722780 825
1722790 820
1722800 820
1722810 815
1722820 809
1722830 805
1722840 805
1722850 800
1722860 797
1722870 797
1722880 798
1722890 798
1722900 798
1722910 798
1722920 799
1722930 799
1722940 800
1722950 800
1722960 800
1722970 802
1722980 803
1722990 805
1723000 805
1723010 806
1723020 806
1723030 806
1723040 806
1723050 804
1723060 804
1723070 801
1723080 797
1723090 797
1723100 791
1723110 784
1723120 784
1723130 776
1723140 768
1723150 763
1723160 763
1723170 758
1723180 754
1723190 754
1723200 751
1723210 748
1723220 748
1723230 746
1723240 744
1723250 744
1723260 742
1723270 740
1723280 740
1723290 738
1723300 737
1723310 736
1723320 736
1723330 733
1723340 730
1723350 730
1723360 726
1723370 723
1723380 723
1723390 719
1723400 715
1723410 715
1723420 710
1723430 705
1723440 705
1723450 699
1723460 691
1723470 684
1723480 684
1723490 682
1723500 686
1723510 686
1723520 690
1723530 693
1723540 693
1723550 697
1723560 699
1723570 699
1723580 699
1723590 696
1723600 696
1723610 691
1723620 695
1723630 701
1723640 701
1723650 707
1723660 710
1723670 710
1723680 713
1723690 717
1723700 717
1723710 720
1723720 724
1723730 724
1723740 728
1723750 732
1723760 732
1723770 736
1723780 740
1723790 742
1723800 742
1723810 745
1723820 748
1723830 748
1723840 749
1723850 748
1723860 748
1723870 743
1723880 739
1723890 739
1723900 733
1723910 729
1723920 729
1723930 727
1723940 725
1723950 724
1723960 724
1723970 717
1723980 716
1723990 716
1724000 719
1724010 724
1724020 724
1724030 726
1724040 727
1724050 727
1724060 729
1724070 730
1724080 730
1724090 732
1724100 733
1724110 734
1724120 734
1724130 735
1724140 736
1724150 736
1724160 737
1724170 739
1724180 739
1724190 739
1724200 741
1724210 741
1724220 741
1724230 742
1724240 742
1724250 742
1724260 741
1724270 739
1724280 739
1724290 735
1724300 730
1724310 730
1724320 724
1724330 721
1724340 721
1724350 718
1724360 715
1724370 715
1724380 711
1724390 708
1724400 708
1724410 705
1724420 702
1724430 699
1724440 699
1724450 693
1724460 697
1724470 697
1724480 698
1724490 699
1724500 699
1724510 698
1724520 696
1724530 696
1724540 694
1724550 694
1724560 696
1724570 696
1724580 700
1724590 703
1724600 703
1724610 706
1724620 708
1724630 708
1724640 710
1724650 712
1724660 712
1724670 713
1724680 714
1724690 714
1724700 716
1724710 717
1724720 718
1724730 718
1724740 719
1724750 721
1724760 721
1724770 722
1724780 723
1724790 723
1724800 724
1724810 724
1724820 724
1724830 724
1724840 724
1724850 724
1724860 724
1724870 724
1724880 723
1724890 723
1724900 723
1724910 722
1724920 722
1724930 721
1724940 719
1724950 719
1724960 718
1724970 717
1724980 717
1724990 717
1725000 716
1725010 716
1725020 717
1725030 718
1725040 718
1725050 718
1725060 719
1725070 720
1725080 720
1725090 721
1725100 721
1725110 721
1725120 721
1725130 722
1725140 722
1725150 722
1725160 723
1725170 723
1725180 722
1725190 723
1725200 723
1725210 723
1725220 723
1725230 723
1725240 723
1725250 720
1725260 718
1725270 718
1725280 709
1725290 700
1725300 700
1725310 691
1725320 683
1725330 683
1725340 675
1725350 667
1725360 659
1725370 659
1725380 651
1725390 644
1725400 644
1725410 635
1725420 626
1725430 626
1725440 620
1725450 619
1725460 619
1725470 617
1725480 617
1725490 617
1725500 620
1725510 627
1725520 631
1725530 631
1725540 636
1725550 641
1725560 641
1725570 647
1725580 653
1725590 653
1725600 659
1725610 664
1725620 664
1725630 670
1725640 675
1725650 675
1725660 681
1725670 687
1725680 692
1725690 692
1725700 696
1725710 700
1725720 700
1725730 704
1725740 706
1725750 706
1725760 709
1725770 712
1725780 712
1725790 714
1725800 716
1725810 716
1725820 718
1725830 720
1725840 721
1725850 721
1725860 722
1725870 723
1725880 723
1725890 724
1725900 724
1725910 724
1725920 724
1725930 724
1725940 724
1725950 724
1725960 724
1725970 724
1725980 724
1725990 723
1726000 723
1726010 723
1726020 723
1726030 723
1726040 723
1726050 722
1726060 722
1726070 722
1726080 721
1726090 721
1726100 721
1726110 721
1726120 720
1726130 720
1726140 719
1726150 718
1726160 715
1726170 715
1726180 709
1726190 703
1726200 703
1726210 697
1726220 694
1726230 694
1726240 696
1726250 700
1726260 700
1726270 703
1726280 707
1726290 705
1726300 706
1726310 708
1726320 709
1726330 709
1726340 709
1726350 706
1726360 706
1726370 702
1726380 702
1726390 702
1726400 703
1726410 703
1726420 703
1726430 705
1726440 705
1726450 705
1726460 705
1726470 704
1726480 704
1726490 704
1726500 702
1726510 702
1726520 702
1726530 702
1726540 701
1726550 701
1726560 701
1726570 700
1726580 700
1726590 699
1726600 698
1726610 696
1726620 696
1726630 695
1726640 692
1726650 692
1726660 689
1726670 685
1726680 685
1726690 683
1726700 684
1726710 684
1726720 686
1726730 686
1726740 686
1726750 684
1726760 681
1726770 679
1726780 679
1726790 679
1726800 680
1726810 680
1726820 682
1726830 684
1726840 684
1726850 686
1726860 687
1726870 687
1726880 688
1726890 689
1726900 689
1726910 690
1726920 691
1726930 691
1726940 691
1726950 691
1726960 691
1726970 691
1726980 691
1726990 691
1727000 691
1727010 691
1727020 691
1727030 691
1727040 691
1727050 691
1727060 691
1727070 691
1727080 691
1727090 691
1727100 691
1727110 690
1727120 690
1727130 690
1727140 689
1727150 687
1727160 687
1727170 688
1727180 688
1727190 688
1727200 688
1727210 686
1727220 686
1727230 686
1727240 687
1727250 688
1727260 688
1727270 689
1727280 689
1727290 689
1727300 690
1727310 690
1727320 690
1727330 690
1727340 691
1727350 691
1727360 691
1727370 691
1727380 691
1727390 692
1727400 692
1727410 692
1727420 692
1727430 692
1727440 692
1727450 692
1727460 692
1727470 691
1727480 691
1727490 690
1727500 689
1727510 689
1727520 687
1727530 684
1727540 684
1727550 684
1727560 686
1727570 688
1727580 688
1727590 687
1727600 687
1727610 687
1727620 686
1727630 687
1727640 687
1727650 688
1727660 689
1727670 689
1727680 688
1727690 687
1727700 687
1727710 687
1727720 686
1727730 685
1727740 685
1727750 684
1727760 681
1727770 681
1727780 682
1727790 680
1727800 680
1727810 676
1727820 677
1727830 677
1727840 681
1727850 682
1727860 682
1727870 683
1727880 684
1727890 684
1727900 684
1727910 683
1727920 683
1727930 683
1727940 682
1727950 682
1727960 682
1727970 683
1727980 684
1727990 684
1728000 684
1728010 686
1728020 686
1728030 686
1728040 686
1728050 685
1728060 685
1728070 684
1728080 683
1728090 683
1728100 681
1728110 678
1728120 678
1728130 673
1728140 667
1728150 667
1728160 666
1728170 666
1728180 666
1728190 668
1728200 668
1728210 669
1728220 669
1728230 668
1728240 664
1728250 664
1728260 658
1728270 652
1728280 652
1728290 644
1728300 645
1728310 645
1728320 653
1728330 661
1728340 667
1728350 667
1728360 671
1728370 677
1728380 677
1728390 680
1728400 682
1728410 682
1728420 684
1728430 685
1728440 685
1728450 685
1728460 686
1728470 686
1728480 686
1728490 686
1728500 684
1728510 684
1728520 684
1728530 685
1728540 685
1728550 685
1728560 686
1728570 686
1728580 686
1728590 686
1728600 686
1728610 685
1728620 681
1728630 681
1728640 676
1728650 677
1728660 682
1728670 682
1728680 687
1728690 689
1728700 689
1728710 690
1728720 690
1728730 690
1728740 691
1728750 689
1728760 689
1728770 690
1728780 690
1728790 690
1728800 690
1728810 690
1728820 690
1728830 690
1728840 689
1728850 688
1728860 688
1728870 688
1728880 687
1728890 687
1728900 686
1728910 684
1728920 684
1728930 680
1728940 673
1728950 673
1728960 667
1728970 660
1728980 654
1728990 654
1729000 649
1729010 645
1729020 645
1729030 641
1729040 634
1729050 634
1729060 633
1729070 638
1729080 638
1729090 639
1729100 640
1729110 640
1729120 642
1729130 645
1729140 647
1729150 647
1729160 649
1729170 651
1729180 651
1729190 654
1729200 656
1729210 656
1729220 658
1729230 660
1729240 660
1729250 663
1729260 665
1729270 665
1729280 667
1729290 669
1729300 671
1729310 671
1729320 672
1729330 672
1729340 672
1729350 673
1729360 673
1729370 673
1729380 672
1729390 672
1729400 672
1729410 672
1729420 670
1729430 670
1729440 665
