1720000 790
1720010 790
1720020 788
1720030 785
1720040 785
1720050 782
1720060 779
1720070 779
1720080 775
1720090 770
1720100 770
1720110 767
1720120 764
1720130 760
1720140 760
1720150 757
1720160 752
1720170 752
1720180 747
1720190 741
1720200 741
1720210 736
1720220 730
1720230 730
1720240 723
1720250 717
1720260 717
1720270 711
1720280 705
1720290 700
1720300 700
1720310 695
1720320 692
1720330 692
1720340 688
1720350 685
1720360 685
1720370 682
1720380 680
1720390 680
1720400 675
1720410 680
1720420 680
1720430 679
1720440 675
1720450 670
1720460 670
1720470 666
1720480 675
1720490 675
1720500 684
1720510 690
1720520 687
1720530 692
1720540 698
1720550 698
1720560 703
1720570 707
1720580 707
1720590 712
1720600 715
1720610 719
1720620 719
1720630 722
1720640 726
1720650 726
1720660 729
1720670 732
1720680 732
1720690 734
1720700 736
1720710 736
1720720 738
1720730 739
1720740 739
1720750 740
1720760 739
1720770 739
1720780 739
1720790 737
1720800 736
1720810 736
1720820 736
1720830 736
1720840 736
1720850 736
1720860 735
1720870 735
1720880 734
1720890 734
1720900 734
1720910 733
1720920 731
1720930 727
1720940 727
1720950 723
1720960 718
1720970 718
1720980 714
1720990 708
1721000 708
1721010 702
1721020 695
1721030 695
1721040 691
1721050 686
1721060 686
1721070 681
1721080 675
1721090 671
1721100 671
1721110 674
1721120 679
1721130 679
1721140 683
1721150 687
1721160 687
1721170 689
1721180 692
1721190 692
1721200 695
1721210 698
1721220 698
1721230 705
1721240 713
1721250 719
1721260 719
1721270 726
1721280 731
1721290 731
1721300 737
1721310 743
1721320 743
1721330 749
1721340 754
1721350 754
1721360 760
1721370 762
1721380 762
1721390 768
1721400 770
1721410 768
1721420 768
1721430 761
1721440 754
1721450 754
1721460 748
1721470 743
1721480 743
1721490 738
1721500 733
1721510 733
1721520 729
1721530 725
1721540 725
1721550 721
1721560 717
1721570 712
1721580 712
1721590 708
1721600 704
1721610 704
1721620 701
1721630 698
1721640 698
1721650 694
1721660 693
1721670 693
1721680 692
1721690 693
1721700 693
1721710 693
1721720 692
1721730 692
1721740 692
1721750 692
1721760 692
1721770 692
1721780 691
1721790 689
1721800 689
1721810 686
1721820 681
1721830 681
1721840 677
1721850 673
1721860 673
1721870 668
1721880 664
1721890 661
1721900 661
1721910 654
1721920 648
1721930 648
1721940 656
1721950 660
1721960 660
1721970 663
1721980 670
1721990 670
1722000 675
1722010 682
1722020 682
1722030 689
1722040 691
1722050 695
1722060 695
1722070 697
1722080 701
1722090 701
1722100 704
1722110 708
1722120 708
1722130 714
1722140 719
1722150 719
1722160 723
1722170 727
1722180 727
1722190 730
1722200 733
1722210 735
1722220 735
1722230 738
1722240 742
1722250 742
1722260 745
1722270 749
1722280 749
1722290 751
1722300 755
1722310 755
1722320 759
1722330 763
1722340 763
1722350 766
1722360 773
1722370 780
1722380 780
1722390 784
1722400 790
1722410 790
1722420 794
1722430 799
1722440 799
1722450 802
1722460 807
1722470 807
1722480 810
1722490 812
1722500 814
1722510 814
1722520 816
1722530 817
1722540 817
1722550 818
1722560 817
1722570 817
1722580 817
1722590 815
1722600 815
1722610 812
1722620 810
1722630 810
1722640 807
1722650 804
1722660 802
1722670 802
1722680 799
1722690 794
1722700 794
1722710 790
1722720 784
1722730 784
1722740 777
1722750 771
1722760 771
1722770 765
1722780 759
1722790 759
1722800 753
1722810 746
1722820 749
1722830 749
1722840 752
1722850 754
1722860 754
1722870 756
1722880 757
1722890 757
1722900 758
1722910 759
1722920 759
1722930 759
1722940 759
1722950 759
1722960 759
1722970 759
1722980 755
1722990 755
1723000 754
1723010 753
1723020 753
1723030 751
1723040 750
1723050 750
1723060 748
1723070 746
1723080 746
1723090 744
1723100 739
1723110 739
1723120 735
1723130 732
1723140 728
1723150 728
1723160 722
1723170 716
1723180 716
1723190 707
1723200 699
1723210 699
1723220 703
1723230 709
1723240 709
1723250 715
1723260 719
1723270 719
1723280 723
1723290 725
1723300 727
1723310 727
1723320 729
1723330 730
1723340 730
1723350 731
1723360 731
1723370 731
1723380 732
1723390 732
1723400 732
1723410 732
1723420 732
1723430 732
1723440 733
1723450 736
1723460 737
1723470 737
1723480 736
1723490 735
1723500 735
1723510 734
1723520 732
1723530 732
1723540 732
1723550 733
1723560 733
1723570 732
1723580 732
1723590 732
1723600 731
1723610 731
1723620 732
1723630 732
1723640 733
1723650 732
1723660 732
1723670 730
1723680 727
1723690 727
1723700 724
1723710 721
1723720 721
1723730 718
1723740 715
1723750 715
1723760 711
1723770 709
1723780 706
1723790 706
1723800 704
1723810 702
1723820 702
1723830 700
1723840 697
1723850 697
1723860 695
1723870 693
1723880 693
1723890 690
1723900 688
1723910 688
1723920 685
1723930 682
1723940 680
1723950 680
1723960 678
1723970 676
1723980 676
1723990 673
1724000 669
1724010 669
1724020 663
1724030 658
1724040 658
1724050 653
1724060 649
1724070 649
1724080 648
1724090 648
1724100 648
1724110 648
1724120 648
1724130 651
1724140 651
1724150 653
1724160 654
1724170 654
1724180 654
1724190 653
1724200 653
1724210 653
1724220 654
1724230 654
1724240 655
1724250 657
1724260 659
1724270 659
1724280 660
1724290 661
1724300 661
1724310 661
1724320 661
1724330 661
1724340 660
1724350 655
1724360 655
1724370 650
1724380 651
1724390 651
1724400 656
1724410 660
1724420 664
1724430 664
1724440 665
1724450 664
1724460 664
1724470 663
1724480 661
1724490 661
1724500 659
1724510 658
1724520 658
1724530 656
1724540 653
1724550 653
1724560 647
1724570 642
1724580 640
1724590 640
1724600 644
1724610 649
1724620 649
1724630 654
1724640 657
1724650 657
1724660 658
1724670 658
1724680 658
1724690 658
1724700 658
1724710 658
1724720 657
1724730 660
1724740 664
1724750 664
1724760 667
1724770 669
1724780 669
1724790 671
1724800 673
1724810 673
1724820 676
1724830 681
1724840 681
1724850 684
1724860 686
1724870 688
1724880 688
1724890 689
1724900 690
1724910 690
1724920 690
1724930 690
1724940 690
1724950 690
1724960 689
1724970 689
1724980 686
1724990 680
1725000 680
1725010 673
1725020 666
1725030 659
1725040 659
1725050 650
1725060 646
1725070 646
1725080 651
1725090 655
1725100 655
1725110 659
1725120 664
1725130 664
1725140 669
1725150 673
1725160 673
1725170 676
1725180 678
1725190 681
1725200 681
1725210 683
1725220 685
1725230 685
1725240 684
1725250 684
1725260 684
1725270 682
1725280 680
1725290 680
1725300 679
1725310 678
1725320 678
1725330 680
1725340 679
1725350 679
1725360 679
1725370 678
1725380 678
1725390 678
1725400 678
1725410 680
1725420 680
1725430 680
1725440 681
1725450 681
1725460 682
1725470 682
1725480 682
1725490 682
1725500 681
1725510 679
1725520 679
1725530 675
1725540 670
1725550 670
1725560 667
1725570 663
1725580 663
1725590 661
1725600 659
1725610 659
1725620 658
1725630 658
1725640 658
1725650 658
1725660 657
1725670 656
1725680 656
1725690 654
1725700 652
1725710 652
1725720 652
1725730 651
1725740 651
1725750 650
1725760 648
1725770 648
1725780 647
1725790 646
1725800 646
1725810 644
1725820 641
1725830 637
1725840 637
1725850 633
1725860 631
1725870 631
1725880 630
1725890 630
1725900 630
1725910 630
1725920 630
1725930 630
1725940 630
1725950 630
1725960 630
1725970 630
1725980 633
1725990 635
1726000 635
1726010 635
1726020 635
1726030 635
1726040 635
1726050 634
1726060 634
1726070 634
1726080 632
1726090 632
1726100 631
1726110 631
1726120 631
1726130 635
1726140 639
1726150 642
1726160 642
1726170 645
1726180 648
1726190 648
1726200 650
1726210 651
1726220 651
1726230 650
1726240 650
1726250 650
1726260 648
1726270 645
1726280 645
1726290 647
1726300 650
1726310 652
1726320 652
1726330 653
1726340 653
1726350 653
1726360 652
1726370 651
1726380 651
1726390 649
1726400 648
1726410 648
1726420 647
1726430 646
1726440 646
1726450 645
1726460 645
1726470 643
1726480 643
1726490 642
1726500 641
1726510 641
1726520 641
1726530 640
1726540 640
1726550 638
1726560 638
1726570 638
1726580 638
1726590 637
1726600 637
1726610 639
1726620 638
1726630 638
1726640 638
1726650 638
1726660 638
1726670 638
1726680 638
1726690 639
1726700 639
1726710 642
1726720 644
1726730 644
1726740 646
1726750 649
1726760 649
1726770 651
1726780 652
1726790 653
1726800 653
1726810 655
1726820 655
1726830 655
1726840 659
1726850 660
1726860 660
1726870 660
1726880 657
1726890 657
1726900 656
1726910 654
1726920 654
1726930 651
1726940 650
1726950 647
1726960 647
1726970 644
1726980 640
1726990 640
1727000 638
1727010 639
1727020 639
1727030 639
1727040 639
1727050 639
1727060 635
1727070 631
1727080 631
1727090 626
1727100 625
1727110 626
1727120 626
1727130 627
1727140 628
1727150 628
1727160 627
1727170 626
1727180 626
1727190 624
1727200 622
1727210 622
1727220 620
1727230 617
1727240 612
1727250 612
1727260 607
1727270 604
1727280 604
1727290 601
1727300 599
1727310 599
1727320 595
1727330 589
1727340 589
1727350 587
1727360 589
1727370 589
1727380 589
1727390 587
1727400 583
1727410 583
1727420 579
1727430 574
1727440 574
1727450 568
1727460 562
1727470 562
1727480 554
1727490 556
1727500 556
1727510 562
1727520 569
1727530 569
1727540 573
1727550 576
1727560 576
1727570 576
1727580 573
1727590 573
1727600 573
1727610 572
1727620 572
1727630 572
1727640 572
1727650 570
1727660 570
1727670 566
1727680 568
1727690 568
1727700 567
1727710 560
1727720 550
1727730 550
1727740 553
1727750 564
1727760 564
1727770 572
1727780 575
1727790 575
1727800 576
1727810 578
1727820 578
1727830 580
1727840 582
1727850 582
1727860 583
1727870 584
1727880 585
1727890 585
1727900 585
1727910 584
1727920 584
1727930 580
1727940 578
1727950 578
1727960 578
1727970 579
1727980 579
1727990 578
1728000 577
1728010 577
1728020 574
1728030 570
1728040 562
1728050 562
1728060 560
1728070 561
1728080 561
1728090 565
1728100 569
1728110 569
1728120 573
1728130 575
1728140 575
1728150 578
1728160 581
1728170 581
1728180 585
1728190 587
1728200 587
1728210 587
1728220 588
1728230 588
1728240 588
1728250 589
1728260 589
1728270 589
1728280 590
1728290 591
1728300 591
1728310 592
1728320 595
1728330 595
1728340 598
1728350 603
1728360 606
1728370 606
1728380 610
1728390 614
1728400 614
1728410 617
1728420 619
1728430 619
1728440 626
1728450 631
1728460 631
1728470 632
1728480 634
1728490 634
1728500 633
1728510 630
1728520 627
1728530 627
1728540 625
1728550 623
1728560 623
1728570 620
1728580 618
1728590 618
1728600 617
1728610 617
1728620 617
1728630 617
1728640 617
1728650 617
1728660 618
1728670 620
1728680 621
1728690 621
1728700 623
1728710 626
1728720 626
1728730 628
1728740 631
1728750 631
1728760 632
1728770 634
1728780 634
1728790 634
1728800 634
1728810 634
1728820 633
1728830 630
1728840 626
1728850 626
1728860 623
1728870 618
1728880 618
1728890 613
1728900 608
1728910 608
1728920 602
1728930 595
1728940 595
1728950 587
1728960 584
1728970 584
1728980 587
1728990 592
1729000 594
1729010 594
1729020 597
1729030 599
1729040 599
1729050 601
1729060 603
1729070 603
1729080 604
1729090 601
1729100 601
1729110 598
1729120 595
1729130 595
1729140 591
1729150 587
1729160 583
1729170 583
1729180 579
1729190 575
1729200 575
1729210 573
1729220 572
1729230 572
1729240 571
1729250 569
1729260 569
1729270 567
1729280 565
1729290 565
1729300 563
1729310 560
1729320 558
1729330 558
1729340 555
1729350 554
1729360 554
1729370 553
1729380 552
1729390 552
1729400 553
1729410 560
1729420 560
1729430 562
