1720000 545
1720010 545
1720020 546
1720030 545
1720040 545
1720050 543
1720060 542
1720070 540
1720080 540
1720090 541
1720100 540
1720110 540
1720120 542
1720130 544
1720140 544
1720150 545
1720160 547
1720170 547
1720180 549
1720190 550
1720200 550
1720210 550
1720220 550
1720230 549
1720240 549
1720250 548
1720260 545
1720270 545
1720280 547
1720290 550
1720300 550
1720310 552
1720320 552
1720330 552
1720340 553
1720350 552
1720360 552
1720370 554
1720380 554
1720390 555
1720400 555
1720410 557
1720420 557
1720430 557
1720440 559
1720450 560
1720460 560
1720470 561
1720480 561
1720490 561
1720500 560
1720510 559
1720520 559
1720530 557
1720540 554
1720550 553
1720560 553
1720570 553
1720580 552
1720590 552
1720600 551
1720610 551
1720620 551
1720630 550
1720640 548
1720650 548
1720660 549
1720670 550
1720680 550
1720690 551
1720700 551
1720710 552
1720720 552
1720730 554
1720740 554
1720750 554
1720760 554
1720770 553
1720780 553
1720790 553
1720800 551
1720810 551
1720820 547
1720830 543
1720840 543
1720850 539
1720860 534
1720870 530
1720880 530
1720890 525
1720900 521
1720910 521
1720920 518
1720930 516
1720940 516
1720950 517
1720960 518
1720970 518
1720980 519
1720990 519
1721000 519
1721010 518
1721020 518
1721030 516
1721040 516
1721050 515
1721060 511
1721070 511
1721080 508
1721090 505
1721100 505
1721110 503
1721120 501
1721130 501
1721140 500
1721150 499
1721160 499
1721170 498
1721180 496
1721190 492
1721200 492
1721210 489
1721220 483
1721230 483
1721240 478
1721250 478
1721260 478
1721270 483
1721280 488
1721290 488
1721300 488
1721310 490
1721320 490
1721330 490
1721340 492
1721350 492
1721360 492
1721370 493
1721380 494
1721390 494
1721400 493
1721410 488
1721420 488
1721430 487
1721440 489
1721450 489
1721460 488
1721470 489
1721480 489
1721490 491
1721500 494
1721510 497
1721520 497
1721530 496
1721540 492
1721550 492
1721560 488
1721570 483
1721580 483
1721590 478
1721600 484
1721610 484
1721620 488
1721630 491
1721640 491
1721650 494
1721660 494
1721670 496
1721680 496
1721690 498
1721700 498
1721710 498
1721720 498
1721730 498
1721740 498
1721750 498
1721760 497
1721770 497
1721780 496
1721790 495
1721800 495
1721810 495
1721820 496
1721830 498
1721840 498
1721850 498
1721860 496
1721870 496
1721880 491
1721890 487
1721900 487
1721910 481
1721920 470
1721930 470
1721940 462
1721950 454
1721960 454
1721970 446
1721980 439
1721990 438
1722000 438
1722010 447
1722020 455
1722030 455
1722040 462
1722050 469
1722060 469
1722070 475
1722080 479
1722090 479
1722100 481
1722110 483
1722120 483
1722130 485
1722140 487
1722150 488
1722160 488
1722170 489
1722180 490
1722190 490
1722200 489
1722210 490
1722220 490
1722230 490
1722240 490
1722250 490
1722260 489
1722270 488
1722280 488
1722290 486
1722300 483
1722310 481
1722320 481
1722330 481
1722340 479
1722350 479
1722360 477
1722370 471
1722380 471
1722390 463
1722400 455
1722410 455
1722420 444
1722430 431
1722440 431
1722450 423
1722460 426
1722470 431
1722480 431
1722490 422
1722500 420
1722510 420
1722520 424
1722530 435
1722540 435
1722550 448
1722560 455
1722570 455
1722580 462
1722590 469
1722600 469
1722610 474
1722620 479
1722630 483
1722640 483
1722650 488
1722660 491
1722670 491
1722680 495
1722690 494
1722700 494
1722710 493
1722720 493
1722730 493
1722740 493
1722750 494
1722760 494
1722770 494
1722780 494
1722790 494
1722800 494
1722810 494
1722820 493
1722830 493
1722840 492
1722850 490
1722860 490
1722870 488
1722880 487
1722890 487
1722900 486
1722910 486
1722920 486
1722930 485
1722940 484
1722950 479
1722960 479
1722970 471
1722980 471
1722990 471
1723000 477
1723010 482
1723020 482
1723030 484
1723040 483
1723050 483
1723060 478
1723070 472
1723080 472
1723090 470
1723100 473
1723110 472
1723120 472
1723130 471
1723140 470
1723150 470
1723160 468
1723170 465
1723180 465
1723190 463
1723200 463
1723210 463
1723220 461
1723230 457
1723240 457
1723250 451
1723260 445
1723270 443
1723280 443
1723290 442
1723300 443
1723310 443
1723320 442
1723330 446
1723340 446
1723350 451
1723360 456
1723370 456
1723380 459
1723390 462
1723400 462
1723410 466
1723420 469
1723430 473
1723440 473
1723450 476
1723460 480
1723470 480
1723480 484
1723490 488
1723500 488
1723510 490
1723520 493
1723530 493
1723540 495
1723550 497
1723560 497
1723570 500
1723580 503
1723590 508
1723600 508
1723610 512
1723620 518
1723630 518
1723640 522
1723650 527
1723660 527
1723670 530
1723680 533
1723690 533
1723700 534
1723710 529
1723720 529
1723730 522
1723740 519
1723750 517
1723760 517
1723770 515
1723780 514
1723790 514
1723800 513
1723810 511
1723820 511
1723830 509
1723840 506
1723850 506
1723860 503
1723870 495
1723880 495
1723890 492
1723900 494
1723910 497
1723920 497
1723930 500
1723940 502
1723950 502
1723960 503
1723970 505
1723980 505
1723990 507
1724000 506
1724010 506
1724020 504
1724030 501
1724040 501
1724050 498
1724060 494
1724070 490
1724080 490
1724090 488
1724100 484
1724110 484
1724120 478
1724130 483
1724140 483
1724150 486
1724160 488
1724170 488
1724180 488
1724190 486
1724200 486
1724210 487
1724220 485
1724230 485
1724240 485
1724250 484
1724260 481
1724270 481
1724280 480
1724290 477
1724300 477
1724310 469
1724320 468
1724330 468
1724340 466
1724350 468
1724360 468
1724370 468
1724380 468
1724390 467
1724400 467
1724410 468
1724420 472
1724430 472
1724440 474
1724450 481
1724460 481
1724470 481
1724480 477
1724490 477
1724500 481
1724510 486
1724520 486
1724530 492
1724540 498
1724550 502
1724560 502
1724570 504
1724580 500
1724590 500
1724600 495
1724610 496
1724620 496
1724630 499
1724640 502
1724650 502
1724660 506
1724670 504
1724680 501
1724690 501
1724700 495
1724710 493
1724720 493
1724730 488
1724740 492
1724750 492
1724760 496
1724770 499
1724780 499
1724790 505
1724800 510
1724810 510
1724820 514
1724830 518
1724840 520
1724850 520
1724860 523
1724870 524
1724880 524
1724890 522
1724900 519
1724910 519
1724920 515
1724930 510
1724940 510
1724950 508
1724960 504
1724970 504
1724980 502
1724990 497
1725000 491
1725010 491
1725020 498
1725030 503
1725040 503
1725050 509
1725060 513
1725070 513
1725080 517
1725090 519
1725100 519
1725110 520
1725120 522
1725130 522
1725140 522
1725150 521
1725160 520
1725170 520
1725180 517
1725190 515
1725200 515
1725210 511
1725220 509
1725230 509
1725240 506
1725250 504
1725260 504
1725270 501
1725280 501
1725290 501
1725300 506
1725310 510
1725320 514
1725330 514
1725340 518
1725350 522
1725360 522
1725370 524
1725380 525
1725390 525
1725400 523
1725410 519
1725420 519
1725430 523
1725440 524
1725450 524
1725460 525
1725470 525
1725480 524
1725490 524
1725500 520
1725510 520
1725520 520
1725530 518
1725540 517
1725550 517
1725560 517
1725570 519
1725580 519
1725590 521
1725600 521
1725610 521
1725620 523
1725630 523
1725640 523
1725650 523
1725660 524
1725670 525
1725680 525
1725690 526
1725700 527
1725710 527
1725720 526
1725730 527
1725740 527
1725750 528
1725760 531
1725770 531
1725780 536
1725790 535
1725800 533
1725810 533
1725820 530
1725830 528
1725840 528
1725850 525
1725860 522
1725870 522
1725880 519
1725890 515
1725900 515
1725910 510
1725920 505
1725930 505
1725940 499
1725950 493
1725960 486
1725970 486
1725980 485
1725990 485
1726000 485
1726010 482
1726020 483
1726030 483
1726040 483
1726050 485
1726060 485
1726070 486
1726080 484
1726090 484
1726100 485
1726110 485
1726120 484
1726130 484
1726140 481
1726150 477
1726160 477
1726170 471
1726180 466
1726190 466
1726200 462
1726210 458
1726220 458
1726230 456
1726240 453
1726250 453
1726260 453
1726270 451
1726280 451
1726290 451
1726300 449
1726310 449
1726320 449
1726330 453
1726340 459
1726350 459
1726360 464
1726370 469
1726380 469
1726390 473
1726400 475
1726410 475
1726420 476
1726430 476
1726440 477
1726450 477
1726460 479
1726470 481
1726480 481
1726490 484
1726500 488
1726510 488
1726520 494
1726530 498
1726540 498
1726550 502
1726560 505
1726570 505
1726580 505
1726590 503
1726600 498
1726610 498
1726620 495
1726630 493
1726640 493
1726650 490
1726660 488
1726670 488
1726680 485
1726690 483
1726700 483
1726710 481
1726720 478
1726730 478
1726740 476
1726750 472
1726760 470
1726770 470
1726780 467
1726790 464
1726800 464
1726810 460
1726820 457
1726830 457
1726840 455
1726850 453
1726860 453
1726870 450
1726880 448
1726890 448
1726900 444
1726910 443
1726920 444
1726930 444
1726940 439
1726950 433
1726960 433
1726970 438
1726980 444
1726990 444
1727000 448
1727010 452
1727020 452
1727030 456
1727040 460
1727050 460
1727060 463
1727070 466
1727080 469
1727090 469
1727100 472
1727110 474
1727120 474
1727130 476
1727140 477
1727150 477
1727160 478
1727170 479
1727180 479
1727190 479
1727200 479
1727210 479
1727220 478
1727230 478
1727240 476
1727250 476
1727260 476
1727270 475
1727280 475
1727290 476
1727300 478
1727310 478
1727320 481
1727330 485
1727340 485
1727350 488
1727360 491
1727370 491
1727380 494
1727390 497
1727400 501
1727410 501
1727420 505
1727430 508
1727440 508
1727450 508
1727460 507
1727470 507
1727480 504
1727490 501
1727500 501
1727510 498
1727520 494
1727530 494
1727540 489
1727550 485
1727560 482
1727570 482
1727580 478
1727590 473
1727600 473
1727610 468
1727620 465
1727630 465
1727640 461
1727650 457
1727660 457
1727670 453
1727680 450
1727690 450
1727700 445
1727710 439
1727720 434
1727730 434
1727740 428
1727750 425
1727760 425
1727770 422
1727780 420
1727790 420
1727800 418
1727810 415
1727820 415
1727830 413
1727840 409
1727850 409
1727860 411
1727870 416
1727880 417
1727890 417
1727900 415
1727910 412
1727920 412
1727930 415
1727940 418
1727950 418
1727960 423
1727970 427
1727980 427
1727990 431
1728000 435
1728010 435
1728020 439
1728030 443
1728040 447
1728050 447
1728060 451
1728070 456
1728080 456
1728090 459
1728100 463
1728110 463
1728120 468
1728130 472
1728140 472
1728150 475
1728160 476
1728170 476
1728180 478
1728190 478
1728200 476
1728210 476
1728220 472
1728230 468
1728240 468
1728250 464
1728260 459
1728270 459
1728280 453
1728290 449
1728300 449
1728310 445
1728320 441
1728330 441
1728340 437
1728350 432
1728360 428
1728370 428
1728380 425
1728390 422
1728400 422
1728410 425
1728420 425
1728430 425
1728440 426
1728450 427
1728460 427
1728470 426
1728480 425
1728490 425
1728500 431
1728510 438
1728520 443
1728530 443
1728540 446
1728550 451
1728560 451
1728570 456
1728580 462
1728590 462
1728600 466
1728610 471
1728620 471
1728630 476
1728640 477
1728650 477
1728660 476
1728670 475
1728680 474
1728690 474
1728700 474
1728710 473
1728720 473
1728730 473
1728740 472
1728750 472
1728760 471
1728770 469
1728780 469
1728790 467
1728800 462
1728810 462
1728820 459
1728830 455
1728840 451
1728850 451
1728860 450
1728870 453
1728880 453
1728890 458
1728900 464
1728910 464
1728920 470
1728930 474
1728940 474
1728950 479
1728960 484
1728970 484
1728980 489
1728990 493
1729000 496
1729010 496
1729020 496
1729030 499
1729040 499
1729050 503
1729060 505
1729070 505
1729080 509
1729090 512
1729100 512
1729110 512
1729120 512
1729130 512
1729140 511
1729150 508
1729160 505
1729170 505
1729180 500
1729190 496
1729200 496
1729210 491
1729220 487
1729230 487
1729240 483
1729250 477
1729260 477
1729270 474
1729280 467
1729290 467
1729300 460
1729310 454
1729320 450
1729330 450
1729340 448
1729350 446
1729360 446
1729370 445
1729380 445
1729390 445
1729400 445
1729410 446
1729420 446
1729430 449
1729440 454
1729450 454
1729460 455
1729470 454
1729480 451
1729490 451
1729500 444
1729510 436
1729520 436
1729530 431
1729540 429
1729550 429
1729560 428
1729570 429
1729580 429
1729590 429
1729600 425
1729610 425
1729620 420
1729630 415
1729640 413
1729650 413
1729660 414
1729670 415
1729680 415
1729690 411
1729700 406
1729710 406
1729720 409
1729730 409
1729740 409
1729750 408
1729760 407
1729770 407
1729780 407
1729790 407
1729800 408
1729810 408
1729820 407
1729830 409
1729840 409
1729850 408
1729860 410
1729870 410
1729880 412
1729890 414
1729900 414
1729910 414
1729920 415
1729930 415
1729940 415
1729950 415
1729960 416
1729970 416
1729980 418
1729990 420
1730000 420
1730010 424
1730020 430
1730030 430
1730040 434
1730050 435
1730060 435
1730070 433
1730080 434
1730090 434
1730100 436
1730110 439
1730120 447
1730130 447
1730140 455
1730150 457
1730160 457
1730170 450
1730180 442
1730190 442
1730200 436
1730210 433
1730220 433
1730230 434
1730240 437
1730250 437
1730260 441
1730270 445
1730280 448
1730290 448
1730300 451
1730310 453
1730320 453
1730330 456
1730340 459
1730350 459
1730360 462
1730370 465
1730380 465
1730390 467
1730400 468
1730410 468
1730420 469
1730430 469
1730440 472
1730450 472
1730460 470
1730470 471
1730480 471
1730490 474
1730500 476
1730510 476
1730520 476
1730530 476
1730540 476
1730550 475
1730560 469
1730570 469
1730580 461
1730590 452
1730600 443
1730610 443
1730620 437
1730630 433
1730640 433
1730650 432
1730660 429
1730670 429
1730680 428
1730690 428
1730700 428
1730710 429
1730720 426
1730730 426
1730740 422
1730750 419
1730760 415
1730770 415
1730780 412
1730790 406
1730800 406
1730810 401
1730820 394
1730830 394
1730840 389
1730850 387
1730860 387
1730870 389
1730880 394
1730890 394
1730900 399
1730910 402
1730920 408
1730930 407
1730940 412
1730950 416
1730960 416
1730970 419
1730980 420
1730990 420
1731000 416
1731010 412
1731020 412
1731030 410
1731040 410
1731050 410
1731060 410
1731070 409
1731080 408
1731090 408
1731100 406
1731110 402
1731120 402
1731130 397
1731140 392
1731150 392
1731160 386
1731170 379
1731180 379
1731190 372
1731200 364
1731210 364
1731220 371
1731230 376
1731240 376
1731250 376
1731260 374
1731270 372
1731280 372
1731290 369
1731300 366
1731310 366
1731320 361
1731330 365
1731340 365
1731350 366
1731360 367
1731370 364
1731380 364
1731390 362
1731400 361
1731410 361
1731420 360
1731430 356
1731440 356
1731450 351
1731460 353
1731470 353
1731480 354
1731490 356
1731500 356
1731510 358
1731520 362
1731530 365
1731540 365
1731550 368
1731560 372
1731570 372
1731580 375
1731590 378
1731600 378
1731610 382
1731620 388
1731630 388
1731640 392
1731650 397
1731660 397
1731670 394
1731680 392
1731690 386
1731700 386
1731710 379
1731720 373
1731730 373
1731740 368
1731750 363
1731760 363
1731770 362
1731780 362
1731790 362
1731800 362
1731810 366
1731820 366
1731830 371
1731840 375
1731850 380
1731860 380
1731870 385
1731880 390
1731890 390
1731900 395
1731910 400
1731920 400
1731930 403
1731940 399
1731950 399
1731960 391
1731970 384
1731980 384
1731990 377
1732000 369
1732010 363
1732020 363
1732030 360
1732040 359
1732050 359
1732060 359
1732070 356
1732080 356
1732090 355
1732100 355
1732110 355
1732120 356
1732130 362
1732140 362
1732150 363
1732160 365
1732170 364
1732180 364
1732190 362
1732200 358
1732210 358
1732220 353
1732230 348
1732240 348
1732250 343
1732260 340
1732270 340
1732280 337
1732290 334
1732300 334
1732310 333
1732320 330
1732330 328
1732340 328
1732350 326
1732360 323
1732370 323
1732380 322
1732390 318
1732400 318
1732410 316
1732420 318
1732430 318
1732440 319
1732450 319
1732460 319
1732470 319
1732480 319
1732490 319
1732500 319
1732510 319
1732520 319
1732530 319
1732540 319
1732550 320
1732560 320
1732570 320
1732580 320
1732590 320
1732600 320
1732610 321
1732620 321
1732630 321
1732640 321
1732650 321
1732660 321
1732670 321
1732680 321
1732690 321
1732700 323
1732710 326
1732720 326
1732730 332
1732740 334
1732750 334
1732760 338
1732770 342
1732780 342
1732790 345
1732800 347
1732810 349
1732820 349
1732830 350
1732840 348
1732850 348
1732860 343
1732870 337
1732880 337
1732890 331
1732900 329
1732910 329
1732920 332
1732930 329
1732940 329
1732950 333
1732960 338
1732970 341
1732980 342
1732990 346
1733000 350
1733010 350
1733020 354
1733030 360
1733040 360
1733050 365
1733060 367
1733070 367
1733080 362
1733090 357
1733100 357
1733110 354
1733120 351
1733130 357
1733140 357
1733150 361
1733160 365
1733170 365
1733180 370
1733190 375
1733200 375
1733210 380
1733220 385
1733230 385
1733240 390
1733250 390
1733260 390
1733270 389
1733280 388
1733290 385
1733300 385
1733310 383
1733320 385
1733330 385
1733340 388
1733350 388
1733360 388
1733370 388
1733380 386
1733390 386
1733400 379
1733410 374
1733420 374
1733430 367
1733440 360
1733450 355
1733460 355
1733470 351
1733480 348
1733490 348
1733500 346
1733510 346
1733520 346
1733530 347
1733540 348
1733550 348
1733560 346
1733570 344
1733580 344
1733590 341
1733600 337
1733610 333
1733620 333
1733630 328
1733640 323
1733650 323
1733660 320
1733670 316
1733680 316
1733690 316
1733700 318
1733710 318
1733720 323
1733730 328
1733740 328
1733750 330
1733760 334
1733770 337
1733780 337
