1720000 444
1720010 438
1720020 438
1720030 440
1720040 448
1720050 448
1720060 454
1720070 458
1720080 463
1720090 463
1720100 467
1720110 473
1720120 473
1720130 476
1720140 477
1720150 477
1720160 476
1720170 473
1720180 473
1720190 470
1720200 466
1720210 466
1720220 464
1720230 462
1720240 458
1720250 458
1720260 455
1720270 451
1720280 451
1720290 447
1720300 442
1720310 442
1720320 436
1720330 431
1720340 431
1720350 427
1720360 420
1720370 420
1720380 420
1720390 427
1720400 434
1720410 434
1720420 441
1720430 445
1720440 445
1720450 450
1720460 455
1720470 455
1720480 460
1720490 467
1720500 467
1720510 470
1720520 471
1720530 471
1720540 472
1720550 474
1720560 474
1720570 474
1720580 474
1720590 476
1720600 476
1720610 475
1720620 479
1720630 479
1720640 484
1720650 487
1720660 487
1720670 490
1720680 493
1720690 493
1720700 497
1720710 500
1720720 503
1720730 503
1720740 506
1720750 508
1720760 508
1720770 510
1720780 512
1720790 512
1720800 515
1720810 519
1720820 519
1720830 523
1720840 525
1720850 525
1720860 526
1720870 527
1720880 528
1720890 528
1720900 527
1720910 526
1720920 526
1720930 525
1720940 523
1720950 523
1720960 521
1720970 519
1720980 519
1720990 518
1721000 516
1721010 516
1721020 514
1721030 513
1721040 512
1721050 512
1721060 511
1721070 511
1721080 511
1721090 512
1721100 514
1721110 514
1721120 515
1721130 516
1721140 516
1721150 518
1721160 519
1721170 519
1721180 519
1721190 519
1721200 519
1721210 519
1721220 519
1721230 517
1721240 517
1721250 511
1721260 505
1721270 505
1721280 499
1721290 494
1721300 494
1721310 492
1721320 492
1721330 492
1721340 492
1721350 492
1721360 489
1721370 489
1721380 487
1721390 488
1721400 488
1721410 490
1721420 491
1721430 491
1721440 491
1721450 491
1721460 491
1721470 486
1721480 480
1721490 480
1721500 476
1721510 472
1721520 469
1721530 469
1721540 467
1721550 466
1721560 466
1721570 465
1721580 463
1721590 463
1721600 460
1721610 456
1721620 456
1721630 452
1721640 447
1721650 447
1721660 443
1721670 438
1721680 433
1721690 433
1721700 428
1721710 424
1721720 424
1721730 419
1721740 414
1721750 414
1721760 411
1721770 409
1721780 409
1721790 412
1721800 413
1721810 413
1721820 415
1721830 419
1721840 423
1721850 423
1721860 426
1721870 429
1721880 429
1721890 429
1721900 430
1721910 430
1721920 431
1721930 434
1721940 434
1721950 434
1721960 433
1721970 433
1721980 430
1721990 427
1722000 423
1722010 423
1722020 420
1722030 416
1722040 416
1722050 414
1722060 411
1722070 411
1722080 408
1722090 405
1722100 405
1722110 403
1722120 400
1722130 400
1722140 398
1722150 397
1722160 393
1722170 393
1722180 390
1722190 387
1722200 387
1722210 383
1722220 379
1722230 379
1722240 376
1722250 376
1722260 376
1722270 374
1722280 373
1722290 373
1722300 373
1722310 372
1722320 372
1722330 372
1722340 372
1722350 372
1722360 372
1722370 372
1722380 372
1722390 372
1722400 373
1722410 376
1722420 376
1722430 380
1722440 386
1722450 386
1722460 393
1722470 399
1722480 405
1722490 405
1722500 411
1722510 417
1722520 417
1722530 419
1722540 423
1722550 423
1722560 426
1722570 429
1722580 429
1722590 432
1722600 435
1722610 435
1722620 437
1722630 438
1722640 438
1722650 438
1722660 438
1722670 439
1722680 439
1722690 438
1722700 437
1722710 437
1722720 437
1722730 437
1722740 437
1722750 437
1722760 437
1722770 437
1722780 435
1722790 437
1722800 440
1722810 440
1722820 443
1722830 444
1722840 444
1722850 446
1722860 446
1722870 446
1722880 445
1722890 444
1722900 444
1722910 442
1722920 440
1722930 440
1722940 437
1722950 434
1722960 430
1722970 430
1722980 427
1722990 424
1723000 424
1723010 417
1723020 412
1723030 412
1723040 408
1723050 404
1723060 404
1723070 401
1723080 406
1723090 406
1723100 404
1723110 401
1723120 397
1723130 397
1723140 397
1723150 391
1723160 391
1723170 393
1723180 401
1723190 401
1723200 405
1723210 410
1723220 410
1723230 415
1723240 420
1723250 420
1723260 423
1723270 425
1723280 427
1723290 427
1723300 428
1723310 428
1723320 428
1723330 430
1723340 429
1723350 429
1723360 429
1723370 425
1723380 425
1723390 421
1723400 419
1723410 419
1723420 424
1723430 429
1723440 433
1723450 433
1723460 436
1723470 441
1723480 441
1723490 446
1723500 449
1723510 449
1723520 454
1723530 458
1723540 458
1723550 461
1723560 464
1723570 464
1723580 468
1723590 470
1723600 470
1723610 470
1723620 470
1723630 468
1723640 468
1723650 466
1723660 464
1723670 464
1723680 462
1723690 460
1723700 460
1723710 456
1723720 453
1723730 453
1723740 449
1723750 445
1723760 442
1723770 442
1723780 439
1723790 436
1723800 436
1723810 434
1723820 431
1723830 431
1723840 427
1723850 424
1723860 424
1723870 421
1723880 417
1723890 417
1723900 410
1723910 405
1723920 398
1723930 398
1723940 394
1723950 391
1723960 391
1723970 390
1723980 398
1723990 398
1724000 404
1724010 408
1724020 408
1724030 413
1724040 417
1724050 417
1724060 417
1724070 418
1724080 416
1724090 416
1724100 415
1724110 415
1724120 415
1724130 414
1724140 409
1724150 409
1724160 406
1724170 410
1724180 410
1724190 413
1724200 416
1724210 416
1724220 420
1724230 424
1724240 430
1724250 430
1724260 433
1724270 435
1724280 435
1724290 434
1724300 429
1724310 429
1724320 425
1724330 419
1724340 419
1724350 414
1724360 410
1724370 410
1724380 408
1724390 405
1724400 401
1724410 401
1724420 398
1724430 393
1724440 393
1724450 389
1724460 385
1724470 385
1724480 380
1724490 377
1724500 377
1724510 376
1724520 374
1724530 374
1724540 370
1724550 369
1724560 372
1724570 372
1724580 377
1724590 382
1724600 382
1724610 386
1724620 389
1724630 389
1724640 392
1724650 396
1724660 396
1724670 399
1724680 403
1724690 403
1724700 406
1724710 409
1724720 405
1724730 405
1724740 405
1724750 403
1724760 403
1724770 400
1724780 396
1724790 396
1724800 391
1724810 387
1724820 387
1724830 383
1724840 379
1724850 379
1724860 380
1724870 382
1724880 382
1724890 382
1724900 381
1724910 378
1724920 378
1724930 375
1724940 373
1724950 373
1724960 372
1724970 371
1724980 371
1724990 370
1725000 370
1725010 370
1725020 370
1725030 370
1725040 369
1725050 369
1725060 369
1725070 369
1725080 369
1725090 368
1725100 368
1725110 368
1725120 368
1725130 367
1725140 367
1725150 366
1725160 367
1725170 367
1725180 368
1725190 368
1725200 369
1725210 369
1725220 369
1725230 370
1725240 370
1725250 370
1725260 370
1725270 370
1725280 371
1725290 371
1725300 371
1725310 372
1725320 373
1725330 373
1725340 373
1725350 374
1725360 375
1725370 375
1725380 375
1725390 376
1725400 376
1725410 378
1725420 379
1725430 379
1725440 380
1725450 381
1725460 381
1725470 384
1725480 386
1725490 386
1725500 388
1725510 388
1725520 388
1725530 388
1725540 389
1725550 390
1725560 390
1725570 392
1725580 391
1725590 391
1725600 389
1725610 388
1725620 388
1725630 387
1725640 387
1725650 387
1725660 388
1725670 388
1725680 388
1725690 388
1725700 389
1725710 389
1725720 389
1725730 388
1725740 387
1725750 387
1725760 387
1725770 387
1725780 387
1725790 387
1725800 387
1725810 387
1725820 385
1725830 384
1725840 384
1725850 384
1725860 383
1725870 381
1725880 381
1725890 380
1725900 379
1725910 379
1725920 379
1725930 378
1725940 378
1725950 376
1725960 374
1725970 374
1725980 375
1725990 378
1726000 381
1726010 381
1726020 381
1726030 381
1726040 381
1726050 377
1726060 378
1726070 378
1726080 380
1726090 378
1726100 378
1726110 377
1726120 379
1726130 379
1726140 383
1726150 383
1726160 387
1726170 387
1726180 388
1726190 389
1726200 389
1726210 390
1726220 392
1726230 392
1726240 394
1726250 396
1726260 396
1726270 400
1726280 400
1726290 400
1726300 403
1726310 404
1726320 405
1726330 405
1726340 407
1726350 409
1726360 409
1726370 411
1726380 412
1726390 412
1726400 414
1726410 415
1726420 415
1726430 414
1726440 412
1726450 412
1726460 410
1726470 409
1726480 408
1726490 408
1726500 408
1726510 410
1726520 410
1726530 412
1726540 413
1726550 413
1726560 410
1726570 409
1726580 409
1726590 410
1726600 410
1726610 410
1726620 411
1726630 412
1726640 412
1726650 412
1726660 412
1726670 415
1726680 415
1726690 417
1726700 420
1726710 420
1726720 424
1726730 425
1726740 425
1726750 424
1726760 423
1726770 423
1726780 422
1726790 420
1726800 417
1726810 417
1726820 417
1726830 415
1726840 415
1726850 412
1726860 410
1726870 410
1726880 408
1726890 406
1726900 406
1726910 404
1726920 401
1726930 401
1726940 399
1726950 396
1726960 393
1726970 393
1726980 392
1726990 391
1727000 387
1727010 386
1727020 384
1727030 384
1727040 384
1727050 384
1727060 384
1727070 383
1727080 385
1727090 385
1727100 386
1727110 388
1727120 392
1727130 392
1727140 395
1727150 398
1727160 398
1727170 401
1727180 404
1727190 404
1727200 407
1727210 408
1727220 408
1727230 409
1727240 410
1727250 410
1727260 409
1727270 410
1727280 412
1727290 412
1727300 412
1727310 411
1727320 411
1727330 407
1727340 407
1727350 407
1727360 404
1727370 401
1727380 401
1727390 397
1727400 395
1727410 395
1727420 391
1727430 389
1727440 386
1727450 386
1727460 384
1727470 381
1727480 381
1727490 379
1727500 377
1727510 377
1727520 375
1727530 373
1727540 373
1727550 371
1727560 370
1727570 370
1727580 372
1727590 374
1727600 375
1727610 375
1727620 375
1727630 375
1727640 375
1727650 377
1727660 381
1727670 381
1727680 382
1727690 381
1727700 381
1727710 382
1727720 383
1727730 383
1727740 385
1727750 386
1727760 385
1727770 385
1727780 383
1727790 381
1727800 381
1727810 379
1727820 377
1727830 377
1727840 372
1727850 368
1727860 368
1727870 363
1727880 358
1727890 358
1727900 354
1727910 350
1727920 348
1727930 348
1727940 346
1727950 342
1727960 342
1727970 339
1727980 337
1727990 337
1728000 337
1728010 337
1728020 337
1728030 339
1728040 341
1728050 341
1728060 344
1728070 344
1728080 342
1728090 342
1728100 339
1728110 335
1728120 335
1728130 337
1728140 342
1728150 342
1728160 350
1728170 354
1728180 354
1728190 355
1728200 355
1728210 355
1728220 353
1728230 351
1728240 348
1728250 348
1728260 345
1728270 343
1728280 343
1728290 341
1728300 340
1728310 340
1728320 338
1728330 337
1728340 337
1728350 335
1728360 334
1728370 334
1728380 336
1728390 336
1728400 335
1728410 335
1728420 333
1728430 330
1728440 330
1728450 330
1728460 333
1728470 333
1728480 335
1728490 341
1728500 341
1728510 349
1728520 353
1728530 353
1728540 355
1728550 356
1728560 354
1728570 354
1728580 354
1728590 355
1728600 355
1728610 356
1728620 356
1728630 356
1728640 358
1728650 359
1728660 359
1728670 360
1728680 361
1728690 361
1728700 363
1728710 365
1728720 369
1728730 369
1728740 374
1728750 380
1728760 380
1728770 385
1728780 390
1728790 390
1728800 392
1728810 393
1728820 393
1728830 392
1728840 387
1728850 387
1728860 382
1728870 377
1728880 374
1728890 374
1728900 372
1728910 370
1728920 370
1728930 368
1728940 366
1728950 366
1728960 365
1728970 363
1728980 363
1728990 362
1729000 362
1729010 362
1729020 362
1729030 361
1729040 359
1729050 359
1729060 356
1729070 354
1729080 354
1729090 354
1729100 355
1729110 355
1729120 357
1729130 358
1729140 358
1729150 356
1729160 358
1729170 358
1729180 353
1729190 353
1729200 352
1729210 352
1729220 350
1729230 349
1729240 349
1729250 347
1729260 347
1729270 347
1729280 344
1729290 341
1729300 341
1729310 335
1729320 331
1729330 331
1729340 338
1729350 344
1729360 347
1729370 347
1729380 350
1729390 353
1729400 353
1729410 357
1729420 359
1729430 359
1729440 360
1729450 361
1729460 361
1729470 361
1729480 365
1729490 365
1729500 369
1729510 369
1729520 370
1729530 370
1729540 370
1729550 370
1729560 370
1729570 370
1729580 369
1729590 369
1729600 368
1729610 366
1729620 366
1729630 363
1729640 361
1729650 361
1729660 359
1729670 356
1729680 354
1729690 354
1729700 351
1729710 349
1729720 349
1729730 346
1729740 344
1729750 344
1729760 341
1729770 339
1729780 339
1729790 336
1729800 333
1729810 333
1729820 328
1729830 326
1729840 324
1729850 324
1729860 324
1729870 323
1729880 323
1729890 325
1729900 327
1729910 327
1729920 326
1729930 325
1729940 325
1729950 324
1729960 324
1729970 324
1729980 323
1729990 322
1730000 320
1730010 320
1730020 320
1730030 319
1730040 319
1730050 318
1730060 321
1730070 321
1730080 323
1730090 325
1730100 325
1730110 330
1730120 338
1730130 338
1730140 344
1730150 347
1730160 351
1730170 351
1730180 352
1730190 353
1730200 353
1730210 352
1730220 352
1730230 352
1730240 352
1730250 354
1730260 354
1730270 357
1730280 360
1730290 360
1730300 363
1730310 366
1730320 370
1730330 370
1730340 372
1730350 376
1730360 376
1730370 379
1730380 384
1730390 384
1730400 385
1730410 384
1730420 384
1730430 381
1730440 378
1730450 378
1730460 375
1730470 371
1730480 368
1730490 368
1730500 365
1730510 362
1730520 362
1730530 359
1730540 357
1730550 357
1730560 358
1730570 358
1730580 358
1730590 358
1730600 357
1730610 357
1730620 353
1730630 351
1730640 357
1730650 357
1730660 358
1730670 361
1730680 361
1730690 365
1730700 367
1730710 367
1730720 371
1730730 374
1730740 374
1730750 377
1730760 380
1730770 380
1730780 381
1730790 383
1730800 383
1730810 383
1730820 383
1730830 382
1730840 382
1730850 380
1730860 378
1730870 378
1730880 375
1730890 373
1730900 373
1730910 370
1730920 368
1730930 368
1730940 366
1730950 364
1730960 361
1730970 361
1730980 358
1730990 354
1731000 354
1731010 351
1731020 348
1731030 348
1731040 346
1731050 343
1731060 343
1731070 341
1731080 340
1731090 340
1731100 340
1731110 338
1731120 335
1731130 335
1731140 331
1731150 326
1731160 326
1731170 321
1731180 316
1731190 316
1731200 313
1731210 307
1731220 307
1731230 304
1731240 301
1731250 301
1731260 300
1731270 300
1731280 300
1731290 300
1731300 298
1731310 297
1731320 297
1731330 297
1731340 296
1731350 296
1731360 296
1731370 297
1731380 297
1731390 297
1731400 297
1731410 297
1731420 297
1731430 297
1731440 297
1731450 297
1731460 298
1731470 298
1731480 298
1731490 297
1731500 297
1731510 297
1731520 297
1731530 297
1731540 297
1731550 297
1731560 297
1731570 297
1731580 297
1731590 297
1731600 297
1731610 297
1731620 297
1731630 298
1731640 298
1731650 298
1731660 297
1731670 297
1731680 297
1731690 297
1731700 297
1731710 296
1731720 296
1731730 296
1731740 296
1731750 296
1731760 296
1731770 295
1731780 295
1731790 295
1731800 295
1731810 295
1731820 295
1731830 295
1731840 295
1731850 295
1731860 295
1731870 295
1731880 295
1731890 295
1731900 294
1731910 294
1731920 294
1731930 294
1731940 293
1731950 294
1731960 294
1731970 295
1731980 298
1731990 298
1732000 302
1732010 307
1732020 307
1732030 312
1732040 317
1732050 317
1732060 321
1732070 324
1732080 324
1732090 326
1732100 326
1732110 326
1732120 326
1732130 324
1732140 322
1732150 322
1732160 320
1732170 318
1732180 318
1732190 317
1732200 315
1732210 315
1732220 315
1732230 315
1732240 315
1732250 317
1732260 315
1732270 315
1732280 315
1732290 315
1732300 316
1732310 316
1732320 315
1732330 314
1732340 314
1732350 314
1732360 313
1732370 313
1732380 312
1732390 311
1732400 311
1732410 309
1732420 307
1732430 305
1732440 305
1732450 303
1732460 301
1732470 301
1732480 300
1732490 299
1732500 299
1732510 297
1732520 296
1732530 296
1732540 294
1732550 293
1732560 293
1732570 293
1732580 293
1732590 294
1732600 294
1732610 294
1732620 294
1732630 294
1732640 293
1732650 293
1732660 293
1732670 293
1732680 292
1732690 292
1732700 292
1732710 292
1732720 292
1732730 292
1732740 292
1732750 290
1732760 290
1732770 289
1732780 290
1732790 290
1732800 288
1732810 291
1732820 291
1732830 290
1732840 288
1732850 288
1732860 290
1732870 291
1732880 291
1732890 291
1732900 290
1732910 288
1732920 288
1732930 289
1732940 289
1732950 289
1732960 288
1732970 288
1732980 288
1732990 288
1733000 288
1733010 288
1733020 287
1733030 287
1733040 287
1733050 290
1733060 290
1733070 290
1733080 290
1733090 290
1733100 289
1733110 289
1733120 289
1733130 289
1733140 289
1733150 290
1733160 289
1733170 289
1733180 289
1733190 289
1733200 289
1733210 289
1733220 289
1733230 289
1733240 289
1733250 289
1733260 289
1733270 289
1733280 289
1733290 289
1733300 289
1733310 289
1733320 290
1733330 290
1733340 290
1733350 290
1733360 290
1733370 289
1733380 289
1733390 289
1733400 289
1733410 289
1733420 289
1733430 289
1733440 289
1733450 289
1733460 289
1733470 289
1733480 289
1733490 289
1733500 289
1733510 289
1733520 289
1733530 289
1733540 289
1733550 289
1733560 289
1733570 289
1733580 289
1733590 289
1733600 289
1733610 289
1733620 289
1733630 288
1733640 288
1733650 288
1733660 288
1733670 289
1733680 289
1733690 289
1733700 289
1733710 289
1733720 289
1733730 289
1733740 289
1733750 289
1733760 289
