1720000 441
1720010 441
1720020 439
1720030 438
1720040 437
1720050 437
1720060 436
1720070 435
1720080 435
1720090 432
1720100 429
1720110 429
1720120 425
1720130 421
1720140 421
1720150 416
1720160 412
1720170 412
1720180 408
1720190 400
1720200 398
1720210 398
1720220 390
1720230 386
1720240 386
1720250 388
1720260 394
1720270 394
1720280 398
1720290 401
1720300 401
1720310 403
1720320 405
1720330 405
1720340 408
1720350 411
1720360 414
1720370 414
1720380 417
1720390 420
1720400 420
1720410 422
1720420 423
1720430 423
1720440 420
1720450 417
1720460 417
1720470 412
1720480 408
1720490 408
1720500 407
1720510 406
1720520 409
1720530 409
1720540 414
1720550 417
1720560 417
1720570 422
1720580 428
1720590 428
1720600 432
1720610 436
1720620 436
1720630 437
1720640 433
1720650 433
1720660 426
1720670 419
1720680 413
1720690 413
1720700 405
1720710 401
1720720 401
1720730 398
1720740 394
1720750 394
1720760 397
1720770 393
1720780 393
1720790 398
1720800 406
1720810 406
1720820 412
1720830 417
1720840 421
1720850 421
1720860 424
1720870 428
1720880 428
1720890 432
1720900 435
1720910 435
1720920 439
1720930 440
1720940 440
1720950 443
1720960 441
1720970 441
1720980 441
1720990 437
1721000 432
1721010 432
1721020 427
1721030 423
1721040 423
1721050 419
1721060 415
1721070 415
1721080 412
1721090 408
1721100 408
1721110 404
1721120 410
1721130 410
1721140 415
1721150 417
1721160 417
1721170 417
1721180 418
1721190 418
1721200 418
1721210 418
1721220 417
1721230 417
1721240 415
1721250 412
1721260 412
1721270 409
1721280 404
1721290 404
1721300 398
1721310 395
1721320 388
1721330 388
1721340 398
1721350 405
1721360 405
1721370 406
1721380 408
1721390 408
1721400 411
1721410 415
1721420 415
1721430 418
1721440 422
1721450 422
1721460 426
1721470 430
1721480 433
1721490 433
1721500 432
1721510 425
1721520 425
1721530 420
1721540 419
1721550 419
1721560 415
1721570 413
1721580 413
1721590 414
1721600 414
1721610 414
1721620 416
1721630 419
1721640 422
1721650 422
1721660 426
1721670 430
1721680 430
1721690 432
1721700 430
1721710 430
1721720 427
1721730 425
1721740 425
1721750 422
1721760 420
1721770 420
1721780 417
1721790 415
1721800 413
1721810 413
1721820 412
1721830 410
1721840 410
1721850 408
1721860 406
1721870 406
1721880 404
1721890 403
1721900 403
1721910 401
1721920 399
1721930 401
1721940 400
1721950 398
1721960 397
1721970 397
1721980 395
1721990 393
1722000 393
1722010 392
1722020 391
1722030 391
1722040 389
1722050 388
1722060 388
1722070 386
1722080 384
1722090 384
1722100 379
1722110 378
1722120 372
1722130 372
1722140 370
1722150 368
1722160 368
1722170 367
1722180 366
1722190 366
1722200 366
1722210 365
1722220 365
1722230 364
1722240 363
1722250 363
1722260 362
1722270 361
1722280 362
1722290 362
1722300 362
1722310 362
1722320 362
1722330 362
1722340 365
1722350 365
1722360 373
1722370 381
1722380 381
1722390 384
1722400 383
1722410 383
1722420 380
1722430 376
1722440 372
1722450 372
1722460 368
1722470 365
1722480 365
1722490 364
1722500 362
1722510 362
1722520 365
1722530 365
1722540 365
1722550 368
1722560 373
1722570 373
1722580 375
1722590 375
1722600 376
1722610 376
1722620 381
1722630 385
1722640 385
1722650 389
1722660 393
1722670 393
1722680 396
1722690 397
1722700 397
1722710 400
1722720 403
1722730 403
1722740 405
1722750 408
1722760 411
1722770 411
1722780 414
1722790 417
1722800 417
1722810 420
1722820 422
1722830 422
1722840 424
1722850 426
1722860 426
1722870 428
1722880 429
1722890 429
1722900 429
1722910 428
1722920 427
1722930 427
1722940 425
1722950 423
1722960 423
1722970 421
1722980 420
1722990 420
1723000 418
1723010 417
1723020 417
1723030 416
1723040 417
1723050 417
1723060 418
1723070 420
1723080 424
1723090 424
1723100 428
1723110 432
1723120 432
1723130 436
1723140 440
1723150 440
1723160 444
1723170 447
1723180 447
1723190 446
1723200 442
1723210 442
1723220 440
1723230 438
1723240 438
1723250 438
1723260 438
1723270 438
1723280 438
1723290 438
1723300 439
1723310 439
1723320 441
1723330 445
1723340 445
1723350 448
1723360 450
1723370 450
1723380 453
1723390 455
1723400 455
1723410 455
1723420 454
1723430 452
1723440 452
1723450 451
1723460 449
1723470 449
1723480 448
1723490 446
1723500 446
1723510 445
1723520 443
1723530 443
1723540 442
1723550 441
1723560 440
1723570 440
1723580 439
1723590 438
1723600 438
1723610 436
1723620 434
1723630 434
1723640 431
1723650 428
1723660 428
1723670 424
1723680 422
1723690 422
1723700 419
1723710 417
1723720 417
1723730 417
1723740 414
1723750 414
1723760 414
1723770 411
1723780 408
1723790 408
1723800 405
1723810 402
1723820 402
1723830 401
1723840 398
1723850 398
1723860 396
1723870 398
1723880 399
1723890 399
1723900 399
1723910 401
1723920 401
1723930 404
1723940 407
1723950 407
1723960 410
1723970 408
1723980 408
1723990 407
1724000 405
1724010 405
1724020 403
1724030 400
1724040 397
1724050 397
1724060 395
1724070 392
1724080 392
1724090 390
1724100 387
1724110 387
1724120 384
1724130 379
1724140 379
1724150 375
1724160 373
1724170 373
1724180 369
1724190 364
1724200 364
1724210 364
1724220 362
1724230 363
1724240 363
1724250 361
1724260 358
1724270 358
1724280 358
1724290 358
1724300 358
1724310 358
1724320 358
1724330 358
1724340 358
1724350 359
1724360 359
1724370 359
1724380 359
1724390 359
1724400 359
1724410 359
1724420 359
1724430 359
1724440 358
1724450 359
1724460 359
1724470 362
1724480 368
1724490 368
1724500 371
1724510 372
1724520 373
1724530 373
1724540 370
1724550 371
1724560 371
1724570 377
1724580 381
1724590 381
1724600 385
1724610 388
1724620 388
1724630 391
1724640 393
1724650 393
1724660 395
1724670 397
1724680 400
1724690 400
1724700 404
1724710 409
1724720 409
1724730 414
1724740 418
1724750 418
1724760 422
1724770 424
1724780 424
1724790 425
1724800 425
1724810 425
1724820 426
1724830 427
1724840 428
1724850 428
1724860 430
1724870 431
1724880 431
1724890 433
1724900 434
1724910 434
1724920 435
1724930 436
1724940 436
1724950 436
1724960 436
1724970 436
1724980 434
1724990 431
1725000 431
1725010 431
1725020 433
1725030 435
1725040 435
1725050 438
1725060 441
1725070 441
1725080 442
1725090 443
1725100 443
1725110 445
1725120 446
1725130 446
1725140 448
1725150 449
1725160 454
1725170 454
1725180 454
1725190 452
1725200 452
1725210 449
1725220 447
1725230 447
1725240 444
1725250 441
1725260 441
1725270 439
1725280 438
1725290 438
1725300 438
1725310 437
1725320 435
1725330 435
1725340 433
1725350 430
1725360 430
1725370 428
1725380 429
1725390 429
1725400 430
1725410 431
1725420 431
1725430 433
1725440 436
1725450 436
1725460 439
1725470 441
1725480 441
1725490 441
1725500 441
1725510 441
1725520 441
1725530 441
1725540 441
1725550 441
1725560 441
1725570 441
1725580 441
1725590 441
1725600 441
1725610 441
1725620 441
1725630 440
1725640 440
1725650 440
1725660 439
1725670 439
1725680 439
1725690 438
1725700 436
1725710 436
1725720 434
1725730 431
1725740 431
1725750 431
1725760 434
1725770 434
1725780 436
1725790 439
1725800 439
1725810 442
1725820 445
1725830 448
1725840 448
1725850 451
1725860 454
1725870 454
1725880 457
1725890 460
1725900 460
1725910 461
1725920 461
1725930 461
1725940 461
1725950 461
1725960 461
1725970 460
1725980 460
1725990 460
1726000 460
1726010 459
1726020 458
1726030 458
1726040 457
1726050 456
1726060 456
1726070 454
1726080 453
1726090 453
1726100 450
1726110 448
1726120 448
1726130 444
1726140 442
1726150 439
1726160 439
1726170 438
1726180 437
1726190 437
1726200 436
1726210 435
1726220 435
1726230 433
1726240 433
1726250 433
1726260 433
1726270 435
1726280 435
1726290 437
1726300 440
1726310 442
1726320 442
1726330 444
1726340 446
1726350 446
1726360 448
1726370 450
1726380 450
1726390 452
1726400 450
1726410 450
1726420 448
1726430 446
1726440 446
1726450 442
1726460 437
1726470 432
1726480 432
1726490 427
1726500 425
1726510 425
1726520 423
1726530 420
1726540 420
1726550 416
1726560 414
1726570 414
1726580 411
1726590 407
1726600 407
1726610 407
1726620 403
1726630 400
1726640 400
1726650 396
1726660 393
1726670 393
1726680 390
1726690 389
1726700 389
1726710 388
1726720 385
1726730 385
1726740 382
1726750 378
1726760 378
1726770 375
1726780 373
1726790 371
1726800 371
1726810 367
1726820 364
1726830 364
1726840 361
1726850 361
1726860 361
1726870 361
1726880 362
1726890 362
1726900 360
1726910 358
1726920 358
1726930 355
1726940 354
1726950 353
1726960 353
1726970 354
1726980 350
1726990 350
1727000 349
1727010 352
1727020 352
1727030 352
1727040 357
1727050 357
1727060 360
1727070 361
1727080 361
1727090 361
1727100 360
1727110 359
1727120 359
1727130 357
1727140 356
1727150 356
1727160 355
1727170 355
1727180 355
1727190 354
1727200 352
1727210 352
1727220 351
1727230 349
1727240 349
1727250 347
1727260 346
1727270 345
1727280 345
1727290 345
1727300 344
1727310 344
1727320 342
1727330 339
1727340 339
1727350 338
1727360 337
1727370 337
1727380 336
1727390 336
1727400 336
1727410 341
1727420 343
1727430 344
1727440 344
1727450 345
1727460 345
1727470 345
1727480 347
1727490 345
1727500 345
1727510 342
1727520 339
1727530 339
1727540 335
1727550 339
1727560 339
1727570 347
1727580 354
1727590 358
1727600 358
1727610 361
1727620 364
1727630 364
1727640 367
1727650 370
1727660 370
1727670 374
1727680 378
1727690 378
1727700 382
1727710 385
1727720 385
1727730 383
1727740 379
1727750 377
1727760 377
1727770 373
1727780 372
1727790 372
1727800 369
1727810 374
1727820 374
1727830 375
1727840 372
1727850 372
1727860 368
1727870 366
1727880 366
1727890 365
1727900 365
1727910 365
1727920 365
1727930 365
1727940 366
1727950 366
1727960 367
1727970 370
1727980 370
1727990 373
1728000 376
1728010 376
1728020 380
1728030 383
1728040 383
1728050 386
1728060 391
1728070 397
1728080 397
1728090 400
1728100 402
1728110 402
1728120 402
1728130 402
1728140 402
1728150 401
1728160 401
1728170 401
1728180 400
1728190 400
1728200 400
1728210 400
1728220 399
1728230 397
1728240 397
1728250 395
1728260 391
1728270 391
1728280 387
1728290 383
1728300 383
1728310 379
1728320 374
1728330 374
1728340 369
1728350 365
1728360 365
1728370 360
1728380 356
1728390 353
1728400 353
1728410 349
1728420 347
1728430 347
1728440 344
1728450 341
1728460 341
1728470 338
1728480 333
1728490 333
1728500 331
1728510 327
1728520 327
1728530 326
1728540 321
1728550 320
1728560 320
1728570 319
1728580 318
1728590 318
1728600 317
1728610 315
1728620 315
1728630 319
1728640 325
1728650 325
1728660 331
1728670 336
1728680 336
1728690 339
1728700 341
1728710 344
1728720 344
1728730 345
1728740 346
1728750 346
1728760 346
1728770 348
1728780 348
1728790 349
1728800 350
1728810 350
1728820 347
1728830 346
1728840 346
1728850 344
1728860 343
1728870 341
1728880 341
1728890 339
1728900 336
1728910 336
1728920 333
1728930 331
1728940 331
1728950 329
1728960 327
1728970 327
1728980 327
1728990 331
1729000 331
1729010 337
1729020 341
1729030 343
1729040 343
1729050 344
1729060 344
1729070 344
1729080 342
1729090 338
1729100 338
1729110 334
1729120 333
1729130 333
1729140 331
1729150 328
1729160 328
1729170 324
1729180 321
1729190 321
1729200 321
1729210 327
1729220 330
1729230 330
1729240 332
1729250 333
1729260 333
1729270 333
1729280 332
1729290 332
1729300 329
1729310 324
1729320 324
1729330 318
1729340 318
1729350 322
1729360 322
1729370 324
1729380 325
1729390 325
1729400 324
1729410 322
1729420 322
1729430 319
1729440 322
1729450 322
1729460 326
1729470 326
1729480 326
1729490 325
1729500 324
1729510 322
1729520 322
1729530 321
1729540 320
1729550 320
1729560 319
1729570 317
1729580 317
1729590 318
1729600 318
1729610 318
1729620 317
1729630 317
1729640 317
1729650 316
1729660 315
1729670 315
1729680 315
1729690 314
1729700 314
1729710 314
1729720 313
1729730 313
1729740 313
1729750 313
1729760 312
1729770 312
1729780 312
1729790 312
1729800 312
1729810 312
1729820 311
1729830 311
1729840 311
1729850 311
1729860 311
1729870 311
1729880 311
1729890 311
1729900 311
1729910 311
1729920 310
1729930 310
1729940 310
1729950 309
1729960 309
1729970 309
1729980 307
1729990 307
1730000 307
1730010 306
1730020 306
1730030 306
1730040 306
1730050 305
1730060 305
1730070 305
1730080 305
1730090 305
1730100 305
1730110 303
1730120 303
1730130 305
1730140 305
1730150 305
1730160 305
1730170 305
1730180 305
1730190 305
1730200 305
1730210 305
1730220 305
1730230 304
1730240 304
1730250 304
1730260 304
1730270 304
1730280 304
1730290 304
1730300 304
1730310 304
1730320 304
1730330 304
1730340 303
1730350 303
1730360 303
1730370 303
1730380 303
1730390 301
1730400 300
1730410 300
1730420 303
1730430 300
1730440 300
1730450 300
1730460 300
1730470 303
1730480 303
1730490 303
1730500 303
1730510 303
1730520 302
1730530 299
1730540 299
1730550 302
1730560 303
1730570 303
1730580 302
1730590 302
1730600 302
1730610 302
1730620 303
1730630 303
1730640 303
1730650 303
1730660 303
1730670 303
1730680 303
1730690 304
1730700 304
1730710 304
1730720 304
1730730 304
1730740 305
1730750 305
1730760 305
1730770 305
1730780 305
1730790 305
1730800 305
1730810 305
1730820 306
1730830 306
1730840 307
1730850 308
1730860 308
1730870 309
1730880 310
1730890 310
1730900 312
1730910 313
1730920 313
1730930 314
1730940 317
1730950 318
1730960 318
1730970 319
1730980 319
1730990 319
1731000 319
1731010 318
1731020 318
1731030 318
1731040 317
1731050 317
1731060 317
1731070 317
1731080 317
1731090 316
1731100 316
1731110 315
1731120 315
1731130 312
1731140 308
1731150 308
1731160 304
1731170 301
1731180 301
1731190 302
1731200 302
1731210 302
1731220 301
1731230 301
1731240 301
1731250 301
1731260 300
1731270 299
1731280 299
1731290 301
1731300 301
1731310 301
1731320 301
1731330 301
1731340 301
1731350 301
1731360 303
1731370 303
1731380 310
1731390 317
1731400 317
1731410 323
1731420 327
1731430 331
1731440 331
1731450 335
1731460 335
1731470 335
1731480 338
1731490 339
1731500 339
1731510 342
1731520 347
1731530 347
1731540 353
1731550 358
1731560 358
1731570 362
1731580 364
1731590 361
1731600 361
1731610 356
1731620 353
1731630 353
1731640 350
1731650 346
1731660 346
1731670 342
1731680 339
1731690 339
1731700 338
1731710 336
1731720 336
1731730 337
1731740 341
1731750 346
1731760 346
1731770 349
1731780 349
1731790 349
1731800 346
1731810 343
1731820 343
1731830 338
1731840 333
1731850 333
1731860 329
1731870 326
1731880 326
1731890 324
1731900 323
1731910 323
1731920 323
1731930 327
1731940 331
1731950 331
1731960 337
1731970 340
1731980 340
1731990 340
1732000 338
1732010 338
1732020 336
1732030 332
1732040 332
1732050 328
1732060 325
1732070 322
1732080 322
1732090 319
1732100 316
1732110 316
1732120 314
1732130 312
1732140 312
1732150 312
1732160 313
1732170 313
1732180 315
1732190 318
1732200 318
1732210 324
1732220 328
1732230 331
1732240 331
1732250 333
1732260 334
1732270 334
1732280 335
1732290 335
1732300 335
1732310 334
1732320 332
1732330 332
1732340 330
1732350 329
1732360 329
1732370 330
1732380 332
1732390 337
1732400 337
1732410 340
1732420 342
1732430 342
1732440 343
1732450 340
1732460 340
1732470 336
1732480 334
1732490 334
1732500 333
1732510 332
1732520 332
1732530 332
1732540 332
1732550 332
1732560 333
1732570 336
1732580 338
1732590 338
1732600 339
1732610 340
1732620 340
1732630 340
1732640 341
1732650 341
1732660 343
1732670 347
1732680 347
1732690 352
1732700 356
1732710 356
1732720 359
1732730 361
1732740 361
1732750 361
1732760 359
1732770 357
1732780 357
1732790 354
1732800 350
1732810 350
1732820 346
1732830 340
1732840 340
1732850 336
1732860 334
1732870 334
1732880 331
1732890 329
1732900 327
1732910 327
1732920 325
1732930 324
1732940 324
1732950 322
1732960 320
1732970 320
1732980 316
1732990 312
1733000 312
1733010 310
1733020 309
1733030 309
1733040 309
1733050 305
1733060 302
1733070 302
1733080 301
1733090 299
1733100 299
1733110 299
1733120 298
1733130 298
1733140 296
1733150 298
1733160 298
1733170 299
1733180 301
1733190 301
1733200 302
1733210 304
1733220 306
1733230 306
1733240 308
1733250 310
1733260 310
1733270 312
1733280 314
1733290 314
1733300 317
1733310 319
1733320 319
1733330 322
1733340 324
1733350 324
1733360 326
1733370 330
1733380 334
1733390 334
1733400 338
1733410 339
1733420 339
1733430 338
1733440 335
1733450 335
1733460 334
1733470 332
1733480 332
1733490 331
1733500 330
1733510 330
1733520 329
1733530 329
1733540 328
1733550 328
1733560 328
1733570 327
1733580 327
1733590 328
1733600 327
1733610 327
1733620 328
1733630 330
1733640 330
1733650 330
1733660 331
1733670 331
1733680 332
1733690 333
1733700 334
1733710 334
1733720 336
1733730 338
1733740 338
1733750 339
