1720000 388
1720010 391
1720020 391
1720030 394
1720040 398
1720050 398
1720060 401
1720070 401
1720080 401
1720090 401
1720100 401
1720110 401
1720120 401
1720130 400
1720140 400
1720150 395
1720160 392
1720170 390
1720180 390
1720190 388
1720200 377
1720210 377
1720220 378
1720230 379
1720240 379
1720250 377
1720260 371
1720270 371
1720280 373
1720290 379
1720300 379
1720310 378
1720320 380
1720330 378
1720340 378
1720350 376
1720360 373
1720370 373
1720380 371
1720390 372
1720400 372
1720410 375
1720420 376
1720430 376
1720440 374
1720450 368
1720460 368
1720470 375
1720480 380
1720490 381
1720500 381
1720510 381
1720520 380
1720530 380
1720540 378
1720550 376
1720560 376
1720570 374
1720580 370
1720590 370
1720600 366
1720610 361
1720620 361
1720630 354
1720640 347
1720650 343
1720660 343
1720670 344
1720680 346
1720690 346
1720700 350
1720710 352
1720720 352
1720730 352
1720740 352
1720750 352
1720760 350
1720770 349
1720780 349
1720790 348
1720800 347
1720810 346
1720820 346
1720830 345
1720840 344
1720850 344
1720860 343
1720870 342
1720880 342
1720890 341
1720900 340
1720910 340
1720920 339
1720930 339
1720940 339
1720950 338
1720960 338
1720970 338
1720980 338
1720990 338
1721000 339
1721010 339
1721020 339
1721030 339
1721040 339
1721050 339
1721060 340
1721070 340
1721080 340
1721090 340
1721100 340
1721110 340
1721120 340
1721130 339
1721140 339
1721150 339
1721160 339
1721170 339
1721180 339
1721190 338
1721200 338
1721210 338
1721220 338
1721230 338
1721240 338
1721250 338
1721260 338
1721270 337
1721280 337
1721290 337
1721300 337
1721310 338
1721320 338
1721330 338
1721340 338
1721350 337
1721360 337
1721370 337
1721380 338
1721390 338
1721400 338
1721410 338
1721420 338
1721430 338
1721440 338
1721450 338
1721460 338
1721470 338
1721480 338
1721490 338
1721500 338
1721510 338
1721520 338
1721530 338
1721540 338
1721550 338
1721560 338
1721570 338
1721580 338
1721590 338
1721600 338
1721610 336
1721620 336
1721630 338
1721640 338
1721650 338
1721660 339
1721670 339
1721680 339
1721690 339
1721700 339
1721710 339
1721720 339
1721730 339
1721740 339
1721750 339
1721760 339
1721770 340
1721780 340
1721790 340
1721800 340
1721810 340
1721820 340
1721830 340
1721840 340
1721850 340
1721860 340
1721870 340
1721880 341
1721890 341
1721900 341
1721910 341
1721920 341
1721930 341
1721940 341
1721950 341
1721960 341
1721970 341
1721980 342
1721990 342
1722000 342
1722010 341
1722020 342
1722030 342
1722040 342
1722050 342
1722060 342
1722070 342
1722080 342
1722090 342
1722100 342
1722110 342
1722120 342
1722130 342
1722140 342
1722150 342
1722160 342
1722170 342
1722180 342
1722190 342
1722200 342
1722210 342
1722220 342
1722230 341
1722240 341
1722250 341
1722260 341
1722270 341
1722280 341
1722290 341
1722300 341
1722310 341
1722320 341
1722330 341
1722340 341
1722350 341
1722360 341
1722370 341
1722380 341
1722390 341
1722400 341
1722410 341
1722420 341
1722430 341
1722440 341
1722450 341
1722460 341
1722470 341
1722480 341
1722490 341
1722500 341
1722510 341
1722520 341
1722530 341
1722540 341
1722550 341
1722560 341
1722570 341
1722580 341
1722590 341
1722600 341
1722610 341
1722620 342
1722630 342
1722640 342
1722650 342
1722660 342
1722670 340
1722680 342
1722690 342
1722700 342
1722710 342
1722720 339
1722730 339
1722740 342
1722750 342
1722760 342
1722770 342
1722780 342
1722790 342
1722800 342
1722810 342
1722820 342
1722830 342
1722840 342
1722850 342
1722860 342
1722870 342
1722880 342
1722890 342
1722900 342
1722910 342
1722920 342
1722930 342
1722940 342
1722950 342
1722960 342
1722970 343
1722980 343
1722990 343
1723000 343
1723010 343
1723020 343
1723030 344
1723040 344
1723050 344
1723060 345
1723070 345
1723080 345
1723090 345
1723100 345
1723110 346
1723120 346
1723130 345
1723140 346
1723150 346
1723160 346
1723170 349
1723180 349
1723190 350
1723200 352
1723210 352
1723220 355
1723230 357
1723240 358
1723250 358
1723260 359
1723270 358
1723280 358
1723290 357
1723300 356
1723310 356
1723320 356
1723330 355
1723340 355
1723350 354
1723360 352
1723370 352
1723380 351
1723390 349
1723400 348
1723410 348
1723420 348
1723430 347
1723440 347
1723450 347
1723460 346
1723470 346
1723480 345
1723490 346
1723500 346
1723510 347
1723520 346
1723530 346
1723540 346
1723550 346
1723560 346
1723570 346
1723580 346
1723590 346
1723600 346
1723610 347
1723620 347
1723630 347
1723640 347
1723650 347
1723660 347
1723670 347
1723680 347
1723690 347
1723700 347
1723710 347
1723720 347
1723730 347
1723740 347
1723750 348
1723760 348
1723770 348
1723780 348
1723790 348
1723800 348
1723810 349
1723820 349
1723830 349
1723840 349
1723850 349
1723860 350
1723870 351
1723880 351
1723890 351
1723900 352
1723910 352
1723920 352
1723930 353
1723940 354
1723950 354
1723960 357
1723970 358
1723980 358
1723990 359
1724000 361
1724010 361
1724020 365
1724030 369
1724040 374
1724050 374
1724060 377
1724070 382
1724080 382
1724090 388
1724100 393
1724110 393
1724120 396
1724130 396
1724140 396
1724150 398
1724160 398
1724170 398
1724180 402
1724190 407
1724200 409
1724210 409
1724220 414
1724230 414
1724240 414
1724250 413
1724260 410
1724270 410
1724280 407
1724290 407
1724300 407
1724310 407
1724320 409
1724330 409
1724340 410
1724350 413
1724360 415
1724370 415
1724380 417
1724390 418
1724400 418
1724410 415
1724420 412
1724430 412
1724440 408
1724450 403
1724460 403
1724470 399
1724480 397
1724490 397
1724500 395
1724510 396
1724520 396
1724530 400
1724540 403
1724550 406
1724560 406
1724570 409
1724580 411
1724590 411
1724600 412
1724610 411
1724620 411
1724630 409
1724640 406
1724650 406
1724660 404
1724670 403
1724680 403
1724690 402
1724700 401
1724710 400
1724720 400
1724730 400
1724740 400
1724750 400
1724760 401
1724770 402
1724780 402
1724790 403
1724800 402
1724810 402
1724820 403
1724830 403
1724840 403
1724850 403
1724860 403
1724870 404
1724880 404
1724890 404
1724900 403
1724910 403
1724920 401
1724930 397
1724940 397
1724950 393
1724960 390
1724970 390
1724980 386
1724990 384
1725000 384
1725010 382
1725020 380
1725030 380
1725040 380
1725050 378
1725060 376
1725070 376
1725080 375
1725090 374
1725100 374
1725110 373
1725120 372
1725130 372
1725140 371
1725150 370
1725160 370
1725170 370
1725180 370
1725190 371
1725200 371
1725210 371
1725220 371
1725230 371
1725240 370
1725250 372
1725260 372
1725270 374
1725280 377
1725290 377
1725300 376
1725310 371
1725320 371
1725330 366
1725340 365
1725350 365
1725360 365
1725370 365
1725380 365
1725390 365
1725400 365
1725410 366
1725420 366
1725430 364
1725440 365
1725450 365
1725460 365
1725470 367
1725480 367
1725490 367
1725500 367
1725510 370
1725520 370
1725530 375
1725540 380
1725550 380
1725560 383
1725570 385
1725580 385
1725590 387
1725600 390
1725610 390
1725620 393
1725630 396
1725640 396
1725650 397
1725660 397
1725670 396
1725680 396
1725690 393
1725700 390
1725710 390
1725720 387
1725730 384
1725740 384
1725750 383
1725760 383
1725770 383
1725780 383
1725790 383
1725800 383
1725810 384
1725820 385
1725830 387
1725840 387
1725850 389
1725860 391
1725870 391
1725880 396
1725890 400
1725900 400
1725910 402
1725920 404
1725930 404
1725940 407
1725950 409
1725960 409
1725970 411
1725980 413
1725990 416
1726000 416
1726010 418
1726020 423
1726030 423
1726040 428
1726050 434
1726060 434
1726070 437
1726080 442
1726090 442
1726100 445
1726110 445
1726120 445
1726130 442
1726140 441
1726150 440
1726160 440
1726170 435
1726180 430
1726190 430
1726200 425
1726210 422
1726220 422
1726230 417
1726240 412
1726250 412
1726260 408
1726270 406
1726280 406
1726290 402
1726300 397
1726310 393
1726320 393
1726330 392
1726340 394
1726350 394
1726360 392
1726370 389
1726380 389
1726390 384
1726400 390
1726410 390
1726420 394
1726430 398
1726440 398
1726450 408
1726460 413
1726470 417
1726480 417
1726490 421
1726500 424
1726510 424
1726520 427
1726530 431
1726540 431
1726550 437
1726560 443
1726570 443
1726580 445
1726590 447
1726600 447
1726610 451
1726620 457
1726630 461
1726640 461
1726650 462
1726660 460
1726670 460
1726680 457
1726690 453
1726700 453
1726710 449
1726720 446
1726730 446
1726740 442
1726750 439
1726760 439
1726770 437
1726780 433
1726790 433
1726800 430
1726810 428
1726820 425
1726830 425
1726840 426
1726850 430
1726860 430
1726870 431
1726880 431
1726890 431
1726900 432
1726910 434
1726920 434
1726930 435
1726940 435
1726950 435
1726960 433
1726970 430
1726980 427
1726990 427
1727000 423
1727010 420
1727020 420
1727030 417
1727040 416
1727050 416
1727060 415
1727070 415
1727080 415
1727090 415
1727100 417
1727110 417
1727120 419
1727130 419
1727140 419
1727150 419
1727160 419
1727170 419
1727180 419
1727190 419
1727200 416
1727210 416
1727220 414
1727230 412
1727240 412
1727250 410
1727260 408
1727270 408
1727280 405
1727290 404
1727300 398
1727310 398
1727320 395
1727330 394
1727340 394
1727350 390
1727360 386
1727370 386
1727380 383
1727390 380
1727400 380
1727410 376
1727420 373
1727430 373
1727440 370
1727450 366
1727460 359
1727470 359
1727480 357
1727490 357
1727500 357
1727510 363
1727520 368
1727530 368
1727540 374
1727550 379
1727560 379
1727570 378
1727580 377
1727590 377
1727600 375
1727610 374
1727620 372
1727630 372
1727640 370
1727650 369
1727660 369
1727670 367
1727680 366
1727690 366
1727700 365
1727710 364
1727720 364
1727730 363
1727740 363
1727750 363
1727760 365
1727770 368
1727780 376
1727790 376
1727800 381
1727810 384
1727820 384
1727830 388
1727840 392
1727850 392
1727860 394
1727870 397
1727880 397
1727890 401
1727900 405
1727910 405
1727920 409
1727930 413
1727940 416
1727950 416
1727960 419
1727970 421
1727980 421
1727990 423
1728000 423
1728010 423
1728020 422
1728030 421
1728040 421
1728050 420
1728060 420
1728070 420
1728080 417
1728090 415
1728100 413
1728110 413
1728120 411
1728130 408
1728140 408
1728150 405
1728160 403
1728170 403
1728180 401
1728190 400
1728200 400
1728210 399
1728220 398
1728230 398
1728240 399
1728250 399
1728260 400
1728270 400
1728280 401
1728290 402
1728300 402
1728310 404
1728320 405
1728330 405
1728340 407
1728350 408
1728360 408
1728370 409
1728380 410
1728390 410
1728400 410
1728410 411
1728420 412
1728430 412
1728440 412
1728450 413
1728460 413
1728470 414
1728480 415
1728490 415
1728500 415
1728510 416
1728520 416
1728530 416
1728540 415
1728550 415
1728560 414
1728570 411
1728580 406
1728590 406
1728600 401
1728610 399
1728620 399
1728630 394
1728640 389
1728650 389
1728660 384
1728670 379
1728680 379
1728690 373
1728700 367
1728710 367
1728720 365
1728730 358
1728740 356
1728750 356
1728760 357
1728770 358
1728780 358
1728790 360
1728800 362
1728810 362
1728820 363
1728830 367
1728840 367
1728850 372
1728860 379
1728870 379
1728880 382
1728890 384
1728900 387
1728910 387
1728920 390
1728930 394
1728940 394
1728950 397
1728960 400
1728970 400
1728980 404
1728990 407
1729000 407
1729010 409
1729020 412
1729030 412
1729040 414
1729050 416
1729060 416
1729070 417
1729080 415
1729090 412
1729100 412
1729110 408
1729120 404
1729130 404
1729140 402
1729150 400
1729160 400
1729170 399
1729180 397
1729190 397
1729200 397
1729210 398
1729220 398
1729230 402
1729240 409
1729250 413
1729260 413
1729270 414
1729280 414
1729290 414
1729300 413
1729310 408
1729320 408
1729330 402
1729340 398
1729350 398
1729360 394
1729370 390
1729380 390
1729390 385
1729400 381
1729410 377
1729420 377
1729430 376
1729440 375
1729450 375
1729460 374
1729470 376
1729480 376
1729490 375
1729500 374
1729510 374
1729520 372
1729530 369
1729540 369
1729550 367
1729560 365
1729570 363
1729580 363
1729590 361
1729600 359
1729610 359
1729620 356
1729630 354
1729640 354
1729650 350
1729660 343
1729670 343
1729680 339
1729690 343
1729700 343
1729710 346
1729720 348
1729730 354
1729740 354
1729750 362
1729760 369
1729770 369
1729780 373
1729790 376
1729800 376
1729810 378
1729820 381
1729830 381
1729840 385
1729850 387
1729860 387
1729870 389
1729880 391
1729890 393
1729900 393
1729910 395
1729920 396
1729930 396
1729940 394
1729950 391
1729960 391
1729970 387
1729980 383
1729990 383
1730000 379
1730010 375
1730020 375
1730030 372
1730040 369
1730050 366
1730060 366
1730070 364
1730080 361
1730090 361
1730100 359
1730110 357
1730120 357
1730130 356
1730140 353
1730150 353
1730160 351
1730170 349
1730180 349
1730190 347
1730200 348
1730210 345
1730220 345
1730230 344
1730240 343
1730250 343
1730260 341
1730270 339
1730280 339
1730290 339
1730300 339
1730310 339
1730320 338
1730330 337
1730340 337
1730350 336
1730360 336
1730370 337
1730380 337
1730390 339
1730400 343
1730410 343
1730420 346
1730430 349
1730440 349
1730450 351
1730460 351
1730470 351
1730480 352
1730490 352
1730500 352
1730510 353
1730520 353
1730530 353
1730540 353
1730550 353
1730560 352
1730570 352
1730580 351
1730590 352
1730600 352
1730610 352
1730620 353
1730630 353
1730640 356
1730650 358
1730660 358
1730670 360
1730680 363
1730690 365
1730700 365
1730710 368
1730720 370
1730730 370
1730740 371
1730750 372
1730760 372
1730770 372
1730780 373
1730790 373
1730800 373
1730810 369
1730820 369
1730830 367
1730840 364
1730850 361
1730860 361
1730870 360
1730880 359
1730890 359
1730900 358
1730910 356
1730920 356
1730930 355
1730940 352
1730950 352
1730960 351
1730970 349
1730980 349
1730990 347
1731000 345
1731010 343
1731020 343
1731030 342
1731040 341
1731050 341
1731060 340
1731070 341
1731080 341
1731090 342
1731100 344
1731110 344
1731120 344
1731130 343
1731140 343
1731150 342
1731160 341
1731170 339
1731180 339
1731190 337
1731200 336
1731210 336
1731220 336
1731230 336
1731240 336
1731250 337
1731260 339
1731270 339
1731280 340
1731290 341
1731300 341
1731310 342
1731320 343
1731330 343
1731340 344
1731350 345
1731360 347
1731370 347
1731380 347
1731390 347
1731400 347
1731410 346
1731420 346
1731430 346
1731440 345
1731450 345
1731460 345
1731470 346
1731480 346
1731490 346
1731500 348
1731510 350
1731520 354
1731530 354
1731540 358
1731550 360
1731560 360
1731570 362
1731580 362
1731590 362
1731600 362
1731610 362
1731620 362
1731630 362
1731640 364
1731650 364
1731660 367
1731670 368
1731680 369
1731690 369
1731700 370
1731710 371
1731720 371
1731730 372
1731740 373
1731750 373
1731760 374
1731770 376
1731780 376
1731790 378
1731800 378
1731810 378
1731820 378
1731830 378
1731840 375
1731850 375
1731860 374
1731870 372
1731880 372
1731890 371
1731900 369
1731910 369
1731920 368
1731930 367
1731940 367
1731950 369
1731960 369
1731970 369
1731980 369
1731990 370
1732000 371
1732010 371
1732020 372
1732030 374
1732040 374
1732050 375
1732060 375
1732070 375
1732080 370
1732090 365
1732100 365
1732110 362
1732120 361
1732130 361
1732140 360
1732150 358
1732160 358
1732170 358
1732180 356
1732190 354
1732200 354
1732210 350
1732220 348
1732230 348
1732240 346
1732250 345
1732260 345
1732270 345
1732280 344
1732290 344
1732300 343
1732310 344
1732320 344
1732330 344
1732340 342
1732350 341
1732360 341
1732370 341
1732380 341
1732390 341
1732400 341
1732410 341
1732420 341
1732430 342
1732440 342
1732450 342
1732460 341
1732470 335
1732480 334
1732490 334
1732500 332
1732510 332
1732520 332
1732530 331
1732540 331
1732550 331
1732560 331
1732570 329
1732580 329
1732590 328
1732600 326
1732610 326
1732620 324
1732630 323
1732640 323
1732650 323
1732660 322
1732670 322
1732680 322
1732690 322
1732700 323
1732710 323
1732720 325
1732730 327
1732740 327
1732750 326
1732760 325
1732770 325
1732780 324
1732790 325
1732800 326
1732810 326
1732820 328
1732830 329
1732840 329
1732850 328
1732860 328
1732870 328
1732880 327
1732890 327
1732900 327
1732910 327
1732920 327
1732930 327
1732940 327
1732950 327
1732960 327
1732970 327
1732980 328
1732990 328
1733000 328
1733010 330
1733020 332
1733030 332
1733040 331
1733050 329
1733060 329
1733070 328
1733080 330
1733090 330
1733100 331
1733110 331
1733120 332
1733130 332
1733140 332
1733150 332
1733160 332
1733170 330
1733180 329
1733190 329
1733200 329
1733210 328
1733220 328
1733230 327
1733240 327
1733250 327
1733260 327
1733270 326
1733280 325
1733290 325
1733300 324
1733310 323
1733320 323
1733330 322
1733340 321
1733350 321
1733360 320
1733370 318
1733380 318
1733390 317
1733400 315
1733410 315
1733420 313
1733430 311
1733440 311
1733450 311
1733460 309
1733470 309
1733480 309
1733490 310
1733500 311
1733510 311
1733520 311
1733530 311
1733540 311
1733550 311
1733560 311
1733570 311
1733580 313
1733590 314
1733600 316
1733610 317
1733620 319
1733630 321
1733640 321
1733650 321
1733660 321
1733670 321
1733680 321
1733690 321
1733700 321
1733710 321
1733720 321
1733730 321
