1720000 355
1720010 354
1720020 349
1720030 345
1720040 345
1720050 342
1720060 342
1720070 342
1720080 345
1720090 347
1720100 347
1720110 347
1720120 348
1720130 348
1720140 348
1720150 348
1720160 348
1720170 348
1720180 348
1720190 346
1720200 346
1720210 345
1720220 344
1720230 344
1720240 344
1720250 346
1720260 346
1720270 350
1720280 351
1720290 351
1720300 351
1720310 351
1720320 351
1720330 351
1720340 350
1720350 350
1720360 350
1720370 350
1720380 349
1720390 349
1720400 349
1720410 348
1720420 348
1720430 347
1720440 346
1720450 346
1720460 345
1720470 344
1720480 344
1720490 343
1720500 341
1720510 335
1720520 338
1720530 335
1720540 335
1720550 335
1720560 335
1720570 336
1720580 336
1720590 336
1720600 337
1720610 337
1720620 342
1720630 347
1720640 347
1720650 349
1720660 349
1720670 349
1720680 349
1720690 348
1720700 349
1720710 349
1720720 349
1720730 351
1720740 351
1720750 354
1720760 356
1720770 356
1720780 362
1720790 369
1720800 369
1720810 375
1720820 376
1720830 376
1720840 376
1720850 376
1720860 375
1720870 375
1720880 373
1720890 371
1720900 371
1720910 371
1720920 371
1720930 371
1720940 370
1720950 370
1720960 370
1720970 368
1720980 368
1720990 368
1721000 370
1721010 372
1721020 375
1721030 375
1721040 378
1721050 381
1721060 381
1721070 382
1721080 381
1721090 381
1721100 379
1721110 376
1721120 376
1721130 373
1721140 369
1721150 369
1721160 366
1721170 363
1721180 362
1721190 362
1721200 358
1721210 357
1721220 357
1721230 356
1721240 355
1721250 355
1721260 355
1721270 354
1721280 354
1721290 354
1721300 354
1721310 354
1721320 355
1721330 356
1721340 356
1721350 356
1721360 356
1721370 355
1721380 355
1721390 353
1721400 353
1721410 353
1721420 352
1721430 351
1721440 351
1721450 350
1721460 349
1721470 349
1721480 347
1721490 347
1721500 346
1721510 346
1721520 344
1721530 344
1721540 344
1721550 343
1721560 343
1721570 343
1721580 343
1721590 343
1721600 343
1721610 342
1721620 344
1721630 344
1721640 345
1721650 347
1721660 350
1721670 350
1721680 351
1721690 353
1721700 353
1721710 350
1721720 346
1721730 346
1721740 351
1721750 354
1721760 354
1721770 355
1721780 355
1721790 355
1721800 355
1721810 356
1721820 356
1721830 356
1721840 357
1721850 357
1721860 357
1721870 357
1721880 357
1721890 357
1721900 361
1721910 362
1721920 362
1721930 362
1721940 363
1721950 363
1721960 363
1721970 366
1721980 368
1721990 368
1722000 370
1722010 372
1722020 372
1722030 375
1722040 377
1722050 377
1722060 380
1722070 382
1722080 382
1722090 384
1722100 387
1722110 387
1722120 389
1722130 392
1722140 395
1722150 395
1722160 398
1722170 400
1722180 400
1722190 402
1722200 403
1722210 403
1722220 403
1722230 402
1722240 402
1722250 401
1722260 399
1722270 399
1722280 398
1722290 398
1722300 399
1722310 399
1722320 400
1722330 399
1722340 399
1722350 396
1722360 392
1722370 392
1722380 389
1722390 387
1722400 387
1722410 384
1722420 381
1722430 381
1722440 379
1722450 377
1722460 374
1722470 374
1722480 373
1722490 371
1722500 371
1722510 369
1722520 368
1722530 368
1722540 366
1722550 365
1722560 365
1722570 365
1722580 364
1722590 364
1722600 364
1722610 365
1722620 365
1722630 365
1722640 366
1722650 365
1722660 365
1722670 365
1722680 365
1722690 365
1722700 365
1722710 366
1722720 366
1722730 367
1722740 369
1722750 369
1722760 372
1722770 376
1722780 376
1722790 379
1722800 378
1722810 375
1722820 375
1722830 373
1722840 373
1722850 373
1722860 373
1722870 369
1722880 369
1722890 368
1722900 368
1722910 368
1722920 369
1722930 370
1722940 370
1722950 370
1722960 370
1722970 370
1722980 371
1722990 371
1723000 371
1723010 371
1723020 372
1723030 374
1723040 374
1723050 376
1723060 377
1723070 377
1723080 379
1723090 382
1723100 382
1723110 384
1723120 387
1723130 393
1723140 393
1723150 394
1723160 393
1723170 393
1723180 392
1723190 390
1723200 390
1723210 385
1723220 381
1723230 381
1723240 376
1723250 372
1723260 372
1723270 371
1723280 369
1723290 368
1723300 368
1723310 368
1723320 369
1723330 369
1723340 370
1723350 371
1723360 371
1723370 373
1723380 374
1723390 374
1723400 376
1723410 378
1723420 378
1723430 380
1723440 382
1723450 384
1723460 384
1723470 387
1723480 390
1723490 390
1723500 392
1723510 394
1723520 394
1723530 396
1723540 399
1723550 399
1723560 403
1723570 408
1723580 408
1723590 412
1723600 412
1723610 408
1723620 408
1723630 406
1723640 403
1723650 403
1723660 401
1723670 399
1723680 399
1723690 396
1723700 394
1723710 394
1723720 392
1723730 392
1723740 392
1723750 393
1723760 394
1723770 394
1723780 394
1723790 393
1723800 393
1723810 393
1723820 393
1723830 392
1723840 392
1723850 392
1723860 391
1723870 391
1723880 389
1723890 388
1723900 388
1723910 386
1723920 383
1723930 381
1723940 381
1723950 378
1723960 375
1723970 375
1723980 371
1723990 367
1724000 367
1724010 364
1724020 360
1724030 360
1724040 358
1724050 358
1724060 358
1724070 358
1724080 357
1724090 357
1724100 357
1724110 357
1724120 354
1724130 354
1724140 356
1724150 361
1724160 361
1724170 363
1724180 365
1724190 365
1724200 366
1724210 367
1724220 367
1724230 368
1724240 369
1724250 369
1724260 369
1724270 370
1724280 371
1724290 371
1724300 371
1724310 372
1724320 372
1724330 373
1724340 373
1724350 373
1724360 374
1724370 376
1724380 376
1724390 376
1724400 375
1724410 374
1724420 374
1724430 373
1724440 371
1724450 371
1724460 370
1724470 369
1724480 369
1724490 368
1724500 368
1724510 368
1724520 367
1724530 366
1724540 366
1724550 364
1724560 363
1724570 363
1724580 362
1724590 362
1724600 364
1724610 364
1724620 365
1724630 366
1724640 366
1724650 365
1724660 364
1724670 364
1724680 362
1724690 361
1724700 361
1724710 361
1724720 362
1724730 362
1724740 363
1724750 364
1724760 364
1724770 364
1724780 363
1724790 361
1724800 361
1724810 358
1724820 359
1724830 359
1724840 361
1724850 364
1724860 364
1724870 366
1724880 369
1724890 369
1724900 371
1724910 372
1724920 374
1724930 374
1724940 374
1724950 374
1724960 374
1724970 374
1724980 374
1724990 374
1725000 371
1725010 370
1725020 370
1725030 370
1725040 369
1725050 369
1725060 370
1725070 371
1725080 373
1725090 373
1725100 376
1725110 381
1725120 381
1725130 382
1725140 380
1725150 380
1725160 377
1725170 376
1725180 376
1725190 374
1725200 373
1725210 373
1725220 373
1725230 374
1725240 376
1725250 376
1725260 381
1725270 386
1725280 386
1725290 388
1725300 388
1725310 388
1725320 389
1725330 393
1725340 393
1725350 395
1725360 397
1725370 397
1725380 398
1725390 399
1725400 399
1725410 399
1725420 399
1725430 398
1725440 398
1725450 396
1725460 393
1725470 393
1725480 391
1725490 388
1725500 388
1725510 383
1725520 377
1725530 377
1725540 373
1725550 370
1725560 368
1725570 368
1725580 368
1725590 368
1725600 368
1725610 370
1725620 375
1725630 375
1725640 379
1725650 383
1725660 383
1725670 387
1725680 391
1725690 391
1725700 397
1725710 404
1725720 408
1725730 408
1725740 410
1725750 412
1725760 412
1725770 410
1725780 405
1725790 405
1725800 402
1725810 399
1725820 399
1725830 393
1725840 387
1725850 387
1725860 383
1725870 385
1725880 384
1725890 384
1725900 386
1725910 390
1725920 390
1725930 393
1725940 399
1725950 399
1725960 405
1725970 412
1725980 412
1725990 419
1726000 425
1726010 425
1726020 423
1726030 420
1726040 418
1726050 418
1726060 419
1726070 422
1726080 422
1726090 424
1726100 425
1726110 425
1726120 424
1726130 422
1726140 422
1726150 419
1726160 414
1726170 414
1726180 412
1726190 410
1726200 408
1726210 408
1726220 408
1726230 407
1726240 407
1726250 407
1726260 406
1726270 406
1726280 404
1726290 400
1726300 400
1726310 394
1726320 392
1726330 392
1726340 390
1726350 389
1726360 389
1726370 389
1726380 388
1726390 385
1726400 385
1726410 385
1726420 386
1726430 386
1726440 386
1726450 387
1726460 387
1726470 388
1726480 390
1726490 390
1726500 391
1726510 394
1726520 394
1726530 396
1726540 398
1726550 402
1726560 402
1726570 405
1726580 409
1726590 409
1726600 412
1726610 414
1726620 414
1726630 417
1726640 419
1726650 419
1726660 422
1726670 425
1726680 425
1726690 428
1726700 431
1726710 433
1726720 433
1726730 435
1726740 437
1726750 437
1726760 439
1726770 441
1726780 441
1726790 444
1726800 447
1726810 447
1726820 450
1726830 452
1726840 452
1726850 454
1726860 456
1726870 458
1726880 458
1726890 458
1726900 459
1726910 459
1726920 459
1726930 458
1726940 458
1726950 457
1726960 455
1726970 455
1726980 452
1726990 450
1727000 450
1727010 450
1727020 450
1727030 451
1727040 451
1727050 453
1727060 454
1727070 454
1727080 455
1727090 454
1727100 454
1727110 453
1727120 452
1727130 452
1727140 449
1727150 446
1727160 446
1727170 443
1727180 441
1727190 440
1727200 440
1727210 439
1727220 436
1727230 436
1727240 433
1727250 431
1727260 431
1727270 430
1727280 431
1727290 431
1727300 432
1727310 434
1727320 434
1727330 436
1727340 438
1727350 440
1727360 440
1727370 442
1727380 444
1727390 444
1727400 446
1727410 449
1727420 449
1727430 451
1727440 454
1727450 454
1727460 455
1727470 455
1727480 455
1727490 452
1727500 448
1727510 443
1727520 443
1727530 439
1727540 436
1727550 436
1727560 434
1727570 430
1727580 430
1727590 426
1727600 423
1727610 423
1727620 418
1727630 414
1727640 414
1727650 417
1727660 418
1727670 419
1727680 419
1727690 421
1727700 424
1727710 424
1727720 426
1727730 427
1727740 427
1727750 429
1727760 430
1727770 430
1727780 432
1727790 433
1727800 433
1727810 435
1727820 437
1727830 439
1727840 439
1727850 441
1727860 443
1727870 443
1727880 445
1727890 447
1727900 447
1727910 448
1727920 448
1727930 448
1727940 450
1727950 451
1727960 451
1727970 452
1727980 453
1727990 453
1728000 453
1728010 452
1728020 451
1728030 451
1728040 448
1728050 446
1728060 446
1728070 443
1728080 439
1728090 439
1728100 434
1728110 431
1728120 431
1728130 429
1728140 427
1728150 427
1728160 424
1728170 422
1728180 423
1728190 423
1728200 421
1728210 418
1728220 418
1728230 417
1728240 414
1728250 414
1728260 412
1728270 410
1728280 410
1728290 409
1728300 407
1728310 407
1728320 406
1728330 403
1728340 401
1728350 401
1728360 400
1728370 398
1728380 398
1728390 396
1728400 393
1728410 393
1728420 391
1728430 390
1728440 390
1728450 385
1728460 384
1728470 384
1728480 385
1728490 389
1728500 394
1728510 394
1728520 396
1728530 394
1728540 394
1728550 397
1728560 396
1728570 396
1728580 394
1728590 387
1728600 387
1728610 390
1728620 396
1728630 396
1728640 401
1728650 401
1728660 402
1728670 402
1728680 401
1728690 397
1728700 397
1728710 391
1728720 385
1728730 385
1728740 394
1728750 401
1728760 401
1728770 406
1728780 410
1728790 410
1728800 411
1728810 411
1728820 411
1728830 411
1728840 413
1728850 414
1728860 414
1728870 415
1728880 417
1728890 417
1728900 418
1728910 419
1728920 419
1728930 421
1728940 423
1728950 423
1728960 425
1728970 426
1728980 428
1728990 428
1729000 429
1729010 430
1729020 430
1729030 432
1729040 434
1729050 434
1729060 436
1729070 438
1729080 438
1729090 441
1729100 443
1729110 443
1729120 447
1729130 450
1729140 452
1729150 452
1729160 450
1729170 447
1729180 447
1729190 443
1729200 440
1729210 440
1729220 438
1729230 433
1729240 433
1729250 429
1729260 425
1729270 425
1729280 419
1729290 416
1729300 411
1729310 411
1729320 406
1729330 402
1729340 402
1729350 399
1729360 394
1729370 394
1729380 389
1729390 389
1729400 389
1729410 392
1729420 394
1729430 394
1729440 398
1729450 401
1729460 403
1729470 403
1729480 407
1729490 412
1729500 412
1729510 415
1729520 419
1729530 419
1729540 421
1729550 424
1729560 424
1729570 427
1729580 429
1729590 429
1729600 432
1729610 435
1729620 437
1729630 437
1729640 437
1729650 435
1729660 435
1729670 429
1729680 426
1729690 426
1729700 423
1729710 419
1729720 419
1729730 417
1729740 415
1729750 413
1729760 411
1729770 410
1729780 408
1729790 408
1729800 406
1729810 404
1729820 404
1729830 403
1729840 401
1729850 401
1729860 398
1729870 390
1729880 390
1729890 384
1729900 374
1729910 374
1729920 372
1729930 378
1729940 378
1729950 383
1729960 385
1729970 387
1729980 387
1729990 392
1730000 397
1730010 397
1730020 402
1730030 405
1730040 405
1730050 410
1730060 412
1730070 412
1730080 415
1730090 418
1730100 418
1730110 421
1730120 424
1730130 427
1730140 427
1730150 429
1730160 432
1730170 432
1730180 434
1730190 436
1730200 436
1730210 439
1730220 443
1730230 443
1730240 446
1730250 449
1730260 449
1730270 449
1730280 448
1730290 447
1730300 447
1730310 443
1730320 439
1730330 439
1730340 435
1730350 431
1730360 431
1730370 427
1730380 423
1730390 423
1730400 418
1730410 415
1730420 415
1730430 413
1730440 411
1730450 407
1730460 407
1730470 404
1730480 400
1730490 400
1730500 397
1730510 394
1730520 394
1730530 391
1730540 388
1730550 388
1730560 386
1730570 385
1730580 385
1730590 383
1730600 381
1730610 379
1730620 379
1730630 377
1730640 375
1730650 375
1730660 371
1730670 370
1730680 370
1730690 374
1730700 375
1730710 375
1730720 373
1730730 374
1730740 374
1730750 381
1730760 382
1730770 384
1730780 384
1730790 387
1730800 389
1730810 389
1730820 392
1730830 394
1730840 394
1730850 395
1730860 397
1730870 397
1730880 399
1730890 399
1730900 399
1730910 399
1730920 399
1730930 398
1730940 398
1730950 399
1730960 399
1730970 399
1730980 400
1730990 402
1731000 402
1731010 403
1731020 405
1731030 405
1731040 408
1731050 410
1731060 410
1731070 413
1731080 416
1731090 419
1731100 419
1731110 421
1731120 423
1731130 423
1731140 424
1731150 425
1731160 425
1731170 425
1731180 423
1731190 423
1731200 422
1731210 419
1731220 419
1731230 415
1731240 412
1731250 408
1731260 408
1731270 404
1731280 401
1731290 401
1731300 398
1731310 395
1731320 395
1731330 393
1731340 391
1731350 391
1731360 389
1731370 386
1731380 386
1731390 383
1731400 381
1731410 378
1731420 378
1731430 375
1731440 373
1731450 373
1731460 373
1731470 373
1731480 373
1731490 374
1731500 374
1731510 374
1731520 375
1731530 376
1731540 376
1731550 377
1731560 378
1731570 379
1731580 379
1731590 381
1731600 382
1731610 382
1731620 384
1731630 386
1731640 386
1731650 388
1731660 389
1731670 389
1731680 390
1731690 392
1731700 392
1731710 393
1731720 394
1731730 394
1731740 397
1731750 400
1731760 403
1731770 403
1731780 405
1731790 406
1731800 406
1731810 408
1731820 410
1731830 410
1731840 416
1731850 419
1731860 419
1731870 421
1731880 421
1731890 421
1731900 421
1731910 421
1731920 418
1731930 418
1731940 413
1731950 408
1731960 408
1731970 404
1731980 402
1731990 402
1732000 398
1732010 395
1732020 395
1732030 393
1732040 391
1732050 391
1732060 389
1732070 388
1732080 388
1732090 388
1732100 389
1732110 391
1732120 391
1732130 392
1732140 393
1732150 393
1732160 394
1732170 395
1732180 395
1732190 396
1732200 397
1732210 397
1732220 399
1732230 401
1732240 404
1732250 404
1732260 405
1732270 406
1732280 406
1732290 406
1732300 407
1732310 407
1732320 410
1732330 412
1732340 412
1732350 416
1732360 418
1732370 418
1732380 420
1732390 421
1732400 422
1732410 422
1732420 425
1732430 428
1732440 428
1732450 429
1732460 430
1732470 430
1732480 432
1732490 432
1732500 432
1732510 432
1732520 432
1732530 432
1732540 431
1732550 430
1732560 430
1732570 430
1732580 429
1732590 429
1732600 429
1732610 428
1732620 425
1732630 425
1732640 424
1732650 422
1732660 422
1732670 421
1732680 419
1732690 419
1732700 416
1732710 413
1732720 412
1732730 412
1732740 411
1732750 411
1732760 411
1732770 410
1732780 409
1732790 409
1732800 407
1732810 405
1732820 405
1732830 403
1732840 401
1732850 401
1732860 401
1732870 402
1732880 403
1732890 403
1732900 402
1732910 402
1732920 402
1732930 401
1732940 401
1732950 401
1732960 400
1732970 400
1732980 400
1732990 398
1733000 395
1733010 395
1733020 393
1733030 391
1733040 389
1733050 389
1733060 385
1733070 383
1733080 383
1733090 381
1733100 378
1733110 378
1733120 376
1733130 375
1733140 375
1733150 373
1733160 372
1733170 372
1733180 371
1733190 371
1733200 372
1733210 372
1733220 373
1733230 371
1733240 371
1733250 369
1733260 367
1733270 367
1733280 365
1733290 364
1733300 364
1733310 362
1733320 358
1733330 358
1733340 354
1733350 349
1733360 346
1733370 346
1733380 344
1733390 343
1733400 343
1733410 341
1733420 339
1733430 339
1733440 338
1733450 336
1733460 336
1733470 335
1733480 332
1733490 332
1733500 330
1733510 328
1733520 328
1733530 327
1733540 325
1733550 327
1733560 327
1733570 332
1733580 336
1733590 336
1733600 338
1733610 338
1733620 338
1733630 338
1733640 339
1733650 339
1733660 339
1733670 336
1733680 336
1733690 334
1733700 331
1733710 329
1733720 329
1733730 328
1733740 326
1733750 326
1733760 324
1733770 325
1733780 325
1733790 326
1733800 325
1733810 325
1733820 324
1733830 320
1733840 320
1733850 319
1733860 309
1733870 306
1733880 306
1733890 306
1733900 306
1733910 306
1733920 304
1733930 306
1733940 306
1733950 306
1733960 306
1733970 306
1733980 306
1733990 306
1734000 306
1734010 306
1734020 306
1734030 306
1734040 306
1734050 306
1734060 305
1734070 305
1734080 306
1734090 305
1734100 305
1734110 305
1734120 306
1734130 306
1734140 306
1734150 307
1734160 307
1734170 308
1734180 312
1734190 315
1734200 315
1734210 315
1734220 314
1734230 314
1734240 314
1734250 312
1734260 312
1734270 310
1734280 311
1734290 311
1734300 310
1734310 309
1734320 309
1734330 308
1734340 309
1734350 310
1734360 310
1734370 311
1734380 311
1734390 311
1734400 311
1734410 311
1734420 311
1734430 312
1734440 312
1734450 312
1734460 313
1734470 315
1734480 315
1734490 320
1734500 324
1734510 327
1734520 327
1734530 330
1734540 332
1734550 332
1734560 334
1734570 336
1734580 336
1734590 338
1734600 340
1734610 340
1734620 339
1734630 337
1734640 337
1734650 334
1734660 331
1734670 328
1734680 328
1734690 327
1734700 327
1734710 327
1734720 327
1734730 327
1734740 327
1734750 326
1734760 325
1734770 325
1734780 325
1734790 326
1734800 326
1734810 326
1734820 326
1734830 326
1734840 326
1734850 326
1734860 326
1734870 326
1734880 325
1734890 325
1734900 325
1734910 324
1734920 324
1734930 324
1734940 324
1734950 323
1734960 323
1734970 322
1734980 320
1734990 317
1735000 317
1735010 315
1735020 314
1735030 314
1735040 313
1735050 311
1735060 311
1735070 310
1735080 309
1735090 309
1735100 308
1735110 307
1735120 307
1735130 306
1735140 305
1735150 305
1735160 303
1735170 301
1735180 301
1735190 301
1735200 300
1735210 301
1735220 301
1735230 302
1735240 301
1735250 301
1735260 299
1735270 301
1735280 301
1735290 302
1735300 302
1735310 302
1735320 302
1735330 302
1735340 303
1735350 303
1735360 303
1735370 304
1735380 304
1735390 305
1735400 306
1735410 306
1735420 307
1735430 308
1735440 308
1735450 310
1735460 314
1735470 314
1735480 318
1735490 320
1735500 322
1735510 322
1735520 322
1735530 323
1735540 323
1735550 325
1735560 328
1735570 328
1735580 330
1735590 326
1735600 326
1735610 326
1735620 327
1735630 327
1735640 328
1735650 326
1735660 324
1735670 324
1735680 323
1735690 323
1735700 323
1735710 324
1735720 326
1735730 326
1735740 330
1735750 338
1735760 338
1735770 346
1735780 351
1735790 351
1735800 349
1735810 347
1735820 341
1735830 341
1735840 337
1735850 338
1735860 338
1735870 339
1735880 339
1735890 339
1735900 341
1735910 341
1735920 341
1735930 344
1735940 346
1735950 346
1735960 348
1735970 351
1735980 354
1735990 354
1736000 357
1736010 359
1736020 359
1736030 361
1736040 364
1736050 364
1736060 367
1736070 370
1736080 370
1736090 372
1736100 373
1736110 373
1736120 370
1736130 367
1736140 369
1736150 369
1736160 371
1736170 372
1736180 372
1736190 374
1736200 374
1736210 374
1736220 375
1736230 376
1736240 376
1736250 377
1736260 379
1736270 379
1736280 380
1736290 381
1736300 382
1736310 382
1736320 383
1736330 384
1736340 384
1736350 385
1736360 386
1736370 386
1736380 387
1736390 389
1736400 389
1736410 390
1736420 391
1736430 391
1736440 392
1736450 393
1736460 394
1736470 394
1736480 395
1736490 397
1736500 397
1736510 399
1736520 399
1736530 399
1736540 398
1736550 396
1736560 396
1736570 393
1736580 389
1736590 389
1736600 386
1736610 382
1736620 380
1736630 380
1736640 376
1736650 373
1736660 373
1736670 370
1736680 368
1736690 368
1736700 366
1736710 364
1736720 364
1736730 361
1736740 359
1736750 359
1736760 357
1736770 356
1736780 355
1736790 355
1736800 355
1736810 353
1736820 353
1736830 352
1736840 350
1736850 350
1736860 347
1736870 348
1736880 348
1736890 348
1736900 350
1736910 350
1736920 351
1736930 348
1736940 348
1736950 345
1736960 339
1736970 336
1736980 336
1736990 336
1737000 336
1737010 336
1737020 337
1737030 337
1737040 337
1737050 341
1737060 342
1737070 342
1737080 342
1737090 343
1737100 343
1737110 343
1737120 343
1737130 342
1737140 342
1737150 342
1737160 341
1737170 341
1737180 340
1737190 339
1737200 339
1737210 337
1737220 334
1737230 334
1737240 332
1737250 328
1737260 328
1737270 326
1737280 325
1737290 323
1737300 323
1737310 321
1737320 319
1737330 319
1737340 317
1737350 315
1737360 315
1737370 313
1737380 311
1737390 311
1737400 310
1737410 308
1737420 308
1737430 306
1737440 304
1737450 302
1737460 302
1737470 300
1737480 298
1737490 298
1737500 297
1737510 296
1737520 296
1737530 295
1737540 294
1737550 294
1737560 294
1737570 293
1737580 293
1737590 293
1737600 293
1737610 293
1737620 293
1737630 293
1737640 293
1737650 293
1737660 293
1737670 293
1737680 293
1737690 293
1737700 294
1737710 294
1737720 297
1737730 297
1737740 297
1737750 300
1737760 303
1737770 309
1737780 309
1737790 312
1737800 314
1737810 314
1737820 316
1737830 318
1737840 318
1737850 319
1737860 320
1737870 320
1737880 321
1737890 322
1737900 322
1737910 323
1737920 324
1737930 325
1737940 325
1737950 327
1737960 329
1737970 329
1737980 332
1737990 335
1738000 335
1738010 338
1738020 341
1738030 341
1738040 344
1738050 347
1738060 347
1738070 349
1738080 351
1738090 353
1738100 353
1738110 355
1738120 356
1738130 356
1738140 357
1738150 359
1738160 359
1738170 361
1738180 362
1738190 362
1738200 362
1738210 363
1738220 363
1738230 362
1738240 362
1738250 362
1738260 362
1738270 362
1738280 362
1738290 362
1738300 361
1738310 360
1738320 360
1738330 361
1738340 362
1738350 362
1738360 363
1738370 363
1738380 363
1738390 363
1738400 365
1738410 366
1738420 366
1738430 366
1738440 366
1738450 366
1738460 367
1738470 367
1738480 367
1738490 367
1738500 367
1738510 367
1738520 366
1738530 366
1738540 366
1738550 367
1738560 367
1738570 368
1738580 368
1738590 368
1738600 368
1738610 368
1738620 369
1738630 369
1738640 369
1738650 370
1738660 370
1738670 370
1738680 371
1738690 372
1738700 372
1738710 374
1738720 376
1738730 376
1738740 377
1738750 379
1738760 381
1738770 381
1738780 382
1738790 383
1738800 383
1738810 384
1738820 386
1738830 386
1738840 387
1738850 389
1738860 389
1738870 393
1738880 397
1738890 397
1738900 400
1738910 400
1738920 401
1738930 401
1738940 400
1738950 398
1738960 398
1738970 396
1738980 394
1738990 394
1739000 392
1739010 390
1739020 390
1739030 388
1739040 385
1739050 385
1739060 383
1739070 379
1739080 377
1739090 377
1739100 375
1739110 374
1739120 374
1739130 373
1739140 372
1739150 372
1739160 370
1739170 367
1739180 367
1739190 363
1739200 361
1739210 361
1739220 358
1739230 356
1739240 353
1739250 353
1739260 352
1739270 353
1739280 353
1739290 353
1739300 350
1739310 350
1739320 346
1739330 338
1739340 338
1739350 335
1739360 331
1739370 331
1739380 326
1739390 320
1739400 317
1739410 317
1739420 319
1739430 322
1739440 322
1739450 327
1739460 329
1739470 329
1739480 330
1739490 333
1739500 333
1739510 337
1739520 344
1739530 344
1739540 346
1739550 346
1739560 347
1739570 347
1739580 344
1739590 345
1739600 345
1739610 347
1739620 350
1739630 350
1739640 357
1739650 359
1739660 359
1739670 362
1739680 364
1739690 364
1739700 366
1739710 365
1739720 366
1739730 366
1739740 367
1739750 366
1739760 366
1739770 368
1739780 368
1739790 368
1739800 368
1739810 372
1739820 372
1739830 375
1739840 376
1739850 376
1739860 378
1739870 381
1739880 385
1739890 385
1739900 389
1739910 391
1739920 391
1739930 394
1739940 397
1739950 397
1739960 400
1739970 404
1739980 404
1739990 405
