1720000 396
1720010 397
1720020 400
1720030 400
1720040 400
1720050 396
1720060 396
1720070 392
1720080 388
1720090 388
1720100 384
1720110 380
1720120 380
1720130 373
1720140 367
1720150 367
1720160 362
1720170 357
1720180 354
1720190 354
1720200 352
1720210 350
1720220 350
1720230 350
1720240 349
1720250 349
1720260 348
1720270 348
1720280 348
1720290 348
1720300 348
1720310 348
1720320 348
1720330 348
1720340 349
1720350 349
1720360 350
1720370 352
1720380 352
1720390 352
1720400 352
1720410 352
1720420 353
1720430 355
1720440 355
1720450 359
1720460 361
1720470 361
1720480 364
1720490 367
1720500 369
1720510 369
1720520 371
1720530 373
1720540 373
1720550 379
1720560 384
1720570 384
1720580 388
1720590 392
1720600 392
1720610 394
1720620 394
1720630 394
1720640 394
1720650 392
1720660 387
1720670 387
1720680 382
1720690 376
1720700 376
1720710 375
1720720 376
1720730 376
1720740 373
1720750 366
1720760 366
1720770 368
1720780 375
1720790 375
1720800 380
1720810 383
1720820 384
1720830 384
1720840 388
1720850 393
1720860 393
1720870 397
1720880 400
1720890 400
1720900 403
1720910 405
1720920 405
1720930 406
1720940 406
1720950 406
1720960 406
1720970 405
1720980 405
1720990 404
1721000 403
1721010 402
1721020 402
1721030 402
1721040 402
1721050 402
1721060 400
1721070 396
1721080 396
1721090 393
1721100 392
1721110 392
1721120 390
1721130 388
1721140 388
1721150 387
1721160 386
1721170 386
1721180 386
1721190 384
1721200 381
1721210 381
1721220 378
1721230 375
1721240 375
1721250 374
1721260 372
1721270 372
1721280 370
1721290 368
1721300 368
1721310 367
1721320 365
1721330 363
1721340 363
1721350 361
1721360 360
1721370 360
1721380 358
1721390 357
1721400 357
1721410 356
1721420 354
1721430 354
1721440 353
1721450 352
1721460 352
1721470 352
1721480 351
1721490 351
1721500 351
1721510 351
1721520 351
1721530 351
1721540 351
1721550 351
1721560 351
1721570 351
1721580 352
1721590 352
1721600 352
1721610 352
1721620 352
1721630 352
1721640 352
1721650 353
1721660 353
1721670 353
1721680 354
1721690 354
1721700 354
1721710 354
1721720 354
1721730 354
1721740 354
1721750 354
1721760 354
1721770 355
1721780 355
1721790 355
1721800 355
1721810 355
1721820 355
1721830 355
1721840 356
1721850 356
1721860 356
1721870 357
1721880 357
1721890 357
1721900 357
1721910 357
1721920 358
1721930 358
1721940 358
1721950 358
1721960 358
1721970 359
1721980 359
1721990 359
1722000 359
1722010 359
1722020 358
1722030 364
1722040 364
1722050 367
1722060 371
1722070 371
1722080 374
1722090 376
1722100 376
1722110 377
1722120 377
1722130 378
1722140 378
1722150 379
1722160 381
1722170 381
1722180 383
1722190 385
1722200 385
1722210 388
1722220 391
1722230 391
1722240 393
1722250 395
1722260 395
1722270 396
1722280 398
1722290 400
1722300 400
1722310 403
1722320 406
1722330 406
1722340 407
1722350 409
1722360 409
1722370 409
1722380 410
1722390 410
1722400 410
1722410 410
1722420 410
1722430 410
1722440 410
1722450 410
1722460 411
1722470 411
1722480 411
1722490 411
1722500 404
1722510 402
1722520 402
1722530 408
1722540 411
1722550 411
1722560 413
1722570 419
1722580 419
1722590 420
1722600 423
1722610 423
1722620 419
1722630 418
1722640 425
1722650 425
1722660 428
1722670 422
1722680 422
1722690 420
1722700 424
1722710 424
1722720 427
1722730 432
1722740 432
1722750 434
1722760 437
1722770 437
1722780 439
1722790 441
1722800 443
1722810 443
1722820 445
1722830 445
1722840 445
1722850 447
1722860 449
1722870 449
1722880 449
1722890 450
1722900 450
1722910 451
1722920 452
1722930 452
1722940 455
1722950 456
1722960 457
1722970 457
1722980 457
1722990 458
1723000 458
1723010 459
1723020 460
1723030 460
1723040 460
1723050 459
1723060 459
1723070 457
1723080 454
1723090 454
1723100 450
1723110 447
1723120 442
1723130 442
1723140 437
1723150 437
1723160 437
1723170 435
1723180 429
1723190 429
1723200 427
1723210 423
1723220 423
1723230 421
1723240 418
1723250 418
1723260 416
1723270 417
1723280 416
1723290 416
1723300 414
1723310 412
1723320 412
1723330 411
1723340 411
1723350 411
1723360 410
1723370 409
1723380 409
1723390 408
1723400 406
1723410 406
1723420 404
1723430 402
1723440 398
1723450 398
1723460 395
1723470 391
1723480 391
1723490 384
1723500 379
1723510 379
1723520 376
1723530 374
1723540 374
1723550 375
1723560 375
1723570 375
1723580 378
1723590 382
1723600 386
1723610 386
1723620 390
1723630 394
1723640 394
1723650 397
1723660 401
1723670 401
1723680 405
1723690 408
1723700 408
1723710 411
1723720 414
1723730 414
1723740 417
1723750 420
1723760 423
1723770 423
1723780 427
1723790 428
1723800 428
1723810 426
1723820 423
1723830 423
1723840 419
1723850 415
1723860 415
1723870 409
1723880 403
1723890 403
1723900 397
1723910 391
1723920 391
1723930 389
1723940 393
1723950 396
1723960 396
1723970 401
1723980 410
1723990 410
1724000 415
1724010 420
1724020 420
1724030 423
1724040 426
1724050 426
1724060 430
1724070 434
1724080 434
1724090 437
1724100 439
1724110 438
1724120 438
1724130 437
1724140 434
1724150 434
1724160 431
1724170 428
1724180 428
1724190 424
1724200 421
1724210 421
1724220 419
1724230 418
1724240 418
1724250 415
1724260 414
1724270 413
1724280 413
1724290 409
1724300 406
1724310 406
1724320 402
1724330 397
1724340 397
1724350 395
1724360 390
1724370 390
1724380 387
1724390 384
1724400 384
1724410 379
1724420 373
1724430 371
1724440 371
1724450 372
1724460 372
1724470 372
1724480 373
1724490 374
1724500 374
1724510 374
1724520 374
1724530 374
1724540 373
1724550 373
1724560 373
1724570 373
1724580 373
1724590 373
1724600 373
1724610 371
1724620 374
1724630 374
1724640 375
1724650 379
1724660 379
1724670 386
1724680 388
1724690 388
1724700 391
1724710 387
1724720 387
1724730 391
1724740 397
1724750 402
1724760 402
1724770 404
1724780 408
1724790 408
1724800 411
1724810 415
1724820 415
1724830 417
1724840 420
1724850 420
1724860 421
1724870 422
1724880 422
1724890 422
1724900 422
1724910 421
1724920 421
1724930 420
1724940 418
1724950 418
1724960 416
1724970 415
1724980 415
1724990 413
1725000 411
1725010 411
1725020 411
1725030 412
1725040 412
1725050 414
1725060 415
1725070 417
1725080 417
1725090 415
1725100 411
1725110 411
1725120 409
1725130 404
1725140 404
1725150 399
1725160 395
1725170 395
1725180 392
1725190 388
1725200 388
1725210 385
1725220 384
1725230 385
1725240 385
1725250 385
1725260 384
1725270 384
1725280 385
1725290 389
1725300 389
1725310 391
1725320 394
1725330 394
1725340 397
1725350 399
1725360 399
1725370 402
1725380 405
1725390 408
1725400 408
1725410 411
1725420 416
1725430 416
1725440 419
1725450 422
1725460 422
1725470 424
1725480 427
1725490 427
1725500 430
1725510 432
1725520 432
1725530 434
1725540 428
1725550 428
1725560 424
1725570 419
1725580 414
1725590 414
1725600 411
1725610 408
1725620 408
1725630 406
1725640 403
1725650 403
1725660 401
1725670 399
1725680 399
1725690 406
1725700 407
1725710 407
1725720 407
1725730 408
1725740 409
1725750 409
1725760 410
1725770 410
1725780 410
1725790 411
1725800 411
1725810 411
1725820 412
1725830 412
1725840 412
1725850 413
1725860 414
1725870 414
1725880 415
1725890 416
1725900 418
1725910 418
1725920 419
1725930 421
1725940 421
1725950 422
1725960 423
1725970 423
1725980 424
1725990 426
1726000 426
1726010 429
1726020 431
1726030 431
1726040 434
1726050 436
1726060 439
1726070 439
1726080 442
1726090 445
1726100 445
1726110 446
1726120 444
1726130 444
1726140 440
1726150 436
1726160 436
1726170 432
1726180 429
1726190 429
1726200 427
1726210 426
1726220 426
1726230 426
1726240 428
1726250 430
1726260 430
1726270 433
1726280 434
1726290 434
1726300 436
1726310 439
1726320 439
1726330 442
1726340 444
1726350 444
1726360 448
1726370 451
1726380 453
1726390 453
1726400 455
1726410 458
1726420 458
1726430 461
1726440 465
1726450 465
1726460 467
1726470 469
1726480 469
1726490 470
1726500 472
1726510 472
1726520 474
1726530 476
1726540 478
1726550 478
1726560 479
1726570 480
1726580 480
1726590 486
1726600 491
1726610 491
1726620 498
1726630 501
1726640 501
1726650 503
1726660 505
1726670 505
1726680 503
1726690 500
1726700 496
1726710 496
1726720 494
1726730 493
1726740 493
1726750 492
1726760 491
1726770 491
1726780 490
1726790 488
1726800 488
1726810 487
1726820 484
1726830 484
1726840 485
1726850 485
1726860 487
1726870 487
1726880 487
1726890 485
1726900 485
1726910 483
1726920 483
1726930 483
1726940 481
1726950 484
1726960 484
1726970 487
1726980 489
1726990 489
1727000 491
1727010 491
1727020 491
1727030 490
1727040 488
1727050 487
1727060 487
1727070 490
1727080 493
1727090 493
1727100 498
1727110 503
1727120 503
1727130 510
1727140 514
1727150 514
1727160 519
1727170 520
1727180 520
1727190 521
1727200 520
1727210 518
1727220 518
1727230 515
1727240 512
1727250 512
1727260 511
1727270 507
1727280 507
1727290 505
1727300 504
1727310 504
1727320 503
1727330 500
1727340 502
1727350 499
1727360 498
1727370 501
1727380 501
1727390 499
1727400 497
1727410 497
1727420 495
1727430 495
1727440 495
1727450 493
1727460 483
1727470 483
1727480 488
1727490 492
1727500 492
1727510 497
1727520 500
1727530 503
1727540 503
1727550 506
1727560 512
1727570 512
1727580 516
1727590 519
1727600 519
1727610 521
1727620 521
1727630 521
1727640 519
1727650 514
1727660 514
1727670 510
1727680 507
1727690 504
1727700 504
1727710 501
1727720 498
1727730 498
1727740 495
1727750 493
1727760 493
1727770 490
1727780 487
1727790 487
1727800 485
1727810 482
1727820 482
1727830 480
1727840 477
1727850 474
1727860 474
1727870 470
1727880 467
1727890 467
1727900 463
1727910 459
1727920 459
1727930 454
1727940 453
1727950 453
1727960 447
1727970 446
1727980 446
1727990 442
1728000 432
1728010 435
1728020 435
1728030 441
1728040 443
1728050 443
1728060 441
1728070 444
1728080 444
1728090 451
1728100 456
1728110 456
1728120 457
1728130 459
1728140 459
1728150 460
1728160 461
1728170 463
1728180 463
1728190 465
1728200 466
1728210 466
1728220 468
1728230 470
1728240 470
1728250 472
1728260 474
1728270 474
1728280 476
1728290 478
1728300 478
1728310 480
1728320 483
1728330 485
1728340 485
1728350 488
1728360 491
1728370 491
1728380 493
1728390 497
1728400 497
1728410 500
1728420 501
1728430 501
1728440 504
1728450 508
1728460 508
1728470 509
1728480 510
1728490 510
1728500 510
1728510 508
1728520 505
1728530 505
1728540 503
1728550 500
1728560 500
1728570 499
1728580 498
1728590 498
1728600 496
1728610 493
1728620 493
1728630 489
1728640 487
1728650 487
1728660 484
1728670 482
1728680 481
1728690 481
1728700 481
1728710 481
1728720 481
1728730 481
1728740 481
1728750 481
1728760 480
1728770 478
1728780 478
1728790 476
1728800 475
1728810 475
1728820 473
1728830 470
1728840 468
1728850 468
1728860 466
1728870 465
1728880 465
1728890 461
1728900 457
1728910 457
1728920 451
1728930 445
1728940 445
1728950 442
1728960 438
1728970 438
1728980 443
1728990 446
1729000 448
1729010 448
1729020 449
1729030 449
1729040 449
1729050 444
1729060 449
1729070 449
1729080 449
1729090 451
1729100 451
1729110 452
1729120 453
1729130 453
1729140 453
1729150 453
1729160 454
1729170 454
1729180 455
1729190 455
1729200 455
1729210 455
1729220 453
1729230 453
1729240 452
1729250 449
1729260 449
1729270 443
1729280 450
1729290 450
1729300 452
1729310 452
1729320 452
1729330 452
1729340 452
1729350 452
1729360 452
1729370 453
1729380 454
1729390 454
1729400 454
1729410 455
1729420 455
1729430 456
1729440 457
1729450 457
1729460 458
1729470 458
1729480 460
1729490 460
1729500 460
1729510 454
1729520 454
1729530 452
1729540 453
1729550 453
1729560 456
1729570 460
1729580 460
1729590 462
1729600 465
1729610 465
1729620 468
1729630 472
1729640 474
1729650 474
1729660 474
1729670 474
1729680 474
1729690 475
1729700 480
1729710 480
1729720 484
1729730 485
1729740 485
1729750 487
1729760 492
1729770 492
1729780 492
1729790 492
1729800 495
1729810 495
1729820 494
1729830 494
1729840 494
1729850 492
1729860 490
1729870 490
1729880 488
1729890 487
1729900 487
1729910 485
1729920 485
1729930 485
1729940 486
1729950 488
1729960 488
1729970 490
1729980 493
1729990 496
1730000 496
1730010 494
1730020 490
1730030 490
1730040 489
1730050 486
1730060 486
1730070 479
1730080 476
1730090 476
1730100 472
1730110 468
1730120 468
1730130 464
1730140 460
1730150 456
1730160 456
1730170 454
1730180 451
1730190 451
1730200 448
1730210 445
1730220 445
1730230 442
1730240 439
1730250 439
1730260 436
1730270 433
1730280 433
1730290 430
1730300 427
1730310 423
1730320 423
1730330 420
1730340 417
1730350 417
1730360 413
1730370 410
1730380 410
1730390 407
1730400 410
1730410 410
1730420 416
1730430 420
1730440 420
1730450 422
1730460 419
1730470 415
1730480 415
1730490 407
1730500 403
1730510 403
1730520 410
1730530 415
1730540 415
1730550 420
1730560 422
1730570 422
1730580 424
1730590 426
1730600 426
1730610 429
1730620 431
1730630 434
1730640 434
1730650 436
1730660 438
1730670 438
1730680 440
1730690 443
1730700 443
1730710 445
1730720 448
1730730 448
1730740 451
1730750 453
1730760 453
1730770 456
1730780 459
1730790 462
1730800 462
1730810 465
1730820 468
1730830 468
1730840 471
1730850 473
1730860 473
1730870 475
1730880 476
1730890 476
1730900 478
1730910 480
1730920 480
1730930 482
1730940 485
1730950 486
1730960 486
1730970 489
1730980 491
1730990 491
1731000 490
1731010 488
1731020 488
1731030 485
1731040 482
1731050 482
1731060 478
1731070 475
1731080 475
1731090 471
1731100 467
1731110 463
1731120 463
1731130 459
1731140 455
1731150 455
1731160 451
1731170 448
1731180 448
1731190 443
1731200 438
1731210 438
1731220 431
1731230 427
1731240 427
1731250 424
1731260 423
1731270 423
1731280 423
1731290 425
1731300 426
1731310 426
1731320 423
1731330 419
1731340 419
1731350 415
1731360 409
1731370 409
1731380 402
1731390 398
1731400 398
1731410 394
1731420 391
1731430 389
1731440 389
1731450 386
1731460 384
1731470 384
1731480 386
1731490 390
1731500 390
1731510 392
1731520 394
1731530 394
1731540 395
1731550 390
1731560 390
1731570 384
1731580 392
1731590 392
1731600 395
1731610 393
1731620 391
1731630 391
1731640 394
1731650 397
1731660 397
1731670 398
1731680 399
1731690 399
1731700 398
1731710 400
1731720 400
1731730 404
1731740 408
1731750 408
1731760 409
1731770 409
1731780 411
1731790 411
1731800 415
1731810 413
1731820 413
1731830 411
1731840 411
1731850 411
1731860 409
1731870 407
1731880 407
1731890 406
1731900 407
1731910 407
1731920 410
1731930 411
1731940 413
1731950 413
1731960 412
1731970 411
1731980 411
1731990 408
1732000 406
1732010 406
1732020 403
1732030 400
1732040 400
1732050 397
1732060 394
1732070 394
1732080 391
1732090 388
1732100 385
1732110 385
1732120 382
1732130 380
1732140 380
1732150 378
1732160 376
1732170 376
1732180 374
1732190 371
1732200 371
1732210 369
1732220 367
1732230 367
1732240 365
1732250 363
1732260 359
1732270 359
1732280 357
1732290 353
1732300 353
1732310 350
1732320 348
1732330 348
1732340 345
1732350 347
1732360 347
1732370 349
1732380 348
1732390 348
1732400 348
1732410 348
1732420 349
1732430 349
1732440 351
1732450 352
1732460 352
1732470 353
1732480 354
1732490 354
1732500 355
1732510 356
1732520 356
1732530 356
1732540 356
1732550 356
1732560 357
1732570 357
1732580 358
1732590 358
1732600 359
1732610 360
1732620 360
1732630 361
1732640 362
1732650 362
1732660 363
1732670 364
1732680 364
1732690 365
1732700 365
1732710 365
1732720 364
1732730 363
1732740 362
1732750 362
1732760 362
1732770 363
1732780 363
1732790 361
1732800 358
1732810 358
1732820 356
1732830 356
1732840 356
1732850 357
1732860 357
1732870 357
1732880 356
1732890 352
1732900 347
1732910 347
1732920 345
1732930 344
1732940 344
1732950 344
1732960 344
1732970 344
1732980 342
1732990 341
1733000 341
1733010 340
1733020 338
1733030 338
1733040 337
1733050 336
1733060 336
1733070 332
1733080 330
1733090 328
1733100 328
1733110 326
1733120 324
1733130 324
1733140 323
1733150 321
1733160 321
1733170 320
1733180 321
1733190 321
1733200 321
1733210 321
1733220 321
1733230 321
1733240 322
1733250 323
1733260 323
1733270 325
1733280 326
1733290 326
1733300 329
1733310 332
1733320 332
1733330 336
1733340 341
1733350 341
1733360 342
1733370 341
1733380 341
1733390 337
1733400 334
1733410 333
1733420 333
1733430 332
1733440 332
1733450 332
1733460 332
1733470 330
1733480 330
1733490 330
1733500 328
1733510 328
1733520 333
1733530 339
1733540 339
1733550 342
1733560 345
1733570 345
1733580 345
1733590 344
1733600 342
1733610 342
1733620 341
1733630 338
1733640 345
1733650 339
1733660 339
1733670 339
1733680 343
1733690 350
1733700 350
1733710 357
1733720 360
1733730 360
1733740 360
1733750 361
1733760 363
1733770 363
1733780 365
1733790 367
1733800 367
1733810 373
1733820 381
1733830 381
1733840 383
1733850 386
1733860 386
1733870 388
1733880 390
1733890 391
1733900 391
1733910 392
1733920 393
1733930 393
1733940 395
1733950 397
1733960 397
1733970 399
1733980 403
1733990 403
1734000 406
1734010 407
1734020 407
1734030 407
1734040 407
1734050 406
1734060 406
1734070 405
1734080 406
1734090 406
1734100 409
1734110 412
1734120 412
1734130 416
1734140 416
1734150 416
1734160 417
1734170 418
1734180 418
1734190 418
1734200 417
1734210 419
1734220 419
1734230 419
1734240 419
1734250 419
1734260 420
1734270 421
1734280 421
1734290 421
1734300 421
1734310 421
1734320 420
1734330 420
1734340 420
1734350 416
1734360 408
1734370 399
1734380 399
1734390 393
1734400 393
1734410 393
1734420 389
1734430 387
1734440 387
1734450 385
1734460 383
1734470 383
1734480 382
1734490 381
1734500 381
1734510 379
1734520 375
1734530 375
1734540 371
1734550 368
1734560 365
1734570 365
1734580 364
1734590 361
1734600 361
1734610 357
1734620 352
1734630 352
1734640 349
1734650 347
1734660 347
1734670 344
1734680 342
1734690 342
1734700 338
1734710 336
1734720 334
1734730 334
1734740 331
1734750 329
1734760 329
1734770 330
1734780 329
1734790 329
1734800 329
1734810 327
1734820 327
1734830 325
1734840 323
1734850 323
1734860 321
1734870 323
1734880 323
1734890 323
1734900 323
1734910 324
1734920 324
1734930 324
1734940 324
1734950 324
1734960 325
1734970 326
1734980 326
1734990 328
1735000 329
1735010 329
1735020 329
1735030 330
1735040 329
1735050 329
1735060 328
1735070 327
1735080 327
1735090 324
1735100 321
1735110 321
1735120 320
1735130 318
1735140 318
1735150 317
1735160 315
1735170 315
1735180 314
1735190 311
1735200 311
1735210 311
1735220 311
1735230 312
1735240 312
1735250 314
1735260 315
1735270 315
1735280 318
1735290 322
1735300 322
1735310 325
1735320 328
1735330 328
1735340 331
1735350 332
1735360 333
1735370 333
1735380 335
1735390 336
1735400 336
1735410 336
1735420 337
1735430 337
1735440 338
1735450 339
1735460 339
1735470 341
1735480 343
1735490 343
1735500 344
1735510 345
1735520 346
1735530 346
1735540 348
1735550 351
1735560 351
1735570 356
1735580 359
1735590 359
1735600 363
1735610 367
1735620 367
1735630 371
1735640 376
1735650 376
1735660 379
1735670 381
1735680 382
1735690 382
1735700 384
1735710 387
1735720 387
1735730 391
1735740 393
1735750 393
1735760 398
1735770 399
1735780 399
1735790 401
1735800 400
1735810 400
1735820 398
1735830 397
1735840 397
1735850 397
1735860 397
1735870 398
1735880 398
1735890 399
1735900 401
1735910 401
1735920 402
1735930 402
1735940 402
1735950 400
1735960 399
1735970 399
1735980 397
1735990 397
1736000 397
1736010 397
1736020 399
1736030 401
1736040 401
1736050 400
1736060 399
1736070 399
1736080 399
1736090 399
1736100 399
1736110 399
1736120 401
1736130 401
1736140 403
1736150 405
1736160 405
1736170 407
1736180 410
1736190 411
1736200 411
1736210 412
1736220 412
1736230 412
1736240 413
1736250 414
1736260 414
1736270 416
1736280 417
1736290 417
1736300 419
1736310 421
1736320 421
1736330 423
1736340 424
1736350 425
1736360 425
1736370 423
1736380 419
1736390 419
1736400 418
1736410 418
1736420 418
1736430 417
1736440 416
1736450 416
1736460 414
1736470 413
1736480 413
1736490 412
1736500 411
1736510 410
1736520 410
1736530 408
1736540 407
1736550 407
1736560 405
1736570 403
1736580 403
1736590 402
1736600 401
1736610 401
1736620 400
1736630 400
1736640 400
1736650 399
1736660 397
1736670 397
1736680 397
1736690 395
1736700 394
1736710 394
1736720 392
1736730 391
1736740 391
1736750 388
1736760 385
1736770 385
1736780 382
1736790 378
1736800 378
1736810 376
1736820 374
1736830 372
1736840 372
1736850 370
1736860 368
1736870 368
1736880 367
1736890 365
1736900 365
1736910 361
1736920 356
1736930 356
1736940 351
1736950 345
1736960 345
1736970 340
1736980 332
1736990 329
1737000 329
1737010 326
1737020 326
1737030 326
1737040 324
1737050 322
1737060 322
1737070 318
1737080 316
1737090 316
1737100 313
1737110 311
1737120 311
1737130 308
1737140 308
1737150 306
1737160 306
1737170 304
1737180 302
1737190 302
1737200 301
1737210 300
1737220 300
1737230 300
1737240 300
1737250 300
1737260 300
1737270 300
1737280 300
1737290 301
1737300 302
1737310 303
1737320 303
1737330 304
1737340 305
1737350 305
1737360 307
1737370 308
1737380 308
1737390 310
1737400 312
1737410 312
1737420 313
1737430 314
1737440 314
1737450 315
1737460 315
1737470 315
1737480 315
1737490 315
1737500 315
1737510 315
1737520 316
1737530 316
1737540 316
1737550 317
1737560 318
1737570 318
1737580 318
1737590 319
1737600 319
1737610 320
1737620 321
1737630 321
1737640 321
1737650 322
1737660 323
1737670 323
1737680 324
1737690 325
1737700 325
1737710 327
1737720 328
1737730 328
1737740 329
1737750 330
1737760 330
1737770 332
1737780 334
1737790 334
1737800 336
1737810 337
1737820 338
1737830 338
1737840 337
1737850 337
1737860 337
1737870 336
1737880 335
1737890 335
1737900 336
1737910 336
1737920 336
1737930 335
1737940 335
1737950 335
1737960 336
1737970 336
1737980 337
1737990 337
1738000 337
1738010 337
1738020 337
1738030 336
1738040 335
1738050 335
1738060 333
1738070 332
1738080 332
1738090 331
1738100 330
1738110 330
1738120 329
1738130 329
1738140 328
1738150 328
1738160 328
1738170 329
1738180 329
1738190 328
1738200 328
1738210 328
1738220 328
1738230 328
1738240 328
1738250 328
1738260 327
1738270 327
1738280 327
1738290 326
1738300 326
1738310 326
1738320 326
1738330 327
1738340 327
1738350 327
1738360 324
1738370 324
1738380 322
1738390 319
1738400 319
1738410 320
1738420 320
1738430 320
1738440 320
1738450 320
1738460 319
1738470 319
1738480 319
1738490 318
1738500 318
1738510 317
1738520 316
1738530 316
1738540 315
1738550 316
1738560 316
1738570 318
1738580 320
1738590 320
1738600 322
1738610 323
1738620 323
1738630 323
1738640 322
1738650 319
1738660 319
1738670 319
1738680 319
1738690 319
1738700 320
1738710 320
1738720 320
1738730 321
1738740 321
1738750 321
1738760 321
1738770 322
1738780 322
1738790 322
1738800 322
1738810 322
1738820 322
1738830 325
1738840 329
1738850 329
1738860 331
1738870 334
1738880 334
1738890 338
1738900 343
1738910 343
1738920 347
1738930 351
1738940 354
1738950 354
1738960 354
1738970 354
1738980 354
1738990 355
1739000 354
1739010 354
1739020 353
1739030 351
1739040 351
1739050 350
1739060 347
1739070 347
1739080 344
1739090 344
1739100 344
1739110 336
1739120 336
1739130 336
1739140 336
1739150 339
1739160 342
1739170 342
1739180 347
1739190 353
1739200 353
1739210 359
1739220 365
1739230 365
1739240 367
1739250 367
1739260 367
1739270 368
1739280 371
1739290 373
1739300 373
1739310 378
1739320 381
1739330 381
1739340 382
1739350 384
1739360 384
1739370 385
1739380 388
1739390 388
1739400 388
1739410 385
1739420 385
1739430 383
1739440 381
1739450 381
1739460 381
1739470 381
1739480 381
1739490 381
1739500 382
1739510 384
1739520 384
1739530 386
1739540 388
1739550 388
1739560 389
1739570 391
1739580 391
1739590 393
1739600 394
1739610 397
1739620 397
1739630 399
1739640 403
1739650 403
1739660 407
1739670 411
1739680 411
1739690 414
1739700 418
1739710 418
1739720 421
1739730 420
1739740 420
1739750 423
1739760 432
1739770 439
1739780 439
1739790 439
1739800 438
1739810 438
1739820 438
1739830 437
1739840 437
1739850 433
1739860 430
1739870 430
1739880 428
1739890 428
1739900 428
1739910 428
1739920 427
1739930 426
1739940 426
1739950 425
1739960 424
1739970 424
1739980 423
1739990 421
