1720000 481
1720010 475
1720020 475
1720030 469
1720040 461
1720050 460
1720060 460
1720070 461
1720080 466
1720090 466
1720100 468
1720110 462
1720120 462
1720130 456
1720140 463
1720150 463
1720160 469
1720170 468
1720180 468
1720190 471
1720200 479
1720210 485
1720220 485
1720230 492
1720240 497
1720250 497
1720260 500
1720270 504
1720280 504
1720290 508
1720300 511
1720310 511
1720320 516
1720330 520
1720340 520
1720350 524
1720360 528
1720370 530
1720380 530
1720390 529
1720400 526
1720410 526
1720420 523
1720430 521
1720440 521
1720450 519
1720460 517
1720470 517
1720480 518
1720490 514
1720500 520
1720510 518
1720520 516
1720530 517
1720540 517
1720550 520
1720560 523
1720570 523
1720580 526
1720590 525
1720600 525
1720610 526
1720620 525
1720630 525
1720640 527
1720650 529
1720660 529
1720670 530
1720680 523
1720690 523
1720700 522
1720710 515
1720720 510
1720730 510
1720740 504
1720750 497
1720760 497
1720770 492
1720780 487
1720790 487
1720800 481
1720810 475
1720820 475
1720830 471
1720840 468
1720850 468
1720860 464
1720870 461
1720880 459
1720890 459
1720900 457
1720910 456
1720920 456
1720930 458
1720940 466
1720950 466
1720960 470
1720970 474
1720980 474
1720990 476
1721000 477
1721010 477
1721020 482
1721030 486
1721040 488
1721050 488
1721060 486
1721070 483
1721080 483
1721090 480
1721100 476
1721110 476
1721120 473
1721130 470
1721140 470
1721150 469
1721160 470
1721170 470
1721180 473
1721190 477
1721200 481
1721210 481
1721220 485
1721230 490
1721240 490
1721250 494
1721260 498
1721270 498
1721280 501
1721290 505
1721300 505
1721310 507
1721320 511
1721330 511
1721340 512
1721350 515
1721360 514
1721370 514
1721380 512
1721390 508
1721400 508
1721410 505
1721420 500
1721430 500
1721440 495
1721450 491
1721460 491
1721470 486
1721480 481
1721490 481
1721500 477
1721510 472
1721520 466
1721530 466
1721540 461
1721550 458
1721560 458
1721570 454
1721580 451
1721590 451
1721600 447
1721610 440
1721620 440
1721630 446
1721640 454
1721650 454
1721660 453
1721670 447
1721680 447
1721690 446
1721700 455
1721710 460
1721720 460
1721730 464
1721740 469
1721750 469
1721760 473
1721770 478
1721780 478
1721790 482
1721800 486
1721810 486
1721820 490
1721830 495
1721840 495
1721850 498
1721860 494
1721870 492
1721880 492
1721890 490
1721900 488
1721910 488
1721920 487
1721930 487
1721940 487
1721950 486
1721960 486
1721970 486
1721980 485
1721990 485
1722000 485
1722010 484
1722020 482
1722030 478
1722040 478
1722050 473
1722060 469
1722070 469
1722080 464
1722090 459
1722100 459
1722110 454
1722120 449
1722130 449
1722140 448
1722150 444
1722160 444
1722170 442
1722180 441
1722190 444
1722200 444
1722210 447
1722220 446
1722230 446
1722240 441
1722250 437
1722260 437
1722270 432
1722280 427
1722290 427
1722300 422
1722310 419
1722320 419
1722330 418
1722340 418
1722350 411
1722360 411
1722370 408
1722380 405
1722390 405
1722400 402
1722410 398
1722420 398
1722430 395
1722440 394
1722450 394
1722460 392
1722470 395
1722480 395
1722490 400
1722500 404
1722510 408
1722520 408
1722530 411
1722540 411
1722550 411
1722560 415
1722570 418
1722580 418
1722590 422
1722600 425
1722610 425
1722620 428
1722630 432
1722640 432
1722650 436
1722660 440
1722670 440
1722680 443
1722690 446
1722700 449
1722710 449
1722720 450
1722730 453
1722740 453
1722750 455
1722760 455
1722770 455
1722780 456
1722790 456
1722800 456
1722810 455
1722820 455
1722830 455
1722840 456
1722850 455
1722860 453
1722870 453
1722880 452
1722890 451
1722900 451
1722910 449
1722920 448
1722930 448
1722940 447
1722950 446
1722960 451
1722970 449
1722980 446
1722990 446
1723000 441
1723010 437
1723020 432
1723030 432
1723040 429
1723050 426
1723060 426
1723070 423
1723080 421
1723090 421
1723100 421
1723110 422
1723120 422
1723130 425
1723140 425
1723150 425
1723160 424
1723170 424
1723180 422
1723190 422
1723200 418
1723210 415
1723220 415
1723230 412
1723240 407
1723250 407
1723260 401
1723270 396
1723280 396
1723290 393
1723300 390
1723310 390
1723320 386
1723330 383
1723340 375
1723350 375
1723360 369
1723370 367
1723380 367
1723390 366
1723400 366
1723410 366
1723420 366
1723430 366
1723440 366
1723450 371
1723460 375
1723470 375
1723480 383
1723490 380
1723500 381
1723510 381
1723520 382
1723530 382
1723540 382
1723550 386
1723560 381
1723570 381
1723580 374
1723590 373
1723600 373
1723610 382
1723620 387
1723630 387
1723640 391
1723650 396
1723660 396
1723670 400
1723680 396
1723690 390
1723700 390
1723710 384
1723720 376
1723730 376
1723740 374
1723750 381
1723760 381
1723770 388
1723780 393
1723790 393
1723800 397
1723810 401
1723820 401
1723830 406
1723840 411
1723850 416
1723860 416
1723870 422
1723880 428
1723890 428
1723900 433
1723910 436
1723920 436
1723930 435
1723940 436
1723950 436
1723960 437
1723970 435
1723980 435
1723990 433
1724000 430
1724010 426
1724020 426
1724030 420
1724040 416
1724050 416
1724060 412
1724070 407
1724080 407
1724090 403
1724100 399
1724110 399
1724120 394
1724130 389
1724140 389
1724150 385
1724160 382
1724170 379
1724180 379
1724190 374
1724200 369
1724210 369
1724220 369
1724230 362
1724240 362
1724250 357
1724260 356
1724270 356
1724280 354
1724290 354
1724300 354
1724310 357
1724320 366
1724330 373
1724340 373
1724350 377
1724360 382
1724370 382
1724380 386
1724390 390
1724400 390
1724410 394
1724420 397
1724430 397
1724440 400
1724450 404
1724460 404
1724470 408
1724480 411
1724490 414
1724500 414
1724510 417
1724520 419
1724530 419
1724540 422
1724550 425
1724560 425
1724570 427
1724580 430
1724590 430
1724600 429
1724610 424
1724620 424
1724630 420
1724640 416
1724650 416
1724660 414
1724670 412
1724680 410
1724690 410
1724700 406
1724710 402
1724720 402
1724730 399
1724740 393
1724750 393
1724760 387
1724770 382
1724780 382
1724790 374
1724800 368
1724810 368
1724820 370
1724830 365
1724840 365
1724850 365
1724860 368
1724870 375
1724880 375
1724890 381
1724900 385
1724910 385
1724920 389
1724930 394
1724940 394
1724950 400
1724960 405
1724970 405
1724980 409
1724990 412
1725000 416
1725010 416
1725020 419
1725030 422
1725040 422
1725050 425
1725060 428
1725070 428
1725080 431
1725090 434
1725100 434
1725110 437
1725120 439
1725130 439
1725140 437
1725150 436
1725160 433
1725170 433
1725180 430
1725190 427
1725200 427
1725210 423
1725220 419
1725230 419
1725240 416
1725250 409
1725260 409
1725270 404
1725280 399
1725290 399
1725300 396
1725310 393
1725320 390
1725330 390
1725340 387
1725350 384
1725360 384
1725370 382
1725380 380
1725390 380
1725400 376
1725410 371
1725420 371
1725430 368
1725440 366
1725450 366
1725460 365
1725470 366
1725480 370
1725490 370
1725500 375
1725510 383
1725520 383
1725530 389
1725540 392
1725550 392
1725560 396
1725570 401
1725580 401
1725590 405
1725600 410
1725610 410
1725620 415
1725630 421
1725640 424
1725650 424
1725660 424
1725670 422
1725680 422
1725690 418
1725700 413
1725710 413
1725720 410
1725730 409
1725740 409
1725750 408
1725760 407
1725770 407
1725780 404
1725790 401
1725800 401
1725810 401
1725820 398
1725830 400
1725840 400
1725850 398
1725860 395
1725870 395
1725880 392
1725890 387
1725900 387
1725910 379
1725920 383
1725930 383
1725940 388
1725950 391
1725960 391
1725970 393
1725980 396
1725990 395
1726000 395
1726010 395
1726020 399
1726030 399
1726040 403
1726050 409
1726060 409
1726070 413
1726080 415
1726090 415
1726100 417
1726110 419
1726120 419
1726130 419
1726140 422
1726150 426
1726160 426
1726170 428
1726180 431
1726190 431
1726200 434
1726210 437
1726220 437
1726230 440
1726240 443
1726250 443
1726260 445
1726270 447
1726280 447
1726290 449
1726300 451
1726310 454
1726320 454
1726330 457
1726340 461
1726350 461
1726360 465
1726370 467
1726380 467
1726390 471
1726400 473
1726410 473
1726420 476
1726430 479
1726440 479
1726450 484
1726460 488
1726470 490
1726480 490
1726490 494
1726500 498
1726510 498
1726520 502
1726530 506
1726540 506
1726550 510
1726560 514
1726570 514
1726580 516
1726590 517
1726600 517
1726610 515
1726620 511
1726630 507
1726640 507
1726650 502
1726660 497
1726670 497
1726680 493
1726690 487
1726700 487
1726710 488
1726720 487
1726730 487
1726740 489
1726750 490
1726760 490
1726770 495
1726780 499
1726790 499
1726800 500
1726810 495
1726820 491
1726830 491
1726840 486
1726850 480
1726860 480
1726870 478
1726880 478
1726890 478
1726900 482
1726910 487
1726920 487
1726930 491
1726940 496
1726950 496
1726960 500
1726970 504
1726980 506
1726990 506
1727000 506
1727010 506
1727020 506
1727030 506
1727040 507
1727050 507
1727060 511
1727070 514
1727080 514
1727090 515
1727100 516
1727110 516
1727120 515
1727130 516
1727140 517
1727150 517
1727160 514
1727170 510
1727180 510
1727190 503
1727200 498
1727210 498
1727220 494
1727230 490
1727240 490
1727250 488
1727260 486
1727270 486
1727280 484
1727290 483
1727300 483
1727310 483
1727320 482
1727330 482
1727340 482
1727350 482
1727360 484
1727370 484
1727380 486
1727390 488
1727400 488
1727410 491
1727420 493
1727430 493
1727440 496
1727450 499
1727460 501
1727470 501
1727480 497
1727490 491
1727500 491
1727510 489
1727520 485
1727530 485
1727540 482
1727550 479
1727560 480
1727570 477
1727580 474
1727590 474
1727600 471
1727610 469
1727620 466
1727630 466
1727640 462
1727650 459
1727660 459
1727670 455
1727680 452
1727690 452
1727700 450
1727710 448
1727720 448
1727730 446
1727740 444
1727750 444
1727760 442
1727770 437
1727780 437
1727790 433
1727800 432
1727810 433
1727820 433
1727830 436
1727840 440
1727850 440
1727860 442
1727870 444
1727880 444
1727890 445
1727900 446
1727910 446
1727920 445
1727930 442
1727940 442
1727950 439
1727960 436
1727970 432
1727980 432
1727990 426
1728000 422
1728010 422
1728020 418
1728030 413
1728040 413
1728050 411
1728060 416
1728070 416
1728080 417
1728090 416
1728100 416
1728110 415
1728120 414
1728130 413
1728140 413
1728150 411
1728160 409
1728170 409
1728180 408
1728190 407
1728200 407
1728210 406
1728220 406
1728230 406
1728240 405
1728250 406
1728260 406
1728270 407
1728280 408
1728290 410
1728300 410
1728310 411
1728320 412
1728330 412
1728340 416
1728350 421
1728360 421
1728370 423
1728380 422
1728390 422
1728400 420
1728410 417
1728420 417
1728430 415
1728440 412
1728450 409
1728460 409
1728470 406
1728480 403
1728490 403
1728500 400
1728510 397
1728520 397
1728530 395
1728540 392
1728550 392
1728560 389
1728570 388
1728580 388
1728590 385
1728600 382
1728610 379
1728620 379
1728630 377
1728640 373
1728650 373
1728660 369
1728670 367
1728680 367
1728690 364
1728700 361
1728710 361
1728720 358
1728730 357
1728740 357
1728750 355
1728760 353
1728770 353
1728780 352
1728790 349
1728800 345
1728810 345
1728820 345
1728830 345
1728840 345
1728850 344
1728860 338
1728870 338
1728880 341
1728890 340
1728900 340
1728910 343
1728920 345
1728930 345
1728940 346
1728950 348
1728960 350
1728970 350
1728980 353
1728990 355
1729000 355
1729010 358
1729020 360
1729030 360
1729040 362
1729050 364
1729060 364
1729070 365
1729080 367
1729090 367
1729100 370
1729110 373
1729120 376
1729130 376
1729140 379
1729150 382
1729160 382
1729170 384
1729180 386
1729190 386
1729200 388
1729210 390
1729220 390
1729230 392
1729240 394
1729250 394
1729260 396
1729270 398
1729280 400
1729290 400
1729300 402
1729310 405
1729320 405
1729330 407
1729340 407
1729350 407
1729360 405
1729370 402
1729380 402
1729390 403
1729400 404
1729410 404
1729420 405
1729430 409
1729440 414
1729450 414
1729460 418
1729470 415
1729480 415
1729490 410
1729500 406
1729510 406
1729520 405
1729530 406
1729540 406
1729550 406
1729560 401
1729570 401
1729580 395
1729590 390
1729600 386
1729610 386
1729620 380
1729630 375
1729640 375
1729650 367
1729660 362
1729670 362
1729680 367
1729690 372
1729700 372
1729710 378
1729720 381
1729730 381
1729740 383
1729750 387
1729760 387
1729770 389
1729780 391
1729790 393
1729800 393
1729810 395
1729820 398
1729830 398
1729840 400
1729850 404
1729860 404
1729870 408
1729880 411
1729890 411
1729900 414
1729910 418
1729920 418
1729930 421
1729940 424
1729950 427
1729960 427
1729970 431
1729980 433
1729990 433
1730000 437
1730010 441
1730020 441
1730030 444
1730040 447
1730050 447
1730060 450
1730070 450
1730080 450
1730090 452
1730100 451
1730110 452
1730120 452
1730130 453
1730140 454
1730150 454
1730160 454
1730170 454
1730180 454
1730190 453
1730200 453
1730210 453
1730220 455
1730230 457
1730240 457
1730250 458
1730260 460
1730270 460
1730280 460
1730290 461
1730300 462
1730310 462
1730320 463
1730330 465
1730340 465
1730350 465
1730360 465
1730370 465
1730380 464
1730390 461
1730400 461
1730410 459
1730420 457
1730430 456
1730440 456
1730450 455
1730460 455
1730470 455
1730480 453
1730490 449
1730500 449
1730510 446
1730520 442
1730530 442
1730540 441
1730550 439
1730560 439
1730570 436
1730580 434
1730590 430
1730600 430
1730610 429
1730620 430
1730630 430
1730640 426
1730650 425
1730660 425
1730670 424
1730680 424
1730690 424
1730700 424
1730710 422
1730720 422
1730730 422
1730740 419
1730750 419
1730760 416
1730770 410
1730780 408
1730790 408
1730800 404
1730810 400
1730820 400
1730830 402
1730840 407
1730850 407
1730860 409
1730870 410
1730880 410
1730890 412
1730900 414
1730910 414
1730920 416
1730930 418
1730940 421
1730950 421
1730960 426
1730970 429
1730980 429
1730990 433
1731000 436
1731010 436
1731020 437
1731030 438
1731040 438
1731050 439
1731060 440
1731070 440
1731080 442
1731090 444
1731100 446
1731110 446
1731120 448
1731130 450
1731140 450
1731150 453
1731160 449
1731170 449
1731180 447
1731190 446
1731200 446
1731210 444
1731220 442
1731230 442
1731240 440
1731250 435
1731260 432
1731270 432
1731280 428
1731290 423
1731300 423
1731310 418
1731320 415
1731330 415
1731340 414
1731350 414
1731360 414
1731370 413
1731380 412
1731390 412
1731400 409
1731410 408
1731420 407
1731430 407
1731440 406
1731450 404
1731460 404
1731470 401
1731480 399
1731490 399
1731500 396
1731510 394
1731520 394
1731530 389
1731540 390
1731550 390
1731560 389
1731570 391
1731580 393
1731590 393
1731600 396
1731610 398
1731620 398
1731630 401
1731640 402
1731650 402
1731660 404
1731670 405
1731680 405
1731690 407
1731700 408
1731710 408
1731720 410
1731730 411
1731740 411
1731750 413
1731760 415
1731770 417
1731780 417
1731790 418
1731800 419
1731810 419
1731820 419
1731830 420
1731840 420
1731850 423
1731860 426
1731870 426
1731880 429
1731890 432
1731900 432
1731910 434
1731920 437
1731930 440
1731940 440
1731950 442
1731960 445
1731970 445
1731980 450
1731990 452
1732000 452
1732010 455
1732020 457
1732030 457
1732040 459
1732050 461
1732060 461
1732070 463
1732080 464
1732090 466
1732100 466
1732110 467
1732120 468
1732130 468
1732140 468
1732150 467
1732160 467
1732170 468
1732180 467
1732190 467
1732200 467
1732210 466
1732220 466
1732230 464
1732240 461
1732250 456
1732260 456
1732270 452
1732280 447
1732290 447
1732300 443
1732310 438
1732320 438
1732330 434
1732340 431
1732350 431
1732360 427
1732370 424
1732380 424
1732390 422
1732400 419
1732410 416
1732420 416
1732430 414
1732440 412
1732450 412
1732460 410
1732470 408
1732480 408
1732490 406
1732500 404
1732510 404
1732520 402
1732530 399
1732540 399
1732550 396
1732560 394
1732570 391
1732580 391
1732590 388
1732600 385
1732610 385
1732620 383
1732630 381
1732640 381
1732650 380
1732660 378
1732670 378
1732680 377
1732690 376
1732700 376
1732710 375
1732720 374
1732730 374
1732740 374
1732750 371
1732760 369
1732770 369
1732780 368
1732790 368
1732800 368
1732810 367
1732820 366
1732830 366
1732840 365
1732850 364
1732860 364
1732870 362
1732880 361
1732890 361
1732900 359
1732910 360
1732920 361
1732930 361
1732940 364
1732950 367
1732960 367
1732970 362
1732980 358
1732990 358
1733000 359
1733010 360
1733020 360
1733030 360
1733040 359
1733050 359
1733060 358
1733070 355
1733080 351
1733090 351
1733100 342
1733110 339
1733120 339
1733130 339
1733140 338
1733150 338
1733160 338
1733170 338
1733180 338
1733190 338
1733200 338
1733210 338
1733220 335
1733230 336
1733240 339
1733250 339
1733260 341
1733270 344
1733280 344
1733290 346
1733300 347
1733310 347
1733320 348
1733330 351
1733340 351
1733350 352
1733360 353
1733370 353
1733380 354
1733390 355
1733400 356
1733410 356
1733420 358
1733430 358
1733440 358
1733450 359
1733460 360
1733470 360
1733480 360
1733490 360
1733500 360
1733510 361
1733520 360
1733530 360
1733540 361
1733550 361
1733560 362
1733570 362
1733580 363
1733590 364
1733600 364
1733610 365
1733620 367
1733630 367
1733640 368
1733650 370
1733660 370
1733670 372
1733680 374
1733690 374
1733700 377
1733710 379
1733720 379
1733730 380
1733740 381
1733750 382
1733760 382
1733770 383
1733780 385
1733790 385
1733800 387
1733810 387
1733820 387
1733830 392
1733840 396
1733850 395
1733860 400
1733870 404
1733880 404
1733890 409
1733900 411
1733910 413
1733920 413
1733930 416
1733940 418
1733950 418
1733960 421
1733970 423
1733980 423
1733990 425
1734000 426
1734010 426
1734020 427
1734030 429
1734040 429
1734050 430
1734060 434
1734070 436
1734080 436
1734090 439
1734100 440
1734110 440
1734120 441
1734130 443
1734140 443
1734150 446
1734160 449
1734170 449
1734180 451
1734190 453
1734200 453
1734210 453
1734220 454
1734230 456
1734240 456
1734250 455
1734260 456
1734270 456
1734280 456
1734290 457
1734300 457
1734310 458
1734320 459
1734330 459
1734340 459
1734350 460
1734360 460
1734370 460
1734380 460
1734390 460
1734400 460
1734410 459
1734420 459
1734430 459
1734440 459
1734450 459
1734460 459
1734470 458
1734480 458
1734490 458
1734500 457
1734510 458
1734520 458
1734530 458
1734540 459
1734550 458
1734560 458
1734570 457
1734580 456
1734590 456
1734600 455
1734610 454
1734620 454
1734630 454
1734640 453
1734650 453
1734660 452
1734670 451
1734680 451
1734690 451
1734700 449
1734710 449
1734720 448
1734730 447
1734740 446
1734750 446
1734760 444
1734770 441
1734780 441
1734790 437
1734800 434
1734810 434
1734820 431
1734830 425
1734840 425
1734850 417
1734860 412
1734870 412
1734880 407
1734890 402
1734900 403
1734910 403
1734920 406
1734930 406
1734940 406
1734950 407
1734960 408
1734970 408
1734980 408
1734990 408
1735000 408
1735010 408
1735020 406
1735030 406
1735040 405
1735050 406
1735060 406
1735070 406
1735080 406
1735090 406
1735100 406
1735110 407
1735120 407
1735130 407
1735140 407
1735150 407
1735160 407
1735170 405
1735180 402
1735190 402
1735200 402
1735210 402
1735220 402
1735230 402
1735240 399
1735250 405
1735260 405
1735270 407
1735280 408
1735290 408
1735300 409
1735310 410
1735320 410
1735330 411
1735340 412
1735350 412
1735360 413
1735370 414
1735380 415
1735390 415
1735400 415
1735410 416
1735420 416
1735430 417
1735440 419
1735450 419
1735460 419
1735470 422
1735480 422
1735490 424
1735500 426
1735510 426
1735520 428
1735530 430
1735540 432
1735550 432
1735560 434
1735570 435
1735580 435
1735590 437
1735600 439
1735610 439
1735620 441
1735630 443
1735640 443
1735650 445
1735660 446
1735670 446
1735680 450
1735690 453
1735700 453
1735710 455
1735720 458
1735730 461
1735740 461
1735750 468
1735760 473
1735770 473
1735780 478
1735790 481
1735800 481
1735810 483
1735820 485
1735830 485
1735840 486
1735850 486
1735860 486
1735870 487
1735880 488
1735890 489
1735900 489
1735910 490
1735920 492
1735930 492
1735940 493
1735950 494
1735960 494
1735970 495
1735980 495
1735990 495
1736000 495
1736010 496
1736020 496
1736030 495
1736040 495
1736050 494
1736060 494
1736070 493
1736080 493
1736090 493
1736100 492
1736110 492
1736120 492
1736130 491
1736140 491
1736150 491
1736160 491
1736170 489
1736180 489
1736190 487
1736200 485
1736210 483
1736220 483
1736230 481
1736240 479
1736250 479
1736260 479
1736270 478
1736280 478
1736290 478
1736300 478
1736310 478
1736320 476
1736330 473
1736340 473
1736350 468
1736360 461
1736370 457
1736380 457
1736390 454
1736400 452
1736410 452
1736420 450
1736430 448
1736440 448
1736450 446
1736460 445
1736470 445
1736480 444
1736490 442
1736500 442
1736510 440
1736520 437
1736530 436
1736540 436
1736550 434
1736560 433
1736570 433
1736580 431
1736590 429
1736600 429
1736610 427
1736620 425
1736630 425
1736640 423
1736650 422
1736660 422
1736670 422
1736680 421
1736690 421
1736700 421
1736710 420
1736720 419
1736730 419
1736740 416
1736750 414
1736760 414
1736770 412
1736780 411
1736790 411
1736800 410
1736810 408
1736820 408
1736830 408
1736840 407
1736850 407
1736860 406
1736870 406
1736880 402
1736890 402
1736900 399
1736910 396
1736920 396
1736930 393
1736940 391
1736950 391
1736960 388
1736970 386
1736980 386
1736990 384
1737000 382
1737010 382
1737020 381
1737030 382
1737040 383
1737050 383
1737060 384
1737070 386
1737080 386
1737090 388
1737100 390
1737110 390
1737120 392
1737130 395
1737140 395
1737150 399
1737160 402
1737170 402
1737180 405
1737190 409
1737200 412
1737210 412
1737220 415
1737230 418
1737240 418
1737250 420
1737260 421
1737270 421
1737280 422
1737290 421
1737300 421
1737310 419
1737320 415
1737330 415
1737340 410
1737350 407
1737360 405
1737370 405
1737380 402
1737390 399
1737400 399
1737410 396
1737420 394
1737430 394
1737440 392
1737450 392
1737460 392
1737470 390
1737480 388
1737490 388
1737500 385
1737510 383
1737520 381
1737530 381
1737540 381
1737550 383
1737560 383
1737570 384
1737580 386
1737590 386
1737600 387
1737610 387
1737620 387
1737630 388
1737640 390
1737650 390
1737660 393
1737670 396
1737680 396
1737690 399
1737700 401
1737710 401
1737720 401
1737730 403
1737740 405
1737750 405
1737760 407
1737770 410
1737780 410
1737790 410
1737800 409
1737810 409
1737820 406
1737830 411
1737840 411
1737850 424
1737860 430
1737870 433
1737880 433
1737890 435
1737900 435
1737910 435
1737920 436
1737930 436
1737940 436
1737950 436
1737960 436
1737970 436
1737980 431
1737990 424
1738000 424
1738010 414
1738020 405
1738030 399
1738040 399
1738050 394
1738060 391
1738070 391
1738080 391
1738090 389
1738100 389
1738110 385
1738120 382
1738130 382
1738140 380
1738150 377
1738160 377
1738170 375
1738180 371
1738190 369
1738200 369
1738210 368
1738220 366
1738230 366
1738240 364
1738250 363
1738260 363
1738270 362
1738280 361
1738290 361
1738300 359
1738310 354
1738320 354
1738330 351
1738340 347
1738350 342
1738360 342
1738370 339
1738380 335
1738390 335
1738400 332
1738410 330
1738420 330
1738430 327
1738440 325
1738450 325
1738460 324
1738470 322
1738480 322
1738490 321
1738500 319
1738510 318
1738520 318
1738530 317
1738540 313
1738550 313
1738560 312
1738570 306
1738580 306
1738590 307
1738600 308
1738610 308
1738620 311
1738630 315
1738640 315
1738650 317
1738660 320
1738670 320
1738680 323
1738690 326
1738700 329
1738710 329
1738720 331
1738730 334
1738740 334
1738750 336
1738760 340
1738770 340
1738780 341
1738790 342
1738800 342
1738810 345
1738820 349
1738830 349
1738840 351
1738850 353
1738860 359
1738870 359
1738880 364
1738890 370
1738900 370
1738910 375
1738920 381
1738930 381
1738940 387
1738950 394
1738960 394
1738970 399
1738980 400
1738990 400
1739000 400
1739010 399
1739020 397
1739030 397
1739040 396
1739050 395
1739060 395
1739070 394
1739080 394
1739090 394
1739100 392
1739110 392
1739120 392
1739130 389
1739140 386
1739150 386
1739160 383
1739170 380
1739180 377
1739190 377
1739200 375
1739210 371
1739220 371
1739230 367
1739240 362
1739250 362
1739260 357
1739270 352
1739280 352
1739290 350
1739300 353
1739310 353
1739320 354
1739330 356
1739340 358
1739350 358
1739360 361
1739370 364
1739380 364
1739390 369
1739400 371
1739410 371
1739420 374
1739430 375
1739440 375
1739450 376
1739460 376
1739470 376
1739480 376
1739490 375
1739500 373
1739510 373
1739520 372
1739530 371
1739540 371
1739550 369
1739560 365
1739570 365
1739580 362
1739590 359
1739600 359
1739610 356
1739620 353
1739630 353
1739640 351
1739650 348
1739660 348
1739670 345
1739680 340
1739690 336
1739700 336
1739710 331
1739720 328
1739730 328
1739740 326
1739750 323
1739760 323
1739770 321
1739780 319
1739790 319
1739800 317
1739810 314
1739820 314
1739830 309
1739840 306
1739850 303
1739860 303
1739870 301
1739880 299
1739890 299
1739900 298
1739910 297
1739920 297
1739930 297
1739940 299
1739950 299
1739960 302
1739970 301
1739980 301
1739990 299
