1720000 450
1720010 450
1720020 453
1720030 456
1720040 456
1720050 458
1720060 462
1720070 467
1720080 467
1720090 471
1720100 473
1720110 473
1720120 474
1720130 475
1720140 475
1720150 476
1720160 480
1720170 480
1720180 482
1720190 484
1720200 484
1720210 485
1720220 485
1720230 485
1720240 481
1720250 479
1720260 476
1720270 476
1720280 473
1720290 471
1720300 471
1720310 468
1720320 465
1720330 465
1720340 463
1720350 463
1720360 463
1720370 467
1720380 473
1720390 473
1720400 476
1720410 478
1720420 481
1720430 481
1720440 484
1720450 486
1720460 486
1720470 489
1720480 491
1720490 491
1720500 493
1720510 496
1720520 496
1720530 495
1720540 496
1720550 496
1720560 498
1720570 500
1720580 504
1720590 504
1720600 507
1720610 511
1720620 511
1720630 515
1720640 519
1720650 519
1720660 523
1720670 526
1720680 526
1720690 528
1720700 528
1720710 528
1720720 530
1720730 530
1720740 530
1720750 530
1720760 531
1720770 532
1720780 532
1720790 533
1720800 534
1720810 534
1720820 535
1720830 537
1720840 537
1720850 539
1720860 543
1720870 543
1720880 540
1720890 537
1720900 534
1720910 534
1720920 533
1720930 531
1720940 531
1720950 527
1720960 524
1720970 524
1720980 521
1720990 520
1721000 520
1721010 520
1721020 523
1721030 523
1721040 526
1721050 529
1721060 529
1721070 532
1721080 535
1721090 539
1721100 539
1721110 539
1721120 536
1721130 536
1721140 530
1721150 525
1721160 525
1721170 520
1721180 516
1721190 516
1721200 514
1721210 513
1721220 513
1721230 514
1721240 512
1721250 506
1721260 506
1721270 501
1721280 496
1721290 496
1721300 492
1721310 488
1721320 488
1721330 484
1721340 479
1721350 479
1721360 481
1721370 483
1721380 483
1721390 485
1721400 487
1721410 490
1721420 490
1721430 494
1721440 496
1721450 496
1721460 495
1721470 491
1721480 491
1721490 488
1721500 485
1721510 485
1721520 479
1721530 472
1721540 472
1721550 466
1721560 460
1721570 455
1721580 455
1721590 454
1721600 462
1721610 462
1721620 466
1721630 471
1721640 471
1721650 475
1721660 479
1721670 479
1721680 484
1721690 488
1721700 488
1721710 490
1721720 492
1721730 494
1721740 494
1721750 498
1721760 495
1721770 495
1721780 493
1721790 490
1721800 490
1721810 485
1721820 483
1721830 483
1721840 480
1721850 482
1721860 482
1721870 483
1721880 485
1721890 488
1721900 488
1721910 493
1721920 499
1721930 499
1721940 505
1721950 509
1721960 509
1721970 514
1721980 519
1721990 519
1722000 520
1722010 519
1722020 519
1722030 518
1722040 515
1722050 515
1722060 512
1722070 509
1722080 504
1722090 504
1722100 501
1722110 495
1722120 495
1722130 489
1722140 484
1722150 484
1722160 486
1722170 485
1722180 485
1722190 476
1722200 483
1722210 483
1722220 487
1722230 488
1722240 485
1722250 485
1722260 483
1722270 487
1722280 487
1722290 492
1722300 493
1722310 493
1722320 494
1722330 496
1722340 496
1722350 498
1722360 500
1722370 500
1722380 503
1722390 506
1722400 509
1722410 509
1722420 512
1722430 516
1722440 516
1722450 519
1722460 516
1722470 516
1722480 511
1722490 507
1722500 507
1722510 503
1722520 498
1722530 498
1722540 494
1722550 490
1722560 486
1722570 486
1722580 483
1722590 479
1722600 479
1722610 475
1722620 472
1722630 472
1722640 468
1722650 463
1722660 463
1722670 457
1722680 452
1722690 452
1722700 447
1722710 438
1722720 429
1722730 429
1722740 428
1722750 439
1722760 439
1722770 445
1722780 450
1722790 450
1722800 453
1722810 459
1722820 459
1722830 462
1722840 465
1722850 465
1722860 471
1722870 474
1722880 474
1722890 476
1722900 479
1722910 481
1722920 481
1722930 484
1722940 487
1722950 487
1722960 490
1722970 493
1722980 493
1722990 496
1723000 500
1723010 500
1723020 503
1723030 507
1723040 507
1723050 512
1723060 515
1723070 518
1723080 518
1723090 518
1723100 513
1723110 513
1723120 507
1723130 502
1723140 502
1723150 496
1723160 491
1723170 491
1723180 482
1723190 480
1723200 480
1723210 478
1723220 477
1723230 476
1723240 476
1723250 474
1723260 472
1723270 472
1723280 470
1723290 469
1723300 469
1723310 468
1723320 468
1723330 468
1723340 467
1723350 466
1723360 466
1723370 466
1723380 465
1723390 465
1723400 465
1723410 464
1723420 463
1723430 463
1723440 463
1723450 462
1723460 462
1723470 460
1723480 458
1723490 458
1723500 456
1723510 457
1723520 457
1723530 455
1723540 455
1723550 454
1723560 454
1723570 453
1723580 452
1723590 452
1723600 451
1723610 450
1723620 450
1723630 450
1723640 451
1723650 451
1723660 452
1723670 454
1723680 454
1723690 456
1723700 458
1723710 458
1723720 461
1723730 463
1723740 465
1723750 465
1723760 468
1723770 470
1723780 470
1723790 472
1723800 470
1723810 470
1723820 468
1723830 465
1723840 465
1723850 462
1723860 460
1723870 460
1723880 457
1723890 455
1723900 452
1723910 452
1723920 449
1723930 446
1723940 446
1723950 443
1723960 438
1723970 438
1723980 435
1723990 429
1724000 429
1724010 424
1724020 420
1724030 420
1724040 417
1724050 414
1724060 410
1724070 410
1724080 404
1724090 399
1724100 404
1724110 402
1724120 398
1724130 398
1724140 393
1724150 389
1724160 389
1724170 385
1724180 381
1724190 381
1724200 377
1724210 372
1724220 367
1724230 367
1724240 362
1724250 360
1724260 360
1724270 361
1724280 362
1724290 362
1724300 361
1724310 364
1724320 364
1724330 362
1724340 360
1724350 360
1724360 356
1724370 354
1724380 353
1724390 353
1724400 352
1724410 353
1724420 353
1724430 353
1724440 353
1724450 353
1724460 352
1724470 352
1724480 352
1724490 351
1724500 350
1724510 350
1724520 350
1724530 354
1724540 356
1724550 356
1724560 359
1724570 362
1724580 362
1724590 365
1724600 368
1724610 368
1724620 368
1724630 366
1724640 366
1724650 364
1724660 363
1724670 363
1724680 361
1724690 360
1724700 360
1724710 359
1724720 357
1724730 355
1724740 355
1724750 353
1724760 351
1724770 351
1724780 349
1724790 348
1724800 348
1724810 347
1724820 347
1724830 347
1724840 344
1724850 343
1724860 343
1724870 342
1724880 341
1724890 340
1724900 340
1724910 340
1724920 340
1724930 340
1724940 340
1724950 339
1724960 339
1724970 340
1724980 339
1724990 339
1725000 343
1725010 346
1725020 346
1725030 350
1725040 356
1725050 359
1725060 359
1725070 363
1725080 366
1725090 366
1725100 369
1725110 370
1725120 370
1725130 374
1725140 375
1725150 375
1725160 376
1725170 377
1725180 377
1725190 377
1725200 378
1725210 379
1725220 379
1725230 375
1725240 370
1725250 370
1725260 364
1725270 361
1725280 361
1725290 355
1725300 349
1725310 349
1725320 348
1725330 349
1725340 349
1725350 356
1725360 364
1725370 367
1725380 367
1725390 370
1725400 374
1725410 374
1725420 377
1725430 381
1725440 381
1725450 385
1725460 388
1725470 388
1725480 391
1725490 394
1725500 394
1725510 398
1725520 402
1725530 402
1725540 403
1725550 403
1725560 401
1725570 401
1725580 399
1725590 396
1725600 396
1725610 393
1725620 390
1725630 390
1725640 387
1725650 383
1725660 383
1725670 378
1725680 374
1725690 374
1725700 370
1725710 366
1725720 361
1725730 361
1725740 353
1725750 348
1725760 348
1725770 345
1725780 342
1725790 342
1725800 340
1725810 340
1725820 340
1725830 340
1725840 341
1725850 341
1725860 342
1725870 342
1725880 345
1725890 345
1725900 347
1725910 348
1725920 348
1725930 349
1725940 351
1725950 351
1725960 352
1725970 355
1725980 355
1725990 358
1726000 361
1726010 361
1726020 362
1726030 365
1726040 365
1726050 365
1726060 368
1726070 373
1726080 373
1726090 375
1726100 384
1726110 384
1726120 386
1726130 389
1726140 389
1726150 390
1726160 391
1726170 391
1726180 392
1726190 397
1726200 401
1726210 401
1726220 405
1726230 407
1726240 407
1726250 409
1726260 414
1726270 414
1726280 418
1726290 421
1726300 421
1726310 424
1726320 426
1726330 426
1726340 428
1726350 430
1726360 430
1726370 431
1726380 431
1726390 431
1726400 425
1726410 421
1726420 418
1726430 418
1726440 416
1726450 417
1726460 417
1726470 419
1726480 420
1726490 420
1726500 421
1726510 421
1726520 421
1726530 420
1726540 420
1726550 420
1726560 420
1726570 418
1726580 415
1726590 415
1726600 412
1726610 409
1726620 409
1726630 404
1726640 406
1726650 406
1726660 410
1726670 413
1726680 413
1726690 423
1726700 429
1726710 431
1726720 431
1726730 437
1726740 438
1726750 438
1726760 445
1726770 450
1726780 450
1726790 455
1726800 460
1726810 460
1726820 466
1726830 468
1726840 468
1726850 471
1726860 474
1726870 478
1726880 478
1726890 481
1726900 484
1726910 484
1726920 487
1726930 489
1726940 489
1726950 492
1726960 495
1726970 495
1726980 497
1726990 499
1727000 499
1727010 502
1727020 504
1727030 504
1727040 504
1727050 504
1727060 503
1727070 503
1727080 502
1727090 499
1727100 499
1727110 495
1727120 490
1727130 490
1727140 487
1727150 483
1727160 483
1727170 479
1727180 475
1727190 471
1727200 471
1727210 468
1727220 465
1727230 465
1727240 462
1727250 459
1727260 459
1727270 456
1727280 456
1727290 456
1727300 453
1727310 451
1727320 451
1727330 448
1727340 446
1727350 446
1727360 444
1727370 443
1727380 438
1727390 438
1727400 433
1727410 431
1727420 431
1727430 430
1727440 429
1727450 429
1727460 426
1727470 425
1727480 425
1727490 424
1727500 421
1727510 421
1727520 415
1727530 412
1727540 412
1727550 412
1727560 410
1727570 408
1727580 408
1727590 406
1727600 405
1727610 405
1727620 404
1727630 403
1727640 403
1727650 400
1727660 398
1727670 398
1727680 396
1727690 394
1727700 393
1727710 393
1727720 392
1727730 391
1727740 391
1727750 390
1727760 388
1727770 388
1727780 386
1727790 385
1727800 385
1727810 384
1727820 383
1727830 383
1727840 382
1727850 381
1727860 378
1727870 378
1727880 371
1727890 367
1727900 367
1727910 369
1727920 372
1727930 372
1727940 377
1727950 381
1727960 381
1727970 385
1727980 387
1727990 387
1728000 390
1728010 393
1728020 394
1728030 394
1728040 398
1728050 401
1728060 401
1728070 404
1728080 407
1728090 407
1728100 409
1728110 410
1728120 410
1728130 411
1728140 414
1728150 414
1728160 416
1728170 417
1728180 417
1728190 419
1728200 421
1728210 423
1728220 423
1728230 429
1728240 430
1728250 430
1728260 429
1728270 427
1728280 427
1728290 427
1728300 427
1728310 427
1728320 426
1728330 426
1728340 426
1728350 423
1728360 421
1728370 423
1728380 423
1728390 425
1728400 427
1728410 427
1728420 429
1728430 430
1728440 430
1728450 433
1728460 434
1728470 434
1728480 436
1728490 438
1728500 438
1728510 438
1728520 441
1728530 442
1728540 442
1728550 443
1728560 444
1728570 444
1728580 443
1728590 443
1728600 443
1728610 440
1728620 439
1728630 439
1728640 438
1728650 438
1728660 438
1728670 437
1728680 435
1728690 435
1728700 435
1728710 434
1728720 435
1728730 435
1728740 435
1728750 433
1728760 433
1728770 432
1728780 430
1728790 430
1728800 427
1728810 424
1728820 424
1728830 422
1728840 420
1728850 418
1728860 418
1728870 415
1728880 411
1728890 411
1728900 408
1728910 403
1728920 403
1728930 399
1728940 396
1728950 396
1728960 392
1728970 388
1728980 388
1728990 385
1729000 381
1729010 378
1729020 378
1729030 376
1729040 372
1729050 372
1729060 369
1729070 365
1729080 365
1729090 360
1729100 356
1729110 356
1729120 352
1729130 350
1729140 350
1729150 345
1729160 341
1729170 341
1729180 338
1729190 336
1729200 332
1729210 332
1729220 327
1729230 322
1729240 322
1729250 321
1729260 320
1729270 320
1729280 317
1729290 321
1729300 321
1729310 322
1729320 322
1729330 322
1729340 323
1729350 324
1729360 325
1729370 325
1729380 327
1729390 328
1729400 328
1729410 329
1729420 331
1729430 331
1729440 332
1729450 334
1729460 334
1729470 335
1729480 337
1729490 337
1729500 338
1729510 340
1729520 342
1729530 342
1729540 343
1729550 345
1729560 345
1729570 347
1729580 349
1729590 349
1729600 351
1729610 352
1729620 352
1729630 354
1729640 355
1729650 355
1729660 356
1729670 358
1729680 360
1729690 360
1729700 361
1729710 363
1729720 363
1729730 364
1729740 366
1729750 366
1729760 368
1729770 369
1729780 369
1729790 371
1729800 373
1729810 373
1729820 375
1729830 375
1729840 377
1729850 377
1729860 379
1729870 380
1729880 380
1729890 383
1729900 386
1729910 386
1729920 389
1729930 391
1729940 391
1729950 391
1729960 390
1729970 390
1729980 388
1729990 387
1730000 387
1730010 385
1730020 383
1730030 382
1730040 382
1730050 380
1730060 378
1730070 378
1730080 376
1730090 374
1730100 374
1730110 373
1730120 371
1730130 371
1730140 370
1730150 368
1730160 368
1730170 367
1730180 366
1730190 365
1730200 365
1730210 363
1730220 361
1730230 361
1730240 356
1730250 354
1730260 354
1730270 352
1730280 353
1730290 353
1730300 355
1730310 358
1730320 358
1730330 361
1730340 364
1730350 365
1730360 365
1730370 367
1730380 369
1730390 369
1730400 371
1730410 374
1730420 374
1730430 378
1730440 381
1730450 381
1730460 384
1730470 387
1730480 387
1730490 390
1730500 392
1730510 394
1730520 394
1730530 395
1730540 397
1730550 397
1730560 399
1730570 401
1730580 401
1730590 404
1730600 407
1730610 407
1730620 410
1730630 413
1730640 413
1730650 416
1730660 420
1730670 425
1730680 425
1730690 431
1730700 437
1730710 437
1730720 443
1730730 449
1730740 448
1730750 449
1730760 448
1730770 448
1730780 448
1730790 448
1730800 448
1730810 448
1730820 449
1730830 449
1730840 449
1730850 449
1730860 449
1730870 449
1730880 448
1730890 448
1730900 448
1730910 451
1730920 452
1730930 452
1730940 454
1730950 455
1730960 455
1730970 457
1730980 459
1730990 459
1731000 461
1731010 464
1731020 468
1731030 468
1731040 471
1731050 475
1731060 475
1731070 478
1731080 481
1731090 481
1731100 482
1731110 480
1731120 480
1731130 477
1731140 472
1731150 472
1731160 468
1731170 465
1731180 462
1731190 462
1731200 460
1731210 457
1731220 457
1731230 455
1731240 450
1731250 450
1731260 449
1731270 444
1731280 444
1731290 440
1731300 437
1731310 437
1731320 433
1731330 430
1731340 429
1731350 429
1731360 425
1731370 421
1731380 421
1731390 418
1731400 415
1731410 415
1731420 412
1731430 409
1731440 409
1731450 406
1731460 403
1731470 403
1731480 401
1731490 399
1731500 397
1731510 397
1731520 395
1731530 392
1731540 392
1731550 390
1731560 387
1731570 387
1731580 384
1731590 381
1731600 381
1731610 378
1731620 376
1731630 376
1731640 373
1731650 371
1731660 369
1731670 369
1731680 367
1731690 366
1731700 366
1731710 364
1731720 362
1731730 362
1731740 361
1731750 359
1731760 359
1731770 358
1731780 355
1731790 355
1731800 350
1731810 346
1731820 346
1731830 351
1731840 353
1731850 356
1731860 356
1731870 356
1731880 358
1731890 358
1731900 359
1731910 361
1731920 361
1731930 362
1731940 366
1731950 366
1731960 369
1731970 372
1731980 372
1731990 375
1732000 377
1732010 377
1732020 377
1732030 380
1732040 381
1732050 381
1732060 382
1732070 384
1732080 384
1732090 386
1732100 387
1732110 387
1732120 389
1732130 390
1732140 390
1732150 390
1732160 391
1732170 394
1732180 394
1732190 398
1732200 400
1732210 400
1732220 401
1732230 402
1732240 402
1732250 404
1732260 405
1732270 405
1732280 407
1732290 408
1732300 408
1732310 410
1732320 412
1732330 415
1732340 415
1732350 417
1732360 419
1732370 419
1732380 421
1732390 424
1732400 424
1732410 426
1732420 428
1732430 428
1732440 430
1732450 432
1732460 432
1732470 432
1732480 435
1732490 433
1732500 433
1732510 428
1732520 422
1732530 422
1732540 418
1732550 417
1732560 417
1732570 416
1732580 414
1732590 414
1732600 411
1732610 409
1732620 409
1732630 406
1732640 405
1732650 405
1732660 403
1732670 400
1732680 398
1732690 398
1732700 395
1732710 392
1732720 392
1732730 389
1732740 385
1732750 385
1732760 381
1732770 375
1732780 375
1732790 371
1732800 362
1732810 362
1732820 360
1732830 358
1732840 358
1732850 358
1732860 352
1732870 352
1732880 352
1732890 355
1732900 352
1732910 352
1732920 350
1732930 346
1732940 346
1732950 341
1732960 337
1732970 337
1732980 331
1732990 322
1733000 318
1733010 318
1733020 318
1733030 316
1733040 316
1733050 318
1733060 316
1733070 316
1733080 321
1733090 323
1733100 323
1733110 324
1733120 326
1733130 326
1733140 328
1733150 330
1733160 331
1733170 331
1733180 333
1733190 334
1733200 334
1733210 336
1733220 337
1733230 337
1733240 338
1733250 339
1733260 339
1733270 340
1733280 342
1733290 342
1733300 344
1733310 345
1733320 347
1733330 347
1733340 349
1733350 352
1733360 352
1733370 355
1733380 358
1733390 358
1733400 360
1733410 363
1733420 363
1733430 366
1733440 368
1733450 368
1733460 370
1733470 373
1733480 373
1733490 376
1733500 381
1733510 385
1733520 385
1733530 388
1733540 390
1733550 390
1733560 392
1733570 394
1733580 394
1733590 395
1733600 397
1733610 397
1733620 398
1733630 399
1733640 399
1733650 400
1733660 401
1733670 401
1733680 401
1733690 400
1733700 398
1733710 398
1733720 395
1733730 393
1733740 393
1733750 390
1733760 387
1733770 387
1733780 384
1733790 381
1733800 381
1733810 379
1733820 384
1733830 386
1733840 386
1733850 386
1733860 384
1733870 384
1733880 381
1733890 380
1733900 380
1733910 378
1733920 376
1733930 376
1733940 378
1733950 377
1733960 377
1733970 378
1733980 375
1733990 374
1734000 374
1734010 378
1734020 381
1734030 381
1734040 383
1734050 385
1734060 385
1734070 384
1734080 383
1734090 383
1734100 385
1734110 386
1734120 386
1734130 387
1734140 389
1734150 391
1734160 391
1734170 393
1734180 396
1734190 396
1734200 398
1734210 401
1734220 401
1734230 404
1734240 406
1734250 406
1734260 407
1734270 409
1734280 409
1734290 411
1734300 412
1734310 410
1734320 410
1734330 408
1734340 406
1734350 406
1734360 405
1734370 404
1734380 404
1734390 404
1734400 403
1734410 403
1734420 402
1734430 402
1734440 402
1734450 401
1734460 400
1734470 400
1734480 399
1734490 397
1734500 396
1734510 396
1734520 395
1734530 393
1734540 393
1734550 391
1734560 389
1734570 389
1734580 387
1734590 385
1734600 385
1734610 384
1734620 382
1734630 382
1734640 380
1734650 378
1734660 376
1734670 376
1734680 374
1734690 373
1734700 373
1734710 370
1734720 367
1734730 367
1734740 363
1734750 361
1734760 361
1734770 359
1734780 356
1734790 356
1734800 353
1734810 350
1734820 358
1734830 358
1734840 361
1734850 362
1734860 362
1734870 362
1734880 362
1734890 362
1734900 364
1734910 367
1734920 367
1734930 369
1734940 370
1734950 370
1734960 371
1734970 372
1734980 373
1734990 373
1735000 374
1735010 376
1735020 376
1735030 376
1735040 377
1735050 377
1735060 377
1735070 376
1735080 376
1735090 377
1735100 374
1735110 374
1735120 373
1735130 371
1735140 369
1735150 369
1735160 367
1735170 365
1735180 365
1735190 364
1735200 362
1735210 362
1735220 361
1735230 360
1735240 360
1735250 359
1735260 357
1735270 357
1735280 355
1735290 353
1735300 353
1735310 352
1735320 349
1735330 347
1735340 347
1735350 348
1735360 350
1735370 350
1735380 351
1735390 352
1735400 352
1735410 353
1735420 355
1735430 355
1735440 357
1735450 360
1735460 360
1735470 362
1735480 363
1735490 364
1735500 364
1735510 365
1735520 367
1735530 367
1735540 368
1735550 369
1735560 369
1735570 371
1735580 372
1735590 372
1735600 374
1735610 376
1735620 376
1735630 377
1735640 379
1735650 381
1735660 381
1735670 383
1735680 386
1735690 386
1735700 387
1735710 389
1735720 389
1735730 393
1735740 395
1735750 395
1735760 396
1735770 398
1735780 398
1735790 401
1735800 402
1735810 404
1735820 404
1735830 405
1735840 407
1735850 407
1735860 406
1735870 404
1735880 404
1735890 401
1735900 399
1735910 399
1735920 396
1735930 395
1735940 395
1735950 393
1735960 391
1735970 389
1735980 389
1735990 385
1736000 381
1736010 381
1736020 378
1736030 376
1736040 376
1736050 374
1736060 371
1736070 371
1736080 369
1736090 367
1736100 367
1736110 366
1736120 364
1736130 364
1736140 363
1736150 362
1736160 362
1736170 362
1736180 361
1736190 359
1736200 359
1736210 358
1736220 355
1736230 355
1736240 352
1736250 350
1736260 350
1736270 347
1736280 346
1736290 346
1736300 344
1736310 343
1736320 342
1736330 342
1736340 339
1736350 341
1736360 341
1736370 343
1736380 341
1736390 341
1736400 339
1736410 336
1736420 336
1736430 335
1736440 334
1736450 334
1736460 333
1736470 333
1736480 334
1736490 334
1736500 335
1736510 335
1736520 335
1736530 335
1736540 335
1736550 335
1736560 334
1736570 334
1736580 334
1736590 332
1736600 330
1736610 330
1736620 328
1736630 328
1736640 327
1736650 327
1736660 325
1736670 323
1736680 323
1736690 322
1736700 321
1736710 321
1736720 320
1736730 319
1736740 319
1736750 318
1736760 317
1736770 317
1736780 316
1736790 314
1736800 314
1736810 314
1736820 313
1736830 312
1736840 312
1736850 312
1736860 311
1736870 311
1736880 310
1736890 310
1736900 310
1736910 309
1736920 309
1736930 309
1736940 307
1736950 308
1736960 308
1736970 308
1736980 308
1736990 309
1737000 309
1737010 309
1737020 311
1737030 311
1737040 312
1737050 313
1737060 313
1737070 315
1737080 316
1737090 316
1737100 318
1737110 320
1737120 320
1737130 321
1737140 323
1737150 324
1737160 324
1737170 326
1737180 327
1737190 327
1737200 329
1737210 330
1737220 330
1737230 332
1737240 333
1737250 333
1737260 336
1737270 339
1737280 339
1737290 343
1737300 346
1737310 348
1737320 348
1737330 350
1737340 352
1737350 352
1737360 353
1737370 356
1737380 356
1737390 358
1737400 360
1737410 360
1737420 363
1737430 365
1737440 365
1737450 367
1737460 370
1737470 374
1737480 374
1737490 376
1737500 378
1737510 378
1737520 380
1737530 381
1737540 381
1737550 383
1737560 386
1737570 386
1737580 389
1737590 392
1737600 392
1737610 395
1737620 398
1737630 401
1737640 401
1737650 404
1737660 406
1737670 406
1737680 406
1737690 406
1737700 406
1737710 406
1737720 407
1737730 407
1737740 405
1737750 405
1737760 405
1737770 406
1737780 406
1737790 406
1737800 406
1737810 406
1737820 406
1737830 406
1737840 406
1737850 406
1737860 406
1737870 406
1737880 405
1737890 405
1737900 404
1737910 403
1737920 403
1737930 403
1737940 402
1737950 402
1737960 401
1737970 399
1737980 399
1737990 399
1738000 400
1738010 400
1738020 400
1738030 400
1738040 401
1738050 401
1738060 401
1738070 401
1738080 401
1738090 401
1738100 402
1738110 402
1738120 402
1738130 402
1738140 402
1738150 402
1738160 400
1738170 398
1738180 398
1738190 395
1738200 389
1738210 389
1738220 381
1738230 379
1738240 379
1738250 376
1738260 373
1738270 373
1738280 369
1738290 366
1738300 363
1738310 363
1738320 360
1738330 357
1738340 357
1738350 354
1738360 351
1738370 351
1738380 348
1738390 346
1738400 346
1738410 344
1738420 342
1738430 342
1738440 340
1738450 338
1738460 335
1738470 335
1738480 333
1738490 330
1738500 330
1738510 328
1738520 325
1738530 325
1738540 323
1738550 322
1738560 322
1738570 320
1738580 318
1738590 318
1738600 315
1738610 314
1738620 313
1738630 313
1738640 312
1738650 309
1738660 309
1738670 307
1738680 306
1738690 306
1738700 304
1738710 303
1738720 303
1738730 303
1738740 302
1738750 302
1738760 301
1738770 300
1738780 300
1738790 300
1738800 300
1738810 299
1738820 299
1738830 299
1738840 297
1738850 297
1738860 295
1738870 294
1738880 294
1738890 294
1738900 293
1738910 293
1738920 292
1738930 291
1738940 291
1738950 289
1738960 288
1738970 288
1738980 288
1738990 286
1739000 286
1739010 286
1739020 286
1739030 286
1739040 286
1739050 285
1739060 284
1739070 284
1739080 282
1739090 280
1739100 280
1739110 280
1739120 280
1739130 278
1739140 278
1739150 277
1739160 278
1739170 278
1739180 278
1739190 278
1739200 278
1739210 281
1739220 285
1739230 285
1739240 290
1739250 293
1739260 293
1739270 295
1739280 299
1739290 304
1739300 304
1739310 308
1739320 310
1739330 310
1739340 310
1739350 306
1739360 306
1739370 305
1739380 306
1739390 306
1739400 308
1739410 311
1739420 311
1739430 314
1739440 318
1739450 322
1739460 322
1739470 326
1739480 330
1739490 330
1739500 334
1739510 336
1739520 336
1739530 337
1739540 341
1739550 341
1739560 346
1739570 349
1739580 349
1739590 353
1739600 356
1739610 357
1739620 357
1739630 357
1739640 355
1739650 355
1739660 352
1739670 348
1739680 348
1739690 344
1739700 340
1739710 340
1739720 336
1739730 332
1739740 332
1739750 328
1739760 325
1739770 325
1739780 324
1739790 322
1739800 320
1739810 320
1739820 319
1739830 317
1739840 317
1739850 316
1739860 315
1739870 315
1739880 314
1739890 313
1739900 313
1739910 312
1739920 312
1739930 312
1739940 310
1739950 311
1739960 312
1739970 312
1739980 312
1739990 312
