1720000 478
1720010 478
1720020 481
1720030 484
1720040 484
1720050 487
1720060 490
1720070 490
1720080 494
1720090 497
1720100 497
1720110 500
1720120 503
1720130 508
1720140 508
1720150 511
1720160 514
1720170 514
1720180 519
1720190 522
1720200 522
1720210 524
1720220 526
1720230 526
1720240 527
1720250 528
1720260 528
1720270 526
1720280 525
1720290 521
1720300 521
1720310 518
1720320 514
1720330 514
1720340 510
1720350 506
1720360 506
1720370 503
1720380 500
1720390 500
1720400 496
1720410 494
1720420 494
1720430 491
1720440 489
1720450 488
1720460 488
1720470 488
1720480 487
1720490 487
1720500 486
1720510 485
1720520 485
1720530 484
1720540 480
1720550 480
1720560 480
1720570 477
1720580 477
1720590 474
1720600 474
1720610 481
1720620 481
1720630 486
1720640 489
1720650 489
1720660 491
1720670 492
1720680 492
1720690 494
1720700 494
1720710 494
1720720 495
1720730 494
1720740 494
1720750 493
1720760 484
1720770 484
1720780 484
1720790 490
1720800 494
1720810 494
1720820 496
1720830 498
1720840 498
1720850 501
1720860 504
1720870 504
1720880 505
1720890 506
1720900 506
1720910 505
1720920 503
1720930 503
1720940 498
1720950 497
1720960 504
1720970 504
1720980 507
1720990 510
1721000 510
1721010 513
1721020 516
1721030 516
1721040 519
1721050 522
1721060 522
1721070 524
1721080 527
1721090 527
1721100 530
1721110 533
1721120 535
1721130 535
1721140 538
1721150 541
1721160 541
1721170 543
1721180 542
1721190 542
1721200 537
1721210 534
1721220 534
1721230 532
1721240 530
1721250 530
1721260 527
1721270 523
1721280 522
1721290 522
1721300 522
1721310 524
1721320 524
1721330 529
1721340 532
1721350 532
1721360 535
1721370 530
1721380 530
1721390 525
1721400 524
1721410 524
1721420 523
1721430 522
1721440 520
1721450 520
1721460 515
1721470 511
1721480 511
1721490 506
1721500 501
1721510 501
1721520 496
1721530 492
1721540 492
1721550 488
1721560 483
1721570 483
1721580 477
1721590 477
1721600 478
1721610 478
1721620 477
1721630 474
1721640 474
1721650 467
1721660 476
1721670 476
1721680 482
1721690 485
1721700 485
1721710 490
1721720 493
1721730 493
1721740 494
1721750 494
1721760 494
1721770 493
1721780 492
1721790 492
1721800 492
1721810 491
1721820 492
1721830 492
1721840 489
1721850 494
1721860 494
1721870 499
1721880 503
1721890 503
1721900 506
1721910 508
1721920 508
1721930 511
1721940 513
1721950 514
1721960 514
1721970 518
1721980 522
1721990 522
1722000 525
1722010 530
1722020 530
1722030 534
1722040 540
1722050 540
1722060 542
1722070 541
1722080 541
1722090 539
1722100 537
1722110 536
1722120 536
1722130 534
1722140 531
1722150 531
1722160 530
1722170 531
1722180 531
1722190 532
1722200 534
1722210 534
1722220 535
1722230 535
1722240 535
1722250 535
1722260 533
1722270 533
1722280 533
1722290 534
1722300 535
1722310 535
1722320 536
1722330 537
1722340 537
1722350 537
1722360 537
1722370 537
1722380 536
1722390 535
1722400 535
1722410 536
1722420 535
1722430 532
1722440 532
1722450 528
1722460 524
1722470 524
1722480 520
1722490 516
1722500 516
1722510 512
1722520 508
1722530 508
1722540 505
1722550 502
1722560 502
1722570 499
1722580 496
1722590 496
1722600 496
1722610 497
1722620 497
1722630 497
1722640 497
1722650 492
1722660 492
1722670 486
1722680 482
1722690 482
1722700 477
1722710 474
1722720 474
1722730 468
1722740 469
1722750 469
1722760 474
1722770 479
1722780 481
1722790 481
1722800 483
1722810 486
1722820 486
1722830 490
1722840 493
1722850 493
1722860 497
1722870 500
1722880 500
1722890 504
1722900 507
1722910 507
1722920 510
1722930 513
1722940 515
1722950 515
1722960 518
1722970 521
1722980 521
1722990 523
1723000 527
1723010 527
1723020 530
1723030 534
1723040 534
1723050 537
1723060 539
1723070 539
1723080 536
1723090 533
1723100 530
1723110 530
1723120 527
1723130 524
1723140 524
1723150 522
1723160 520
1723170 520
1723180 519
1723190 518
1723200 518
1723210 515
1723220 513
1723230 513
1723240 510
1723250 507
1723260 503
1723270 503
1723280 499
1723290 497
1723300 497
1723310 492
1723320 489
1723330 489
1723340 485
1723350 483
1723360 483
1723370 478
1723380 472
1723390 472
1723400 466
1723410 460
1723420 460
1723430 460
1723440 458
1723450 457
1723460 457
1723470 457
1723480 458
1723490 458
1723500 456
1723510 455
1723520 455
1723530 452
1723540 448
1723550 448
1723560 444
1723570 439
1723580 439
1723590 430
1723600 434
1723610 434
1723620 434
1723630 437
1723640 439
1723650 439
1723660 441
1723670 443
1723680 443
1723690 444
1723700 445
1723710 445
1723720 446
1723730 449
1723740 449
1723750 452
1723760 455
1723770 456
1723780 456
1723790 457
1723800 454
1723810 454
1723820 452
1723830 446
1723840 446
1723850 443
1723860 438
1723870 438
1723880 435
1723890 431
1723900 431
1723910 427
1723920 423
1723930 420
1723940 420
1723950 417
1723960 413
1723970 413
1723980 409
1723990 405
1724000 405
1724010 401
1724020 397
1724030 397
1724040 393
1724050 390
1724060 390
1724070 385
1724080 378
1724090 374
1724100 374
1724110 369
1724120 365
1724130 365
1724140 365
1724150 365
1724160 365
1724170 365
1724180 361
1724190 361
1724200 361
1724210 358
1724220 358
1724230 359
1724240 359
1724250 359
1724260 365
1724270 370
1724280 373
1724290 373
1724300 378
1724310 383
1724320 383
1724330 386
1724340 385
1724350 385
1724360 386
1724370 386
1724380 386
1724390 384
1724400 377
1724410 377
1724420 379
1724430 386
1724440 388
1724450 388
1724460 389
1724470 393
1724480 393
1724490 396
1724500 400
1724510 400
1724520 403
1724530 405
1724540 405
1724550 405
1724560 404
1724570 404
1724580 402
1724590 399
1724600 396
1724610 396
1724620 393
1724630 391
1724640 391
1724650 389
1724660 387
1724670 387
1724680 385
1724690 383
1724700 383
1724710 377
1724720 375
1724730 375
1724740 371
1724750 370
1724760 371
1724770 371
1724780 372
1724790 372
1724800 372
1724810 377
1724820 374
1724830 374
1724840 371
1724850 367
1724860 367
1724870 365
1724880 363
1724890 363
1724900 360
1724910 357
1724920 355
1724930 355
1724940 352
1724950 349
1724960 349
1724970 347
1724980 345
1724990 345
1725000 343
1725010 342
1725020 342
1725030 342
1725040 341
1725050 341
1725060 341
1725070 338
1725080 338
1725090 337
1725100 337
1725110 337
1725120 337
1725130 337
1725140 337
1725150 337
1725160 337
1725170 336
1725180 336
1725190 335
1725200 336
1725210 336
1725220 336
1725230 336
1725240 336
1725250 333
1725260 336
1725270 336
1725280 336
1725290 335
1725300 337
1725310 337
1725320 343
1725330 346
1725340 346
1725350 348
1725360 349
1725370 349
1725380 351
1725390 356
1725400 356
1725410 359
1725420 362
1725430 363
1725440 363
1725450 364
1725460 367
1725470 367
1725480 369
1725490 370
1725500 370
1725510 372
1725520 375
1725530 375
1725540 373
1725550 372
1725560 372
1725570 368
1725580 364
1725590 361
1725600 361
1725610 358
1725620 353
1725630 353
1725640 346
1725650 344
1725660 344
1725670 337
1725680 335
1725690 335
1725700 336
1725710 336
1725720 336
1725730 336
1725740 335
1725750 336
1725760 336
1725770 338
1725780 340
1725790 340
1725800 344
1725810 347
1725820 347
1725830 352
1725840 357
1725850 357
1725860 358
1725870 360
1725880 360
1725890 362
1725900 365
1725910 368
1725920 368
1725930 372
1725940 378
1725950 378
1725960 380
1725970 386
1725980 386
1725990 388
1726000 390
1726010 390
1726020 395
1726030 398
1726040 398
1726050 399
1726060 400
1726070 400
1726080 400
1726090 400
1726100 401
1726110 401
1726120 401
1726130 403
1726140 403
1726150 404
1726160 405
1726170 405
1726180 407
1726190 403
1726200 403
1726210 398
1726220 394
1726230 394
1726240 391
1726250 388
1726260 387
1726270 387
1726280 383
1726290 382
1726300 382
1726310 379
1726320 378
1726330 378
1726340 379
1726350 380
1726360 380
1726370 377
1726380 371
1726390 371
1726400 368
1726410 367
1726420 376
1726430 376
1726440 382
1726450 387
1726460 387
1726470 389
1726480 389
1726490 389
1726500 385
1726510 389
1726520 389
1726530 394
1726540 398
1726550 398
1726560 401
1726570 403
1726580 404
1726590 404
1726600 407
1726610 409
1726620 409
1726630 410
1726640 412
1726650 412
1726660 413
1726670 415
1726680 415
1726690 417
1726700 420
1726710 420
1726720 423
1726730 426
1726740 429
1726750 429
1726760 432
1726770 434
1726780 434
1726790 436
1726800 438
1726810 438
1726820 440
1726830 443
1726840 443
1726850 447
1726860 451
1726870 451
1726880 455
1726890 459
1726900 459
1726910 464
1726920 469
1726930 474
1726940 474
1726950 478
1726960 482
1726970 482
1726980 486
1726990 487
1727000 487
1727010 487
1727020 487
1727030 487
1727040 486
1727050 485
1727060 485
1727070 486
1727080 486
1727090 485
1727100 485
1727110 485
1727120 485
1727130 485
1727140 484
1727150 484
1727160 484
1727170 484
1727180 483
1727190 483
1727200 483
1727210 481
1727220 481
1727230 479
1727240 477
1727250 474
1727260 474
1727270 472
1727280 469
1727290 469
1727300 466
1727310 463
1727320 463
1727330 461
1727340 459
1727350 459
1727360 456
1727370 454
1727380 454
1727390 451
1727400 449
1727410 446
1727420 446
1727430 443
1727440 440
1727450 440
1727460 437
1727470 435
1727480 435
1727490 432
1727500 431
1727510 431
1727520 428
1727530 428
1727540 428
1727550 427
1727560 426
1727570 425
1727580 425
1727590 422
1727600 420
1727610 420
1727620 418
1727630 417
1727640 417
1727650 415
1727660 413
1727670 413
1727680 411
1727690 410
1727700 410
1727710 408
1727720 406
1727730 406
1727740 404
1727750 400
1727760 397
1727770 397
1727780 394
1727790 390
1727800 390
1727810 387
1727820 383
1727830 383
1727840 381
1727850 379
1727860 379
1727870 377
1727880 375
1727890 375
1727900 370
1727910 364
1727920 358
1727930 358
1727940 362
1727950 363
1727960 363
1727970 365
1727980 366
1727990 366
1728000 367
1728010 370
1728020 370
1728030 372
1728040 373
1728050 373
1728060 374
1728070 376
1728080 378
1728090 378
1728100 380
1728110 381
1728120 381
1728130 382
1728140 383
1728150 383
1728160 383
1728170 384
1728180 384
1728190 385
1728200 386
1728210 386
1728220 388
1728230 383
1728240 382
1728250 382
1728260 383
1728270 385
1728280 385
1728290 381
1728300 376
1728310 376
1728320 372
1728330 382
1728340 382
1728350 389
1728360 394
1728370 394
1728380 396
1728390 398
1728400 401
1728410 401
1728420 402
1728430 402
1728440 402
1728450 403
1728460 404
1728470 404
1728480 406
1728490 407
1728500 407
1728510 407
1728520 408
1728530 408
1728540 408
1728550 409
1728560 409
1728570 409
1728580 409
1728590 409
1728600 409
1728610 408
1728620 407
1728630 407
1728640 407
1728650 405
1728660 405
1728670 404
1728680 402
1728690 402
1728700 398
1728710 395
1728720 395
1728730 393
1728740 391
1728750 391
1728760 391
1728770 390
1728780 390
1728790 390
1728800 391
1728810 391
1728820 391
1728830 392
1728840 393
1728850 393
1728860 393
1728870 393
1728880 393
1728890 392
1728900 391
1728910 391
1728920 391
1728930 391
1728940 391
1728950 391
1728960 391
1728970 391
1728980 391
1728990 391
1729000 390
1729010 390
1729020 386
1729030 382
1729040 382
1729050 378
1729060 374
1729070 371
1729080 371
1729090 367
1729100 364
1729110 364
1729120 360
1729130 356
1729140 356
1729150 349
1729160 343
1729170 343
1729180 338
1729190 333
1729200 333
1729210 329
1729220 323
1729230 320
1729240 320
1729250 318
1729260 318
1729270 318
1729280 318
1729290 314
1729300 314
1729310 317
1729320 318
1729330 318
1729340 320
1729350 322
1729360 322
1729370 323
1729380 326
1729390 329
1729400 329
1729410 330
1729420 332
1729430 332
1729440 333
1729450 334
1729460 334
1729470 335
1729480 336
1729490 336
1729500 337
1729510 339
1729520 339
1729530 342
1729540 344
1729550 344
1729560 346
1729570 347
1729580 349
1729590 349
1729600 352
1729610 352
1729620 352
1729630 354
1729640 355
1729650 355
1729660 358
1729670 361
1729680 361
1729690 364
1729700 367
1729710 367
1729720 369
1729730 372
1729740 375
1729750 375
1729760 378
1729770 380
1729780 380
1729790 382
1729800 385
1729810 385
1729820 388
1729830 391
1729840 391
1729850 394
1729860 398
1729870 398
1729880 401
1729890 404
1729900 404
1729910 404
1729920 402
1729930 399
1729940 399
1729950 396
1729960 393
1729970 393
1729980 390
1729990 386
1730000 386
1730010 383
1730020 380
1730030 380
1730040 378
1730050 375
1730060 373
1730070 373
1730080 372
1730090 370
1730100 370
1730110 368
1730120 366
1730130 366
1730140 365
1730150 364
1730160 364
1730170 363
1730180 361
1730190 361
1730200 359
1730210 357
1730220 355
1730230 355
1730240 353
1730250 350
1730260 350
1730270 346
1730280 349
1730290 349
1730300 349
1730310 353
1730320 353
1730330 357
1730340 359
1730350 359
1730360 357
1730370 360
1730380 360
1730390 363
1730400 367
1730410 370
1730420 370
1730430 371
1730440 373
1730450 373
1730460 376
1730470 379
1730480 379
1730490 382
1730500 383
1730510 383
1730520 388
1730530 391
1730540 391
1730550 393
1730560 394
1730570 394
1730580 394
1730590 393
1730600 392
1730610 392
1730620 394
1730630 395
1730640 395
1730650 397
1730660 396
1730670 396
1730680 395
1730690 394
1730700 394
1730710 400
1730720 404
1730730 408
1730740 408
1730750 412
1730760 415
1730770 415
1730780 418
1730790 421
1730800 421
1730810 424
1730820 427
1730830 427
1730840 430
1730850 434
1730860 434
1730870 437
1730880 440
1730890 442
1730900 442
1730910 445
1730920 448
1730930 448
1730940 450
1730950 453
1730960 453
1730970 457
1730980 461
1730990 461
1731000 465
1731010 469
1731020 469
1731030 471
1731040 476
1731050 478
1731060 478
1731070 479
1731080 480
1731090 480
1731100 481
1731110 476
1731120 476
1731130 471
1731140 466
1731150 466
1731160 463
1731170 459
1731180 459
1731190 456
1731200 454
1731210 454
1731220 451
1731230 449
1731240 446
1731250 446
1731260 444
1731270 441
1731280 441
1731290 440
1731300 435
1731310 435
1731320 432
1731330 430
1731340 430
1731350 427
1731360 424
1731370 424
1731380 421
1731390 418
1731400 415
1731410 415
1731420 411
1731430 409
1731440 409
1731450 405
1731460 403
1731470 403
1731480 402
1731490 401
1731500 401
1731510 401
1731520 399
1731530 399
1731540 396
1731550 395
1731560 392
1731570 392
1731580 391
1731590 390
1731600 390
1731610 389
1731620 388
1731630 388
1731640 388
1731650 388
1731660 388
1731670 387
1731680 385
1731690 385
1731700 383
1731710 379
1731720 375
1731730 375
1731740 372
1731750 369
1731760 369
1731770 365
1731780 361
1731790 361
1731800 359
1731810 353
1731820 353
1731830 348
1731840 341
1731850 341
1731860 341
1731870 346
1731880 349
1731890 349
1731900 351
1731910 352
1731920 352
1731930 354
1731940 357
1731950 357
1731960 359
1731970 359
1731980 359
1731990 361
1732000 364
1732010 364
1732020 365
1732030 364
1732040 364
1732050 366
1732060 368
1732070 370
1732080 370
1732090 373
1732100 375
1732110 375
1732120 377
1732130 379
1732140 379
1732150 381
1732160 382
1732170 382
1732180 384
1732190 387
1732200 387
1732210 389
1732220 391
1732230 393
1732240 393
1732250 395
1732260 397
1732270 397
1732280 398
1732290 399
1732300 399
1732310 400
1732320 400
1732330 400
1732340 403
1732350 405
1732360 405
1732370 408
1732380 411
1732390 415
1732400 415
1732410 418
1732420 422
1732430 422
1732440 426
1732450 430
1732460 430
1732470 430
1732480 431
1732490 431
1732500 431
1732510 430
1732520 430
1732530 428
1732540 425
1732550 422
1732560 422
1732570 419
1732580 416
1732590 416
1732600 413
1732610 410
1732620 410
1732630 407
1732640 404
1732650 404
1732660 402
1732670 397
1732680 397
1732690 394
1732700 390
1732710 387
1732720 387
1732730 384
1732740 382
1732750 382
1732760 379
1732770 376
1732780 376
1732790 373
1732800 370
1732810 370
1732820 367
1732830 360
1732840 360
1732850 356
1732860 352
1732870 352
1732880 350
1732890 349
1732900 344
1732910 344
1732920 338
1732930 333
1732940 333
1732950 329
1732960 326
1732970 326
1732980 322
1732990 320
1733000 320
1733010 317
1733020 314
1733030 314
1733040 312
1733050 315
1733060 319
1733070 319
1733080 319
1733090 318
1733100 318
1733110 317
1733120 318
1733130 318
1733140 319
1733150 320
1733160 320
1733170 322
1733180 322
1733190 322
1733200 323
1733210 323
1733220 324
1733230 324
1733240 324
1733250 325
1733260 325
1733270 327
1733280 329
1733290 329
1733300 331
1733310 335
1733320 335
1733330 339
1733340 342
1733350 342
1733360 344
1733370 346
1733380 349
1733390 349
1733400 353
1733410 355
1733420 355
1733430 358
1733440 359
1733450 359
1733460 361
1733470 361
1733480 361
1733490 363
1733500 366
1733510 366
1733520 368
1733530 370
1733540 371
1733550 371
1733560 373
1733570 375
1733580 375
1733590 375
1733600 375
1733610 375
1733620 372
1733630 370
1733640 370
1733650 369
1733660 368
1733670 368
1733680 366
1733690 363
1733700 361
1733710 361
1733720 359
1733730 358
1733740 358
1733750 358
1733760 357
1733770 357
1733780 360
1733790 360
1733800 360
1733810 360
1733820 360
1733830 360
1733840 359
1733850 359
1733860 359
1733870 358
1733880 356
1733890 348
1733900 348
1733910 349
1733920 348
1733930 348
1733940 349
1733950 355
1733960 355
1733970 357
1733980 356
1733990 356
1734000 354
1734010 358
1734020 358
1734030 360
1734040 361
1734050 362
1734060 362
1734070 364
1734080 364
1734090 364
1734100 365
1734110 367
1734120 367
1734130 369
1734140 370
1734150 370
1734160 371
1734170 372
1734180 372
1734190 376
1734200 378
1734210 382
1734220 382
1734230 385
1734240 384
1734250 384
1734260 382
1734270 382
1734280 382
1734290 382
1734300 384
1734310 384
1734320 385
1734330 386
1734340 386
1734350 388
1734360 388
1734370 387
1734380 387
1734390 386
1734400 385
1734410 385
1734420 383
1734430 381
1734440 381
1734450 380
1734460 378
1734470 378
1734480 377
1734490 375
1734500 375
1734510 374
1734520 372
1734530 371
1734540 371
1734550 369
1734560 368
1734570 368
1734580 366
1734590 365
1734600 365
1734610 363
1734620 362
1734630 362
1734640 360
1734650 359
1734660 359
1734670 358
1734680 357
1734690 357
1734700 356
1734710 355
1734720 354
1734730 354
1734740 354
1734750 354
1734760 354
1734770 354
1734780 353
1734790 353
1734800 352
1734810 350
1734820 350
1734830 348
1734840 347
1734850 347
1734860 345
1734870 341
1734880 343
1734890 343
1734900 345
1734910 346
1734920 346
1734930 347
1734940 349
1734950 349
1734960 351
1734970 353
1734980 353
1734990 355
1735000 357
1735010 357
1735020 358
1735030 357
1735040 357
1735050 357
1735060 356
1735070 356
1735080 356
1735090 355
1735100 354
1735110 354
1735120 354
1735130 352
1735140 352
1735150 351
1735160 349
1735170 349
1735180 347
1735190 346
1735200 344
1735210 344
1735220 343
1735230 342
1735240 342
1735250 339
1735260 341
1735270 341
1735280 344
1735290 346
1735300 346
1735310 348
1735320 350
1735330 350
1735340 352
1735350 354
1735360 356
1735370 356
1735380 359
1735390 362
1735400 362
1735410 364
1735420 366
1735430 366
1735440 368
1735450 369
1735460 369
1735470 371
1735480 373
1735490 373
1735500 376
1735510 379
1735520 379
1735530 382
1735540 385
1735550 387
1735560 387
1735570 390
1735580 392
1735590 392
1735600 395
1735610 398
1735620 398
1735630 400
1735640 402
1735650 402
1735660 403
1735670 404
1735680 404
1735690 405
1735700 403
1735710 399
1735720 399
1735730 393
1735740 387
1735750 387
1735760 382
1735770 380
1735780 380
1735790 377
1735800 373
1735810 373
1735820 369
1735830 365
1735840 365
1735850 363
1735860 362
1735870 361
1735880 361
1735890 360
1735900 359
1735910 359
1735920 358
1735930 357
1735940 357
1735950 356
1735960 355
1735970 355
1735980 354
1735990 353
1736000 353
1736010 350
1736020 350
1736030 349
1736040 349
1736050 349
1736060 350
1736070 350
1736080 352
1736090 355
1736100 355
1736110 358
1736120 358
1736130 358
1736140 358
1736150 357
1736160 357
1736170 356
1736180 354
1736190 353
1736200 353
1736210 352
1736220 351
1736230 351
1736240 350
1736250 349
1736260 349
1736270 348
1736280 347
1736290 347
1736300 346
1736310 346
1736320 346
1736330 345
1736340 344
1736350 344
1736360 343
1736370 342
1736380 341
1736390 341
1736400 340
1736410 338
1736420 338
1736430 338
1736440 337
1736450 337
1736460 336
1736470 335
1736480 335
1736490 334
1736500 333
1736510 333
1736520 332
1736530 331
1736540 330
1736550 330
1736560 328
1736570 327
1736580 327
1736590 326
1736600 325
1736610 325
1736620 324
1736630 322
1736640 322
1736650 321
1736660 320
1736670 320
1736680 318
1736690 317
1736700 316
1736710 316
1736720 315
1736730 313
1736740 313
1736750 311
1736760 310
1736770 310
1736780 309
1736790 308
1736800 308
1736810 306
1736820 305
1736830 305
1736840 304
1736850 304
1736860 304
1736870 304
1736880 306
1736890 308
1736900 308
1736910 310
1736920 311
1736930 311
1736940 314
1736950 318
1736960 318
1736970 321
1736980 322
1736990 322
1737000 325
1737010 328
1737020 331
1737030 331
1737040 334
1737050 336
1737060 336
1737070 339
1737080 342
1737090 342
1737100 344
1737110 346
1737120 346
1737130 348
1737140 350
1737150 350
1737160 352
1737170 353
1737180 353
1737190 353
1737200 354
1737210 355
1737220 355
1737230 356
1737240 357
1737250 357
1737260 358
1737270 359
1737280 359
1737290 360
1737300 362
1737310 362
1737320 365
1737330 368
1737340 368
1737350 371
1737360 374
1737370 376
1737380 376
1737390 378
1737400 379
1737410 379
1737420 381
1737430 382
1737440 382
1737450 385
1737460 388
1737470 388
1737480 391
1737490 393
1737500 393
1737510 394
1737520 394
1737530 394
1737540 394
1737550 394
1737560 395
1737570 395
1737580 395
1737590 393
1737600 393
1737610 394
1737620 394
1737630 394
1737640 394
1737650 394
1737660 394
1737670 393
1737680 394
1737690 394
1737700 394
1737710 394
1737720 394
1737730 394
1737740 394
1737750 393
1737760 393
1737770 392
1737780 393
1737790 393
1737800 394
1737810 395
1737820 395
1737830 395
1737840 395
1737850 393
1737860 393
1737870 392
1737880 388
1737890 388
1737900 388
1737910 389
1737920 389
1737930 393
1737940 393
1737950 393
1737960 393
1737970 393
1737980 393
1737990 393
1738000 392
1738010 392
1738020 392
1738030 392
1738040 391
1738050 391
1738060 390
1738070 389
1738080 389
1738090 388
1738100 389
1738110 389
1738120 390
1738130 390
1738140 390
1738150 391
1738160 392
1738170 392
1738180 392
1738190 392
1738200 392
1738210 392
1738220 392
1738230 391
1738240 391
1738250 389
1738260 388
1738270 388
1738280 387
1738290 386
1738300 386
1738310 384
1738320 384
1738330 384
1738340 381
1738350 380
1738360 376
1738370 376
1738380 371
1738390 366
1738400 366
1738410 363
1738420 360
1738430 360
1738440 358
1738450 355
1738460 355
1738470 353
1738480 351
1738490 351
1738500 348
1738510 347
1738520 346
1738530 346
1738540 345
1738550 344
1738560 344
1738570 344
1738580 344
1738590 344
1738600 343
1738610 343
1738620 343
1738630 343
1738640 343
1738650 343
1738660 343
1738670 342
1738680 342
1738690 342
1738700 342
1738710 341
1738720 341
1738730 341
1738740 341
1738750 341
1738760 341
1738770 343
1738780 343
1738790 343
1738800 346
1738810 346
1738820 347
1738830 344
1738840 338
1738850 338
1738860 335
1738870 331
1738880 331
1738890 327
1738900 323
1738910 323
1738920 318
1738930 315
1738940 315
1738950 313
1738960 311
1738970 311
1738980 308
1738990 307
1739000 307
1739010 306
1739020 305
1739030 301
1739040 301
1739050 299
1739060 296
1739070 296
1739080 295
1739090 294
1739100 294
1739110 293
1739120 292
1739130 292
1739140 291
1739150 290
1739160 290
1739170 288
1739180 287
1739190 285
1739200 285
1739210 283
1739220 283
1739230 283
1739240 280
1739250 279
1739260 279
1739270 278
1739280 277
1739290 277
1739300 276
1739310 274
1739320 274
1739330 275
1739340 276
1739350 276
1739360 276
1739370 276
1739380 277
1739390 277
1739400 278
1739410 280
1739420 280
1739430 282
1739440 284
1739450 284
1739460 286
1739470 288
1739480 288
1739490 290
1739500 292
1739510 294
1739520 294
1739530 295
1739540 296
1739550 296
1739560 298
1739570 300
1739580 300
1739590 303
1739600 308
1739610 308
1739620 312
1739630 315
1739640 315
1739650 318
1739660 319
1739670 320
1739680 320
1739690 320
1739700 320
1739710 320
1739720 319
1739730 319
1739740 319
1739750 316
1739760 310
1739770 310
1739780 311
1739790 313
1739800 313
1739810 312
1739820 308
1739830 308
1739840 305
1739850 300
1739860 294
1739870 294
1739880 288
1739890 284
1739900 284
1739910 292
1739920 294
1739930 294
1739940 296
1739950 293
1739960 293
1739970 288
1739980 281
1739990 281
