1720000 486
1720010 486
1720020 489
1720030 494
1720040 494
1720050 498
1720060 501
1720070 501
1720080 505
1720090 508
1720100 508
1720110 511
1720120 514
1720130 517
1720140 517
1720150 518
1720160 522
1720170 522
1720180 525
1720190 529
1720200 529
1720210 533
1720220 538
1720230 538
1720240 539
1720250 539
1720260 539
1720270 539
1720280 538
1720290 538
1720300 533
1720310 529
1720320 526
1720330 526
1720340 523
1720350 524
1720360 524
1720370 522
1720380 519
1720390 519
1720400 518
1720410 515
1720420 515
1720430 513
1720440 510
1720450 510
1720460 508
1720470 507
1720480 506
1720490 506
1720500 507
1720510 507
1720520 507
1720530 505
1720540 502
1720550 502
1720560 499
1720570 494
1720580 494
1720590 488
1720600 489
1720610 489
1720620 495
1720630 499
1720640 499
1720650 499
1720660 499
1720670 498
1720680 498
1720690 498
1720700 496
1720710 496
1720720 493
1720730 484
1720740 484
1720750 489
1720760 494
1720770 494
1720780 499
1720790 504
1720800 510
1720810 510
1720820 516
1720830 520
1720840 520
1720850 523
1720860 525
1720870 525
1720880 528
1720890 529
1720900 529
1720910 530
1720920 528
1720930 528
1720940 526
1720950 524
1720960 522
1720970 522
1720980 521
1720990 520
1721000 520
1721010 519
1721020 519
1721030 519
1721040 520
1721050 519
1721060 519
1721070 514
1721080 516
1721090 516
1721100 517
1721110 516
1721120 516
1721130 516
1721140 517
1721150 522
1721160 522
1721170 525
1721180 528
1721190 528
1721200 531
1721210 534
1721220 534
1721230 538
1721240 542
1721250 542
1721260 543
1721270 541
1721280 541
1721290 540
1721300 539
1721310 539
1721320 539
1721330 538
1721340 536
1721350 536
1721360 533
1721370 531
1721380 531
1721390 528
1721400 524
1721410 524
1721420 522
1721430 519
1721440 519
1721450 516
1721460 514
1721470 513
1721480 513
1721490 510
1721500 503
1721510 503
1721520 499
1721530 493
1721540 493
1721550 489
1721560 488
1721570 488
1721580 491
1721590 492
1721600 492
1721610 490
1721620 487
1721630 481
1721640 481
1721650 477
1721660 479
1721670 479
1721680 485
1721690 491
1721700 491
1721710 494
1721720 498
1721730 498
1721740 502
1721750 506
1721760 506
1721770 510
1721780 515
1721790 519
1721800 519
1721810 519
1721820 517
1721830 517
1721840 516
1721850 516
1721860 516
1721870 516
1721880 515
1721890 515
1721900 517
1721910 517
1721920 517
1721930 518
1721940 521
1721950 525
1721960 525
1721970 530
1721980 534
1721990 534
1722000 537
1722010 542
1722020 542
1722030 545
1722040 548
1722050 548
1722060 548
1722070 545
1722080 545
1722090 543
1722100 541
1722110 541
1722120 540
1722130 539
1722140 539
1722150 539
1722160 540
1722170 540
1722180 540
1722190 541
1722200 542
1722210 542
1722220 543
1722230 542
1722240 542
1722250 540
1722260 537
1722270 537
1722280 534
1722290 533
1722300 532
1722310 532
1722320 529
1722330 526
1722340 526
1722350 524
1722360 520
1722370 520
1722380 516
1722390 515
1722400 515
1722410 517
1722420 518
1722430 518
1722440 519
1722450 521
1722460 522
1722470 522
1722480 523
1722490 523
1722500 523
1722510 526
1722520 527
1722530 527
1722540 528
1722550 525
1722560 525
1722570 522
1722580 521
1722590 521
1722600 521
1722610 522
1722620 521
1722630 521
1722640 516
1722650 511
1722660 511
1722670 508
1722680 507
1722690 507
1722700 505
1722710 501
1722720 501
1722730 498
1722740 493
1722750 493
1722760 495
1722770 498
1722780 501
1722790 501
1722800 504
1722810 507
1722820 510
1722830 513
1722840 516
1722850 516
1722860 518
1722870 519
1722880 519
1722890 520
1722900 521
1722910 521
1722920 522
1722930 522
1722940 522
1722950 525
1722960 525
1722970 526
1722980 526
1722990 529
1723000 531
1723010 531
1723020 533
1723030 535
1723040 535
1723050 537
1723060 537
1723070 537
1723080 533
1723090 529
1723100 529
1723110 526
1723120 522
1723130 519
1723140 519
1723150 518
1723160 516
1723170 516
1723180 513
1723190 510
1723200 510
1723210 508
1723220 505
1723230 505
1723240 502
1723250 499
1723260 499
1723270 495
1723280 493
1723290 490
1723300 490
1723310 484
1723320 478
1723330 478
1723340 473
1723350 467
1723360 467
1723370 462
1723380 457
1723390 457
1723400 455
1723410 452
1723420 452
1723430 451
1723440 445
1723450 448
1723460 448
1723470 448
1723480 447
1723490 447
1723500 444
1723510 438
1723520 438
1723530 434
1723540 429
1723550 429
1723560 421
1723570 418
1723580 418
1723590 420
1723600 422
1723610 413
1723620 413
1723630 409
1723640 417
1723650 417
1723660 420
1723670 422
1723680 422
1723690 423
1723700 424
1723710 424
1723720 426
1723730 428
1723740 428
1723750 430
1723760 430
1723770 430
1723780 430
1723790 430
1723800 430
1723810 430
1723820 431
1723830 434
1723840 434
1723850 437
1723860 440
1723870 440
1723880 441
1723890 442
1723900 442
1723910 440
1723920 438
1723930 438
1723940 434
1723950 430
1723960 425
1723970 425
1723980 420
1723990 415
1724000 415
1724010 411
1724020 406
1724030 406
1724040 402
1724050 397
1724060 397
1724070 392
1724080 386
1724090 386
1724100 383
1724110 378
1724120 372
1724130 372
1724140 366
1724150 363
1724160 363
1724170 362
1724180 361
1724190 361
1724200 370
1724210 376
1724220 376
1724230 380
1724240 385
1724250 385
1724260 389
1724270 394
1724280 396
1724290 396
1724300 397
1724310 401
1724320 401
1724330 399
1724340 400
1724350 400
1724360 399
1724370 398
1724380 398
1724390 398
1724400 393
1724410 393
1724420 394
1724430 396
1724440 402
1724450 402
1724460 406
1724470 410
1724480 410
1724490 413
1724500 415
1724510 415
1724520 417
1724530 419
1724540 419
1724550 419
1724560 416
1724570 416
1724580 413
1724590 410
1724600 410
1724610 407
1724620 404
1724630 402
1724640 402
1724650 400
1724660 399
1724670 399
1724680 398
1724690 400
1724700 400
1724710 402
1724720 406
1724730 406
1724740 411
1724750 412
1724760 412
1724770 411
1724780 407
1724790 403
1724800 403
1724810 400
1724820 396
1724830 396
1724840 392
1724850 391
1724860 391
1724870 387
1724880 383
1724890 383
1724900 381
1724910 379
1724920 379
1724930 377
1724940 374
1724950 368
1724960 368
1724970 366
1724980 360
1724990 360
1725000 357
1725010 354
1725020 354
1725030 353
1725040 351
1725050 351
1725060 349
1725070 348
1725080 348
1725090 347
1725100 346
1725110 345
1725120 345
1725130 343
1725140 341
1725150 341
1725160 340
1725170 340
1725180 340
1725190 339
1725200 338
1725210 338
1725220 337
1725230 337
1725240 337
1725250 336
1725260 336
1725270 335
1725280 335
1725290 335
1725300 334
1725310 334
1725320 332
1725330 334
1725340 334
1725350 334
1725360 334
1725370 334
1725380 334
1725390 333
1725400 333
1725410 333
1725420 333
1725430 333
1725440 337
1725450 341
1725460 345
1725470 345
1725480 347
1725490 349
1725500 349
1725510 350
1725520 352
1725530 352
1725540 353
1725550 354
1725560 354
1725570 354
1725580 348
1725590 348
1725600 342
1725610 339
1725620 336
1725630 336
1725640 334
1725650 334
1725660 334
1725670 334
1725680 335
1725690 335
1725700 335
1725710 335
1725720 335
1725730 336
1725740 339
1725750 339
1725760 342
1725770 348
1725780 352
1725790 352
1725800 356
1725810 360
1725820 360
1725830 364
1725840 367
1725850 367
1725860 371
1725870 374
1725880 374
1725890 376
1725900 377
1725910 377
1725920 378
1725930 379
1725940 381
1725950 381
1725960 385
1725970 392
1725980 392
1725990 399
1726000 404
1726010 404
1726020 408
1726030 409
1726040 409
1726050 410
1726060 406
1726070 406
1726080 403
1726090 401
1726100 401
1726110 401
1726120 401
1726130 400
1726140 400
1726150 398
1726160 395
1726170 395
1726180 391
1726190 387
1726200 387
1726210 383
1726220 379
1726230 379
1726240 376
1726250 373
1726260 373
1726270 369
1726280 361
1726290 362
1726300 362
1726310 363
1726320 362
1726330 362
1726340 359
1726350 357
1726360 357
1726370 361
1726380 367
1726390 367
1726400 368
1726410 374
1726420 374
1726430 382
1726440 389
1726450 392
1726460 392
1726470 395
1726480 397
1726490 397
1726500 398
1726510 401
1726520 401
1726530 402
1726540 404
1726550 404
1726560 406
1726570 407
1726580 407
1726590 409
1726600 411
1726610 412
1726620 412
1726630 414
1726640 415
1726650 415
1726660 416
1726670 418
1726680 418
1726690 421
1726700 423
1726710 423
1726720 426
1726730 429
1726740 429
1726750 433
1726760 436
1726770 439
1726780 439
1726790 442
1726800 445
1726810 445
1726820 448
1726830 451
1726840 451
1726850 454
1726860 457
1726870 457
1726880 459
1726890 461
1726900 461
1726910 461
1726920 461
1726930 460
1726940 460
1726950 459
1726960 458
1726970 458
1726980 457
1726990 457
1727000 457
1727010 458
1727020 459
1727030 459
1727040 460
1727050 460
1727060 460
1727070 460
1727080 460
1727090 461
1727100 461
1727110 462
1727120 462
1727130 462
1727140 464
1727150 465
1727160 465
1727170 467
1727180 469
1727190 469
1727200 471
1727210 473
1727220 473
1727230 473
1727240 475
1727250 475
1727260 472
1727270 472
1727280 472
1727290 472
1727300 469
1727310 465
1727320 465
1727330 463
1727340 459
1727350 459
1727360 456
1727370 452
1727380 452
1727390 449
1727400 446
1727410 446
1727420 443
1727430 439
1727440 438
1727450 438
1727460 436
1727470 435
1727480 435
1727490 431
1727500 430
1727510 430
1727520 427
1727530 423
1727540 423
1727550 421
1727560 419
1727570 419
1727580 416
1727590 413
1727600 411
1727610 411
1727620 408
1727630 405
1727640 405
1727650 402
1727660 399
1727670 399
1727680 397
1727690 394
1727700 394
1727710 391
1727720 388
1727730 388
1727740 386
1727750 384
1727760 382
1727770 382
1727780 379
1727790 376
1727800 376
1727810 377
1727820 378
1727830 378
1727840 378
1727850 372
1727860 372
1727870 374
1727880 369
1727890 369
1727900 366
1727910 361
1727920 355
1727930 355
1727940 354
1727950 355
1727960 355
1727970 354
1727980 357
1727990 357
1728000 358
1728010 360
1728020 360
1728030 360
1728040 358
1728050 358
1728060 359
1728070 361
1728080 361
1728090 363
1728100 362
1728110 361
1728120 361
1728130 362
1728140 365
1728150 365
1728160 369
1728170 367
1728180 367
1728190 364
1728200 360
1728210 360
1728220 357
1728230 358
1728240 358
1728250 363
1728260 368
1728270 377
1728280 377
1728290 381
1728300 383
1728310 383
1728320 387
1728330 390
1728340 390
1728350 392
1728360 392
1728370 392
1728380 392
1728390 392
1728400 392
1728410 391
1728420 391
1728430 390
1728440 390
1728450 390
1728460 389
1728470 389
1728480 389
1728490 390
1728500 390
1728510 390
1728520 393
1728530 393
1728540 394
1728550 396
1728560 396
1728570 399
1728580 399
1728590 399
1728600 399
1728610 400
1728620 399
1728630 399
1728640 398
1728650 397
1728660 397
1728670 394
1728680 391
1728690 391
1728700 388
1728710 385
1728720 385
1728730 384
1728740 382
1728750 378
1728760 378
1728770 377
1728780 377
1728790 377
1728800 376
1728810 376
1728820 376
1728830 377
1728840 378
1728850 378
1728860 380
1728870 382
1728880 382
1728890 381
1728900 381
1728910 381
1728920 382
1728930 382
1728940 382
1728950 382
1728960 382
1728970 382
1728980 382
1728990 382
1729000 381
1729010 381
1729020 380
1729030 378
1729040 378
1729050 375
1729060 372
1729070 372
1729080 368
1729090 366
1729100 362
1729110 362
1729120 358
1729130 352
1729140 352
1729150 346
1729160 339
1729170 339
1729180 333
1729190 327
1729200 327
1729210 324
1729220 321
1729230 321
1729240 319
1729250 317
1729260 317
1729270 317
1729280 317
1729290 317
1729300 317
1729310 315
1729320 316
1729330 316
1729340 317
1729350 318
1729360 318
1729370 321
1729380 327
1729390 327
1729400 329
1729410 330
1729420 332
1729430 332
1729440 332
1729450 333
1729460 333
1729470 334
1729480 335
1729490 335
1729500 337
1729510 339
1729520 339
1729530 340
1729540 344
1729550 344
1729560 345
1729570 347
1729580 348
1729590 348
1729600 350
1729610 354
1729620 354
1729630 357
1729640 361
1729650 361
1729660 362
1729670 364
1729680 364
1729690 366
1729700 368
1729710 368
1729720 372
1729730 376
1729740 376
1729750 379
1729760 381
1729770 383
1729780 383
1729790 385
1729800 388
1729810 388
1729820 390
1729830 392
1729840 392
1729850 394
1729860 395
1729870 395
1729880 397
1729890 398
1729900 398
1729910 400
1729920 402
1729930 404
1729940 404
1729950 404
1729960 402
1729970 402
1729980 399
1729990 395
1730000 395
1730010 392
1730020 389
1730030 389
1730040 386
1730050 383
1730060 383
1730070 381
1730080 379
1730090 377
1730100 377
1730110 375
1730120 374
1730130 374
1730140 372
1730150 369
1730160 369
1730170 367
1730180 365
1730190 365
1730200 362
1730210 359
1730220 359
1730230 354
1730240 351
1730250 348
1730260 348
1730270 346
1730280 344
1730290 344
1730300 346
1730310 348
1730320 348
1730330 351
1730340 355
1730350 355
1730360 357
1730370 359
1730380 359
1730390 360
1730400 362
1730410 364
1730420 364
1730430 365
1730440 367
1730450 367
1730460 370
1730470 371
1730480 371
1730490 373
1730500 375
1730510 375
1730520 377
1730530 378
1730540 378
1730550 381
1730560 382
1730570 382
1730580 382
1730590 382
1730600 383
1730610 383
1730620 383
1730630 383
1730640 383
1730650 384
1730660 384
1730670 384
1730680 386
1730690 390
1730700 390
1730710 394
1730720 397
1730730 397
1730740 401
1730750 406
1730760 412
1730770 412
1730780 417
1730790 421
1730800 421
1730810 424
1730820 428
1730830 428
1730840 432
1730850 436
1730860 436
1730870 441
1730880 443
1730890 443
1730900 446
1730910 449
1730920 452
1730930 452
1730940 455
1730950 458
1730960 458
1730970 461
1730980 466
1730990 466
1731000 468
1731010 471
1731020 471
1731030 473
1731040 474
1731050 474
1731060 475
1731070 470
1731080 465
1731090 465
1731100 460
1731110 454
1731120 454
1731130 452
1731140 449
1731150 449
1731160 447
1731170 445
1731180 445
1731190 443
1731200 442
1731210 442
1731220 439
1731230 439
1731240 436
1731250 436
1731260 432
1731270 426
1731280 426
1731290 424
1731300 421
1731310 421
1731320 418
1731330 415
1731340 415
1731350 412
1731360 410
1731370 410
1731380 407
1731390 405
1731400 405
1731410 402
1731420 400
1731430 397
1731440 397
1731450 394
1731460 393
1731470 393
1731480 392
1731490 390
1731500 390
1731510 389
1731520 387
1731530 387
1731540 385
1731550 383
1731560 383
1731570 381
1731580 380
1731590 378
1731600 378
1731610 376
1731620 376
1731630 376
1731640 374
1731650 375
1731660 375
1731670 378
1731680 379
1731690 379
1731700 378
1731710 377
1731720 377
1731730 375
1731740 372
1731750 368
1731760 368
1731770 364
1731780 361
1731790 361
1731800 357
1731810 353
1731820 353
1731830 350
1731840 346
1731850 346
1731860 341
1731870 335
1731880 335
1731890 334
1731900 342
1731910 345
1731920 345
1731930 351
1731940 354
1731950 354
1731960 355
1731970 356
1731980 356
1731990 357
1732000 359
1732010 359
1732020 361
1732030 363
1732040 363
1732050 366
1732060 368
1732070 370
1732080 370
1732090 372
1732100 374
1732110 374
1732120 376
1732130 378
1732140 378
1732150 380
1732160 382
1732170 382
1732180 384
1732190 386
1732200 386
1732210 388
1732220 391
1732230 393
1732240 393
1732250 394
1732260 396
1732270 396
1732280 399
1732290 401
1732300 401
1732310 404
1732320 407
1732330 407
1732340 409
1732350 412
1732360 412
1732370 415
1732380 419
1732390 419
1732400 422
1732410 425
1732420 427
1732430 427
1732440 430
1732450 432
1732460 432
1732470 432
1732480 431
1732490 431
1732500 431
1732510 430
1732520 430
1732530 427
1732540 424
1732550 424
1732560 421
1732570 418
1732580 414
1732590 414
1732600 411
1732610 408
1732620 408
1732630 405
1732640 402
1732650 402
1732660 399
1732670 396
1732680 396
1732690 394
1732700 389
1732710 389
1732720 387
1732730 386
1732740 383
1732750 383
1732760 378
1732770 376
1732780 376
1732790 374
1732800 368
1732810 368
1732820 363
1732830 358
1732840 358
1732850 355
1732860 354
1732870 354
1732880 351
1732890 351
1732900 349
1732910 349
1732920 345
1732930 339
1732940 339
1732950 334
1732960 329
1732970 329
1732980 325
1732990 324
1733000 324
1733010 323
1733020 321
1733030 321
1733040 320
1733050 318
1733060 316
1733070 316
1733080 314
1733090 312
1733100 312
1733110 312
1733120 313
1733130 313
1733140 313
1733150 314
1733160 314
1733170 316
1733180 316
1733190 316
1733200 317
1733210 318
1733220 318
1733230 318
1733240 319
1733250 322
1733260 322
1733270 325
1733280 329
1733290 329
1733300 333
1733310 336
1733320 336
1733330 339
1733340 342
1733350 342
1733360 344
1733370 346
1733380 346
1733390 347
1733400 348
1733410 349
1733420 349
1733430 351
1733440 352
1733450 352
1733460 355
1733470 358
1733480 358
1733490 361
1733500 363
1733510 363
1733520 364
1733530 366
1733540 366
1733550 368
1733560 372
1733570 374
1733580 374
1733590 375
1733600 373
1733610 373
1733620 370
1733630 368
1733640 368
1733650 366
1733660 365
1733670 365
1733680 364
1733690 363
1733700 363
1733710 361
1733720 360
1733730 358
1733740 358
1733750 356
1733760 354
1733770 354
1733780 352
1733790 348
1733800 348
1733810 346
1733820 348
1733830 348
1733840 349
1733850 348
1733860 348
1733870 344
1733880 343
1733890 337
1733900 337
1733910 342
1733920 345
1733930 345
1733940 346
1733950 346
1733960 346
1733970 347
1733980 349
1733990 349
1734000 352
1734010 352
1734020 352
1734030 353
1734040 354
1734050 354
1734060 354
1734070 354
1734080 354
1734090 354
1734100 355
1734110 357
1734120 357
1734130 359
1734140 360
1734150 360
1734160 362
1734170 364
1734180 364
1734190 365
1734200 368
1734210 368
1734220 371
1734230 372
1734240 373
1734250 373
1734260 374
1734270 374
1734280 374
1734290 375
1734300 376
1734310 376
1734320 376
1734330 377
1734340 377
1734350 377
1734360 378
1734370 378
1734380 378
1734390 379
1734400 377
1734410 377
1734420 377
1734430 376
1734440 376
1734450 376
1734460 375
1734470 375
1734480 374
1734490 372
1734500 372
1734510 371
1734520 369
1734530 369
1734540 368
1734550 367
1734560 366
1734570 366
1734580 365
1734590 364
1734600 364
1734610 362
1734620 361
1734630 361
1734640 360
1734650 358
1734660 358
1734670 357
1734680 355
1734690 355
1734700 353
1734710 352
1734720 350
1734730 350
1734740 349
1734750 347
1734760 347
1734770 345
1734780 343
1734790 343
1734800 342
1734810 342
1734820 342
1734830 341
1734840 340
1734850 340
1734860 339
1734870 338
1734880 338
1734890 337
1734900 338
1734910 340
1734920 340
1734930 343
1734940 347
1734950 347
1734960 349
1734970 350
1734980 350
1734990 349
1735000 349
1735010 349
1735020 349
1735030 349
1735040 349
1735050 348
1735060 348
1735070 347
1735080 347
1735090 347
1735100 347
1735110 347
1735120 347
1735130 346
1735140 346
1735150 345
1735160 345
1735170 345
1735180 343
1735190 342
1735200 342
1735210 341
1735220 339
1735230 338
1735240 338
1735250 338
1735260 340
1735270 340
1735280 341
1735290 342
1735300 342
1735310 343
1735320 347
1735330 347
1735340 350
1735350 353
1735360 353
1735370 357
1735380 360
1735390 366
1735400 366
1735410 369
1735420 373
1735430 373
1735440 375
1735450 377
1735460 377
1735470 379
1735480 383
1735490 383
1735500 385
1735510 387
1735520 387
1735530 389
1735540 390
1735550 392
1735560 392
1735570 392
1735580 393
1735590 393
1735600 393
1735610 394
1735620 394
1735630 395
1735640 396
1735650 396
1735660 396
1735670 396
1735680 396
1735690 396
1735700 393
1735710 393
1735720 389
1735730 387
1735740 384
1735750 384
1735760 380
1735770 376
1735780 376
1735790 373
1735800 370
1735810 370
1735820 366
1735830 363
1735840 363
1735850 358
1735860 355
1735870 355
1735880 352
1735890 350
1735900 349
1735910 349
1735920 348
1735930 346
1735940 346
1735950 345
1735960 344
1735970 344
1735980 342
1735990 341
1736000 341
1736010 339
1736020 338
1736030 338
1736040 337
1736050 336
1736060 336
1736070 336
1736080 337
1736090 339
1736100 339
1736110 343
1736120 345
1736130 345
1736140 342
1736150 342
1736160 342
1736170 343
1736180 342
1736190 342
1736200 340
1736210 340
1736220 343
1736230 343
1736240 343
1736250 346
1736260 346
1736270 349
1736280 350
1736290 350
1736300 350
1736310 350
1736320 350
1736330 349
1736340 349
1736350 349
1736360 348
1736370 348
1736380 347
1736390 347
1736400 347
1736410 346
1736420 346
1736430 345
1736440 344
1736450 344
1736460 342
1736470 341
1736480 341
1736490 340
1736500 338
1736510 338
1736520 337
1736530 336
1736540 336
1736550 335
1736560 334
1736570 332
1736580 332
1736590 331
1736600 330
1736610 330
1736620 328
1736630 327
1736640 327
1736650 326
1736660 324
1736670 324
1736680 323
1736690 322
1736700 322
1736710 319
1736720 318
1736730 316
1736740 316
1736750 314
1736760 312
1736770 312
1736780 309
1736790 307
1736800 307
1736810 305
1736820 303
1736830 303
1736840 303
1736850 304
1736860 304
1736870 306
1736880 308
1736890 312
1736900 312
1736910 314
1736920 317
1736930 317
1736940 321
1736950 324
1736960 324
1736970 327
1736980 331
1736990 331
1737000 334
1737010 335
1737020 335
1737030 337
1737040 338
1737050 339
1737060 339
1737070 340
1737080 341
1737090 341
1737100 343
1737110 344
1737120 344
1737130 344
1737140 345
1737150 345
1737160 346
1737170 346
1737180 346
1737190 347
1737200 347
1737210 347
1737220 347
1737230 348
1737240 348
1737250 348
1737260 350
1737270 352
1737280 352
1737290 354
1737300 357
1737310 357
1737320 359
1737330 362
1737340 362
1737350 363
1737360 365
1737370 366
1737380 366
1737390 367
1737400 371
1737410 371
1737420 372
1737430 373
1737440 373
1737450 373
1737460 374
1737470 374
1737480 378
1737490 384
1737500 384
1737510 389
1737520 392
1737530 392
1737540 393
1737550 393
1737560 393
1737570 393
1737580 392
1737590 391
1737600 390
1737610 390
1737620 389
1737630 389
1737640 389
1737650 390
1737660 390
1737670 391
1737680 391
1737690 391
1737700 392
1737710 391
1737720 389
1737730 389
1737740 388
1737750 387
1737760 387
1737770 386
1737780 387
1737790 387
1737800 388
1737810 388
1737820 388
1737830 388
1737840 387
1737850 387
1737860 385
1737870 385
1737880 388
1737890 388
1737900 390
1737910 390
1737920 390
1737930 391
1737940 389
1737950 389
1737960 388
1737970 389
1737980 389
1737990 389
1738000 388
1738010 388
1738020 388
1738030 388
1738040 390
1738050 390
1738060 390
1738070 387
1738080 387
1738090 385
1738100 384
1738110 384
1738120 385
1738130 385
1738140 385
1738150 386
1738160 388
1738170 388
1738180 388
1738190 389
1738200 389
1738210 389
1738220 388
1738230 388
1738240 388
1738250 387
1738260 386
1738270 386
1738280 387
1738290 386
1738300 386
1738310 386
1738320 386
1738330 386
1738340 385
1738350 384
1738360 384
1738370 383
1738380 382
1738390 382
1738400 382
1738410 381
1738420 381
1738430 381
1738440 381
1738450 380
1738460 380
1738470 381
1738480 379
1738490 379
1738500 379
1738510 378
1738520 378
1738530 378
1738540 377
1738550 377
1738560 377
1738570 377
1738580 376
1738590 376
1738600 373
1738610 370
1738620 370
1738630 367
1738640 366
1738650 366
1738660 365
1738670 365
1738680 365
1738690 366
1738700 366
1738710 367
1738720 367
1738730 368
1738740 370
1738750 370
1738760 374
1738770 375
1738780 375
1738790 375
1738800 374
1738810 374
1738820 372
1738830 366
1738840 366
1738850 363
1738860 361
1738870 359
1738880 359
1738890 355
1738900 350
1738910 350
1738920 346
1738930 341
1738940 341
1738950 337
1738960 331
1738970 331
1738980 327
1738990 324
1739000 324
1739010 322
1739020 319
1739030 318
1739040 318
1739050 316
1739060 312
1739070 312
1739080 309
1739090 308
1739100 308
1739110 305
1739120 303
1739130 303
1739140 301
1739150 299
1739160 299
1739170 298
1739180 296
1739190 296
1739200 294
1739210 291
1739220 290
1739230 290
1739240 287
1739250 286
1739260 286
1739270 286
1739280 285
1739290 285
1739300 284
1739310 281
1739320 281
1739330 280
1739340 280
1739350 280
1739360 277
1739370 276
1739380 276
1739390 276
1739400 275
1739410 273
1739420 273
1739430 272
1739440 274
1739450 274
1739460 274
1739470 277
1739480 277
1739490 277
1739500 277
1739510 277
1739520 277
1739530 277
1739540 280
1739550 280
1739560 281
1739570 283
1739580 283
1739590 285
1739600 285
1739610 285
1739620 286
1739630 287
1739640 287
1739650 288
1739660 288
1739670 288
1739680 288
1739690 287
1739700 286
1739710 286
1739720 287
1739730 287
1739740 287
1739750 287
1739760 288
1739770 288
1739780 288
1739790 287
1739800 287
1739810 289
1739820 289
1739830 289
1739840 289
1739850 285
1739860 279
1739870 279
1739880 275
1739890 276
1739900 276
1739910 278
1739920 281
1739930 281
1739940 281
1739950 286
1739960 286
1739970 281
1739980 278
1739990 278
