1720000 445
1720010 448
1720020 448
1720030 450
1720040 453
1720050 455
1720060 455
1720070 456
1720080 459
1720090 459
1720100 460
1720110 461
1720120 461
1720130 462
1720140 461
1720150 461
1720160 460
1720170 458
1720180 458
1720190 457
1720200 455
1720210 455
1720220 453
1720230 451
1720240 448
1720250 448
1720260 445
1720270 440
1720280 440
1720290 436
1720300 432
1720310 432
1720320 429
1720330 427
1720340 427
1720350 424
1720360 421
1720370 421
1720380 419
1720390 417
1720400 423
1720410 423
1720420 425
1720430 425
1720440 425
1720450 424
1720460 422
1720470 422
1720480 421
1720490 420
1720500 420
1720510 420
1720520 418
1720530 418
1720540 418
1720550 417
1720560 416
1720570 416
1720580 415
1720590 414
1720600 414
1720610 413
1720620 412
1720630 412
1720640 410
1720650 408
1720660 408
1720670 406
1720680 404
1720690 404
1720700 401
1720710 398
1720720 397
1720730 397
1720740 395
1720750 394
1720760 394
1720770 392
1720780 391
1720790 391
1720800 391
1720810 391
1720820 391
1720830 393
1720840 396
1720850 396
1720860 399
1720870 401
1720880 401
1720890 404
1720900 407
1720910 410
1720920 410
1720930 413
1720940 416
1720950 416
1720960 418
1720970 421
1720980 421
1720990 426
1721000 430
1721010 430
1721020 434
1721030 438
1721040 438
1721050 442
1721060 447
1721070 452
1721080 452
1721090 457
1721100 461
1721110 461
1721120 457
1721130 451
1721140 451
1721150 445
1721160 439
1721170 439
1721180 432
1721190 426
1721200 426
1721210 423
1721220 418
1721230 412
1721240 412
1721250 416
1721260 422
1721270 422
1721280 426
1721290 431
1721300 431
1721310 437
1721320 442
1721330 442
1721340 446
1721350 452
1721360 452
1721370 456
1721380 459
1721390 459
1721400 461
1721410 461
1721420 462
1721430 462
1721440 463
1721450 464
1721460 464
1721470 465
1721480 464
1721490 464
1721500 464
1721510 465
1721520 465
1721530 466
1721540 469
1721550 469
1721560 469
1721570 471
1721580 469
1721590 469
1721600 467
1721610 466
1721620 466
1721630 465
1721640 462
1721650 462
1721660 460
1721670 458
1721680 458
1721690 455
1721700 452
1721710 452
1721720 449
1721730 446
1721740 441
1721750 441
1721760 438
1721770 436
1721780 436
1721790 435
1721800 433
1721810 433
1721820 432
1721830 430
1721840 430
1721850 429
1721860 427
1721870 427
1721880 427
1721890 426
1721900 425
1721910 425
1721920 424
1721930 423
1721940 423
1721950 421
1721960 420
1721970 420
1721980 418
1721990 416
1722000 416
1722010 414
1722020 413
1722030 413
1722040 411
1722050 409
1722060 409
1722070 407
1722080 405
1722090 401
1722100 401
1722110 397
1722120 390
1722130 390
1722140 396
1722150 398
1722160 398
1722170 396
1722180 396
1722190 396
1722200 393
1722210 392
1722220 392
1722230 391
1722240 390
1722250 389
1722260 389
1722270 388
1722280 387
1722290 387
1722300 385
1722310 385
1722320 385
1722330 384
1722340 384
1722350 384
1722360 382
1722370 378
1722380 378
1722390 375
1722400 371
1722410 368
1722420 368
1722430 366
1722440 366
1722450 366
1722460 365
1722470 365
1722480 365
1722490 365
1722500 363
1722510 363
1722520 361
1722530 360
1722540 360
1722550 360
1722560 361
1722570 362
1722580 362
1722590 361
1722600 361
1722610 361
1722620 362
1722630 362
1722640 362
1722650 362
1722660 363
1722670 363
1722680 363
1722690 363
1722700 363
1722710 363
1722720 363
1722730 363
1722740 366
1722750 366
1722760 367
1722770 367
1722780 368
1722790 369
1722800 369
1722810 370
1722820 367
1722830 367
1722840 364
1722850 360
1722860 360
1722870 355
1722880 352
1722890 352
1722900 351
1722910 351
1722920 351
1722930 351
1722940 351
1722950 351
1722960 351
1722970 351
1722980 351
1722990 351
1723000 352
1723010 353
1723020 353
1723030 358
1723040 363
1723050 363
1723060 365
1723070 368
1723080 368
1723090 368
1723100 368
1723110 369
1723120 369
1723130 373
1723140 376
1723150 376
1723160 380
1723170 386
1723180 386
1723190 392
1723200 399
1723210 399
1723220 405
1723230 411
1723240 411
1723250 415
1723260 420
1723270 425
1723280 425
1723290 430
1723300 435
1723310 435
1723320 436
1723330 435
1723340 435
1723350 435
1723360 434
1723370 434
1723380 430
1723390 426
1723400 426
1723410 423
1723420 422
1723430 427
1723440 427
1723450 432
1723460 431
1723470 431
1723480 428
1723490 431
1723500 431
1723510 429
1723520 427
1723530 427
1723540 428
1723550 428
1723560 428
1723570 430
1723580 432
1723590 434
1723600 434
1723610 438
1723620 444
1723630 444
1723640 449
1723650 446
1723660 446
1723670 443
1723680 439
1723690 439
1723700 436
1723710 434
1723720 434
1723730 431
1723740 427
1723750 424
1723760 424
1723770 422
1723780 419
1723790 419
1723800 417
1723810 415
1723820 415
1723830 413
1723840 411
1723850 411
1723860 410
1723870 407
1723880 407
1723890 405
1723900 402
1723910 402
1723920 402
1723930 400
1723940 396
1723950 396
1723960 393
1723970 390
1723980 390
1723990 386
1724000 381
1724010 381
1724020 377
1724030 383
1724040 383
1724050 387
1724060 392
1724070 392
1724080 396
1724090 400
1724100 404
1724110 404
1724120 409
1724130 414
1724140 414
1724150 419
1724160 425
1724170 425
1724180 432
1724190 437
1724200 437
1724210 441
1724220 442
1724230 442
1724240 443
1724250 446
1724260 448
1724270 448
1724280 449
1724290 449
1724300 449
1724310 449
1724320 448
1724330 448
1724340 448
1724350 450
1724360 450
1724370 452
1724380 456
1724390 456
1724400 461
1724410 463
1724420 463
1724430 464
1724440 465
1724450 463
1724460 463
1724470 462
1724480 462
1724490 462
1724500 461
1724510 460
1724520 460
1724530 459
1724540 458
1724550 458
1724560 458
1724570 457
1724580 457
1724590 457
1724600 456
1724610 456
1724620 456
1724630 457
1724640 457
1724650 457
1724660 458
1724670 459
1724680 459
1724690 460
1724700 461
1724710 461
1724720 462
1724730 463
1724740 463
1724750 465
1724760 468
1724770 473
1724780 473
1724790 478
1724800 483
1724810 483
1724820 487
1724830 487
1724840 489
1724850 483
1724860 478
1724870 478
1724880 472
1724890 467
1724900 467
1724910 462
1724920 458
1724930 455
1724940 455
1724950 453
1724960 452
1724970 452
1724980 451
1724990 448
1725000 448
1725010 443
1725020 439
1725030 439
1725040 434
1725050 429
1725060 429
1725070 424
1725080 419
1725090 419
1725100 416
1725110 413
1725120 409
1725130 409
1725140 408
1725150 403
1725160 403
1725170 400
1725180 397
1725190 397
1725200 395
1725210 390
1725220 390
1725230 382
1725240 375
1725250 375
1725260 376
1725270 382
1725280 386
1725290 386
1725300 387
1725310 388
1725320 388
1725330 384
1725340 379
1725350 379
1725360 378
1725370 385
1725380 385
1725390 389
1725400 389
1725410 389
1725420 390
1725430 390
1725440 392
1725450 392
1725460 393
1725470 394
1725480 394
1725490 393
1725500 398
1725510 398
1725520 400
1725530 404
1725540 404
1725550 408
1725560 411
1725570 411
1725580 412
1725590 411
1725600 412
1725610 412
1725620 413
1725630 415
1725640 415
1725650 417
1725660 420
1725670 420
1725680 424
1725690 427
1725700 427
1725710 433
1725720 435
1725730 435
1725740 433
1725750 431
1725760 431
1725770 431
1725780 432
1725790 432
1725800 432
1725810 432
1725820 431
1725830 431
1725840 430
1725850 430
1725860 430
1725870 429
1725880 427
1725890 427
1725900 423
1725910 419
1725920 419
1725930 416
1725940 412
1725950 410
1725960 410
1725970 408
1725980 405
1725990 405
1726000 402
1726010 400
1726020 400
1726030 397
1726040 391
1726050 391
1726060 388
1726070 384
1726080 384
1726090 381
1726100 383
1726110 383
1726120 383
1726130 380
1726140 376
1726150 376
1726160 373
1726170 369
1726180 369
1726190 363
1726200 365
1726210 365
1726220 366
1726230 362
1726240 362
1726250 357
1726260 354
1726270 354
1726280 347
1726290 340
1726300 335
1726310 335
1726320 331
1726330 329
1726340 329
1726350 331
1726360 334
1726370 334
1726380 338
1726390 342
1726400 342
1726410 350
1726420 354
1726430 354
1726440 356
1726450 358
1726460 357
1726470 357
1726480 356
1726490 363
1726500 363
1726510 364
1726520 365
1726530 365
1726540 367
1726550 368
1726560 368
1726570 369
1726580 371
1726590 371
1726600 371
1726610 372
1726620 373
1726630 373
1726640 374
1726650 375
1726660 375
1726670 376
1726680 376
1726690 376
1726700 375
1726710 374
1726720 374
1726730 372
1726740 371
1726750 371
1726760 369
1726770 367
1726780 365
1726790 365
1726800 363
1726810 361
1726820 361
1726830 363
1726840 357
1726850 357
1726860 351
1726870 359
1726880 359
1726890 365
1726900 366
1726910 366
1726920 368
1726930 369
1726940 369
1726950 371
1726960 373
1726970 376
1726980 376
1726990 379
1727000 382
1727010 382
1727020 383
1727030 380
1727040 380
1727050 377
1727060 374
1727070 374
1727080 370
1727090 368
1727100 368
1727110 365
1727120 363
1727130 361
1727140 361
1727150 360
1727160 359
1727170 359
1727180 358
1727190 356
1727200 356
1727210 355
1727220 354
1727230 354
1727240 354
1727250 354
1727260 354
1727270 353
1727280 357
1727290 357
1727300 357
1727310 355
1727320 353
1727330 353
1727340 350
1727350 346
1727360 346
1727370 343
1727380 340
1727390 340
1727400 338
1727410 337
1727420 337
1727430 335
1727440 334
1727450 330
1727460 330
1727470 330
1727480 330
1727490 330
1727500 331
1727510 333
1727520 333
1727530 333
1727540 333
1727550 333
1727560 327
1727570 325
1727580 325
1727590 323
1727600 322
1727610 322
1727620 320
1727630 318
1727640 316
1727650 316
1727660 314
1727670 313
1727680 313
1727690 311
1727700 309
1727710 309
1727720 308
1727730 308
1727740 308
1727750 308
1727760 307
1727770 307
1727780 308
1727790 309
1727800 309
1727810 309
1727820 309
1727830 309
1727840 309
1727850 309
1727860 309
1727870 309
1727880 309
1727890 310
1727900 310
1727910 310
1727920 311
1727930 311
1727940 311
1727950 311
1727960 311
1727970 311
1727980 311
1727990 310
1728000 310
1728010 311
1728020 311
1728030 311
1728040 312
1728050 311
1728060 311
1728070 311
1728080 311
1728090 311
1728100 310
1728110 310
1728120 310
1728130 310
1728140 310
1728150 310
1728160 310
1728170 309
1728180 308
1728190 308
1728200 307
1728210 306
1728220 306
1728230 305
1728240 303
1728250 303
1728260 302
1728270 302
1728280 302
1728290 301
1728300 301
1728310 301
1728320 301
1728330 302
1728340 303
1728350 303
1728360 305
1728370 306
1728380 306
1728390 308
1728400 310
1728410 310
1728420 310
1728430 311
1728440 311
1728450 311
1728460 312
1728470 312
1728480 312
1728490 313
1728500 314
1728510 314
1728520 314
1728530 315
1728540 315
1728550 316
1728560 317
1728570 317
1728580 318
1728590 318
1728600 318
1728610 319
1728620 319
1728630 319
1728640 319
1728650 320
1728660 321
1728670 321
1728680 324
1728690 327
1728700 327
1728710 330
1728720 333
1728730 333
1728740 335
1728750 336
1728760 336
1728770 336
1728780 336
1728790 336
1728800 336
1728810 337
1728820 337
1728830 337
1728840 337
1728850 337
1728860 337
1728870 339
1728880 342
1728890 342
1728900 343
1728910 345
1728920 345
1728930 347
1728940 348
1728950 348
1728960 349
1728970 348
1728980 346
1728990 346
1729000 344
1729010 341
1729020 341
1729030 338
1729040 336
1729050 336
1729060 334
1729070 333
1729080 333
1729090 331
1729100 328
1729110 328
1729120 324
1729130 319
1729140 317
1729150 317
1729160 314
1729170 310
1729180 310
1729190 308
1729200 307
1729210 307
1729220 305
1729230 303
1729240 303
1729250 302
1729260 300
1729270 300
1729280 298
1729290 296
1729300 296
1729310 295
1729320 294
1729330 293
1729340 293
1729350 293
1729360 293
1729370 293
1729380 293
1729390 294
1729400 294
1729410 295
1729420 296
1729430 296
1729440 298
1729450 299
1729460 299
1729470 301
1729480 304
1729490 306
1729500 306
1729510 307
1729520 309
1729530 309
1729540 311
1729550 313
1729560 313
1729570 315
1729580 317
1729590 317
1729600 319
1729610 322
1729620 322
1729630 324
1729640 325
1729650 326
1729660 326
1729670 328
1729680 329
1729690 329
1729700 333
1729710 336
1729720 336
1729730 336
1729740 337
1729750 337
1729760 337
1729770 338
1729780 338
1729790 338
1729800 340
1729810 341
1729820 341
1729830 341
1729840 341
1729850 341
1729860 340
1729870 339
1729880 339
1729890 338
1729900 336
1729910 336
1729920 333
1729930 331
1729940 331
1729950 330
1729960 328
1729970 328
1729980 327
1729990 325
1730000 323
1730010 323
1730020 321
1730030 318
1730040 318
1730050 315
1730060 313
1730070 313
1730080 311
1730090 308
1730100 308
1730110 307
1730120 307
1730130 307
1730140 307
1730150 308
1730160 308
1730170 308
1730180 310
1730190 312
1730200 312
1730210 314
1730220 317
1730230 317
1730240 319
1730250 325
1730260 325
1730270 327
1730280 330
1730290 330
1730300 331
1730310 332
1730320 333
1730330 333
1730340 332
1730350 331
1730360 331
1730370 330
1730380 330
1730390 330
1730400 330
1730410 329
1730420 329
1730430 327
1730440 325
1730450 325
1730460 323
1730470 320
1730480 317
1730490 317
1730500 315
1730510 314
1730520 314
1730530 313
1730540 312
1730550 312
1730560 311
1730570 310
1730580 310
1730590 308
1730600 307
1730610 307
1730620 305
1730630 304
1730640 304
1730650 303
1730660 301
1730670 300
1730680 300
1730690 298
1730700 297
1730710 297
1730720 295
1730730 294
1730740 294
1730750 293
1730760 292
1730770 292
1730780 291
1730790 290
1730800 290
1730810 288
1730820 288
1730830 287
1730840 287
1730850 286
1730860 286
1730870 286
1730880 285
1730890 284
1730900 284
1730910 284
1730920 283
1730930 283
1730940 283
1730950 282
1730960 282
1730970 281
1730980 280
1730990 279
1731000 279
1731010 279
1731020 279
1731030 279
1731040 279
1731050 279
1731060 279
1731070 279
1731080 279
1731090 279
1731100 279
1731110 279
1731120 279
1731130 279
1731140 279
1731150 279
1731160 277
1731170 279
1731180 279
1731190 279
1731200 279
1731210 279
1731220 279
1731230 279
1731240 279
1731250 279
1731260 279
1731270 279
1731280 279
1731290 279
1731300 279
1731310 279
1731320 280
1731330 280
1731340 280
1731350 280
1731360 280
1731370 280
1731380 280
1731390 280
1731400 281
1731410 281
1731420 281
1731430 281
1731440 281
1731450 281
1731460 281
1731470 281
1731480 281
1731490 281
1731500 281
1731510 281
1731520 281
1731530 281
1731540 281
1731550 281
1731560 282
1731570 282
1731580 282
1731590 282
1731600 282
1731610 282
1731620 283
1731630 283
1731640 283
1731650 283
1731660 284
1731670 284
1731680 284
1731690 285
1731700 285
1731710 285
1731720 286
1731730 286
1731740 287
1731750 288
1731760 288
1731770 289
1731780 289
1731790 289
1731800 289
1731810 289
1731820 289
1731830 290
1731840 290
1731850 290
1731860 290
1731870 291
1731880 289
1731890 289
1731900 288
1731910 287
1731920 287
1731930 287
1731940 288
1731950 288
1731960 290
1731970 290
1731980 290
1731990 290
1732000 290
1732010 289
1732020 289
1732030 289
1732040 290
1732050 290
1732060 290
1732070 290
1732080 290
1732090 290
1732100 290
1732110 290
1732120 290
1732130 290
1732140 290
1732150 290
1732160 290
1732170 291
1732180 291
1732190 291
1732200 291
1732210 291
1732220 291
1732230 291
1732240 291
1732250 291
1732260 291
1732270 291
1732280 291
1732290 291
1732300 291
1732310 292
1732320 292
1732330 292
1732340 291
1732350 292
1732360 292
1732370 292
1732380 292
1732390 293
1732400 293
1732410 294
1732420 294
1732430 294
1732440 295
1732450 296
1732460 296
1732470 296
1732480 297
1732490 297
1732500 297
1732510 298
1732520 298
1732530 298
1732540 299
1732550 299
1732560 299
1732570 300
1732580 300
1732590 300
1732600 301
1732610 301
1732620 301
1732630 302
1732640 302
1732650 302
1732660 302
1732670 304
1732680 305
1732690 305
1732700 307
1732710 309
1732720 309
1732730 310
1732740 311
1732750 311
1732760 312
1732770 313
1732780 313
1732790 316
1732800 317
1732810 317
1732820 318
1732830 316
1732840 313
1732850 313
1732860 309
1732870 306
1732880 306
1732890 303
1732900 301
1732910 301
1732920 300
1732930 300
1732940 300
1732950 301
1732960 302
1732970 302
1732980 304
1732990 305
1733000 305
1733010 309
1733020 311
1733030 313
1733040 313
1733050 316
1733060 317
1733070 317
1733080 319
1733090 320
1733100 320
1733110 322
1733120 324
1733130 324
1733140 324
1733150 323
1733160 323
1733170 323
1733180 321
1733190 321
1733200 321
1733210 321
1733220 323
1733230 323
1733240 325
1733250 325
1733260 325
1733270 324
1733280 323
1733290 323
1733300 322
1733310 320
1733320 320
1733330 321
1733340 320
1733350 318
1733360 318
1733370 315
1733380 315
1733390 315
1733400 312
1733410 311
1733420 311
1733430 311
1733440 311
1733450 311
1733460 310
1733470 310
1733480 310
1733490 311
1733500 312
1733510 313
1733520 313
1733530 315
1733540 316
1733550 316
1733560 317
1733570 318
1733580 318
1733590 318
1733600 317
1733610 317
1733620 318
1733630 318
1733640 318
1733650 318
1733660 318
1733670 318
1733680 317
1733690 316
1733700 315
1733710 315
1733720 315
1733730 314
1733740 314
1733750 313
1733760 312
1733770 312
1733780 311
1733790 311
1733800 311
1733810 310
1733820 309
1733830 309
1733840 308
1733850 307
1733860 306
1733870 306
1733880 306
1733890 305
1733900 305
1733910 304
1733920 304
1733930 304
1733940 303
1733950 302
1733960 302
1733970 301
1733980 300
1733990 300
1734000 300
1734010 299
1734020 298
1734030 298
1734040 298
1734050 297
1734060 297
1734070 296
1734080 296
1734090 296
1734100 295
1734110 294
1734120 294
1734130 293
1734140 293
1734150 293
1734160 292
1734170 292
1734180 292
1734190 291
1734200 290
1734210 289
1734220 289
1734230 289
1734240 289
1734250 289
1734260 288
1734270 288
1734280 288
1734290 288
1734300 288
1734310 288
1734320 288
1734330 288
1734340 288
1734350 287
1734360 285
1734370 281
1734380 281
1734390 278
1734400 275
1734410 275
1734420 274
1734430 273
1734440 273
1734450 272
1734460 272
1734470 272
1734480 271
1734490 270
1734500 270
1734510 268
1734520 262
1734530 266
1734540 266
1734550 269
1734560 269
1734570 269
1734580 267
1734590 256
1734600 256
1734610 255
1734620 257
1734630 257
1734640 257
1734650 257
1734660 257
1734670 257
1734680 258
1734690 258
1734700 258
1734710 259
1734720 260
1734730 260
1734740 260
1734750 261
1734760 261
1734770 261
1734780 260
1734790 260
1734800 260
1734810 260
1734820 260
1734830 260
1734840 260
1734850 260
1734860 259
1734870 259
1734880 259
1734890 259
1734900 260
1734910 260
1734920 260
1734930 260
1734940 260
1734950 260
1734960 261
1734970 260
1734980 260
1734990 260
1735000 260
1735010 260
1735020 259
1735030 259
1735040 259
1735050 259
1735060 261
1735070 262
1735080 262
1735090 261
1735100 262
1735110 262
1735120 262
1735130 262
1735140 262
1735150 261
1735160 262
1735170 262
1735180 262
1735190 262
1735200 263
1735210 263
1735220 263
1735230 263
1735240 263
1735250 263
1735260 264
1735270 264
1735280 267
1735290 267
1735300 267
1735310 267
1735320 268
1735330 268
1735340 271
1735350 272
1735360 272
1735370 273
1735380 274
1735390 275
1735400 275
1735410 276
1735420 277
1735430 277
1735440 279
1735450 280
1735460 280
1735470 281
1735480 282
1735490 282
1735500 283
1735510 285
1735520 285
1735530 286
1735540 287
1735550 289
1735560 289
1735570 291
1735580 292
1735590 292
1735600 294
1735610 296
1735620 296
1735630 297
1735640 299
1735650 299
1735660 300
1735670 301
1735680 301
1735690 302
1735700 302
1735710 303
1735720 303
1735730 303
1735740 304
1735750 304
1735760 305
1735770 305
1735780 305
1735790 305
1735800 306
1735810 306
1735820 306
1735830 306
1735840 306
1735850 307
1735860 307
1735870 307
1735880 307
1735890 308
1735900 308
1735910 308
1735920 309
1735930 310
1735940 310
1735950 311
1735960 312
1735970 312
1735980 314
1735990 315
1736000 315
1736010 316
1736020 315
1736030 315
1736040 313
1736050 312
1736060 311
1736070 311
1736080 310
1736090 309
1736100 309
1736110 305
1736120 303
1736130 303
1736140 302
1736150 304
1736160 304
1736170 305
1736180 302
1736190 302
1736200 301
1736210 300
1736220 300
1736230 300
1736240 301
1736250 302
1736260 302
1736270 304
1736280 305
1736290 305
1736300 308
1736310 312
1736320 312
1736330 314
1736340 318
1736350 318
1736360 320
1736370 321
1736380 321
1736390 321
1736400 321
1736410 321
1736420 321
1736430 321
1736440 321
1736450 321
1736460 320
1736470 319
1736480 319
1736490 318
1736500 317
1736510 317
1736520 316
1736530 315
1736540 314
1736550 314
1736560 313
1736570 310
1736580 310
1736590 309
1736600 307
1736610 307
1736620 305
1736630 303
1736640 303
1736650 299
1736660 296
1736670 296
1736680 292
1736690 288
1736700 288
1736710 283
1736720 277
1736730 273
1736740 273
1736750 269
1736760 266
1736770 266
1736780 260
1736790 256
1736800 256
1736810 255
1736820 254
1736830 254
1736840 254
1736850 253
1736860 253
1736870 253
1736880 253
1736890 253
1736900 253
1736910 253
1736920 253
1736930 253
1736940 253
1736950 253
1736960 253
1736970 253
1736980 253
1736990 253
1737000 253
1737010 252
1737020 252
1737030 252
1737040 252
1737050 252
1737060 252
1737070 252
1737080 252
1737090 252
1737100 252
1737110 252
1737120 252
1737130 250
1737140 250
1737150 250
1737160 250
1737170 252
1737180 252
1737190 254
1737200 254
1737210 254
1737220 255
1737230 255
1737240 253
1737250 253
1737260 253
1737270 253
1737280 253
1737290 253
1737300 253
1737310 253
1737320 253
1737330 253
1737340 253
1737350 253
1737360 253
1737370 253
1737380 253
1737390 253
1737400 253
1737410 253
1737420 253
1737430 253
1737440 253
1737450 253
1737460 253
1737470 253
1737480 253
1737490 254
1737500 254
1737510 255
1737520 254
1737530 254
1737540 252
1737550 252
1737560 250
1737570 250
1737580 252
1737590 252
1737600 252
1737610 252
1737620 252
1737630 252
1737640 252
1737650 252
1737660 252
1737670 252
1737680 252
1737690 252
1737700 252
1737710 252
1737720 252
1737730 252
1737740 252
1737750 252
1737760 252
1737770 252
1737780 252
1737790 252
1737800 252
1737810 252
1737820 252
1737830 252
1737840 252
1737850 252
1737860 252
1737870 252
1737880 252
1737890 252
1737900 251
1737910 252
1737920 252
1737930 252
1737940 252
1737950 252
1737960 252
1737970 252
1737980 252
1737990 251
1738000 251
1738010 251
1738020 251
1738030 251
1738040 251
1738050 251
1738060 251
1738070 251
1738080 251
1738090 252
1738100 251
1738110 251
1738120 251
1738130 251
1738140 251
1738150 251
1738160 251
1738170 251
1738180 252
1738190 252
1738200 252
1738210 252
1738220 251
1738230 251
1738240 251
1738250 252
1738260 252
1738270 252
1738280 252
1738290 251
1738300 251
1738310 251
1738320 251
1738330 251
1738340 251
1738350 251
1738360 251
1738370 251
1738380 251
1738390 251
1738400 251
1738410 251
1738420 251
1738430 251
1738440 251
1738450 251
1738460 251
1738470 251
1738480 251
1738490 251
1738500 251
1738510 251
1738520 251
1738530 251
1738540 251
1738550 251
1738560 251
1738570 251
1738580 251
1738590 251
1738600 251
1738610 251
1738620 251
1738630 251
1738640 251
1738650 251
1738660 251
1738670 251
1738680 251
1738690 251
1738700 251
1738710 251
1738720 251
1738730 251
1738740 251
1738750 251
1738760 251
1738770 251
1738780 251
1738790 251
1738800 251
1738810 251
1738820 251
1738830 251
1738840 251
1738850 251
1738860 251
1738870 251
1738880 251
1738890 251
1738900 251
1738910 251
1738920 251
1738930 251
1738940 251
1738950 251
1738960 251
1738970 251
1738980 251
1738990 251
1739000 251
1739010 251
1739020 251
1739030 251
1739040 251
1739050 251
1739060 251
1739070 251
1739080 253
1739090 253
1739100 253
1739110 251
1739120 250
1739130 250
1739140 252
1739150 252
1739160 252
1739170 250
1739180 251
1739190 251
1739200 251
1739210 251
1739220 251
1739230 251
1739240 251
1739250 251
1739260 251
1739270 251
1739280 251
1739290 251
1739300 251
1739310 251
1739320 251
1739330 251
1739340 251
1739350 251
1739360 251
1739370 251
1739380 251
1739390 250
1739400 251
1739410 251
1739420 251
1739430 250
1739440 250
1739450 250
1739460 251
1739470 251
1739480 251
1739490 250
1739500 250
1739510 250
1739520 250
1739530 250
1739540 250
1739550 250
1739560 250
1739570 250
1739580 250
1739590 250
1739600 250
1739610 250
1739620 250
1739630 250
1739640 250
1739650 251
1739660 251
1739670 251
1739680 252
1739690 252
1739700 252
1739710 252
1739720 252
1739730 252
1739740 253
1739750 252
1739760 251
1739770 251
1739780 250
1739790 250
1739800 250
1739810 250
1739820 250
1739830 250
1739840 250
1739850 251
1739860 251
1739870 251
1739880 252
1739890 252
1739900 252
1739910 252
1739920 252
1739930 252
1739940 252
1739950 252
1739960 252
1739970 252
1739980 252
1739990 252
