1720000 388
1720010 397
1720020 397
1720030 401
1720040 400
1720050 400
1720060 401
1720070 402
1720080 402
1720090 405
1720100 413
1720110 413
1720120 417
1720130 421
1720140 421
1720150 424
1720160 427
1720170 429
1720180 429
1720190 430
1720200 431
1720210 431
1720220 431
1720230 431
1720240 431
1720250 430
1720260 427
1720270 427
1720280 424
1720290 421
1720300 421
1720310 416
1720320 413
1720330 411
1720340 411
1720350 408
1720360 406
1720370 406
1720380 404
1720390 401
1720400 401
1720410 399
1720420 397
1720430 397
1720440 395
1720450 393
1720460 393
1720470 391
1720480 389
1720490 389
1720500 387
1720510 385
1720520 383
1720530 383
1720540 381
1720550 377
1720560 377
1720570 373
1720580 370
1720590 370
1720600 369
1720610 368
1720620 368
1720630 365
1720640 363
1720650 363
1720660 363
1720670 362
1720680 364
1720690 364
1720700 368
1720710 374
1720720 374
1720730 379
1720740 383
1720750 383
1720760 386
1720770 389
1720780 389
1720790 392
1720800 395
1720810 395
1720820 398
1720830 399
1720840 402
1720850 402
1720860 405
1720870 409
1720880 409
1720890 412
1720900 415
1720910 415
1720920 417
1720930 416
1720940 416
1720950 411
1720960 405
1720970 405
1720980 399
1720990 395
1721000 395
1721010 391
1721020 388
1721030 385
1721040 385
1721050 382
1721060 378
1721070 378
1721080 374
1721090 373
1721100 373
1721110 370
1721120 364
1721130 364
1721140 363
1721150 364
1721160 364
1721170 370
1721180 375
1721190 377
1721200 377
1721210 380
1721220 383
1721230 383
1721240 387
1721250 391
1721260 391
1721270 395
1721280 398
1721290 398
1721300 399
1721310 399
1721320 399
1721330 400
1721340 401
1721350 404
1721360 404
1721370 406
1721380 411
1721390 411
1721400 414
1721410 414
1721420 414
1721430 415
1721440 419
1721450 419
1721460 423
1721470 426
1721480 426
1721490 428
1721500 430
1721510 432
1721520 432
1721530 433
1721540 435
1721550 435
1721560 435
1721570 441
1721580 441
1721590 443
1721600 444
1721610 444
1721620 442
1721630 445
1721640 445
1721650 443
1721660 440
1721670 440
1721680 436
1721690 434
1721700 433
1721710 433
1721720 432
1721730 430
1721740 430
1721750 426
1721760 422
1721770 422
1721780 419
1721790 415
1721800 415
1721810 411
1721820 407
1721830 407
1721840 402
1721850 401
1721860 399
1721870 399
1721880 391
1721890 385
1721900 385
1721910 395
1721920 399
1721930 399
1721940 400
1721950 402
1721960 402
1721970 404
1721980 405
1721990 405
1722000 405
1722010 404
1722020 402
1722030 402
1722040 400
1722050 397
1722060 397
1722070 394
1722080 390
1722090 390
1722100 386
1722110 378
1722120 378
1722130 371
1722140 378
1722150 378
1722160 386
1722170 390
1722180 390
1722190 392
1722200 394
1722210 394
1722220 394
1722230 395
1722240 395
1722250 395
1722260 393
1722270 388
1722280 388
1722290 382
1722300 377
1722310 377
1722320 370
1722330 369
1722340 369
1722350 378
1722360 384
1722370 387
1722380 387
1722390 392
1722400 396
1722410 396
1722420 401
1722430 402
1722440 402
1722450 403
1722460 400
1722470 400
1722480 400
1722490 401
1722500 401
1722510 400
1722520 400
1722530 399
1722540 399
1722550 398
1722560 395
1722570 395
1722580 393
1722590 390
1722600 390
1722610 387
1722620 384
1722630 384
1722640 381
1722650 379
1722660 379
1722670 376
1722680 374
1722690 372
1722700 372
1722710 369
1722720 365
1722730 365
1722740 361
1722750 356
1722760 356
1722770 351
1722780 347
1722790 347
1722800 345
1722810 344
1722820 344
1722830 343
1722840 342
1722850 342
1722860 342
1722870 341
1722880 342
1722890 342
1722900 342
1722910 343
1722920 343
1722930 343
1722940 343
1722950 343
1722960 345
1722970 350
1722980 350
1722990 357
1723000 361
1723010 361
1723020 366
1723030 370
1723040 375
1723050 375
1723060 381
1723070 387
1723080 387
1723090 393
1723100 393
1723110 393
1723120 389
1723130 386
1723140 386
1723150 384
1723160 384
1723170 384
1723180 384
1723190 383
1723200 381
1723210 381
1723220 382
1723230 383
1723240 383
1723250 384
1723260 385
1723270 385
1723280 388
1723290 389
1723300 389
1723310 390
1723320 390
1723330 390
1723340 392
1723350 397
1723360 397
1723370 403
1723380 410
1723390 412
1723400 412
1723410 414
1723420 418
1723430 418
1723440 421
1723450 425
1723460 425
1723470 429
1723480 433
1723490 433
1723500 438
1723510 443
1723520 443
1723530 450
1723540 455
1723550 460
1723560 460
1723570 466
1723580 466
1723590 466
1723600 463
1723610 460
1723620 460
1723630 459
1723640 459
1723650 459
1723660 459
1723670 458
1723680 458
1723690 459
1723700 461
1723710 462
1723720 462
1723730 461
1723740 454
1723750 454
1723760 447
1723770 441
1723780 441
1723790 435
1723800 430
1723810 430
1723820 424
1723830 418
1723840 418
1723850 412
1723860 407
1723870 403
1723880 403
1723890 399
1723900 397
1723910 397
1723920 394
1723930 392
1723940 392
1723950 389
1723960 388
1723970 388
1723980 388
1723990 390
1724000 390
1724010 392
1724020 392
1724030 392
1724040 388
1724050 384
1724060 379
1724070 379
1724080 375
1724090 371
1724100 371
1724110 368
1724120 364
1724130 364
1724140 359
1724150 357
1724160 357
1724170 356
1724180 353
1724190 353
1724200 355
1724210 360
1724220 365
1724230 365
1724240 369
1724250 374
1724260 374
1724270 379
1724280 385
1724290 385
1724300 385
1724310 382
1724320 382
1724330 381
1724340 379
1724350 379
1724360 378
1724370 377
1724380 376
1724390 376
1724400 374
1724410 374
1724420 374
1724430 372
1724440 369
1724450 369
1724460 365
1724470 363
1724480 363
1724490 367
1724500 373
1724510 373
1724520 379
1724530 383
1724540 383
1724550 388
1724560 391
1724570 394
1724580 394
1724590 398
1724600 401
1724610 401
1724620 404
1724630 407
1724640 407
1724650 412
1724660 418
1724670 418
1724680 422
1724690 429
1724700 429
1724710 436
1724720 439
1724730 441
1724740 441
1724750 444
1724760 447
1724770 447
1724780 449
1724790 453
1724800 453
1724810 456
1724820 460
1724830 461
1724840 459
1724850 454
1724860 454
1724870 449
1724880 444
1724890 440
1724900 440
1724910 436
1724920 431
1724930 431
1724940 427
1724950 424
1724960 424
1724970 422
1724980 421
1724990 421
1725000 419
1725010 418
1725020 418
1725030 414
1725040 411
1725050 418
1725060 418
1725070 419
1725080 420
1725090 420
1725100 421
1725110 424
1725120 424
1725130 429
1725140 434
1725150 434
1725160 439
1725170 444
1725180 444
1725190 446
1725200 446
1725210 446
1725220 445
1725230 440
1725240 435
1725250 435
1725260 430
1725270 427
1725280 427
1725290 426
1725300 423
1725310 423
1725320 419
1725330 415
1725340 415
1725350 412
1725360 410
1725370 410
1725380 408
1725390 404
1725400 399
1725410 399
1725420 397
1725430 397
1725440 397
1725450 399
1725460 398
1725470 398
1725480 396
1725490 394
1725500 394
1725510 393
1725520 391
1725530 391
1725540 390
1725550 389
1725560 388
1725570 388
1725580 388
1725590 388
1725600 388
1725610 388
1725620 388
1725630 388
1725640 388
1725650 389
1725660 389
1725670 389
1725680 389
1725690 389
1725700 389
1725710 388
1725720 388
1725730 385
1725740 382
1725750 377
1725760 377
1725770 369
1725780 367
1725790 367
1725800 375
1725810 378
1725820 378
1725830 381
1725840 385
1725850 385
1725860 389
1725870 392
1725880 392
1725890 396
1725900 400
1725910 404
1725920 404
1725930 407
1725940 411
1725950 411
1725960 415
1725970 418
1725980 418
1725990 417
1726000 415
1726010 415
1726020 411
1726030 407
1726040 407
1726050 404
1726060 402
1726070 400
1726080 400
1726090 396
1726100 393
1726110 393
1726120 389
1726130 385
1726140 385
1726150 381
1726160 373
1726170 373
1726180 367
1726190 367
1726200 367
1726210 365
1726220 356
1726230 356
1726240 361
1726250 366
1726260 370
1726270 370
1726280 374
1726290 377
1726300 377
1726310 379
1726320 380
1726330 380
1726340 382
1726350 382
1726360 382
1726370 382
1726380 388
1726390 388
1726400 392
1726410 395
1726420 398
1726430 398
1726440 401
1726450 404
1726460 404
1726470 407
1726480 410
1726490 410
1726500 413
1726510 414
1726520 414
1726530 413
1726540 409
1726550 409
1726560 405
1726570 402
1726580 398
1726590 398
1726600 395
1726610 393
1726620 393
1726630 390
1726640 388
1726650 388
1726660 384
1726670 381
1726680 381
1726690 377
1726700 377
1726710 377
1726720 373
1726730 367
1726740 371
1726750 371
1726760 373
1726770 371
1726780 371
1726790 365
1726800 363
1726810 363
1726820 368
1726830 362
1726840 362
1726850 361
1726860 369
1726870 369
1726880 373
1726890 375
1726900 375
1726910 376
1726920 378
1726930 380
1726940 380
1726950 381
1726960 381
1726970 381
1726980 381
1726990 380
1727000 380
1727010 379
1727020 377
1727030 377
1727040 374
1727050 371
1727060 371
1727070 367
1727080 364
1727090 360
1727100 359
1727110 355
1727120 351
1727130 351
1727140 347
1727150 344
1727160 344
1727170 341
1727180 337
1727190 337
1727200 331
1727210 330
1727220 330
1727230 326
1727240 322
1727250 322
1727260 322
1727270 322
1727280 326
1727290 326
1727300 329
1727310 332
1727320 332
1727330 334
1727340 336
1727350 336
1727360 338
1727370 340
1727380 340
1727390 341
1727400 344
1727410 344
1727420 346
1727430 349
1727440 352
1727450 352
1727460 354
1727470 358
1727480 358
1727490 360
1727500 363
1727510 363
1727520 366
1727530 370
1727540 370
1727550 371
1727560 372
1727570 372
1727580 372
1727590 372
1727600 371
1727610 371
1727620 369
1727630 368
1727640 368
1727650 365
1727660 362
1727670 362
1727680 359
1727690 356
1727700 356
1727710 354
1727720 351
1727730 351
1727740 349
1727750 347
1727760 345
1727770 345
1727780 343
1727790 341
1727800 341
1727810 338
1727820 336
1727830 336
1727840 335
1727850 332
1727860 332
1727870 329
1727880 325
1727890 325
1727900 320
1727910 319
1727920 318
1727930 318
1727940 316
1727950 316
1727960 316
1727970 320
1727980 321
1727990 321
1728000 320
1728010 318
1728020 318
1728030 315
1728040 317
1728050 317
1728060 320
1728070 317
1728080 317
1728090 318
1728100 323
1728110 324
1728120 324
1728130 326
1728140 327
1728150 327
1728160 328
1728170 329
1728180 329
1728190 331
1728200 333
1728210 333
1728220 335
1728230 336
1728240 336
1728250 337
1728260 338
1728270 339
1728280 339
1728290 340
1728300 342
1728310 342
1728320 343
1728330 343
1728340 343
1728350 344
1728360 345
1728370 345
1728380 346
1728390 348
1728400 348
1728410 349
1728420 351
1728430 352
1728440 352
1728450 354
1728460 356
1728470 356
1728480 357
1728490 360
1728500 360
1728510 362
1728520 365
1728530 365
1728540 366
1728550 366
1728560 366
1728570 364
1728580 363
1728590 363
1728600 360
1728610 360
1728620 358
1728630 358
1728640 354
1728650 349
1728660 349
1728670 342
1728680 340
1728690 340
1728700 337
1728710 333
1728720 333
1728730 332
1728740 331
1728750 331
1728760 329
1728770 322
1728780 323
1728790 323
1728800 319
1728810 321
1728820 321
1728830 322
1728840 321
1728850 321
1728860 319
1728870 317
1728880 317
1728890 316
1728900 315
1728910 315
1728920 313
1728930 312
1728940 311
1728950 311
1728960 310
1728970 308
1728980 308
1728990 306
1729000 304
1729010 304
1729020 302
1729030 299
1729040 299
1729050 300
1729060 300
1729070 300
1729080 300
1729090 300
1729100 301
1729110 301
1729120 301
1729130 301
1729140 301
1729150 302
1729160 302
1729170 302
1729180 302
1729190 303
1729200 303
1729210 303
1729220 303
1729230 303
1729240 304
1729250 305
1729260 305
1729270 306
1729280 307
1729290 308
1729300 308
1729310 310
1729320 311
1729330 311
1729340 312
1729350 313
1729360 313
1729370 315
1729380 317
1729390 317
1729400 320
1729410 324
1729420 324
1729430 329
1729440 332
1729450 336
1729460 336
1729470 338
1729480 341
1729490 341
1729500 344
1729510 346
1729520 346
1729530 348
1729540 349
1729550 349
1729560 351
1729570 352
1729580 352
1729590 353
1729600 354
1729610 353
1729620 353
1729630 353
1729640 351
1729650 351
1729660 349
1729670 347
1729680 347
1729690 344
1729700 341
1729710 341
1729720 340
1729730 338
1729740 338
1729750 338
1729760 336
1729770 336
1729780 335
1729790 333
1729800 332
1729810 332
1729820 331
1729830 331
1729840 331
1729850 330
1729860 330
1729870 330
1729880 329
1729890 329
1729900 329
1729910 329
1729920 328
1729930 328
1729940 326
1729950 329
1729960 330
1729970 330
1729980 330
1729990 329
1730000 329
1730010 330
1730020 333
1730030 333
1730040 333
1730050 331
1730060 331
1730070 329
1730080 327
1730090 327
1730100 326
1730110 325
1730120 324
1730130 324
1730140 323
1730150 323
1730160 323
1730170 322
1730180 320
1730190 320
1730200 319
1730210 319
1730220 319
1730230 320
1730240 319
1730250 319
1730260 318
1730270 316
1730280 315
1730290 315
1730300 313
1730310 313
1730320 313
1730330 313
1730340 310
1730350 310
1730360 310
1730370 310
1730380 310
1730390 309
1730400 308
1730410 308
1730420 307
1730430 303
1730440 303
1730450 301
1730460 297
1730470 292
1730480 292
1730490 290
1730500 291
1730510 291
1730520 290
1730530 289
1730540 289
1730550 287
1730560 286
1730570 286
1730580 286
1730590 286
1730600 286
1730610 285
1730620 285
1730630 285
1730640 285
1730650 285
1730660 285
1730670 285
1730680 285
1730690 286
1730700 286
1730710 289
1730720 295
1730730 295
1730740 300
1730750 305
1730760 305
1730770 310
1730780 314
1730790 317
1730800 317
1730810 317
1730820 316
1730830 316
1730840 316
1730850 316
1730860 316
1730870 315
1730880 316
1730890 316
1730900 317
1730910 319
1730920 319
1730930 321
1730940 322
1730950 322
1730960 324
1730970 325
1730980 326
1730990 326
1731000 327
1731010 328
1731020 328
1731030 329
1731040 329
1731050 329
1731060 328
1731070 326
1731080 326
1731090 324
1731100 321
1731110 321
1731120 319
1731130 317
1731140 315
1731150 315
1731160 313
1731170 310
1731180 310
1731190 308
1731200 307
1731210 307
1731220 306
1731230 307
1731240 307
1731250 307
1731260 309
1731270 309
1731280 310
1731290 312
1731300 314
1731310 314
1731320 316
1731330 318
1731340 318
1731350 319
1731360 321
1731370 321
1731380 321
1731390 326
1731400 326
1731410 328
1731420 330
1731430 330
1731440 332
1731450 334
1731460 335
1731470 335
1731480 337
1731490 337
1731500 337
1731510 338
1731520 336
1731530 336
1731540 335
1731550 333
1731560 333
1731570 329
1731580 327
1731590 327
1731600 321
1731610 316
1731620 316
1731630 311
1731640 308
1731650 306
1731660 306
1731670 305
1731680 303
1731690 303
1731700 302
1731710 301
1731720 301
1731730 300
1731740 299
1731750 299
1731760 299
1731770 299
1731780 299
1731790 299
1731800 299
1731810 301
1731820 301
1731830 302
1731840 303
1731850 303
1731860 303
1731870 304
1731880 304
1731890 309
1731900 313
1731910 313
1731920 312
1731930 312
1731940 312
1731950 312
1731960 312
1731970 312
1731980 312
1731990 312
1732000 311
1732010 311
1732020 309
1732030 306
1732040 306
1732050 303
1732060 301
1732070 301
1732080 298
1732090 297
1732100 297
1732110 296
1732120 295
1732130 295
1732140 294
1732150 294
1732160 294
1732170 294
1732180 295
1732190 295
1732200 295
1732210 296
1732220 297
1732230 297
1732240 297
1732250 298
1732260 298
1732270 300
1732280 300
1732290 300
1732300 300
1732310 301
1732320 303
1732330 303
1732340 305
1732350 307
1732360 307
1732370 308
1732380 307
1732390 307
1732400 307
1732410 307
1732420 307
1732430 308
1732440 309
1732450 309
1732460 308
1732470 309
1732480 308
1732490 308
1732500 308
1732510 308
1732520 308
1732530 308
1732540 310
1732550 310
1732560 312
1732570 315
1732580 315
1732590 319
1732600 323
1732610 323
1732620 326
1732630 328
1732640 328
1732650 329
1732660 327
1732670 322
1732680 322
1732690 316
1732700 311
1732710 311
1732720 308
1732730 307
1732740 307
1732750 307
1732760 307
1732770 307
1732780 306
1732790 305
1732800 305
1732810 305
1732820 305
1732830 304
1732840 304
1732850 304
1732860 305
1732870 305
1732880 305
1732890 307
1732900 307
1732910 313
1732920 317
1732930 317
1732940 317
1732950 315
1732960 315
1732970 313
1732980 311
1732990 309
1733000 309
1733010 308
1733020 306
1733030 306
1733040 305
1733050 305
1733060 305
1733070 305
1733080 305
1733090 305
1733100 306
1733110 306
1733120 306
1733130 307
1733140 308
1733150 310
1733160 310
1733170 311
1733180 312
1733190 312
1733200 313
1733210 314
1733220 314
1733230 315
1733240 316
1733250 316
1733260 315
1733270 315
1733280 315
1733290 315
1733300 315
1733310 315
1733320 315
1733330 315
1733340 315
1733350 315
1733360 315
1733370 316
1733380 316
1733390 317
1733400 318
1733410 318
1733420 318
1733430 317
1733440 317
1733450 318
1733460 318
1733470 318
1733480 318
1733490 318
1733500 318
1733510 318
1733520 316
1733530 314
1733540 314
1733550 314
1733560 314
1733570 314
1733580 314
1733590 314
1733600 314
1733610 314
1733620 313
1733630 313
1733640 313
1733650 313
1733660 312
1733670 312
1733680 312
1733690 312
1733700 312
1733710 311
1733720 312
1733730 312
1733740 311
1733750 310
1733760 310
1733770 310
1733780 310
1733790 310
1733800 309
1733810 309
1733820 309
1733830 309
1733840 309
1733850 309
1733860 309
1733870 308
1733880 307
1733890 307
1733900 306
1733910 306
1733920 306
1733930 305
1733940 305
1733950 305
1733960 302
1733970 301
1733980 301
1733990 301
1734000 300
1734010 299
1734020 299
1734030 298
1734040 297
1734050 297
1734060 296
1734070 295
1734080 295
1734090 295
1734100 292
1734110 292
1734120 291
1734130 290
1734140 290
1734150 289
1734160 287
1734170 287
1734180 287
1734190 286
1734200 286
1734210 286
1734220 284
1734230 283
1734240 283
1734250 283
1734260 284
1734270 284
1734280 283
1734290 282
1734300 282
1734310 281
1734320 281
1734330 281
1734340 281
1734350 281
1734360 281
1734370 281
1734380 280
1734390 280
1734400 280
1734410 279
1734420 277
1734430 277
1734440 275
1734450 272
1734460 272
1734470 270
1734480 270
1734490 270
1734500 272
1734510 270
1734520 267
1734530 267
1734540 267
1734550 267
1734560 267
1734570 267
1734580 268
1734590 268
1734600 269
1734610 268
1734620 268
1734630 267
1734640 266
1734650 266
1734660 264
1734670 263
1734680 262
1734690 262
1734700 262
1734710 261
1734720 261
1734730 260
1734740 258
1734750 258
1734760 257
1734770 257
1734780 257
1734790 256
1734800 256
1734810 256
1734820 256
1734830 256
1734840 256
1734850 256
1734860 255
1734870 253
1734880 253
1734890 255
1734900 256
1734910 256
1734920 257
1734930 257
1734940 257
1734950 257
1734960 258
1734970 258
1734980 259
1734990 259
1735000 259
1735010 259
1735020 264
1735030 271
1735040 271
1735050 279
1735060 287
1735070 287
1735080 295
1735090 302
1735100 302
1735110 309
1735120 310
1735130 310
1735140 311
1735150 312
1735160 312
1735170 312
1735180 310
1735190 309
1735200 309
1735210 305
1735220 305
1735230 305
1735240 303
1735250 302
1735260 302
1735270 300
1735280 297
1735290 297
1735300 295
1735310 293
1735320 293
1735330 291
1735340 289
1735350 287
1735360 287
1735370 285
1735380 284
1735390 284
1735400 283
1735410 279
1735420 279
1735430 277
1735440 274
1735450 274
1735460 270
1735470 266
1735480 266
1735490 264
1735500 260
1735510 259
1735520 259
1735530 259
1735540 259
1735550 259
1735560 259
1735570 257
1735580 257
1735590 256
1735600 255
1735610 255
1735620 255
1735630 253
1735640 253
1735650 252
1735660 252
1735670 252
1735680 253
1735690 255
1735700 256
1735710 256
1735720 256
1735730 256
1735740 256
1735750 254
1735760 253
1735770 253
1735780 253
1735790 253
1735800 253
1735810 253
1735820 253
1735830 253
1735840 253
1735850 253
1735860 253
1735870 253
1735880 253
1735890 253
1735900 253
1735910 253
1735920 253
1735930 253
1735940 253
1735950 253
1735960 253
1735970 253
1735980 253
1735990 253
1736000 253
1736010 253
1736020 253
1736030 253
1736040 253
1736050 253
1736060 253
1736070 253
1736080 253
1736090 253
1736100 253
1736110 253
1736120 253
1736130 254
1736140 256
1736150 256
1736160 256
1736170 255
1736180 255
1736190 254
1736200 254
1736210 253
1736220 253
1736230 252
1736240 252
1736250 252
1736260 253
1736270 253
1736280 253
1736290 253
1736300 253
1736310 253
1736320 253
1736330 253
1736340 253
1736350 253
1736360 253
1736370 253
1736380 253
1736390 253
1736400 253
1736410 253
1736420 253
1736430 253
1736440 253
1736450 253
1736460 252
1736470 252
1736480 252
1736490 253
1736500 253
1736510 254
1736520 253
1736530 253
1736540 253
1736550 253
1736560 253
1736570 253
1736580 253
1736590 253
1736600 253
1736610 253
1736620 253
1736630 253
1736640 253
1736650 253
1736660 253
1736670 253
1736680 253
1736690 252
1736700 252
1736710 252
1736720 252
1736730 252
1736740 253
1736750 253
1736760 253
1736770 253
1736780 253
1736790 253
1736800 253
1736810 253
1736820 253
1736830 253
1736840 253
1736850 253
1736860 253
1736870 253
1736880 253
1736890 253
1736900 253
1736910 253
1736920 253
1736930 253
1736940 253
1736950 253
1736960 253
1736970 253
1736980 253
1736990 253
1737000 253
1737010 253
1737020 253
1737030 253
1737040 253
1737050 253
1737060 253
1737070 253
1737080 253
1737090 253
1737100 253
1737110 253
1737120 253
1737130 253
1737140 253
1737150 253
1737160 253
1737170 253
1737180 253
1737190 253
1737200 253
1737210 253
1737220 252
1737230 252
1737240 252
1737250 252
1737260 252
1737270 252
1737280 252
1737290 252
1737300 252
1737310 252
1737320 252
1737330 252
1737340 252
1737350 252
1737360 252
1737370 252
1737380 252
1737390 252
1737400 252
1737410 252
1737420 252
1737430 252
1737440 252
1737450 252
1737460 252
1737470 252
1737480 252
1737490 252
1737500 252
1737510 252
1737520 252
1737530 252
1737540 253
1737550 254
1737560 254
1737570 254
1737580 254
1737590 254
1737600 253
1737610 253
1737620 253
1737630 253
1737640 253
1737650 253
1737660 253
1737670 253
1737680 253
1737690 253
1737700 253
1737710 253
1737720 253
1737730 253
1737740 253
1737750 253
1737760 253
1737770 253
1737780 253
1737790 253
1737800 253
1737810 253
1737820 253
1737830 253
1737840 253
1737850 253
1737860 253
1737870 253
1737880 253
1737890 253
1737900 253
1737910 253
1737920 252
1737930 252
1737940 252
1737950 252
1737960 252
1737970 252
1737980 252
1737990 252
1738000 252
1738010 252
1738020 252
1738030 252
1738040 252
1738050 252
1738060 252
1738070 252
1738080 252
1738090 252
1738100 252
1738110 252
1738120 252
1738130 252
1738140 252
1738150 253
1738160 253
1738170 253
1738180 253
1738190 253
1738200 253
1738210 252
1738220 253
1738230 253
1738240 253
1738250 253
1738260 253
1738270 253
1738280 252
1738290 252
1738300 252
1738310 252
1738320 252
1738330 252
1738340 252
1738350 252
1738360 252
1738370 252
1738380 252
1738390 252
1738400 252
1738410 251
1738420 251
1738430 252
1738440 251
1738450 251
1738460 252
1738470 252
1738480 252
1738490 252
1738500 252
1738510 252
1738520 252
1738530 252
1738540 252
1738550 252
1738560 252
1738570 252
1738580 252
1738590 252
1738600 252
1738610 252
1738620 252
1738630 252
1738640 252
1738650 251
1738660 252
1738670 252
1738680 254
1738690 254
1738700 254
1738710 252
1738720 251
1738730 252
1738740 252
1738750 252
1738760 252
1738770 252
1738780 252
1738790 252
1738800 252
1738810 252
1738820 252
1738830 252
1738840 251
1738850 251
1738860 251
1738870 251
1738880 252
1738890 252
1738900 252
1738910 252
1738920 251
1738930 251
1738940 252
1738950 252
1738960 252
1738970 252
1738980 252
1738990 252
1739000 252
1739010 252
1739020 252
1739030 252
1739040 252
1739050 252
1739060 252
1739070 252
1739080 252
1739090 252
1739100 252
1739110 251
1739120 251
1739130 252
1739140 251
1739150 251
1739160 251
1739170 252
1739180 252
1739190 252
1739200 252
1739210 252
1739220 252
1739230 252
1739240 252
1739250 252
1739260 252
1739270 252
1739280 252
1739290 252
1739300 252
1739310 252
1739320 252
1739330 252
1739340 252
1739350 252
1739360 252
1739370 252
1739380 252
1739390 252
1739400 252
1739410 252
1739420 252
1739430 251
1739440 251
1739450 251
1739460 251
1739470 251
1739480 252
1739490 252
1739500 252
1739510 252
1739520 252
1739530 252
1739540 252
1739550 252
1739560 252
1739570 252
1739580 252
1739590 251
1739600 251
1739610 251
1739620 252
1739630 252
1739640 252
1739650 252
1739660 252
1739670 253
1739680 253
1739690 253
1739700 253
1739710 253
1739720 253
1739730 253
1739740 254
1739750 254
1739760 254
1739770 254
1739780 254
1739790 254
1739800 254
1739810 254
1739820 254
1739830 254
1739840 254
1739850 254
1739860 254
1739870 254
1739880 254
1739890 254
1739900 254
1739910 254
1739920 254
1739930 254
1739940 253
1739950 253
1739960 253
1739970 253
1739980 253
1739990 253
