1720000 339
1720010 340
1720020 342
1720030 342
1720040 345
1720050 348
1720060 348
1720070 351
1720080 352
1720090 352
1720100 352
1720110 350
1720120 348
1720130 348
1720140 347
1720150 346
1720160 346
1720170 346
1720180 347
1720190 347
1720200 346
1720210 346
1720220 346
1720230 343
1720240 339
1720250 339
1720260 337
1720270 337
1720280 337
1720290 337
1720300 334
1720310 333
1720320 333
1720330 333
1720340 332
1720350 332
1720360 331
1720370 329
1720380 329
1720390 326
1720400 325
1720410 325
1720420 325
1720430 324
1720440 324
1720450 323
1720460 323
1720470 322
1720480 322
1720490 322
1720500 321
1720510 321
1720520 321
1720530 320
1720540 320
1720550 320
1720560 319
1720570 319
1720580 319
1720590 319
1720600 319
1720610 319
1720620 319
1720630 318
1720640 318
1720650 318
1720660 318
1720670 318
1720680 317
1720690 317
1720700 317
1720710 317
1720720 316
1720730 316
1720740 316
1720750 316
1720760 316
1720770 317
1720780 317
1720790 317
1720800 317
1720810 317
1720820 317
1720830 317
1720840 317
1720850 318
1720860 318
1720870 318
1720880 318
1720890 318
1720900 318
1720910 318
1720920 318
1720930 317
1720940 318
1720950 318
1720960 318
1720970 318
1720980 318
1720990 318
1721000 318
1721010 318
1721020 318
1721030 318
1721040 317
1721050 317
1721060 318
1721070 318
1721080 318
1721090 318
1721100 319
1721110 319
1721120 319
1721130 319
1721140 319
1721150 319
1721160 320
1721170 321
1721180 321
1721190 323
1721200 324
1721210 324
1721220 326
1721230 328
1721240 328
1721250 330
1721260 332
1721270 332
1721280 334
1721290 336
1721300 336
1721310 336
1721320 336
1721330 337
1721340 337
1721350 338
1721360 340
1721370 340
1721380 341
1721390 343
1721400 343
1721410 345
1721420 347
1721430 347
1721440 349
1721450 352
1721460 352
1721470 355
1721480 358
1721490 360
1721500 360
1721510 362
1721520 365
1721530 365
1721540 366
1721550 368
1721560 368
1721570 369
1721580 370
1721590 370
1721600 370
1721610 370
1721620 370
1721630 368
1721640 365
1721650 363
1721660 363
1721670 360
1721680 358
1721690 358
1721700 352
1721710 345
1721720 345
1721730 350
1721740 354
1721750 354
1721760 357
1721770 360
1721780 360
1721790 363
1721800 367
1721810 370
1721820 370
1721830 370
1721840 374
1721850 374
1721860 376
1721870 380
1721880 380
1721890 383
1721900 385
1721910 385
1721920 389
1721930 391
1721940 391
1721950 391
1721960 391
1721970 391
1721980 391
1721990 389
1722000 387
1722010 387
1722020 385
1722030 383
1722040 383
1722050 380
1722060 378
1722070 378
1722080 375
1722090 372
1722100 372
1722110 370
1722120 368
1722130 368
1722140 365
1722150 361
1722160 356
1722170 356
1722180 349
1722190 348
1722200 348
1722210 350
1722220 354
1722230 354
1722240 354
1722250 352
1722260 352
1722270 352
1722280 357
1722290 357
1722300 360
1722310 362
1722320 360
1722330 360
1722340 358
1722350 356
1722360 356
1722370 354
1722380 353
1722390 353
1722400 356
1722410 363
1722420 363
1722430 367
1722440 372
1722450 372
1722460 376
1722470 381
1722480 381
1722490 385
1722500 385
1722510 383
1722520 383
1722530 377
1722540 375
1722550 375
1722560 378
1722570 375
1722580 375
1722590 379
1722600 384
1722610 384
1722620 387
1722630 389
1722640 389
1722650 389
1722660 390
1722670 390
1722680 390
1722690 390
1722700 391
1722710 391
1722720 391
1722730 392
1722740 392
1722750 392
1722760 391
1722770 391
1722780 391
1722790 391
1722800 391
1722810 391
1722820 391
1722830 390
1722840 390
1722850 389
1722860 387
1722870 387
1722880 385
1722890 384
1722900 384
1722910 381
1722920 377
1722930 377
1722940 374
1722950 372
1722960 372
1722970 371
1722980 370
1722990 370
1723000 366
1723010 366
1723020 363
1723030 363
1723040 361
1723050 358
1723060 358
1723070 356
1723080 353
1723090 353
1723100 350
1723110 348
1723120 348
1723130 346
1723140 344
1723150 344
1723160 342
1723170 340
1723180 338
1723190 338
1723200 337
1723210 336
1723220 336
1723230 335
1723240 331
1723250 331
1723260 326
1723270 326
1723280 326
1723290 324
1723300 325
1723310 325
1723320 325
1723330 326
1723340 326
1723350 326
1723360 326
1723370 326
1723380 326
1723390 326
1723400 326
1723410 326
1723420 326
1723430 326
1723440 326
1723450 326
1723460 326
1723470 326
1723480 326
1723490 327
1723500 327
1723510 328
1723520 331
1723530 334
1723540 334
1723550 335
1723560 336
1723570 336
1723580 338
1723590 340
1723600 340
1723610 342
1723620 343
1723630 343
1723640 345
1723650 348
1723660 348
1723670 349
1723680 349
1723690 348
1723700 348
1723710 346
1723720 341
1723730 341
1723740 337
1723750 341
1723760 341
1723770 337
1723780 338
1723790 338
1723800 345
1723810 348
1723820 348
1723830 352
1723840 356
1723850 360
1723860 360
1723870 362
1723880 364
1723890 364
1723900 364
1723910 359
1723920 359
1723930 355
1723940 350
1723950 350
1723960 349
1723970 352
1723980 352
1723990 359
1724000 364
1724010 364
1724020 366
1724030 368
1724040 371
1724050 371
1724060 374
1724070 376
1724080 376
1724090 378
1724100 380
1724110 380
1724120 382
1724130 384
1724140 384
1724150 386
1724160 388
1724170 388
1724180 390
1724190 391
1724200 392
1724210 392
1724220 391
1724230 389
1724240 389
1724250 388
1724260 387
1724270 387
1724280 385
1724290 384
1724300 384
1724310 383
1724320 383
1724330 383
1724340 383
1724350 382
1724360 380
1724370 380
1724380 379
1724390 380
1724400 380
1724410 379
1724420 377
1724430 377
1724440 380
1724450 381
1724460 381
1724470 381
1724480 382
1724490 382
1724500 383
1724510 384
1724520 386
1724530 386
1724540 388
1724550 390
1724560 390
1724570 391
1724580 391
1724590 391
1724600 389
1724610 387
1724620 387
1724630 384
1724640 380
1724650 380
1724660 376
1724670 371
1724680 371
1724690 367
1724700 362
1724710 358
1724720 358
1724730 354
1724740 350
1724750 350
1724760 346
1724770 343
1724780 343
1724790 339
1724800 336
1724810 336
1724820 338
1724830 343
1724840 343
1724850 351
1724860 354
1724870 358
1724880 358
1724890 362
1724900 366
1724910 366
1724920 370
1724930 372
1724940 372
1724950 374
1724960 371
1724970 371
1724980 371
1724990 370
1725000 370
1725010 367
1725020 363
1725030 359
1725040 359
1725050 357
1725060 355
1725070 355
1725080 352
1725090 349
1725100 349
1725110 346
1725120 342
1725130 342
1725140 339
1725150 336
1725160 336
1725170 334
1725180 330
1725190 330
1725200 327
1725210 325
1725220 323
1725230 323
1725240 323
1725250 323
1725260 323
1725270 324
1725280 325
1725290 325
1725300 328
1725310 330
1725320 330
1725330 332
1725340 333
1725350 333
1725360 334
1725370 333
1725380 333
1725390 333
1725400 332
1725410 332
1725420 332
1725430 333
1725440 334
1725450 334
1725460 333
1725470 335
1725480 335
1725490 334
1725500 333
1725510 333
1725520 332
1725530 331
1725540 331
1725550 331
1725560 331
1725570 330
1725580 330
1725590 328
1725600 326
1725610 326
1725620 323
1725630 321
1725640 321
1725650 319
1725660 317
1725670 317
1725680 316
1725690 314
1725700 314
1725710 312
1725720 312
1725730 312
1725740 312
1725750 312
1725760 311
1725770 311
1725780 311
1725790 311
1725800 311
1725810 311
1725820 311
1725830 311
1725840 310
1725850 310
1725860 310
1725870 311
1725880 312
1725890 313
1725900 313
1725910 314
1725920 317
1725930 317
1725940 319
1725950 322
1725960 322
1725970 323
1725980 324
1725990 324
1726000 326
1726010 327
1726020 327
1726030 329
1726040 330
1726050 330
1726060 330
1726070 330
1726080 331
1726090 331
1726100 331
1726110 331
1726120 331
1726130 331
1726140 331
1726150 331
1726160 331
1726170 330
1726180 330
1726190 330
1726200 329
1726210 329
1726220 328
1726230 326
1726240 325
1726250 325
1726260 323
1726270 321
1726280 321
1726290 318
1726300 316
1726310 316
1726320 314
1726330 312
1726340 312
1726350 310
1726360 308
1726370 308
1726380 308
1726390 308
1726400 309
1726410 309
1726420 311
1726430 315
1726440 315
1726450 319
1726460 324
1726470 324
1726480 328
1726490 332
1726500 332
1726510 336
1726520 340
1726530 340
1726540 344
1726550 348
1726560 352
1726570 352
1726580 356
1726590 359
1726600 359
1726610 362
1726620 361
1726630 358
1726640 355
1726650 352
1726660 352
1726670 349
1726680 345
1726690 345
1726700 342
1726710 340
1726720 340
1726730 335
1726740 328
1726750 324
1726760 324
1726770 321
1726780 326
1726790 326
1726800 331
1726810 333
1726820 333
1726830 335
1726840 341
1726850 341
1726860 336
1726870 343
1726880 343
1726890 348
1726900 351
1726910 353
1726920 353
1726930 357
1726940 360
1726950 360
1726960 362
1726970 364
1726980 364
1726990 366
1727000 368
1727010 368
1727020 373
1727030 377
1727040 377
1727050 375
1727060 372
1727070 369
1727080 369
1727090 367
1727100 365
1727110 365
1727120 364
1727130 362
1727140 362
1727150 360
1727160 359
1727170 359
1727180 357
1727190 356
1727200 356
1727210 354
1727220 350
1727230 350
1727240 348
1727250 343
1727260 339
1727270 339
1727280 336
1727290 331
1727300 331
1727310 329
1727320 335
1727330 335
1727340 333
1727350 332
1727360 332
1727370 330
1727380 327
1727390 327
1727400 325
1727410 330
1727420 328
1727430 328
1727440 328
1727450 329
1727460 329
1727470 331
1727480 330
1727490 330
1727500 336
1727510 339
1727520 339
1727530 334
1727540 329
1727550 329
1727560 334
1727570 338
1727580 341
1727590 341
1727600 339
1727610 333
1727620 333
1727630 328
1727640 324
1727650 324
1727660 326
1727670 328
1727680 328
1727690 324
1727700 328
1727710 328
1727720 331
1727730 332
1727740 332
1727750 338
1727760 340
1727770 336
1727780 336
1727790 341
1727800 348
1727810 348
1727820 353
1727830 356
1727840 356
1727850 359
1727860 361
1727870 361
1727880 364
1727890 366
1727900 366
1727910 368
1727920 370
1727930 372
1727940 372
1727950 373
1727960 374
1727970 374
1727980 374
1727990 373
1728000 373
1728010 372
1728020 371
1728030 371
1728040 370
1728050 368
1728060 368
1728070 367
1728080 367
1728090 367
1728100 367
1728110 366
1728120 366
1728130 366
1728140 366
1728150 366
1728160 366
1728170 366
1728180 366
1728190 366
1728200 365
1728210 364
1728220 364
1728230 364
1728240 363
1728250 363
1728260 363
1728270 364
1728280 363
1728290 363
1728300 364
1728310 364
1728320 364
1728330 364
1728340 363
1728350 363
1728360 365
1728370 365
1728380 365
1728390 366
1728400 367
1728410 367
1728420 368
1728430 369
1728440 371
1728450 371
1728460 373
1728470 375
1728480 375
1728490 376
1728500 378
1728510 378
1728520 378
1728530 379
1728540 379
1728550 380
1728560 378
1728570 378
1728580 374
1728590 370
1728600 366
1728610 366
1728620 365
1728630 362
1728640 362
1728650 358
1728660 354
1728670 354
1728680 350
1728690 348
1728700 348
1728710 347
1728720 346
1728730 346
1728740 344
1728750 346
1728760 346
1728770 345
1728780 344
1728790 345
1728800 345
1728810 346
1728820 346
1728830 343
1728840 342
1728850 342
1728860 342
1728870 342
1728880 341
1728890 341
1728900 340
1728910 339
1728920 339
1728930 337
1728940 335
1728950 334
1728960 334
1728970 333
1728980 332
1728990 332
1729000 332
1729010 332
1729020 332
1729030 332
1729040 332
1729050 332
1729060 332
1729070 332
1729080 332
1729090 332
1729100 332
1729110 331
1729120 331
1729130 331
1729140 329
1729150 329
1729160 328
1729170 327
1729180 327
1729190 325
1729200 324
1729210 324
1729220 322
1729230 321
1729240 321
1729250 320
1729260 319
1729270 319
1729280 318
1729290 317
1729300 315
1729310 315
1729320 314
1729330 313
1729340 313
1729350 312
1729360 311
1729370 311
1729380 311
1729390 310
1729400 310
1729410 310
1729420 309
1729430 309
1729440 309
1729450 308
1729460 308
1729470 308
1729480 307
1729490 307
1729500 307
1729510 307
1729520 307
1729530 307
1729540 308
1729550 310
1729560 310
1729570 312
1729580 314
1729590 314
1729600 316
1729610 318
1729620 320
1729630 320
1729640 323
1729650 324
1729660 324
1729670 325
1729680 324
1729690 324
1729700 325
1729710 325
1729720 325
1729730 325
1729740 325
1729750 325
1729760 326
1729770 326
1729780 326
1729790 326
1729800 326
1729810 326
1729820 326
1729830 325
1729840 325
1729850 325
1729860 322
1729870 319
1729880 319
1729890 315
1729900 311
1729910 311
1729920 309
1729930 307
1729940 307
1729950 305
1729960 303
1729970 303
1729980 303
1729990 302
1730000 301
1730010 301
1730020 301
1730030 301
1730040 301
1730050 302
1730060 303
1730070 303
1730080 303
1730090 305
1730100 305
1730110 306
1730120 309
1730130 311
1730140 311
1730150 314
1730160 317
1730170 317
1730180 319
1730190 321
1730200 321
1730210 323
1730220 325
1730230 325
1730240 327
1730250 328
1730260 328
1730270 329
1730280 331
1730290 333
1730300 333
1730310 334
1730320 336
1730330 336
1730340 337
1730350 338
1730360 338
1730370 340
1730380 341
1730390 341
1730400 342
1730410 341
1730420 341
1730430 339
1730440 335
1730450 335
1730460 333
1730470 332
1730480 331
1730490 331
1730500 330
1730510 329
1730520 329
1730530 327
1730540 325
1730550 325
1730560 322
1730570 321
1730580 321
1730590 319
1730600 317
1730610 317
1730620 315
1730630 314
1730640 313
1730650 313
1730660 312
1730670 310
1730680 310
1730690 309
1730700 308
1730710 308
1730720 307
1730730 306
1730740 306
1730750 305
1730760 304
1730770 304
1730780 303
1730790 302
1730800 301
1730810 301
1730820 300
1730830 299
1730840 299
1730850 298
1730860 297
1730870 297
1730880 296
1730890 296
1730900 296
1730910 295
1730920 295
1730930 295
1730940 294
1730950 293
1730960 293
1730970 292
1730980 292
1730990 291
1731000 291
1731010 291
1731020 290
1731030 290
1731040 290
1731050 289
1731060 289
1731070 288
1731080 288
1731090 288
1731100 287
1731110 287
1731120 287
1731130 286
1731140 285
1731150 284
1731160 284
1731170 283
1731180 282
1731190 282
1731200 282
1731210 281
1731220 281
1731230 281
1731240 281
1731250 281
1731260 281
1731270 281
1731280 281
1731290 281
1731300 281
1731310 281
1731320 281
1731330 282
1731340 284
1731350 284
1731360 286
1731370 289
1731380 289
1731390 290
1731400 291
1731410 291
1731420 291
1731430 292
1731440 292
1731450 293
1731460 293
1731470 293
1731480 294
1731490 294
1731500 293
1731510 293
1731520 292
1731530 292
1731540 292
1731550 291
1731560 291
1731570 291
1731580 290
1731590 289
1731600 289
1731610 288
1731620 288
1731630 288
1731640 289
1731650 290
1731660 291
1731670 291
1731680 292
1731690 293
1731700 293
1731710 295
1731720 298
1731730 298
1731740 300
1731750 301
1731760 301
1731770 302
1731780 303
1731790 303
1731800 303
1731810 303
1731820 303
1731830 303
1731840 302
1731850 302
1731860 302
1731870 301
1731880 300
1731890 300
1731900 299
1731910 299
1731920 299
1731930 298
1731940 299
1731950 299
1731960 299
1731970 300
1731980 300
1731990 300
1732000 301
1732010 303
1732020 303
1732030 303
1732040 303
1732050 303
1732060 305
1732070 306
1732080 306
1732090 306
1732100 306
1732110 306
1732120 305
1732130 305
1732140 305
1732150 304
1732160 304
1732170 304
1732180 304
1732190 303
1732200 302
1732210 302
1732220 302
1732230 302
1732240 302
1732250 301
1732260 301
1732270 301
1732280 300
1732290 301
1732300 301
1732310 300
1732320 301
1732330 302
1732340 302
1732350 303
1732360 304
1732370 304
1732380 306
1732390 307
1732400 307
1732410 309
1732420 309
1732430 309
1732440 310
1732450 311
1732460 311
1732470 311
1732480 310
1732490 310
1732500 307
1732510 307
1732520 305
1732530 305
1732540 304
1732550 302
1732560 302
1732570 301
1732580 300
1732590 300
1732600 299
1732610 297
1732620 297
1732630 295
1732640 294
1732650 294
1732660 292
1732670 290
1732680 289
1732690 289
1732700 287
1732710 285
1732720 285
1732730 284
1732740 281
1732750 281
1732760 280
1732770 280
1732780 280
1732790 280
1732800 281
1732810 281
1732820 278
1732830 280
1732840 279
1732850 279
1732860 278
1732870 277
1732880 277
1732890 277
1732900 276
1732910 276
1732920 276
1732930 276
1732940 276
1732950 276
1732960 276
1732970 276
1732980 275
1732990 275
1733000 275
1733010 273
1733020 273
1733030 272
1733040 272
1733050 271
1733060 271
1733070 271
1733080 273
1733090 273
1733100 273
1733110 273
1733120 273
1733130 273
1733140 272
1733150 271
1733160 271
1733170 270
1733180 268
1733190 267
1733200 267
1733210 266
1733220 265
1733230 265
1733240 262
1733250 262
1733260 262
1733270 259
1733280 258
1733290 258
1733300 257
1733310 257
1733320 257
1733330 259
1733340 260
1733350 260
1733360 260
1733370 260
1733380 259
1733390 259
1733400 260
1733410 260
1733420 260
1733430 259
1733440 259
1733450 259
1733460 259
1733470 259
1733480 259
1733490 258
1733500 258
1733510 258
1733520 258
1733530 258
1733540 258
1733550 258
1733560 257
1733570 258
1733580 258
1733590 258
1733600 258
1733610 258
1733620 258
1733630 258
1733640 258
1733650 258
1733660 258
1733670 258
1733680 258
1733690 258
1733700 258
1733710 258
1733720 258
1733730 258
1733740 258
1733750 258
1733760 258
1733770 258
1733780 258
1733790 258
1733800 258
1733810 258
1733820 258
1733830 258
1733840 259
1733850 259
1733860 259
1733870 259
1733880 258
1733890 258
1733900 258
1733910 258
1733920 258
1733930 258
1733940 258
1733950 258
1733960 258
1733970 258
1733980 258
1733990 258
1734000 258
1734010 259
1734020 259
1734030 259
1734040 258
1734050 254
1734060 254
1734070 254
1734080 254
1734090 254
1734100 254
1734110 254
1734120 254
1734130 254
1734140 254
1734150 254
1734160 256
1734170 259
1734180 259
1734190 257
1734200 256
1734210 255
1734220 255
1734230 256
1734240 256
1734250 256
1734260 257
1734270 257
1734280 257
1734290 257
1734300 257
1734310 257
1734320 256
1734330 257
1734340 257
1734350 256
1734360 257
1734370 256
1734380 256
1734390 256
1734400 256
1734410 256
1734420 256
1734430 256
1734440 256
1734450 256
1734460 256
1734470 256
1734480 256
1734490 256
1734500 256
1734510 256
1734520 256
1734530 256
1734540 256
1734550 256
1734560 255
1734570 255
1734580 255
1734590 255
1734600 255
1734610 256
1734620 257
1734630 257
1734640 257
1734650 256
1734660 256
1734670 256
1734680 256
1734690 256
1734700 256
1734710 257
1734720 256
1734730 256
1734740 256
1734750 256
1734760 256
1734770 256
1734780 256
1734790 256
1734800 256
1734810 256
1734820 256
1734830 256
1734840 256
1734850 256
1734860 256
1734870 256
1734880 256
1734890 256
1734900 256
1734910 256
1734920 256
1734930 256
1734940 256
1734950 256
1734960 256
1734970 255
1734980 255
1734990 256
1735000 256
1735010 256
1735020 257
1735030 256
1735040 256
1735050 256
1735060 256
1735070 256
1735080 256
1735090 256
1735100 256
1735110 256
1735120 256
1735130 256
1735140 256
1735150 256
1735160 256
1735170 256
1735180 256
1735190 256
1735200 256
1735210 256
1735220 256
1735230 256
1735240 256
1735250 256
1735260 256
1735270 256
1735280 256
1735290 256
1735300 256
1735310 256
1735320 255
1735330 255
1735340 255
1735350 255
1735360 255
1735370 256
1735380 255
1735390 255
1735400 255
1735410 255
1735420 256
1735430 256
1735440 255
1735450 255
1735460 255
1735470 256
1735480 255
1735490 255
1735500 256
1735510 256
1735520 256
1735530 255
1735540 256
1735550 255
1735560 255
1735570 255
1735580 256
1735590 256
1735600 255
1735610 256
1735620 256
1735630 255
1735640 255
1735650 255
1735660 255
1735670 255
1735680 255
1735690 256
1735700 256
1735710 256
1735720 255
1735730 256
1735740 256
1735750 256
1735760 256
1735770 256
1735780 256
1735790 255
1735800 255
1735810 255
1735820 255
1735830 255
1735840 255
1735850 255
1735860 255
1735870 255
1735880 255
1735890 255
1735900 255
1735910 255
1735920 255
1735930 255
1735940 255
1735950 255
1735960 255
1735970 255
1735980 255
1735990 255
1736000 255
1736010 255
1736020 255
1736030 255
1736040 255
1736050 255
1736060 255
1736070 255
1736080 255
1736090 255
1736100 255
1736110 255
1736120 255
1736130 255
1736140 255
1736150 255
1736160 255
1736170 255
1736180 255
1736190 255
1736200 255
1736210 255
1736220 255
1736230 255
1736240 255
1736250 255
1736260 255
1736270 255
1736280 255
1736290 255
1736300 255
1736310 255
1736320 255
1736330 255
1736340 255
1736350 255
1736360 255
1736370 255
1736380 255
1736390 255
1736400 255
1736410 255
1736420 255
1736430 255
1736440 255
1736450 255
1736460 255
1736470 255
1736480 255
1736490 255
1736500 256
1736510 256
1736520 256
1736530 255
1736540 255
1736550 255
1736560 255
1736570 255
1736580 255
1736590 254
1736600 254
1736610 254
1736620 254
1736630 254
1736640 254
1736650 254
1736660 255
1736670 255
1736680 255
1736690 255
1736700 255
1736710 254
1736720 255
1736730 255
1736740 255
1736750 255
1736760 255
1736770 255
1736780 255
1736790 255
1736800 255
1736810 254
1736820 254
1736830 254
1736840 254
1736850 254
1736860 254
1736870 254
1736880 254
1736890 254
1736900 254
1736910 254
1736920 254
1736930 256
1736940 256
1736950 256
1736960 256
1736970 256
1736980 256
1736990 256
1737000 257
1737010 256
1737020 256
1737030 257
1737040 257
1737050 257
1737060 257
1737070 257
1737080 257
1737090 257
1737100 257
1737110 257
1737120 257
1737130 257
1737140 257
1737150 257
1737160 257
1737170 256
1737180 256
1737190 257
1737200 257
1737210 257
1737220 256
1737230 256
1737240 256
1737250 256
1737260 256
1737270 256
1737280 256
1737290 256
1737300 256
1737310 256
1737320 256
1737330 256
1737340 256
1737350 256
1737360 256
1737370 256
1737380 256
1737390 257
1737400 257
1737410 256
1737420 257
1737430 257
1737440 257
1737450 257
1737460 257
1737470 257
1737480 258
1737490 258
1737500 258
1737510 258
1737520 258
1737530 258
1737540 258
1737550 258
1737560 258
1737570 258
1737580 258
1737590 257
1737600 257
1737610 257
1737620 257
1737630 257
1737640 257
1737650 258
1737660 258
1737670 258
1737680 258
1737690 258
1737700 258
1737710 258
1737720 258
1737730 257
1737740 258
1737750 258
1737760 258
1737770 258
1737780 258
1737790 258
1737800 258
1737810 258
1737820 258
1737830 258
1737840 258
1737850 258
1737860 258
1737870 257
1737880 257
1737890 257
1737900 257
1737910 257
1737920 257
1737930 257
1737940 257
1737950 257
1737960 257
1737970 257
1737980 257
1737990 257
1738000 257
1738010 257
1738020 257
1738030 257
1738040 257
1738050 257
1738060 257
1738070 257
1738080 257
1738090 257
1738100 257
1738110 257
1738120 257
1738130 257
1738140 257
1738150 257
1738160 257
1738170 257
1738180 257
1738190 257
1738200 257
1738210 257
1738220 257
1738230 257
1738240 257
1738250 257
1738260 257
1738270 257
1738280 257
1738290 257
1738300 257
1738310 256
1738320 256
1738330 256
1738340 255
1738350 255
1738360 255
1738370 256
1738380 257
1738390 257
1738400 257
1738410 257
1738420 257
1738430 256
1738440 256
1738450 256
1738460 256
1738470 256
1738480 256
1738490 256
1738500 256
1738510 256
1738520 256
1738530 256
1738540 256
1738550 256
1738560 256
1738570 256
1738580 256
1738590 256
1738600 256
1738610 256
1738620 256
1738630 256
1738640 256
1738650 256
1738660 256
1738670 256
1738680 256
1738690 256
1738700 256
1738710 256
1738720 256
1738730 256
1738740 256
1738750 256
1738760 256
1738770 256
1738780 257
1738790 256
1738800 256
1738810 256
1738820 256
1738830 256
1738840 256
1738850 256
1738860 256
1738870 256
1738880 256
1738890 256
1738900 256
1738910 256
1738920 256
1738930 256
1738940 256
1738950 256
1738960 256
1738970 256
1738980 256
1738990 256
1739000 256
1739010 256
1739020 256
1739030 256
1739040 256
1739050 256
1739060 256
1739070 256
1739080 256
1739090 256
1739100 256
1739110 256
1739120 256
1739130 256
1739140 256
1739150 256
1739160 256
1739170 256
1739180 256
1739190 256
1739200 256
1739210 256
1739220 256
1739230 256
1739240 256
1739250 256
1739260 256
1739270 256
1739280 256
1739290 256
1739300 256
1739310 255
1739320 255
1739330 255
1739340 256
1739350 256
1739360 256
1739370 255
1739380 255
1739390 254
1739400 254
1739410 254
1739420 253
1739430 253
1739440 253
1739450 253
1739460 253
1739470 253
1739480 253
1739490 253
1739500 254
1739510 254
1739520 254
1739530 253
1739540 253
1739550 253
1739560 253
1739570 253
1739580 253
1739590 254
1739600 254
1739610 253
1739620 254
1739630 255
1739640 255
1739650 255
1739660 255
1739670 255
1739680 255
1739690 255
1739700 255
1739710 255
1739720 255
1739730 255
1739740 255
1739750 256
1739760 256
1739770 254
1739780 254
1739790 255
1739800 255
1739810 254
1739820 255
1739830 255
1739840 255
1739850 255
1739860 255
1739870 255
1739880 255
1739890 255
1739900 255
1739910 255
1739920 255
1739930 255
1739940 254
1739950 254
1739960 254
1739970 254
1739980 255
1739990 255
