1720000 377
1720010 381
1720020 384
1720030 384
1720040 387
1720050 390
1720060 390
1720070 392
1720080 393
1720090 393
1720100 393
1720110 393
1720120 393
1720130 392
1720140 391
1720150 391
1720160 390
1720170 389
1720180 387
1720190 387
1720200 384
1720210 381
1720220 381
1720230 377
1720240 374
1720250 374
1720260 371
1720270 370
1720280 370
1720290 369
1720300 369
1720310 369
1720320 370
1720330 370
1720340 368
1720350 368
1720360 365
1720370 362
1720380 362
1720390 360
1720400 358
1720410 358
1720420 356
1720430 355
1720440 355
1720450 355
1720460 356
1720470 356
1720480 355
1720490 355
1720500 355
1720510 354
1720520 353
1720530 351
1720540 351
1720550 348
1720560 346
1720570 346
1720580 344
1720590 342
1720600 342
1720610 340
1720620 338
1720630 338
1720640 335
1720650 333
1720660 333
1720670 331
1720680 328
1720690 326
1720700 326
1720710 324
1720720 323
1720730 323
1720740 322
1720750 322
1720760 322
1720770 322
1720780 322
1720790 322
1720800 322
1720810 322
1720820 322
1720830 322
1720840 322
1720850 323
1720860 323
1720870 322
1720880 322
1720890 322
1720900 321
1720910 320
1720920 320
1720930 320
1720940 320
1720950 320
1720960 319
1720970 318
1720980 318
1720990 317
1721000 316
1721010 316
1721020 316
1721030 315
1721040 314
1721050 314
1721060 313
1721070 313
1721080 313
1721090 313
1721100 312
1721110 312
1721120 312
1721130 312
1721140 312
1721150 312
1721160 311
1721170 311
1721180 311
1721190 311
1721200 312
1721210 312
1721220 312
1721230 312
1721240 312
1721250 313
1721260 314
1721270 314
1721280 314
1721290 315
1721300 315
1721310 316
1721320 317
1721330 317
1721340 317
1721350 318
1721360 319
1721370 319
1721380 320
1721390 320
1721400 320
1721410 321
1721420 323
1721430 323
1721440 324
1721450 326
1721460 326
1721470 328
1721480 330
1721490 330
1721500 332
1721510 335
1721520 335
1721530 338
1721540 342
1721550 344
1721560 344
1721570 346
1721580 349
1721590 349
1721600 352
1721610 355
1721620 355
1721630 358
1721640 360
1721650 360
1721660 363
1721670 366
1721680 366
1721690 368
1721700 369
1721710 370
1721720 370
1721730 372
1721740 372
1721750 372
1721760 373
1721770 372
1721780 372
1721790 372
1721800 371
1721810 371
1721820 370
1721830 367
1721840 367
1721850 366
1721860 365
1721870 366
1721880 366
1721890 365
1721900 366
1721910 366
1721920 368
1721930 370
1721940 370
1721950 372
1721960 375
1721970 375
1721980 378
1721990 380
1722000 380
1722010 382
1722020 386
1722030 386
1722040 390
1722050 391
1722060 390
1722070 390
1722080 387
1722090 384
1722100 384
1722110 380
1722120 379
1722130 379
1722140 377
1722150 376
1722160 376
1722170 375
1722180 373
1722190 373
1722200 372
1722210 367
1722220 364
1722230 364
1722240 361
1722250 359
1722260 359
1722270 359
1722280 360
1722290 360
1722300 361
1722310 361
1722320 361
1722330 361
1722340 361
1722350 361
1722360 356
1722370 353
1722380 350
1722390 350
1722400 347
1722410 347
1722420 347
1722430 349
1722440 349
1722450 349
1722460 350
1722470 350
1722480 350
1722490 350
1722500 349
1722510 349
1722520 349
1722530 349
1722540 349
1722550 348
1722560 349
1722570 348
1722580 348
1722590 347
1722600 345
1722610 345
1722620 342
1722630 340
1722640 340
1722650 339
1722660 337
1722670 337
1722680 335
1722690 334
1722700 334
1722710 334
1722720 334
1722730 334
1722740 334
1722750 335
1722760 337
1722770 337
1722780 335
1722790 335
1722800 335
1722810 335
1722820 332
1722830 332
1722840 331
1722850 331
1722860 331
1722870 331
1722880 331
1722890 331
1722900 331
1722910 330
1722920 330
1722930 330
1722940 331
1722950 333
1722960 333
1722970 333
1722980 333
1722990 333
1723000 335
1723010 337
1723020 337
1723030 340
1723040 342
1723050 342
1723060 346
1723070 348
1723080 350
1723090 350
1723100 352
1723110 354
1723120 354
1723130 356
1723140 357
1723150 357
1723160 359
1723170 360
1723180 360
1723190 360
1723200 360
1723210 360
1723220 359
1723230 358
1723240 357
1723250 357
1723260 355
1723270 354
1723280 354
1723290 352
1723300 350
1723310 350
1723320 348
1723330 347
1723340 347
1723350 346
1723360 345
1723370 345
1723380 343
1723390 342
1723400 341
1723410 341
1723420 339
1723430 338
1723440 338
1723450 334
1723460 331
1723470 331
1723480 328
1723490 325
1723500 325
1723510 325
1723520 324
1723530 324
1723540 323
1723550 323
1723560 323
1723570 323
1723580 322
1723590 321
1723600 321
1723610 321
1723620 320
1723630 320
1723640 320
1723650 319
1723660 319
1723670 319
1723680 320
1723690 320
1723700 320
1723710 320
1723720 320
1723730 318
1723740 321
1723750 318
1723760 318
1723770 321
1723780 323
1723790 323
1723800 322
1723810 322
1723820 322
1723830 322
1723840 323
1723850 323
1723860 324
1723870 325
1723880 325
1723890 327
1723900 330
1723910 332
1723920 332
1723930 335
1723940 338
1723950 338
1723960 340
1723970 342
1723980 342
1723990 344
1724000 345
1724010 345
1724020 344
1724030 348
1724040 348
1724050 352
1724060 358
1724070 358
1724080 360
1724090 364
1724100 368
1724110 368
1724120 370
1724130 372
1724140 372
1724150 374
1724160 376
1724170 376
1724180 378
1724190 380
1724200 380
1724210 381
1724220 381
1724230 381
1724240 379
1724250 375
1724260 370
1724270 370
1724280 367
1724290 366
1724300 366
1724310 367
1724320 367
1724330 367
1724340 367
1724350 362
1724360 362
1724370 362
1724380 363
1724390 363
1724400 358
1724410 360
1724420 362
1724430 362
1724440 368
1724450 376
1724460 376
1724470 380
1724480 382
1724490 382
1724500 384
1724510 387
1724520 387
1724530 390
1724540 393
1724550 393
1724560 397
1724570 400
1724580 400
1724590 400
1724600 399
1724610 397
1724620 397
1724630 396
1724640 395
1724650 395
1724660 395
1724670 396
1724680 396
1724690 396
1724700 396
1724710 398
1724720 398
1724730 397
1724740 397
1724750 397
1724760 396
1724770 396
1724780 396
1724790 396
1724800 394
1724810 394
1724820 390
1724830 383
1724840 383
1724850 378
1724860 373
1724870 373
1724880 369
1724890 365
1724900 365
1724910 361
1724920 357
1724930 354
1724940 354
1724950 353
1724960 351
1724970 351
1724980 348
1724990 348
1725000 348
1725010 345
1725020 342
1725030 342
1725040 342
1725050 348
1725060 348
1725070 354
1725080 362
1725090 362
1725100 365
1725110 365
1725120 366
1725130 366
1725140 366
1725150 366
1725160 366
1725170 367
1725180 367
1725190 367
1725200 366
1725210 366
1725220 366
1725230 366
1725240 366
1725250 366
1725260 365
1725270 362
1725280 358
1725290 358
1725300 353
1725310 350
1725320 350
1725330 348
1725340 346
1725350 346
1725360 343
1725370 340
1725380 340
1725390 337
1725400 335
1725410 335
1725420 332
1725430 330
1725440 328
1725450 328
1725460 326
1725470 325
1725480 325
1725490 323
1725500 322
1725510 322
1725520 321
1725530 321
1725540 321
1725550 320
1725560 321
1725570 321
1725580 322
1725590 322
1725600 322
1725610 324
1725620 324
1725630 327
1725640 327
1725650 330
1725660 332
1725670 332
1725680 334
1725690 336
1725700 336
1725710 338
1725720 341
1725730 341
1725740 343
1725750 342
1725760 342
1725770 340
1725780 338
1725790 335
1725800 335
1725810 332
1725820 329
1725830 329
1725840 325
1725850 323
1725860 323
1725870 323
1725880 324
1725890 324
1725900 326
1725910 329
1725920 329
1725930 332
1725940 335
1725950 339
1725960 339
1725970 343
1725980 342
1725990 342
1726000 340
1726010 338
1726020 338
1726030 334
1726040 331
1726050 331
1726060 327
1726070 323
1726080 323
1726090 323
1726100 325
1726110 325
1726120 326
1726130 325
1726140 324
1726150 324
1726160 323
1726170 322
1726180 322
1726190 320
1726200 318
1726210 318
1726220 316
1726230 316
1726240 316
1726250 316
1726260 315
1726270 315
1726280 315
1726290 313
1726300 312
1726310 312
1726320 311
1726330 310
1726340 310
1726350 309
1726360 307
1726370 307
1726380 306
1726390 305
1726400 305
1726410 304
1726420 304
1726430 304
1726440 304
1726450 304
1726460 304
1726470 304
1726480 303
1726490 303
1726500 303
1726510 303
1726520 307
1726530 307
1726540 310
1726550 313
1726560 313
1726570 315
1726580 313
1726590 313
1726600 312
1726610 308
1726620 308
1726630 306
1726640 308
1726650 308
1726660 308
1726670 308
1726680 308
1726690 308
1726700 309
1726710 311
1726720 311
1726730 314
1726740 319
1726750 319
1726760 322
1726770 326
1726780 326
1726790 331
1726800 334
1726810 337
1726820 337
1726830 339
1726840 341
1726850 341
1726860 343
1726870 344
1726880 344
1726890 345
1726900 347
1726910 347
1726920 350
1726930 352
1726940 352
1726950 353
1726960 355
1726970 357
1726980 357
1726990 360
1727000 361
1727010 361
1727020 363
1727030 364
1727040 364
1727050 364
1727060 364
1727070 364
1727080 364
1727090 361
1727100 361
1727110 361
1727120 361
1727130 361
1727140 360
1727150 358
1727160 356
1727170 356
1727180 354
1727190 352
1727200 352
1727210 349
1727220 346
1727230 346
1727240 344
1727250 340
1727260 340
1727270 337
1727280 332
1727290 332
1727300 330
1727310 327
1727320 324
1727330 324
1727340 322
1727350 318
1727360 318
1727370 315
1727380 312
1727390 312
1727400 310
1727410 308
1727420 308
1727430 308
1727440 308
1727450 308
1727460 308
1727470 308
1727480 309
1727490 309
1727500 310
1727510 310
1727520 310
1727530 310
1727540 309
1727550 309
1727560 310
1727570 310
1727580 310
1727590 312
1727600 313
1727610 313
1727620 315
1727630 317
1727640 317
1727650 320
1727660 322
1727670 325
1727680 325
1727690 327
1727700 329
1727710 329
1727720 331
1727730 334
1727740 334
1727750 336
1727760 339
1727770 339
1727780 342
1727790 345
1727800 345
1727810 348
1727820 350
1727830 353
1727840 353
1727850 353
1727860 349
1727870 349
1727880 346
1727890 343
1727900 343
1727910 337
1727920 329
1727930 329
1727940 324
1727950 319
1727960 319
1727970 319
1727980 313
1727990 316
1728000 316
1728010 322
1728020 325
1728030 325
1728040 325
1728050 324
1728060 324
1728070 322
1728080 318
1728090 318
1728100 315
1728110 311
1728120 311
1728130 310
1728140 311
1728150 312
1728160 312
1728170 312
1728180 313
1728190 313
1728200 313
1728210 313
1728220 313
1728230 313
1728240 317
1728250 317
1728260 320
1728270 323
1728280 323
1728290 329
1728300 333
1728310 333
1728320 336
1728330 339
1728340 342
1728350 342
1728360 344
1728370 346
1728380 346
1728390 348
1728400 349
1728410 349
1728420 350
1728430 351
1728440 351
1728450 353
1728460 355
1728470 355
1728480 357
1728490 359
1728500 360
1728510 360
1728520 358
1728530 358
1728540 358
1728550 357
1728560 355
1728570 355
1728580 354
1728590 353
1728600 353
1728610 352
1728620 350
1728630 350
1728640 349
1728650 348
1728660 347
1728670 347
1728680 346
1728690 344
1728700 344
1728710 342
1728720 340
1728730 340
1728740 338
1728750 336
1728760 336
1728770 335
1728780 331
1728790 331
1728800 330
1728810 326
1728820 326
1728830 324
1728840 323
1728850 322
1728860 322
1728870 321
1728880 321
1728890 321
1728900 321
1728910 322
1728920 322
1728930 323
1728940 322
1728950 322
1728960 321
1728970 318
1728980 318
1728990 318
1729000 318
1729010 318
1729020 318
1729030 318
1729040 316
1729050 316
1729060 317
1729070 317
1729080 317
1729090 317
1729100 318
1729110 318
1729120 319
1729130 320
1729140 320
1729150 321
1729160 321
1729170 321
1729180 323
1729190 324
1729200 323
1729210 323
1729220 323
1729230 322
1729240 322
1729250 321
1729260 320
1729270 320
1729280 318
1729290 317
1729300 317
1729310 317
1729320 319
1729330 319
1729340 321
1729350 323
1729360 325
1729370 325
1729380 327
1729390 328
1729400 328
1729410 329
1729420 330
1729430 330
1729440 331
1729450 332
1729460 332
1729470 334
1729480 336
1729490 336
1729500 338
1729510 340
1729520 342
1729530 342
1729540 344
1729550 345
1729560 345
1729570 348
1729580 349
1729590 349
1729600 349
1729610 347
1729620 347
1729630 344
1729640 341
1729650 341
1729660 338
1729670 336
1729680 334
1729690 334
1729700 332
1729710 330
1729720 330
1729730 329
1729740 327
1729750 327
1729760 326
1729770 325
1729780 325
1729790 322
1729800 319
1729810 319
1729820 317
1729830 315
1729840 315
1729850 312
1729860 310
1729870 308
1729880 308
1729890 306
1729900 306
1729910 306
1729920 305
1729930 304
1729940 304
1729950 305
1729960 305
1729970 305
1729980 306
1729990 308
1730000 308
1730010 309
1730020 311
1730030 313
1730040 313
1730050 315
1730060 316
1730070 316
1730080 317
1730090 318
1730100 318
1730110 320
1730120 321
1730130 321
1730140 322
1730150 324
1730160 324
1730170 326
1730180 328
1730190 330
1730200 330
1730210 332
1730220 333
1730230 333
1730240 333
1730250 334
1730260 334
1730270 335
1730280 336
1730290 336
1730300 338
1730310 338
1730320 338
1730330 339
1730340 340
1730350 340
1730360 341
1730370 342
1730380 344
1730390 344
1730400 344
1730410 344
1730420 344
1730430 343
1730440 341
1730450 341
1730460 339
1730470 338
1730480 338
1730490 337
1730500 336
1730510 336
1730520 335
1730530 334
1730540 333
1730550 333
1730560 332
1730570 329
1730580 329
1730590 329
1730600 328
1730610 328
1730620 327
1730630 325
1730640 325
1730650 324
1730660 323
1730670 323
1730680 322
1730690 320
1730700 318
1730710 318
1730720 316
1730730 314
1730740 314
1730750 313
1730760 312
1730770 312
1730780 311
1730790 310
1730800 310
1730810 307
1730820 305
1730830 305
1730840 302
1730850 299
1730860 299
1730870 297
1730880 294
1730890 292
1730900 292
1730910 292
1730920 291
1730930 291
1730940 290
1730950 289
1730960 289
1730970 289
1730980 288
1730990 288
1731000 288
1731010 287
1731020 287
1731030 287
1731040 287
1731050 287
1731060 287
1731070 287
1731080 287
1731090 287
1731100 287
1731110 287
1731120 287
1731130 287
1731140 289
1731150 289
1731160 291
1731170 294
1731180 294
1731190 297
1731200 300
1731210 301
1731220 301
1731230 303
1731240 305
1731250 305
1731260 305
1731270 304
1731280 304
1731290 304
1731300 304
1731310 304
1731320 303
1731330 303
1731340 303
1731350 303
1731360 302
1731370 302
1731380 303
1731390 304
1731400 304
1731410 304
1731420 305
1731430 306
1731440 306
1731450 307
1731460 308
1731470 308
1731480 310
1731490 313
1731500 313
1731510 315
1731520 315
1731530 315
1731540 314
1731550 314
1731560 314
1731570 314
1731580 313
1731590 312
1731600 312
1731610 312
1731620 311
1731630 311
1731640 311
1731650 311
1731660 311
1731670 311
1731680 312
1731690 312
1731700 312
1731710 313
1731720 313
1731730 313
1731740 313
1731750 315
1731760 315
1731770 315
1731780 314
1731790 314
1731800 311
1731810 308
1731820 308
1731830 308
1731840 304
1731850 304
1731860 300
1731870 299
1731880 299
1731890 298
1731900 294
1731910 291
1731920 291
1731930 288
1731940 285
1731950 285
1731960 285
1731970 286
1731980 286
1731990 292
1732000 297
1732010 297
1732020 298
1732030 298
1732040 298
1732050 300
1732060 305
1732070 305
1732080 305
1732090 304
1732100 305
1732110 305
1732120 304
1732130 302
1732140 302
1732150 305
1732160 306
1732170 306
1732180 304
1732190 300
1732200 300
1732210 296
1732220 296
1732230 298
1732240 298
1732250 299
1732260 299
1732270 299
1732280 300
1732290 298
1732300 298
1732310 298
1732320 295
1732330 295
1732340 293
1732350 292
1732360 292
1732370 290
1732380 288
1732390 288
1732400 287
1732410 287
1732420 285
1732430 285
1732440 283
1732450 282
1732460 282
1732470 281
1732480 280
1732490 280
1732500 279
1732510 277
1732520 277
1732530 276
1732540 274
1732550 274
1732560 273
1732570 270
1732580 268
1732590 268
1732600 266
1732610 266
1732620 266
1732630 266
1732640 266
1732650 266
1732660 266
1732670 265
1732680 265
1732690 266
1732700 265
1732710 265
1732720 264
1732730 264
1732740 264
1732750 264
1732760 264
1732770 264
1732780 264
1732790 264
1732800 264
1732810 264
1732820 264
1732830 264
1732840 264
1732850 264
1732860 263
1732870 263
1732880 262
1732890 261
1732900 261
1732910 262
1732920 262
1732930 261
1732940 261
1732950 260
1732960 260
1732970 260
1732980 260
1732990 260
1733000 260
1733010 260
1733020 260
1733030 260
1733040 260
1733050 259
1733060 259
1733070 259
1733080 259
1733090 259
1733100 259
1733110 259
1733120 259
1733130 259
1733140 260
1733150 260
1733160 260
1733170 261
1733180 260
1733190 260
1733200 261
1733210 261
1733220 261
1733230 261
1733240 262
1733250 262
1733260 262
1733270 263
1733280 264
1733290 264
1733300 265
1733310 265
1733320 265
1733330 266
1733340 265
1733350 265
1733360 265
1733370 262
1733380 262
1733390 261
1733400 260
1733410 260
1733420 261
1733430 261
1733440 261
1733450 261
1733460 258
1733470 259
1733480 259
1733490 259
1733500 259
1733510 259
1733520 258
1733530 259
1733540 259
1733550 258
1733560 259
1733570 259
1733580 258
1733590 258
1733600 259
1733610 259
1733620 259
1733630 258
1733640 258
1733650 258
1733660 258
1733670 258
1733680 258
1733690 258
1733700 258
1733710 258
1733720 258
1733730 258
1733740 258
1733750 258
1733760 258
1733770 258
1733780 258
1733790 258
1733800 258
1733810 259
1733820 259
1733830 259
1733840 259
1733850 259
1733860 259
1733870 259
1733880 259
1733890 259
1733900 261
1733910 260
1733920 260
1733930 259
1733940 257
1733950 254
1733960 254
1733970 254
1733980 254
1733990 254
1734000 254
1734010 254
1734020 254
1734030 254
1734040 254
1734050 254
1734060 254
1734070 257
1734080 257
1734090 259
1734100 257
1734110 257
1734120 257
1734130 257
1734140 256
1734150 256
1734160 256
1734170 255
1734180 255
1734190 257
1734200 257
1734210 257
1734220 257
1734230 257
1734240 257
1734250 256
1734260 256
1734270 256
1734280 256
1734290 257
1734300 257
1734310 257
1734320 256
1734330 256
1734340 256
1734350 256
1734360 256
1734370 256
1734380 257
1734390 256
1734400 256
1734410 257
1734420 257
1734430 257
1734440 257
1734450 257
1734460 257
1734470 257
1734480 257
1734490 256
1734500 256
1734510 256
1734520 256
1734530 256
1734540 256
1734550 256
1734560 256
1734570 257
1734580 257
1734590 257
1734600 257
1734610 257
1734620 257
1734630 257
1734640 257
1734650 256
1734660 256
1734670 256
1734680 256
1734690 256
1734700 256
1734710 257
1734720 257
1734730 257
1734740 257
1734750 257
1734760 257
1734770 257
1734780 256
1734790 256
1734800 256
1734810 256
1734820 256
1734830 256
1734840 256
1734850 256
1734860 256
1734870 256
1734880 256
1734890 256
1734900 257
1734910 257
1734920 256
1734930 256
1734940 256
1734950 256
1734960 256
1734970 256
1734980 256
1734990 256
1735000 256
1735010 256
1735020 256
1735030 256
1735040 256
1735050 256
1735060 256
1735070 256
1735080 256
1735090 256
1735100 256
1735110 256
1735120 256
1735130 256
1735140 256
1735150 256
1735160 256
1735170 256
1735180 256
1735190 256
1735200 256
1735210 256
1735220 256
1735230 256
1735240 256
1735250 256
1735260 256
1735270 256
1735280 256
1735290 256
1735300 256
1735310 256
1735320 256
1735330 256
1735340 255
1735350 256
1735360 256
1735370 256
1735380 256
1735390 256
1735400 256
1735410 256
1735420 256
1735430 256
1735440 256
1735450 256
1735460 256
1735470 256
1735480 256
1735490 256
1735500 256
1735510 256
1735520 256
1735530 256
1735540 256
1735550 256
1735560 256
1735570 256
1735580 256
1735590 256
1735600 256
1735610 256
1735620 256
1735630 256
1735640 256
1735650 256
1735660 256
1735670 256
1735680 256
1735690 256
1735700 255
1735710 255
1735720 255
1735730 256
1735740 256
1735750 256
1735760 256
1735770 256
1735780 256
1735790 256
1735800 256
1735810 256
1735820 256
1735830 256
1735840 256
1735850 256
1735860 256
1735870 256
1735880 256
1735890 256
1735900 256
1735910 256
1735920 256
1735930 256
1735940 256
1735950 256
1735960 256
1735970 256
1735980 255
1735990 256
1736000 256
1736010 256
1736020 255
1736030 255
1736040 256
1736050 255
1736060 255
1736070 256
1736080 256
1736090 256
1736100 255
1736110 255
1736120 255
1736130 255
1736140 255
1736150 255
1736160 255
1736170 256
1736180 256
1736190 256
1736200 256
1736210 256
1736220 256
1736230 256
1736240 256
1736250 256
1736260 256
1736270 256
1736280 256
1736290 256
1736300 256
1736310 256
1736320 256
1736330 257
1736340 256
1736350 256
1736360 256
1736370 257
1736380 257
1736390 257
1736400 257
1736410 257
1736420 257
1736430 257
1736440 257
1736450 257
1736460 257
1736470 257
1736480 257
1736490 257
1736500 257
1736510 257
1736520 257
1736530 256
1736540 256
1736550 257
1736560 257
1736570 257
1736580 257
1736590 257
1736600 257
1736610 257
1736620 258
1736630 258
1736640 258
1736650 257
1736660 257
1736670 257
1736680 256
1736690 256
1736700 256
1736710 257
1736720 257
1736730 257
1736740 257
1736750 257
1736760 257
1736770 257
1736780 257
1736790 257
1736800 257
1736810 257
1736820 257
1736830 257
1736840 257
1736850 257
1736860 257
1736870 257
1736880 257
1736890 257
1736900 257
1736910 257
1736920 257
1736930 257
1736940 257
1736950 257
1736960 257
1736970 257
1736980 257
1736990 257
1737000 257
1737010 257
1737020 257
1737030 257
1737040 257
1737050 257
1737060 257
1737070 257
1737080 257
1737090 257
1737100 257
1737110 257
1737120 257
1737130 257
1737140 257
1737150 257
1737160 257
1737170 257
1737180 257
1737190 257
1737200 257
1737210 257
1737220 257
1737230 257
1737240 257
1737250 257
1737260 257
1737270 257
1737280 257
1737290 257
1737300 257
1737310 257
1737320 257
1737330 257
1737340 257
1737350 257
1737360 257
1737370 257
1737380 257
1737390 257
1737400 257
1737410 257
1737420 257
1737430 257
1737440 257
1737450 258
1737460 258
1737470 258
1737480 258
1737490 258
1737500 258
1737510 258
1737520 258
1737530 258
1737540 258
1737550 258
1737560 258
1737570 258
1737580 258
1737590 258
1737600 258
1737610 258
1737620 258
1737630 258
1737640 258
1737650 258
1737660 258
1737670 258
1737680 258
1737690 258
1737700 258
1737710 258
1737720 258
1737730 257
1737740 258
1737750 258
1737760 258
1737770 258
1737780 258
1737790 258
1737800 258
1737810 258
1737820 258
1737830 258
1737840 258
1737850 258
1737860 258
1737870 258
1737880 258
1737890 258
1737900 258
1737910 258
1737920 258
1737930 257
1737940 257
1737950 258
1737960 257
1737970 257
1737980 258
1737990 257
1738000 257
1738010 257
1738020 257
1738030 257
1738040 257
1738050 257
1738060 257
1738070 257
1738080 253
1738090 253
1738100 253
1738110 253
1738120 253
1738130 253
1738140 253
1738150 253
1738160 253
1738170 253
1738180 253
1738190 253
1738200 253
1738210 253
1738220 253
1738230 253
1738240 253
1738250 253
1738260 253
1738270 253
1738280 253
1738290 253
1738300 253
1738310 253
1738320 253
1738330 253
1738340 253
1738350 253
1738360 253
1738370 253
1738380 253
1738390 253
1738400 253
1738410 253
1738420 253
1738430 255
1738440 257
1738450 257
1738460 257
1738470 257
1738480 257
1738490 256
1738500 255
1738510 255
1738520 256
1738530 257
1738540 257
1738550 257
1738560 257
1738570 257
1738580 257
1738590 256
1738600 257
1738610 257
1738620 257
1738630 257
1738640 257
1738650 257
1738660 257
1738670 257
1738680 257
1738690 257
1738700 257
1738710 257
1738720 257
1738730 257
1738740 257
1738750 257
1738760 257
1738770 257
1738780 257
1738790 257
1738800 257
1738810 257
1738820 257
1738830 257
1738840 257
1738850 257
1738860 257
1738870 257
1738880 257
1738890 257
1738900 257
1738910 256
1738920 256
1738930 256
1738940 256
1738950 257
1738960 257
1738970 256
1738980 256
1738990 256
1739000 256
1739010 256
1739020 256
1739030 256
1739040 256
1739050 256
1739060 256
1739070 256
1739080 256
1739090 256
1739100 256
1739110 256
1739120 256
1739130 256
1739140 256
1739150 256
1739160 256
1739170 256
1739180 256
1739190 256
1739200 256
1739210 256
1739220 256
1739230 256
1739240 256
1739250 256
1739260 256
1739270 256
1739280 256
1739290 256
1739300 256
1739310 256
1739320 256
1739330 255
1739340 255
1739350 255
1739360 254
1739370 254
1739380 254
1739390 254
1739400 255
1739410 255
1739420 255
1739430 255
1739440 255
1739450 254
1739460 254
1739470 254
1739480 254
1739490 255
1739500 255
1739510 254
1739520 254
1739530 254
1739540 254
1739550 254
1739560 253
1739570 253
1739580 254
1739590 254
1739600 254
1739610 254
1739620 254
1739630 254
1739640 255
1739650 255
1739660 255
1739670 255
1739680 255
1739690 255
1739700 255
1739710 255
1739720 255
1739730 255
1739740 255
1739750 255
1739760 255
1739770 255
1739780 255
1739790 255
1739800 256
1739810 256
1739820 256
1739830 255
1739840 255
1739850 255
1739860 255
1739870 256
1739880 256
1739890 256
1739900 256
1739910 256
1739920 256
1739930 256
1739940 256
1739950 256
1739960 256
1739970 256
1739980 256
1739990 256
