1720000 381
1720010 382
1720020 384
1720030 384
1720040 385
1720050 385
1720060 385
1720070 386
1720080 387
1720090 387
1720100 387
1720110 388
1720120 388
1720130 389
1720140 389
1720150 389
1720160 390
1720170 390
1720180 391
1720190 391
1720200 391
1720210 392
1720220 392
1720230 392
1720240 389
1720250 389
1720260 389
1720270 389
1720280 389
1720290 389
1720300 388
1720310 388
1720320 387
1720330 387
1720340 387
1720350 386
1720360 385
1720370 385
1720380 385
1720390 383
1720400 382
1720410 382
1720420 379
1720430 376
1720440 376
1720450 372
1720460 369
1720470 369
1720480 365
1720490 361
1720500 361
1720510 357
1720520 353
1720530 350
1720540 350
1720550 348
1720560 344
1720570 344
1720580 340
1720590 337
1720600 337
1720610 333
1720620 329
1720630 329
1720640 325
1720650 322
1720660 322
1720670 319
1720680 317
1720690 317
1720700 314
1720710 311
1720720 309
1720730 309
1720740 306
1720750 304
1720760 304
1720770 300
1720780 296
1720790 296
1720800 292
1720810 288
1720820 288
1720830 288
1720840 288
1720850 288
1720860 290
1720870 291
1720880 292
1720890 292
1720900 292
1720910 293
1720920 293
1720930 294
1720940 296
1720950 296
1720960 297
1720970 298
1720980 298
1720990 299
1721000 300
1721010 300
1721020 302
1721030 304
1721040 306
1721050 306
1721060 311
1721070 316
1721080 316
1721090 321
1721100 325
1721110 325
1721120 329
1721130 334
1721140 334
1721150 338
1721160 342
1721170 342
1721180 347
1721190 352
1721200 352
1721210 356
1721220 360
1721230 365
1721240 365
1721250 368
1721260 372
1721270 372
1721280 377
1721290 381
1721300 381
1721310 384
1721320 388
1721330 388
1721340 393
1721350 396
1721360 396
1721370 399
1721380 402
1721390 406
1721400 406
1721410 409
1721420 412
1721430 412
1721440 414
1721450 416
1721460 416
1721470 417
1721480 418
1721490 418
1721500 418
1721510 414
1721520 414
1721530 408
1721540 404
1721550 404
1721560 398
1721570 393
1721580 387
1721590 387
1721600 382
1721610 376
1721620 376
1721630 372
1721640 368
1721650 368
1721660 365
1721670 361
1721680 361
1721690 358
1721700 356
1721710 356
1721720 353
1721730 351
1721740 350
1721750 350
1721760 349
1721770 348
1721780 348
1721790 347
1721800 346
1721810 346
1721820 344
1721830 342
1721840 342
1721850 341
1721860 340
1721870 340
1721880 339
1721890 338
1721900 337
1721910 337
1721920 335
1721930 334
1721940 334
1721950 332
1721960 330
1721970 330
1721980 328
1721990 326
1722000 326
1722010 324
1722020 322
1722030 322
1722040 320
1722050 317
1722060 317
1722070 314
1722080 311
1722090 309
1722100 309
1722110 307
1722120 305
1722130 305
1722140 302
1722150 298
1722160 298
1722170 299
1722180 299
1722190 299
1722200 299
1722210 299
1722220 299
1722230 298
1722240 298
1722250 297
1722260 297
1722270 296
1722280 295
1722290 295
1722300 294
1722310 293
1722320 293
1722330 292
1722340 291
1722350 291
1722360 290
1722370 291
1722380 291
1722390 292
1722400 292
1722410 291
1722420 291
1722430 292
1722440 291
1722450 291
1722460 291
1722470 291
1722480 291
1722490 290
1722500 290
1722510 290
1722520 289
1722530 289
1722540 289
1722550 289
1722560 288
1722570 288
1722580 288
1722590 287
1722600 287
1722610 287
1722620 287
1722630 286
1722640 286
1722650 286
1722660 286
1722670 286
1722680 286
1722690 286
1722700 286
1722710 286
1722720 286
1722730 286
1722740 286
1722750 286
1722760 286
1722770 286
1722780 285
1722790 285
1722800 285
1722810 285
1722820 285
1722830 285
1722840 285
1722850 284
1722860 284
1722870 284
1722880 284
1722890 284
1722900 284
1722910 284
1722920 284
1722930 284
1722940 284
1722950 284
1722960 284
1722970 284
1722980 285
1722990 285
1723000 285
1723010 285
1723020 285
1723030 284
1723040 284
1723050 284
1723060 284
1723070 284
1723080 284
1723090 284
1723100 284
1723110 284
1723120 284
1723130 284
1723140 284
1723150 284
1723160 284
1723170 284
1723180 284
1723190 283
1723200 283
1723210 283
1723220 283
1723230 283
1723240 283
1723250 283
1723260 283
1723270 283
1723280 283
1723290 283
1723300 283
1723310 283
1723320 283
1723330 283
1723340 283
1723350 283
1723360 283
1723370 283
1723380 283
1723390 283
1723400 283
1723410 283
1723420 282
1723430 282
1723440 282
1723450 282
1723460 282
1723470 282
1723480 282
1723490 282
1723500 282
1723510 282
1723520 282
1723530 282
1723540 282
1723550 282
1723560 282
1723570 282
1723580 282
1723590 282
1723600 282
1723610 282
1723620 282
1723630 282
1723640 282
1723650 282
1723660 282
1723670 281
1723680 283
1723690 283
1723700 284
1723710 286
1723720 286
1723730 286
1723740 287
1723750 287
1723760 288
1723770 289
1723780 289
1723790 289
1723800 290
1723810 290
1723820 290
1723830 289
1723840 289
1723850 289
1723860 288
1723870 287
1723880 287
1723890 286
1723900 285
1723910 285
1723920 284
1723930 284
1723940 284
1723950 284
1723960 284
1723970 284
1723980 284
1723990 284
1724000 284
1724010 284
1724020 285
1724030 286
1724040 286
1724050 286
1724060 288
1724070 288
1724080 289
1724090 290
1724100 290
1724110 291
1724120 291
1724130 291
1724140 291
1724150 291
1724160 291
1724170 291
1724180 291
1724190 290
1724200 290
1724210 290
1724220 289
1724230 289
1724240 289
1724250 291
1724260 291
1724270 292
1724280 292
1724290 292
1724300 291
1724310 291
1724320 291
1724330 291
1724340 290
1724350 289
1724360 289
1724370 289
1724380 290
1724390 290
1724400 290
1724410 290
1724420 290
1724430 291
1724440 290
1724450 290
1724460 289
1724470 288
1724480 285
1724490 285
1724500 285
1724510 285
1724520 285
1724530 286
1724540 287
1724550 287
1724560 287
1724570 288
1724580 288
1724590 289
1724600 289
1724610 289
1724620 290
1724630 291
1724640 291
1724650 292
1724660 293
1724670 295
1724680 295
1724690 296
1724700 298
1724710 298
1724720 300
1724730 301
1724740 301
1724750 302
1724760 304
1724770 304
1724780 306
1724790 308
1724800 308
1724810 311
1724820 313
1724830 316
1724840 316
1724850 318
1724860 320
1724870 320
1724880 323
1724890 325
1724900 325
1724910 326
1724920 328
1724930 328
1724940 329
1724950 331
1724960 331
1724970 333
1724980 334
1724990 335
1725000 335
1725010 336
1725020 337
1725030 337
1725040 336
1725050 335
1725060 335
1725070 332
1725080 331
1725090 331
1725100 330
1725110 329
1725120 329
1725130 329
1725140 328
1725150 328
1725160 327
1725170 326
1725180 326
1725190 326
1725200 325
1725210 324
1725220 324
1725230 323
1725240 323
1725250 323
1725260 322
1725270 321
1725280 321
1725290 319
1725300 318
1725310 318
1725320 316
1725330 314
1725340 313
1725350 313
1725360 311
1725370 310
1725380 310
1725390 310
1725400 309
1725410 309
1725420 308
1725430 308
1725440 308
1725450 307
1725460 306
1725470 306
1725480 305
1725490 305
1725500 304
1725510 304
1725520 304
1725530 303
1725540 303
1725550 303
1725560 302
1725570 302
1725580 301
1725590 300
1725600 300
1725610 298
1725620 296
1725630 296
1725640 295
1725650 293
1725660 293
1725670 292
1725680 291
1725690 290
1725700 290
1725710 290
1725720 289
1725730 289
1725740 289
1725750 289
1725760 289
1725770 289
1725780 289
1725790 289
1725800 289
1725810 289
1725820 289
1725830 288
1725840 287
1725850 286
1725860 286
1725870 285
1725880 282
1725890 282
1725900 283
1725910 283
1725920 283
1725930 283
1725940 283
1725950 283
1725960 283
1725970 283
1725980 283
1725990 282
1726000 280
1726010 280
1726020 285
1726030 290
1726040 293
1726050 293
1726060 294
1726070 296
1726080 296
1726090 298
1726100 299
1726110 299
1726120 301
1726130 302
1726140 302
1726150 303
1726160 304
1726170 304
1726180 307
1726190 309
1726200 310
1726210 310
1726220 309
1726230 315
1726240 315
1726250 319
1726260 323
1726270 323
1726280 325
1726290 327
1726300 327
1726310 328
1726320 330
1726330 330
1726340 334
1726350 338
1726360 343
1726370 343
1726380 346
1726390 348
1726400 348
1726410 349
1726420 351
1726430 351
1726440 353
1726450 356
1726460 356
1726470 356
1726480 356
1726490 356
1726500 356
1726510 356
1726520 356
1726530 356
1726540 355
1726550 355
1726560 355
1726570 354
1726580 353
1726590 353
1726600 353
1726610 355
1726620 355
1726630 352
1726640 352
1726650 352
1726660 352
1726670 351
1726680 351
1726690 350
1726700 349
1726710 348
1726720 348
1726730 347
1726740 346
1726750 346
1726760 345
1726770 344
1726780 344
1726790 343
1726800 342
1726810 342
1726820 341
1726830 340
1726840 340
1726850 340
1726860 340
1726870 340
1726880 341
1726890 341
1726900 341
1726910 341
1726920 341
1726930 342
1726940 342
1726950 342
1726960 342
1726970 342
1726980 341
1726990 341
1727000 341
1727010 341
1727020 340
1727030 340
1727040 339
1727050 337
1727060 335
1727070 335
1727080 330
1727090 324
1727100 324
1727110 324
1727120 324
1727130 324
1727140 325
1727150 327
1727160 327
1727170 330
1727180 332
1727190 332
1727200 335
1727210 337
1727220 339
1727230 339
1727240 341
1727250 343
1727260 343
1727270 344
1727280 346
1727290 346
1727300 348
1727310 350
1727320 350
1727330 352
1727340 354
1727350 354
1727360 357
1727370 359
1727380 359
1727390 360
1727400 364
1727410 367
1727420 367
1727430 369
1727440 370
1727450 370
1727460 372
1727470 373
1727480 373
1727490 373
1727500 373
1727510 373
1727520 373
1727530 371
1727540 371
1727550 364
1727560 362
1727570 361
1727580 361
1727590 358
1727600 356
1727610 356
1727620 353
1727630 351
1727640 351
1727650 349
1727660 347
1727670 347
1727680 345
1727690 343
1727700 343
1727710 341
1727720 338
1727730 338
1727740 335
1727750 330
1727760 327
1727770 327
1727780 325
1727790 325
1727800 325
1727810 322
1727820 321
1727830 321
1727840 325
1727850 325
1727860 325
1727870 326
1727880 329
1727890 329
1727900 331
1727910 333
1727920 335
1727930 335
1727940 339
1727950 340
1727960 340
1727970 340
1727980 340
1727990 340
1728000 339
1728010 339
1728020 339
1728030 339
1728040 340
1728050 340
1728060 340
1728070 341
1728080 343
1728090 343
1728100 345
1728110 347
1728120 347
1728130 349
1728140 351
1728150 351
1728160 353
1728170 355
1728180 355
1728190 357
1728200 358
1728210 358
1728220 360
1728230 360
1728240 360
1728250 360
1728260 357
1728270 353
1728280 353
1728290 349
1728300 348
1728310 348
1728320 348
1728330 346
1728340 346
1728350 345
1728360 344
1728370 344
1728380 342
1728390 341
1728400 341
1728410 338
1728420 335
1728430 331
1728440 331
1728450 327
1728460 322
1728470 322
1728480 318
1728490 314
1728500 314
1728510 308
1728520 306
1728530 306
1728540 305
1728550 305
1728560 305
1728570 308
1728580 310
1728590 311
1728600 311
1728610 311
1728620 311
1728630 311
1728640 312
1728650 314
1728660 314
1728670 315
1728680 317
1728690 317
1728700 319
1728710 320
1728720 320
1728730 322
1728740 324
1728750 324
1728760 326
1728770 327
1728780 329
1728790 329
1728800 331
1728810 332
1728820 332
1728830 333
1728840 334
1728850 334
1728860 336
1728870 338
1728880 338
1728890 339
1728900 341
1728910 341
1728920 342
1728930 344
1728940 345
1728950 345
1728960 347
1728970 347
1728980 347
1728990 348
1729000 348
1729010 348
1729020 347
1729030 347
1729040 347
1729050 346
1729060 343
1729070 343
1729080 338
1729090 335
1729100 335
1729110 334
1729120 332
1729130 331
1729140 331
1729150 330
1729160 329
1729170 329
1729180 328
1729190 327
1729200 327
1729210 327
1729220 326
1729230 326
1729240 326
1729250 325
1729260 325
1729270 325
1729280 325
1729290 325
1729300 325
1729310 325
1729320 325
1729330 325
1729340 324
1729350 324
1729360 324
1729370 324
1729380 323
1729390 323
1729400 323
1729410 322
1729420 322
1729430 321
1729440 320
1729450 319
1729460 319
1729470 318
1729480 317
1729490 317
1729500 316
1729510 313
1729520 313
1729530 311
1729540 310
1729550 310
1729560 308
1729570 305
1729580 305
1729590 303
1729600 301
1729610 301
1729620 298
1729630 296
1729640 294
1729650 294
1729660 292
1729670 290
1729680 290
1729690 289
1729700 288
1729710 288
1729720 286
1729730 286
1729740 286
1729750 286
1729760 287
1729770 287
1729780 287
1729790 288
1729800 290
1729810 290
1729820 291
1729830 292
1729840 292
1729850 294
1729860 295
1729870 295
1729880 297
1729890 298
1729900 298
1729910 300
1729920 301
1729930 301
1729940 303
1729950 305
1729960 305
1729970 306
1729980 307
1729990 309
1730000 309
1730010 311
1730020 313
1730030 313
1730040 315
1730050 317
1730060 317
1730070 320
1730080 324
1730090 324
1730100 326
1730110 328
1730120 328
1730130 332
1730140 336
1730150 341
1730160 341
1730170 343
1730180 343
1730190 343
1730200 342
1730210 339
1730220 339
1730230 334
1730240 330
1730250 330
1730260 327
1730270 324
1730280 324
1730290 323
1730300 320
1730310 317
1730320 317
1730330 314
1730340 313
1730350 313
1730360 311
1730370 308
1730380 308
1730390 304
1730400 304
1730410 304
1730420 303
1730430 299
1730440 299
1730450 299
1730460 299
1730470 299
1730480 299
1730490 296
1730500 289
1730510 289
1730520 283
1730530 276
1730540 276
1730550 269
1730560 267
1730570 267
1730580 265
1730590 265
1730600 265
1730610 265
1730620 265
1730630 265
1730640 264
1730650 264
1730660 264
1730670 264
1730680 264
1730690 265
1730700 265
1730710 263
1730720 260
1730730 260
1730740 259
1730750 259
1730760 259
1730770 259
1730780 259
1730790 259
1730800 259
1730810 259
1730820 260
1730830 260
1730840 261
1730850 261
1730860 261
1730870 260
1730880 260
1730890 260
1730900 260
1730910 260
1730920 260
1730930 260
1730940 260
1730950 260
1730960 260
1730970 260
1730980 260
1730990 260
1731000 260
1731010 260
1731020 260
1731030 262
1731040 262
1731050 262
1731060 261
1731070 261
1731080 261
1731090 261
1731100 261
1731110 261
1731120 262
1731130 262
1731140 262
1731150 261
1731160 261
1731170 260
1731180 260
1731190 260
1731200 260
1731210 260
1731220 260
1731230 260
1731240 260
1731250 260
1731260 260
1731270 260
1731280 260
1731290 260
1731300 260
1731310 260
1731320 260
1731330 260
1731340 260
1731350 260
1731360 260
1731370 260
1731380 260
1731390 260
1731400 260
1731410 260
1731420 261
1731430 261
1731440 261
1731450 261
1731460 261
1731470 262
1731480 262
1731490 262
1731500 263
1731510 263
1731520 263
1731530 263
1731540 263
1731550 263
1731560 263
1731570 263
1731580 263
1731590 263
1731600 263
1731610 263
1731620 263
1731630 263
1731640 263
1731650 263
1731660 263
1731670 264
1731680 264
1731690 264
1731700 264
1731710 265
1731720 265
1731730 265
1731740 264
1731750 264
1731760 265
1731770 264
1731780 264
1731790 264
1731800 262
1731810 262
1731820 259
1731830 259
1731840 259
1731850 259
1731860 259
1731870 259
1731880 259
1731890 259
1731900 259
1731910 259
1731920 259
1731930 259
1731940 259
1731950 259
1731960 259
1731970 259
1731980 259
1731990 260
1732000 260
1732010 258
1732020 259
1732030 259
1732040 259
1732050 258
1732060 259
1732070 259
1732080 259
1732090 259
1732100 259
1732110 259
1732120 259
1732130 259
1732140 259
1732150 259
1732160 259
1732170 259
1732180 259
1732190 259
1732200 259
1732210 259
1732220 259
1732230 259
1732240 259
1732250 259
1732260 259
1732270 260
1732280 259
1732290 259
1732300 259
1732310 260
1732320 260
1732330 258
1732340 259
1732350 259
1732360 259
1732370 259
1732380 259
1732390 259
1732400 259
1732410 259
1732420 259
1732430 259
1732440 259
1732450 259
1732460 259
1732470 259
1732480 259
1732490 259
1732500 259
1732510 259
1732520 259
1732530 259
1732540 259
1732550 259
1732560 260
1732570 259
1732580 259
1732590 260
1732600 259
1732610 259
1732620 259
1732630 259
1732640 259
1732650 259
1732660 259
1732670 259
1732680 259
1732690 259
1732700 259
1732710 259
1732720 259
1732730 259
1732740 259
1732750 259
1732760 260
1732770 260
1732780 259
1732790 259
1732800 259
1732810 259
1732820 259
1732830 259
1732840 259
1732850 259
1732860 259
1732870 259
1732880 259
1732890 259
1732900 259
1732910 260
1732920 260
1732930 260
1732940 260
1732950 260
1732960 260
1732970 260
1732980 260
1732990 260
1733000 260
1733010 260
1733020 260
1733030 259
1733040 261
1733050 261
1733060 263
1733070 262
1733080 262
1733090 262
1733100 262
1733110 262
1733120 262
1733130 262
1733140 262
1733150 262
1733160 262
1733170 261
1733180 261
1733190 262
1733200 263
1733210 263
1733220 261
1733230 260
1733240 260
1733250 260
1733260 260
1733270 260
1733280 260
1733290 260
1733300 260
1733310 260
1733320 260
1733330 260
1733340 260
1733350 259
1733360 259
1733370 259
1733380 260
1733390 259
1733400 259
1733410 259
1733420 259
1733430 259
1733440 259
1733450 259
1733460 259
1733470 259
1733480 259
1733490 259
1733500 259
1733510 259
1733520 259
1733530 259
1733540 259
1733550 259
1733560 259
1733570 259
1733580 259
1733590 259
1733600 259
1733610 259
1733620 259
1733630 259
1733640 259
1733650 259
1733660 259
1733670 259
1733680 259
1733690 259
1733700 259
1733710 259
1733720 259
1733730 259
1733740 259
1733750 259
1733760 259
1733770 259
1733780 259
1733790 259
1733800 259
1733810 259
1733820 259
1733830 260
1733840 259
1733850 259
1733860 259
1733870 259
1733880 259
1733890 259
1733900 259
1733910 259
1733920 259
1733930 259
1733940 259
1733950 259
1733960 259
1733970 259
1733980 259
1733990 259
1734000 259
1734010 259
1734020 259
1734030 259
1734040 259
1734050 259
1734060 259
1734070 259
1734080 259
1734090 259
1734100 259
1734110 259
1734120 259
1734130 259
1734140 259
1734150 259
1734160 259
1734170 259
1734180 259
1734190 259
1734200 259
1734210 258
1734220 257
1734230 257
1734240 260
1734250 260
1734260 260
1734270 260
1734280 261
1734290 261
1734300 261
1734310 260
1734320 260
1734330 260
1734340 260
1734350 261
1734360 261
1734370 260
1734380 261
1734390 261
1734400 260
1734410 261
1734420 261
1734430 261
1734440 260
1734450 260
1734460 260
1734470 260
1734480 260
1734490 260
1734500 260
1734510 260
1734520 260
1734530 260
1734540 260
1734550 260
1734560 260
1734570 260
1734580 260
1734590 260
1734600 260
1734610 260
1734620 260
1734630 260
1734640 260
1734650 260
1734660 260
1734670 260
1734680 260
1734690 259
1734700 259
1734710 259
1734720 259
1734730 259
1734740 259
1734750 259
1734760 260
1734770 260
1734780 260
1734790 260
1734800 260
1734810 260
1734820 260
1734830 260
1734840 260
1734850 260
1734860 260
1734870 260
1734880 260
1734890 260
1734900 260
1734910 260
1734920 260
1734930 260
1734940 260
1734950 260
1734960 260
1734970 260
1734980 260
1734990 260
1735000 260
1735010 260
1735020 261
1735030 261
1735040 261
1735050 261
1735060 261
1735070 261
1735080 261
1735090 261
1735100 261
1735110 262
1735120 262
1735130 262
1735140 262
1735150 262
1735160 262
1735170 262
1735180 261
1735190 261
1735200 261
1735210 261
1735220 261
1735230 261
1735240 262
1735250 262
1735260 262
1735270 262
1735280 262
1735290 262
1735300 262
1735310 262
1735320 262
1735330 262
1735340 262
1735350 262
1735360 262
1735370 262
1735380 262
1735390 262
1735400 262
1735410 262
1735420 262
1735430 262
1735440 262
1735450 261
1735460 262
1735470 262
1735480 262
1735490 262
1735500 262
1735510 262
1735520 262
1735530 262
1735540 262
1735550 262
1735560 262
1735570 262
1735580 262
1735590 262
1735600 262
1735610 262
1735620 262
1735630 262
1735640 262
1735650 262
1735660 262
1735670 262
1735680 262
1735690 262
1735700 262
1735710 262
1735720 262
1735730 262
1735740 262
1735750 262
1735760 262
1735770 262
1735780 262
1735790 262
1735800 262
1735810 262
1735820 262
1735830 262
1735840 262
1735850 262
1735860 262
1735870 262
1735880 262
1735890 262
1735900 262
1735910 262
1735920 262
1735930 261
1735940 261
1735950 261
1735960 261
1735970 261
1735980 261
1735990 261
1736000 261
1736010 261
1736020 261
1736030 261
1736040 261
1736050 261
1736060 261
1736070 261
1736080 261
1736090 261
1736100 261
1736110 261
1736120 261
1736130 262
1736140 262
1736150 261
1736160 261
1736170 261
1736180 261
1736190 261
1736200 261
1736210 261
1736220 261
1736230 261
1736240 261
1736250 261
1736260 261
1736270 261
1736280 261
1736290 261
1736300 261
1736310 261
1736320 261
1736330 260
1736340 260
1736350 261
1736360 261
1736370 261
1736380 263
1736390 263
1736400 263
1736410 263
1736420 263
1736430 263
1736440 261
1736450 261
1736460 261
1736470 261
1736480 261
1736490 261
1736500 261
1736510 261
1736520 260
1736530 260
1736540 260
1736550 260
1736560 260
1736570 261
1736580 261
1736590 261
1736600 260
1736610 257
1736620 257
1736630 257
1736640 257
1736650 257
1736660 257
1736670 256
1736680 256
1736690 256
1736700 256
1736710 256
1736720 256
1736730 256
1736740 256
1736750 256
1736760 256
1736770 256
1736780 256
1736790 257
1736800 257
1736810 257
1736820 257
1736830 257
1736840 257
1736850 257
1736860 257
1736870 257
1736880 257
1736890 256
1736900 256
1736910 256
1736920 256
1736930 256
1736940 256
1736950 256
1736960 256
1736970 256
1736980 256
1736990 259
1737000 257
1737010 257
1737020 256
1737030 256
1737040 256
1737050 256
1737060 256
1737070 256
1737080 256
1737090 256
1737100 256
1737110 256
1737120 256
1737130 256
1737140 257
1737150 257
1737160 257
1737170 261
1737180 261
1737190 260
1737200 260
1737210 256
1737220 259
1737230 259
1737240 257
1737250 256
1737260 256
1737270 256
1737280 256
1737290 256
1737300 256
1737310 256
1737320 256
1737330 256
1737340 256
1737350 256
1737360 256
1737370 258
1737380 260
1737390 260
1737400 260
1737410 260
1737420 260
1737430 260
1737440 260
1737450 260
1737460 260
1737470 260
1737480 260
1737490 260
1737500 260
1737510 260
1737520 260
1737530 260
1737540 260
1737550 260
1737560 260
1737570 260
1737580 260
1737590 260
1737600 260
1737610 260
1737620 260
1737630 260
1737640 260
1737650 260
1737660 260
1737670 260
1737680 260
1737690 260
1737700 260
1737710 260
1737720 260
1737730 260
1737740 260
1737750 260
1737760 260
1737770 260
1737780 260
1737790 260
1737800 260
1737810 260
1737820 260
1737830 260
1737840 260
1737850 260
1737860 259
1737870 259
1737880 259
1737890 259
1737900 259
1737910 259
1737920 259
1737930 259
1737940 258
1737950 258
1737960 258
1737970 258
1737980 258
1737990 258
1738000 258
1738010 258
1738020 258
1738030 258
1738040 258
1738050 258
1738060 258
1738070 259
1738080 259
1738090 259
1738100 260
1738110 261
1738120 261
1738130 262
1738140 263
1738150 263
1738160 263
1738170 264
1738180 264
1738190 264
1738200 264
1738210 265
1738220 265
1738230 266
1738240 266
1738250 266
1738260 268
1738270 268
1738280 268
1738290 270
1738300 270
1738310 270
1738320 273
1738330 273
1738340 273
1738350 272
1738360 272
1738370 272
1738380 272
1738390 272
1738400 272
1738410 272
1738420 272
1738430 272
1738440 272
1738450 272
1738460 271
1738470 271
1738480 271
1738490 271
1738500 271
1738510 271
1738520 271
1738530 271
1738540 271
1738550 270
1738560 270
1738570 270
1738580 269
1738590 269
1738600 269
1738610 269
1738620 269
1738630 269
1738640 270
1738650 270
1738660 270
1738670 271
1738680 271
1738690 271
1738700 271
1738710 271
1738720 271
1738730 271
1738740 270
1738750 270
1738760 270
1738770 270
1738780 269
1738790 269
1738800 269
1738810 269
1738820 269
1738830 269
1738840 269
1738850 269
1738860 269
1738870 268
1738880 268
1738890 268
1738900 268
1738910 268
1738920 268
1738930 268
1738940 268
1738950 268
1738960 269
1738970 269
1738980 269
1738990 270
1739000 271
1739010 271
1739020 271
1739030 271
1739040 271
1739050 271
1739060 271
1739070 272
1739080 272
1739090 272
1739100 272
1739110 272
1739120 272
1739130 272
1739140 272
1739150 272
1739160 272
1739170 272
1739180 272
1739190 272
1739200 272
1739210 272
1739220 272
1739230 272
1739240 272
1739250 272
1739260 272
1739270 272
1739280 272
1739290 272
1739300 272
1739310 272
1739320 272
1739330 272
1739340 272
1739350 272
1739360 272
1739370 272
1739380 272
1739390 272
1739400 272
1739410 272
1739420 272
1739430 272
1739440 272
1739450 272
1739460 272
1739470 272
1739480 272
1739490 272
1739500 272
1739510 272
1739520 272
1739530 272
1739540 271
1739550 271
1739560 271
1739570 271
1739580 271
1739590 271
1739600 271
1739610 271
1739620 271
1739630 271
1739640 271
1739650 271
1739660 271
1739670 271
1739680 271
1739690 271
1739700 271
1739710 271
1739720 271
1739730 271
1739740 271
1739750 271
1739760 271
1739770 271
1739780 271
1739790 271
1739800 271
1739810 271
1739820 271
1739830 271
1739840 271
1739850 271
1739860 271
1739870 271
1739880 271
1739890 271
1739900 271
1739910 271
1739920 271
1739930 271
1739940 271
1739950 271
1739960 271
1739970 271
1739980 271
1739990 271
