1720000 351
1720010 351
1720020 351
1720030 349
1720040 346
1720050 340
1720060 340
1720070 340
1720080 345
1720090 345
1720100 348
1720110 350
1720120 350
1720130 352
1720140 355
1720150 355
1720160 356
1720170 358
1720180 358
1720190 359
1720200 361
1720210 362
1720220 362
1720230 364
1720240 364
1720250 364
1720260 364
1720270 365
1720280 365
1720290 364
1720300 365
1720310 365
1720320 365
1720330 365
1720340 365
1720350 365
1720360 364
1720370 364
1720380 363
1720390 361
1720400 359
1720410 359
1720420 354
1720430 347
1720440 347
1720450 343
1720460 342
1720470 342
1720480 338
1720490 336
1720500 336
1720510 334
1720520 332
1720530 332
1720540 327
1720550 323
1720560 320
1720570 320
1720580 319
1720590 316
1720600 316
1720610 313
1720620 310
1720630 310
1720640 307
1720650 304
1720660 304
1720670 301
1720680 296
1720690 296
1720700 297
1720710 294
1720720 287
1720730 287
1720740 287
1720750 287
1720760 287
1720770 288
1720780 288
1720790 288
1720800 289
1720810 289
1720820 289
1720830 290
1720840 291
1720850 291
1720860 292
1720870 293
1720880 293
1720890 295
1720900 296
1720910 298
1720920 298
1720930 300
1720940 303
1720950 303
1720960 305
1720970 307
1720980 307
1720990 308
1721000 308
1721010 308
1721020 311
1721030 316
1721040 316
1721050 320
1721060 323
1721070 327
1721080 327
1721090 332
1721100 336
1721110 336
1721120 334
1721130 334
1721140 334
1721150 340
1721160 347
1721170 347
1721180 352
1721190 356
1721200 356
1721210 360
1721220 364
1721230 364
1721240 367
1721250 371
1721260 374
1721270 374
1721280 380
1721290 382
1721300 382
1721310 386
1721320 390
1721330 390
1721340 393
1721350 397
1721360 397
1721370 400
1721380 403
1721390 403
1721400 406
1721410 408
1721420 410
1721430 410
1721440 411
1721450 412
1721460 412
1721470 413
1721480 412
1721490 412
1721500 409
1721510 405
1721520 405
1721530 400
1721540 395
1721550 395
1721560 391
1721570 386
1721580 382
1721590 382
1721600 378
1721610 373
1721620 373
1721630 369
1721640 366
1721650 366
1721660 363
1721670 358
1721680 358
1721690 355
1721700 353
1721710 353
1721720 349
1721730 344
1721740 344
1721750 338
1721760 333
1721770 328
1721780 328
1721790 323
1721800 320
1721810 320
1721820 318
1721830 318
1721840 318
1721850 320
1721860 321
1721870 321
1721880 318
1721890 316
1721900 316
1721910 320
1721920 319
1721930 320
1721940 320
1721950 319
1721960 318
1721970 318
1721980 318
1721990 318
1722000 318
1722010 317
1722020 315
1722030 315
1722040 314
1722050 313
1722060 313
1722070 312
1722080 310
1722090 309
1722100 309
1722110 308
1722120 307
1722130 307
1722140 306
1722150 305
1722160 305
1722170 303
1722180 302
1722190 302
1722200 300
1722210 299
1722220 299
1722230 298
1722240 297
1722250 297
1722260 296
1722270 295
1722280 293
1722290 293
1722300 293
1722310 292
1722320 292
1722330 291
1722340 291
1722350 291
1722360 290
1722370 289
1722380 289
1722390 289
1722400 289
1722410 289
1722420 288
1722430 288
1722440 288
1722450 288
1722460 288
1722470 288
1722480 288
1722490 288
1722500 287
1722510 287
1722520 287
1722530 287
1722540 287
1722550 287
1722560 286
1722570 286
1722580 286
1722590 286
1722600 286
1722610 286
1722620 285
1722630 285
1722640 285
1722650 285
1722660 285
1722670 285
1722680 285
1722690 284
1722700 284
1722710 284
1722720 285
1722730 285
1722740 284
1722750 284
1722760 284
1722770 284
1722780 284
1722790 284
1722800 284
1722810 284
1722820 284
1722830 284
1722840 283
1722850 283
1722860 283
1722870 283
1722880 283
1722890 283
1722900 283
1722910 283
1722920 283
1722930 283
1722940 283
1722950 283
1722960 283
1722970 283
1722980 284
1722990 284
1723000 283
1723010 283
1723020 283
1723030 283
1723040 283
1723050 283
1723060 284
1723070 283
1723080 283
1723090 283
1723100 283
1723110 283
1723120 283
1723130 282
1723140 283
1723150 283
1723160 283
1723170 283
1723180 283
1723190 283
1723200 283
1723210 283
1723220 282
1723230 282
1723240 282
1723250 282
1723260 282
1723270 282
1723280 282
1723290 282
1723300 282
1723310 282
1723320 282
1723330 282
1723340 282
1723350 282
1723360 282
1723370 282
1723380 282
1723390 282
1723400 282
1723410 282
1723420 282
1723430 282
1723440 282
1723450 282
1723460 282
1723470 282
1723480 282
1723490 282
1723500 282
1723510 281
1723520 281
1723530 281
1723540 281
1723550 281
1723560 281
1723570 281
1723580 281
1723590 281
1723600 281
1723610 281
1723620 281
1723630 281
1723640 281
1723650 281
1723660 281
1723670 282
1723680 282
1723690 282
1723700 282
1723710 282
1723720 282
1723730 282
1723740 282
1723750 282
1723760 283
1723770 283
1723780 283
1723790 283
1723800 283
1723810 284
1723820 284
1723830 284
1723840 284
1723850 284
1723860 283
1723870 284
1723880 284
1723890 283
1723900 283
1723910 283
1723920 283
1723930 283
1723940 283
1723950 282
1723960 283
1723970 283
1723980 283
1723990 283
1724000 284
1724010 284
1724020 285
1724030 286
1724040 286
1724050 287
1724060 288
1724070 288
1724080 287
1724090 286
1724100 286
1724110 285
1724120 285
1724130 285
1724140 285
1724150 284
1724160 284
1724170 284
1724180 283
1724190 284
1724200 284
1724210 284
1724220 285
1724230 285
1724240 285
1724250 285
1724260 285
1724270 286
1724280 286
1724290 286
1724300 285
1724310 286
1724320 286
1724330 286
1724340 286
1724350 285
1724360 285
1724370 285
1724380 284
1724390 284
1724400 284
1724410 285
1724420 285
1724430 285
1724440 285
1724450 285
1724460 284
1724470 284
1724480 284
1724490 282
1724500 282
1724510 286
1724520 286
1724530 288
1724540 288
1724550 288
1724560 289
1724570 290
1724580 290
1724590 291
1724600 292
1724610 292
1724620 293
1724630 294
1724640 294
1724650 295
1724660 296
1724670 296
1724680 296
1724690 297
1724700 299
1724710 299
1724720 299
1724730 300
1724740 300
1724750 300
1724760 301
1724770 301
1724780 303
1724790 305
1724800 305
1724810 306
1724820 309
1724830 309
1724840 311
1724850 312
1724860 314
1724870 314
1724880 315
1724890 317
1724900 317
1724910 319
1724920 320
1724930 320
1724940 322
1724950 322
1724960 322
1724970 322
1724980 318
1724990 318
1725000 315
1725010 308
1725020 309
1725030 309
1725040 313
1725050 314
1725060 314
1725070 314
1725080 312
1725090 312
1725100 310
1725110 314
1725120 314
1725130 317
1725140 320
1725150 320
1725160 321
1725170 322
1725180 322
1725190 324
1725200 325
1725210 326
1725220 326
1725230 326
1725240 325
1725250 325
1725260 324
1725270 323
1725280 323
1725290 322
1725300 320
1725310 320
1725320 319
1725330 317
1725340 317
1725350 315
1725360 313
1725370 312
1725380 312
1725390 311
1725400 310
1725410 310
1725420 309
1725430 308
1725440 308
1725450 307
1725460 305
1725470 305
1725480 304
1725490 303
1725500 303
1725510 303
1725520 303
1725530 302
1725540 302
1725550 300
1725560 299
1725570 299
1725580 297
1725590 295
1725600 295
1725610 293
1725620 292
1725630 292
1725640 291
1725650 290
1725660 290
1725670 290
1725680 289
1725690 289
1725700 289
1725710 289
1725720 289
1725730 289
1725740 289
1725750 289
1725760 289
1725770 288
1725780 288
1725790 288
1725800 288
1725810 288
1725820 288
1725830 288
1725840 288
1725850 288
1725860 287
1725870 287
1725880 284
1725890 284
1725900 282
1725910 282
1725920 282
1725930 282
1725940 282
1725950 282
1725960 282
1725970 282
1725980 282
1725990 281
1726000 284
1726010 284
1726020 288
1726030 290
1726040 292
1726050 292
1726060 292
1726070 289
1726080 289
1726090 290
1726100 291
1726110 291
1726120 294
1726130 296
1726140 296
1726150 298
1726160 303
1726170 303
1726180 305
1726190 308
1726200 308
1726210 310
1726220 314
1726230 317
1726240 317
1726250 319
1726260 323
1726270 323
1726280 326
1726290 331
1726300 331
1726310 333
1726320 336
1726330 336
1726340 338
1726350 341
1726360 341
1726370 345
1726380 346
1726390 349
1726400 349
1726410 349
1726420 349
1726430 349
1726440 349
1726450 349
1726460 349
1726470 348
1726480 347
1726490 347
1726500 345
1726510 344
1726520 344
1726530 343
1726540 342
1726550 342
1726560 342
1726570 341
1726580 341
1726590 341
1726600 340
1726610 340
1726620 340
1726630 340
1726640 340
1726650 340
1726660 340
1726670 341
1726680 341
1726690 343
1726700 344
1726710 344
1726720 346
1726730 346
1726740 347
1726750 347
1726760 348
1726770 348
1726780 348
1726790 349
1726800 350
1726810 350
1726820 351
1726830 351
1726840 351
1726850 351
1726860 351
1726870 351
1726880 352
1726890 353
1726900 354
1726910 354
1726920 354
1726930 354
1726940 354
1726950 354
1726960 353
1726970 353
1726980 352
1726990 349
1727000 349
1727010 347
1727020 345
1727030 345
1727040 343
1727050 342
1727060 342
1727070 341
1727080 341
1727090 342
1727100 342
1727110 344
1727120 345
1727130 345
1727140 345
1727150 343
1727160 343
1727170 341
1727180 338
1727190 338
1727200 336
1727210 335
1727220 335
1727230 336
1727240 338
1727250 340
1727260 340
1727270 341
1727280 342
1727290 342
1727300 343
1727310 344
1727320 344
1727330 346
1727340 349
1727350 349
1727360 352
1727370 355
1727380 355
1727390 357
1727400 360
1727410 360
1727420 363
1727430 366
1727440 368
1727450 368
1727460 369
1727470 370
1727480 370
1727490 370
1727500 369
1727510 369
1727520 367
1727530 365
1727540 365
1727550 362
1727560 358
1727570 358
1727580 356
1727590 352
1727600 349
1727610 349
1727620 347
1727630 345
1727640 345
1727650 343
1727660 341
1727670 341
1727680 339
1727690 339
1727700 339
1727710 337
1727720 335
1727730 335
1727740 330
1727750 326
1727760 326
1727770 326
1727780 327
1727790 331
1727800 331
1727810 331
1727820 333
1727830 333
1727840 335
1727850 335
1727860 335
1727870 338
1727880 340
1727890 340
1727900 341
1727910 342
1727920 342
1727930 343
1727940 344
1727950 345
1727960 345
1727970 346
1727980 347
1727990 347
1728000 350
1728010 353
1728020 353
1728030 355
1728040 357
1728050 357
1728060 358
1728070 358
1728080 358
1728090 358
1728100 357
1728110 358
1728120 358
1728130 359
1728140 360
1728150 360
1728160 362
1728170 362
1728180 362
1728190 360
1728200 357
1728210 357
1728220 355
1728230 352
1728240 352
1728250 350
1728260 348
1728270 348
1728280 341
1728290 334
1728300 333
1728310 333
1728320 331
1728330 331
1728340 331
1728350 331
1728360 332
1728370 332
1728380 329
1728390 326
1728400 326
1728410 322
1728420 319
1728430 319
1728440 315
1728450 312
1728460 308
1728470 308
1728480 308
1728490 309
1728500 309
1728510 312
1728520 313
1728530 313
1728540 317
1728550 319
1728560 319
1728570 322
1728580 324
1728590 324
1728600 325
1728610 327
1728620 328
1728630 328
1728640 331
1728650 333
1728660 333
1728670 335
1728680 335
1728690 335
1728700 334
1728710 333
1728720 333
1728730 333
1728740 333
1728750 333
1728760 335
1728770 337
1728780 337
1728790 339
1728800 340
1728810 342
1728820 342
1728830 343
1728840 344
1728850 344
1728860 344
1728870 344
1728880 344
1728890 344
1728900 344
1728910 344
1728920 340
1728930 337
1728940 337
1728950 333
1728960 330
1728970 329
1728980 329
1728990 327
1729000 326
1729010 326
1729020 328
1729030 329
1729040 329
1729050 330
1729060 329
1729070 329
1729080 329
1729090 329
1729100 329
1729110 329
1729120 329
1729130 329
1729140 329
1729150 330
1729160 333
1729170 333
1729180 333
1729190 333
1729200 333
1729210 332
1729220 332
1729230 332
1729240 331
1729250 330
1729260 330
1729270 328
1729280 327
1729290 327
1729300 326
1729310 325
1729320 324
1729330 324
1729340 322
1729350 321
1729360 321
1729370 319
1729380 317
1729390 317
1729400 314
1729410 312
1729420 312
1729430 311
1729440 308
1729450 308
1729460 307
1729470 305
1729480 303
1729490 303
1729500 301
1729510 299
1729520 299
1729530 298
1729540 296
1729550 296
1729560 295
1729570 294
1729580 294
1729590 294
1729600 293
1729610 293
1729620 292
1729630 290
1729640 290
1729650 289
1729660 288
1729670 288
1729680 288
1729690 288
1729700 288
1729710 288
1729720 288
1729730 288
1729740 288
1729750 289
1729760 290
1729770 290
1729780 291
1729790 292
1729800 292
1729810 293
1729820 294
1729830 296
1729840 296
1729850 298
1729860 301
1729870 301
1729880 303
1729890 306
1729900 306
1729910 308
1729920 310
1729930 310
1729940 312
1729950 314
1729960 314
1729970 317
1729980 320
1729990 322
1730000 322
1730010 324
1730020 325
1730030 325
1730040 327
1730050 329
1730060 329
1730070 332
1730080 335
1730090 335
1730100 337
1730110 337
1730120 337
1730130 337
1730140 332
1730150 332
1730160 326
1730170 321
1730180 314
1730190 314
1730200 312
1730210 309
1730220 309
1730230 306
1730240 307
1730250 307
1730260 309
1730270 309
1730280 309
1730290 308
1730300 307
1730310 307
1730320 303
1730330 302
1730340 299
1730350 299
1730360 295
1730370 291
1730380 291
1730390 291
1730400 286
1730410 286
1730420 281
1730430 280
1730440 280
1730450 277
1730460 272
1730470 272
1730480 266
1730490 263
1730500 263
1730510 263
1730520 264
1730530 264
1730540 264
1730550 264
1730560 263
1730570 263
1730580 263
1730590 263
1730600 263
1730610 263
1730620 263
1730630 263
1730640 260
1730650 259
1730660 259
1730670 259
1730680 259
1730690 260
1730700 260
1730710 261
1730720 261
1730730 261
1730740 261
1730750 260
1730760 260
1730770 260
1730780 260
1730790 260
1730800 260
1730810 260
1730820 260
1730830 260
1730840 260
1730850 260
1730860 260
1730870 260
1730880 260
1730890 260
1730900 261
1730910 262
1730920 262
1730930 261
1730940 260
1730950 260
1730960 262
1730970 261
1730980 261
1730990 260
1731000 260
1731010 260
1731020 260
1731030 261
1731040 261
1731050 261
1731060 261
1731070 261
1731080 261
1731090 261
1731100 261
1731110 261
1731120 261
1731130 261
1731140 261
1731150 261
1731160 261
1731170 261
1731180 262
1731190 261
1731200 260
1731210 260
1731220 260
1731230 260
1731240 260
1731250 260
1731260 260
1731270 260
1731280 260
1731290 260
1731300 260
1731310 260
1731320 260
1731330 260
1731340 260
1731350 260
1731360 260
1731370 260
1731380 260
1731390 261
1731400 261
1731410 261
1731420 261
1731430 261
1731440 262
1731450 262
1731460 262
1731470 262
1731480 262
1731490 262
1731500 263
1731510 263
1731520 263
1731530 263
1731540 264
1731550 264
1731560 264
1731570 264
1731580 264
1731590 264
1731600 264
1731610 264
1731620 264
1731630 264
1731640 264
1731650 264
1731660 264
1731670 264
1731680 264
1731690 263
1731700 261
1731710 261
1731720 261
1731730 261
1731740 261
1731750 261
1731760 260
1731770 261
1731780 261
1731790 260
1731800 259
1731810 259
1731820 259
1731830 260
1731840 260
1731850 260
1731860 260
1731870 260
1731880 260
1731890 260
1731900 260
1731910 260
1731920 260
1731930 260
1731940 260
1731950 260
1731960 259
1731970 259
1731980 258
1731990 258
1732000 258
1732010 259
1732020 259
1732030 259
1732040 259
1732050 259
1732060 259
1732070 259
1732080 259
1732090 259
1732100 259
1732110 259
1732120 259
1732130 259
1732140 259
1732150 259
1732160 259
1732170 259
1732180 259
1732190 259
1732200 258
1732210 258
1732220 258
1732230 259
1732240 260
1732250 260
1732260 260
1732270 260
1732280 259
1732290 259
1732300 259
1732310 259
1732320 259
1732330 260
1732340 259
1732350 259
1732360 260
1732370 260
1732380 260
1732390 259
1732400 259
1732410 259
1732420 259
1732430 259
1732440 259
1732450 259
1732460 259
1732470 259
1732480 259
1732490 260
1732500 260
1732510 260
1732520 260
1732530 260
1732540 260
1732550 260
1732560 259
1732570 259
1732580 259
1732590 260
1732600 259
1732610 259
1732620 260
1732630 260
1732640 260
1732650 260
1732660 260
1732670 260
1732680 259
1732690 259
1732700 259
1732710 259
1732720 259
1732730 259
1732740 259
1732750 260
1732760 259
1732770 259
1732780 259
1732790 260
1732800 260
1732810 260
1732820 259
1732830 259
1732840 260
1732850 260
1732860 260
1732870 260
1732880 260
1732890 260
1732900 260
1732910 260
1732920 260
1732930 260
1732940 260
1732950 260
1732960 260
1732970 260
1732980 260
1732990 260
1733000 260
1733010 260
1733020 260
1733030 260
1733040 259
1733050 259
1733060 261
1733070 263
1733080 262
1733090 262
1733100 262
1733110 262
1733120 262
1733130 262
1733140 262
1733150 262
1733160 262
1733170 262
1733180 262
1733190 262
1733200 262
1733210 262
1733220 263
1733230 261
1733240 261
1733250 260
1733260 260
1733270 260
1733280 260
1733290 260
1733300 260
1733310 260
1733320 259
1733330 260
1733340 260
1733350 260
1733360 260
1733370 260
1733380 260
1733390 259
1733400 259
1733410 259
1733420 259
1733430 260
1733440 260
1733450 260
1733460 259
1733470 259
1733480 259
1733490 259
1733500 259
1733510 259
1733520 259
1733530 259
1733540 259
1733550 259
1733560 259
1733570 259
1733580 260
1733590 260
1733600 260
1733610 259
1733620 259
1733630 259
1733640 259
1733650 259
1733660 259
1733670 259
1733680 259
1733690 259
1733700 259
1733710 260
1733720 260
1733730 260
1733740 260
1733750 260
1733760 259
1733770 259
1733780 259
1733790 259
1733800 259
1733810 259
1733820 259
1733830 259
1733840 260
1733850 260
1733860 259
1733870 260
1733880 260
1733890 259
1733900 259
1733910 259
1733920 259
1733930 260
1733940 260
1733950 260
1733960 260
1733970 260
1733980 260
1733990 260
1734000 260
1734010 260
1734020 260
1734030 259
1734040 259
1734050 259
1734060 259
1734070 259
1734080 260
1734090 260
1734100 260
1734110 260
1734120 259
1734130 260
1734140 260
1734150 260
1734160 259
1734170 259
1734180 259
1734190 260
1734200 260
1734210 260
1734220 260
1734230 260
1734240 260
1734250 258
1734260 258
1734270 257
1734280 260
1734290 260
1734300 260
1734310 259
1734320 259
1734330 259
1734340 259
1734350 260
1734360 260
1734370 260
1734380 260
1734390 260
1734400 259
1734410 259
1734420 259
1734430 260
1734440 261
1734450 261
1734460 260
1734470 260
1734480 260
1734490 260
1734500 260
1734510 260
1734520 260
1734530 260
1734540 260
1734550 260
1734560 260
1734570 260
1734580 260
1734590 260
1734600 260
1734610 260
1734620 260
1734630 260
1734640 260
1734650 260
1734660 260
1734670 260
1734680 260
1734690 260
1734700 260
1734710 260
1734720 260
1734730 259
1734740 259
1734750 259
1734760 260
1734770 260
1734780 260
1734790 260
1734800 260
1734810 260
1734820 260
1734830 260
1734840 260
1734850 260
1734860 260
1734870 260
1734880 260
1734890 260
1734900 260
1734910 260
1734920 260
1734930 260
1734940 260
1734950 260
1734960 260
1734970 261
1734980 261
1734990 261
1735000 261
1735010 261
1735020 261
1735030 261
1735040 262
1735050 262
1735060 262
1735070 262
1735080 262
1735090 262
1735100 261
1735110 262
1735120 262
1735130 262
1735140 262
1735150 262
1735160 262
1735170 262
1735180 262
1735190 262
1735200 262
1735210 262
1735220 262
1735230 262
1735240 262
1735250 262
1735260 262
1735270 262
1735280 262
1735290 262
1735300 262
1735310 262
1735320 262
1735330 262
1735340 262
1735350 262
1735360 262
1735370 262
1735380 262
1735390 262
1735400 263
1735410 263
1735420 263
1735430 263
1735440 263
1735450 263
1735460 263
1735470 263
1735480 263
1735490 263
1735500 263
1735510 263
1735520 263
1735530 262
1735540 262
1735550 263
1735560 262
1735570 262
1735580 262
1735590 262
1735600 262
1735610 262
1735620 262
1735630 262
1735640 262
1735650 262
1735660 262
1735670 262
1735680 262
1735690 262
1735700 262
1735710 262
1735720 262
1735730 262
1735740 262
1735750 262
1735760 262
1735770 262
1735780 262
1735790 262
1735800 262
1735810 262
1735820 262
1735830 261
1735840 261
1735850 261
1735860 261
1735870 261
1735880 261
1735890 261
1735900 261
1735910 261
1735920 261
1735930 261
1735940 261
1735950 261
1735960 261
1735970 261
1735980 261
1735990 261
1736000 261
1736010 261
1736020 261
1736030 261
1736040 261
1736050 261
1736060 261
1736070 262
1736080 262
1736090 262
1736100 262
1736110 262
1736120 262
1736130 262
1736140 262
1736150 261
1736160 261
1736170 261
1736180 261
1736190 261
1736200 261
1736210 261
1736220 261
1736230 261
1736240 261
1736250 261
1736260 261
1736270 261
1736280 261
1736290 261
1736300 261
1736310 263
1736320 263
1736330 263
1736340 263
1736350 263
1736360 261
1736370 261
1736380 261
1736390 261
1736400 261
1736410 261
1736420 261
1736430 261
1736440 260
1736450 260
1736460 260
1736470 260
1736480 260
1736490 260
1736500 260
1736510 260
1736520 257
1736530 256
1736540 256
1736550 256
1736560 256
1736570 256
1736580 256
1736590 256
1736600 256
1736610 256
1736620 256
1736630 256
1736640 256
1736650 256
1736660 256
1736670 256
1736680 256
1736690 256
1736700 256
1736710 256
1736720 256
1736730 256
1736740 256
1736750 256
1736760 256
1736770 256
1736780 256
1736790 256
1736800 256
1736810 256
1736820 256
1736830 257
1736840 257
1736850 257
1736860 257
1736870 257
1736880 257
1736890 258
1736900 258
1736910 258
1736920 258
1736930 259
1736940 259
1736950 259
1736960 259
1736970 259
1736980 259
1736990 259
1737000 259
1737010 259
1737020 260
1737030 260
1737040 260
1737050 260
1737060 261
1737070 261
1737080 261
1737090 261
1737100 261
1737110 261
1737120 260
1737130 260
1737140 257
1737150 256
1737160 256
1737170 256
1737180 256
1737190 256
1737200 256
1737210 256
1737220 256
1737230 256
1737240 260
1737250 256
1737260 256
1737270 256
1737280 257
1737290 257
1737300 257
1737310 256
1737320 256
1737330 258
1737340 259
1737350 259
1737360 257
1737370 260
1737380 262
1737390 262
1737400 261
1737410 261
1737420 261
1737430 261
1737440 260
1737450 260
1737460 260
1737470 260
1737480 260
1737490 260
1737500 260
1737510 260
1737520 260
1737530 260
1737540 260
1737550 260
1737560 260
1737570 260
1737580 260
1737590 260
1737600 260
1737610 260
1737620 260
1737630 260
1737640 260
1737650 260
1737660 260
1737670 260
1737680 260
1737690 260
1737700 260
1737710 260
1737720 260
1737730 260
1737740 260
1737750 260
1737760 260
1737770 260
1737780 260
1737790 260
1737800 260
1737810 259
1737820 259
1737830 259
1737840 259
1737850 259
1737860 259
1737870 259
1737880 258
1737890 258
1737900 258
1737910 258
1737920 258
1737930 258
1737940 259
1737950 259
1737960 259
1737970 259
1737980 259
1737990 259
1738000 259
1738010 259
1738020 259
1738030 259
1738040 260
1738050 260
1738060 261
1738070 266
1738080 270
1738090 270
1738100 271
1738110 271
1738120 271
1738130 271
1738140 270
1738150 270
1738160 268
1738170 267
1738180 267
1738190 267
1738200 269
1738210 269
1738220 269
1738230 271
1738240 269
1738250 269
1738260 270
1738270 271
1738280 271
1738290 271
1738300 272
1738310 272
1738320 271
1738330 271
1738340 271
1738350 271
1738360 272
1738370 272
1738380 272
1738390 272
1738400 272
1738410 273
1738420 272
1738430 272
1738440 272
1738450 272
1738460 272
1738470 272
1738480 271
1738490 270
1738500 270
1738510 270
1738520 270
1738530 270
1738540 270
1738550 271
1738560 271
1738570 271
1738580 271
1738590 272
1738600 272
1738610 272
1738620 272
1738630 272
1738640 272
1738650 272
1738660 272
1738670 272
1738680 272
1738690 272
1738700 272
1738710 272
1738720 272
1738730 272
1738740 272
1738750 272
1738760 272
1738770 272
1738780 272
1738790 272
1738800 272
1738810 272
1738820 272
1738830 272
1738840 272
1738850 272
1738860 271
1738870 271
1738880 271
1738890 272
1738900 272
1738910 272
1738920 272
1738930 272
1738940 272
1738950 272
1738960 272
1738970 272
1738980 272
1738990 272
1739000 272
1739010 272
1739020 272
1739030 272
1739040 272
1739050 272
1739060 272
1739070 272
1739080 272
1739090 272
1739100 272
1739110 272
1739120 272
1739130 272
1739140 272
1739150 272
1739160 272
1739170 272
1739180 272
1739190 272
1739200 272
1739210 272
1739220 272
1739230 272
1739240 272
1739250 272
1739260 272
1739270 272
1739280 272
1739290 273
1739300 273
1739310 272
1739320 272
1739330 272
1739340 272
1739350 272
1739360 272
1739370 272
1739380 272
1739390 272
1739400 272
1739410 272
1739420 272
1739430 272
1739440 272
1739450 272
1739460 272
1739470 272
1739480 272
1739490 272
1739500 272
1739510 272
1739520 272
1739530 272
1739540 272
1739550 272
1739560 272
1739570 271
1739580 271
1739590 271
1739600 271
1739610 271
1739620 271
1739630 272
1739640 271
1739650 271
1739660 271
1739670 271
1739680 271
1739690 271
1739700 271
1739710 271
1739720 271
1739730 271
1739740 271
1739750 271
1739760 271
1739770 271
1739780 271
1739790 271
1739800 272
1739810 272
1739820 271
1739830 272
1739840 272
1739850 271
1739860 271
1739870 271
1739880 271
1739890 271
1739900 271
1739910 271
1739920 271
1739930 271
1739940 271
1739950 271
1739960 271
1739970 271
1739980 271
1739990 271
