1720000 398
1720010 400
1720020 401
1720030 401
1720040 402
1720050 403
1720060 403
1720070 403
1720080 403
1720090 403
1720100 403
1720110 403
1720120 403
1720130 402
1720140 402
1720150 402
1720160 401
1720170 402
1720180 404
1720190 404
1720200 406
1720210 406
1720220 406
1720230 406
1720240 405
1720250 405
1720260 403
1720270 402
1720280 402
1720290 401
1720300 400
1720310 400
1720320 399
1720330 399
1720340 398
1720350 398
1720360 397
1720370 397
1720380 397
1720390 395
1720400 395
1720410 395
1720420 395
1720430 394
1720440 394
1720450 393
1720460 391
1720470 391
1720480 388
1720490 386
1720500 386
1720510 382
1720520 378
1720530 374
1720540 374
1720550 370
1720560 366
1720570 366
1720580 362
1720590 359
1720600 359
1720610 356
1720620 352
1720630 350
1720640 346
1720650 344
1720660 344
1720670 339
1720680 335
1720690 331
1720700 331
1720710 327
1720720 323
1720730 323
1720740 320
1720750 317
1720760 317
1720770 314
1720780 311
1720790 311
1720800 307
1720810 304
1720820 304
1720830 301
1720840 297
1720850 296
1720860 296
1720870 290
1720880 288
1720890 288
1720900 289
1720910 289
1720920 289
1720930 289
1720940 290
1720950 290
1720960 292
1720970 293
1720980 293
1720990 295
1721000 298
1721010 298
1721020 302
1721030 305
1721040 308
1721050 308
1721060 312
1721070 316
1721080 316
1721090 319
1721100 324
1721110 324
1721120 328
1721130 333
1721140 333
1721150 337
1721160 341
1721170 341
1721180 345
1721190 349
1721200 352
1721210 352
1721220 356
1721230 359
1721240 359
1721250 363
1721260 367
1721270 367
1721280 371
1721290 374
1721300 374
1721310 379
1721320 383
1721330 383
1721340 388
1721350 391
1721360 391
1721370 395
1721380 398
1721390 401
1721400 401
1721410 404
1721420 408
1721430 408
1721440 412
1721450 415
1721460 415
1721470 418
1721480 420
1721490 420
1721500 421
1721510 421
1721520 421
1721530 417
1721540 413
1721550 408
1721560 408
1721570 404
1721580 399
1721590 399
1721600 394
1721610 389
1721620 389
1721630 385
1721640 380
1721650 380
1721660 377
1721670 375
1721680 375
1721690 372
1721700 370
1721710 368
1721720 368
1721730 366
1721740 364
1721750 364
1721760 363
1721770 361
1721780 361
1721790 360
1721800 358
1721810 358
1721820 356
1721830 355
1721840 355
1721850 353
1721860 352
1721870 352
1721880 349
1721890 348
1721900 346
1721910 346
1721920 344
1721930 342
1721940 342
1721950 339
1721960 336
1721970 336
1721980 333
1721990 331
1722000 331
1722010 328
1722020 326
1722030 326
1722040 323
1722050 320
1722060 318
1722070 318
1722080 315
1722090 314
1722100 314
1722110 311
1722120 309
1722130 309
1722140 308
1722150 306
1722160 306
1722170 304
1722180 303
1722190 303
1722200 301
1722210 299
1722220 298
1722230 298
1722240 296
1722250 294
1722260 294
1722270 295
1722280 296
1722290 296
1722300 296
1722310 296
1722320 296
1722330 296
1722340 295
1722350 295
1722360 295
1722370 295
1722380 295
1722390 294
1722400 294
1722410 294
1722420 294
1722430 293
1722440 293
1722450 293
1722460 293
1722470 293
1722480 293
1722490 291
1722500 291
1722510 291
1722520 290
1722530 290
1722540 290
1722550 289
1722560 289
1722570 288
1722580 288
1722590 288
1722600 288
1722610 288
1722620 287
1722630 287
1722640 287
1722650 287
1722660 287
1722670 287
1722680 287
1722690 287
1722700 287
1722710 288
1722720 287
1722730 287
1722740 287
1722750 287
1722760 286
1722770 286
1722780 286
1722790 286
1722800 286
1722810 286
1722820 286
1722830 286
1722840 286
1722850 286
1722860 286
1722870 286
1722880 286
1722890 286
1722900 287
1722910 285
1722920 285
1722930 285
1722940 285
1722950 285
1722960 285
1722970 285
1722980 285
1722990 285
1723000 286
1723010 285
1723020 285
1723030 285
1723040 285
1723050 285
1723060 285
1723070 285
1723080 285
1723090 285
1723100 285
1723110 285
1723120 285
1723130 285
1723140 285
1723150 285
1723160 285
1723170 285
1723180 285
1723190 284
1723200 284
1723210 284
1723220 284
1723230 284
1723240 284
1723250 284
1723260 284
1723270 284
1723280 284
1723290 284
1723300 284
1723310 284
1723320 284
1723330 284
1723340 284
1723350 284
1723360 284
1723370 284
1723380 284
1723390 283
1723400 283
1723410 283
1723420 283
1723430 283
1723440 283
1723450 283
1723460 283
1723470 283
1723480 283
1723490 283
1723500 283
1723510 283
1723520 283
1723530 283
1723540 282
1723550 283
1723560 283
1723570 282
1723580 282
1723590 282
1723600 282
1723610 283
1723620 283
1723630 283
1723640 284
1723650 287
1723660 287
1723670 287
1723680 289
1723690 289
1723700 289
1723710 290
1723720 290
1723730 290
1723740 292
1723750 292
1723760 292
1723770 292
1723780 291
1723790 291
1723800 291
1723810 289
1723820 289
1723830 289
1723840 289
1723850 289
1723860 289
1723870 289
1723880 289
1723890 288
1723900 287
1723910 287
1723920 286
1723930 285
1723940 284
1723950 284
1723960 284
1723970 284
1723980 284
1723990 285
1724000 286
1724010 286
1724020 286
1724030 286
1724040 286
1724050 287
1724060 288
1724070 288
1724080 288
1724090 289
1724100 289
1724110 289
1724120 289
1724130 289
1724140 289
1724150 290
1724160 290
1724170 290
1724180 291
1724190 292
1724200 292
1724210 292
1724220 293
1724230 293
1724240 293
1724250 293
1724260 293
1724270 293
1724280 293
1724290 293
1724300 293
1724310 293
1724320 293
1724330 293
1724340 293
1724350 293
1724360 293
1724370 293
1724380 292
1724390 292
1724400 292
1724410 293
1724420 293
1724430 293
1724440 294
1724450 293
1724460 293
1724470 293
1724480 291
1724490 291
1724500 289
1724510 286
1724520 286
1724530 286
1724540 286
1724550 286
1724560 287
1724570 287
1724580 287
1724590 289
1724600 291
1724610 291
1724620 293
1724630 295
1724640 296
1724650 296
1724660 297
1724670 298
1724680 298
1724690 299
1724700 300
1724710 300
1724720 301
1724730 302
1724740 302
1724750 304
1724760 306
1724770 306
1724780 307
1724790 309
1724800 312
1724810 312
1724820 314
1724830 317
1724840 317
1724850 320
1724860 321
1724870 321
1724880 323
1724890 326
1724900 326
1724910 328
1724920 330
1724930 330
1724940 333
1724950 335
1724960 335
1724970 336
1724980 338
1724990 339
1725000 339
1725010 339
1725020 340
1725030 340
1725040 340
1725050 340
1725060 340
1725070 339
1725080 338
1725090 338
1725100 337
1725110 335
1725120 335
1725130 334
1725140 332
1725150 331
1725160 331
1725170 330
1725180 328
1725190 328
1725200 327
1725210 325
1725220 325
1725230 324
1725240 322
1725250 322
1725260 319
1725270 317
1725280 317
1725290 315
1725300 314
1725310 313
1725320 313
1725330 312
1725340 311
1725350 311
1725360 311
1725370 310
1725380 310
1725390 309
1725400 308
1725410 308
1725420 308
1725430 307
1725440 307
1725450 306
1725460 306
1725470 306
1725480 305
1725490 304
1725500 304
1725510 304
1725520 303
1725530 303
1725540 303
1725550 302
1725560 301
1725570 301
1725580 300
1725590 298
1725600 298
1725610 297
1725620 296
1725630 296
1725640 294
1725650 293
1725660 292
1725670 292
1725680 291
1725690 291
1725700 291
1725710 291
1725720 291
1725730 291
1725740 290
1725750 290
1725760 290
1725770 290
1725780 290
1725790 290
1725800 290
1725810 290
1725820 290
1725830 289
1725840 289
1725850 288
1725860 288
1725870 287
1725880 287
1725890 287
1725900 286
1725910 286
1725920 286
1725930 283
1725940 283
1725950 283
1725960 283
1725970 284
1725980 284
1725990 281
1726000 284
1726010 288
1726020 288
1726030 292
1726040 296
1726050 296
1726060 299
1726070 301
1726080 301
1726090 303
1726100 306
1726110 306
1726120 309
1726130 312
1726140 312
1726150 314
1726160 317
1726170 320
1726180 320
1726190 321
1726200 324
1726210 324
1726220 327
1726230 329
1726240 329
1726250 331
1726260 333
1726270 333
1726280 335
1726290 337
1726300 337
1726310 340
1726320 344
1726330 344
1726340 347
1726350 348
1726360 350
1726370 350
1726380 351
1726390 353
1726400 353
1726410 355
1726420 359
1726430 359
1726440 360
1726450 361
1726460 361
1726470 361
1726480 363
1726490 363
1726500 362
1726510 359
1726520 357
1726530 357
1726540 354
1726550 354
1726560 354
1726570 352
1726580 352
1726590 352
1726600 349
1726610 347
1726620 347
1726630 345
1726640 344
1726650 344
1726660 342
1726670 341
1726680 340
1726690 340
1726700 337
1726710 334
1726720 334
1726730 332
1726740 332
1726750 332
1726760 331
1726770 330
1726780 330
1726790 329
1726800 327
1726810 327
1726820 325
1726830 325
1726840 325
1726850 325
1726860 325
1726870 327
1726880 327
1726890 326
1726900 326
1726910 326
1726920 326
1726930 328
1726940 328
1726950 328
1726960 328
1726970 328
1726980 328
1726990 328
1727000 328
1727010 328
1727020 328
1727030 328
1727040 328
1727050 327
1727060 325
1727070 325
1727080 323
1727090 321
1727100 321
1727110 321
1727120 323
1727130 323
1727140 325
1727150 329
1727160 329
1727170 332
1727180 335
1727190 335
1727200 337
1727210 339
1727220 342
1727230 342
1727240 344
1727250 346
1727260 346
1727270 348
1727280 350
1727290 350
1727300 352
1727310 352
1727320 352
1727330 354
1727340 355
1727350 355
1727360 357
1727370 359
1727380 360
1727390 360
1727400 362
1727410 365
1727420 365
1727430 367
1727440 368
1727450 368
1727460 368
1727470 368
1727480 368
1727490 368
1727500 367
1727510 367
1727520 366
1727530 365
1727540 364
1727550 364
1727560 363
1727570 362
1727580 362
1727590 361
1727600 358
1727610 358
1727620 356
1727630 355
1727640 355
1727650 354
1727660 353
1727670 350
1727680 349
1727690 348
1727700 348
1727710 347
1727720 346
1727730 345
1727740 345
1727750 344
1727760 343
1727770 343
1727780 341
1727790 339
1727800 339
1727810 336
1727820 331
1727830 331
1727840 325
1727850 321
1727860 321
1727870 320
1727880 321
1727890 322
1727900 322
1727910 325
1727920 327
1727930 327
1727940 329
1727950 330
1727960 330
1727970 330
1727980 329
1727990 329
1728000 329
1728010 332
1728020 332
1728030 335
1728040 338
1728050 338
1728060 339
1728070 341
1728080 343
1728090 343
1728100 344
1728110 345
1728120 345
1728130 345
1728140 346
1728150 346
1728160 346
1728170 347
1728180 347
1728190 348
1728200 350
1728210 350
1728220 351
1728230 351
1728240 352
1728250 352
1728260 352
1728270 353
1728280 353
1728290 354
1728300 354
1728310 354
1728320 358
1728330 359
1728340 359
1728350 359
1728360 357
1728370 357
1728380 354
1728390 351
1728400 349
1728410 349
1728420 347
1728430 345
1728440 345
1728450 342
1728460 339
1728470 339
1728480 336
1728490 333
1728500 333
1728510 329
1728520 325
1728530 325
1728540 317
1728550 310
1728560 310
1728570 306
1728580 303
1728590 303
1728600 303
1728610 302
1728620 304
1728630 304
1728640 307
1728650 306
1728660 306
1728670 306
1728680 307
1728690 307
1728700 308
1728710 308
1728720 308
1728730 310
1728740 310
1728750 311
1728760 311
1728770 312
1728780 312
1728790 312
1728800 315
1728810 318
1728820 318
1728830 319
1728840 322
1728850 322
1728860 325
1728870 328
1728880 328
1728890 331
1728900 332
1728910 332
1728920 333
1728930 335
1728940 335
1728950 335
1728960 336
1728970 337
1728980 337
1728990 339
1729000 340
1729010 340
1729020 340
1729030 341
1729040 341
1729050 340
1729060 338
1729070 338
1729080 335
1729090 333
1729100 330
1729110 330
1729120 327
1729130 326
1729140 326
1729150 324
1729160 323
1729170 323
1729180 322
1729190 321
1729200 321
1729210 320
1729220 320
1729230 320
1729240 319
1729250 319
1729260 319
1729270 319
1729280 318
1729290 318
1729300 318
1729310 317
1729320 317
1729330 317
1729340 318
1729350 318
1729360 318
1729370 319
1729380 319
1729390 319
1729400 320
1729410 320
1729420 320
1729430 319
1729440 317
1729450 316
1729460 316
1729470 315
1729480 314
1729490 314
1729500 314
1729510 313
1729520 313
1729530 313
1729540 312
1729550 312
1729560 311
1729570 310
1729580 310
1729590 308
1729600 306
1729610 304
1729620 304
1729630 302
1729640 299
1729650 299
1729660 297
1729670 295
1729680 295
1729690 292
1729700 290
1729710 290
1729720 288
1729730 287
1729740 287
1729750 285
1729760 285
1729770 286
1729780 286
1729790 286
1729800 287
1729810 287
1729820 288
1729830 289
1729840 289
1729850 291
1729860 293
1729870 293
1729880 294
1729890 296
1729900 296
1729910 298
1729920 300
1729930 300
1729940 303
1729950 305
1729960 308
1729970 308
1729980 310
1729990 311
1730000 311
1730010 314
1730020 316
1730030 316
1730040 317
1730050 319
1730060 319
1730070 322
1730080 323
1730090 323
1730100 325
1730110 326
1730120 328
1730130 328
1730140 330
1730150 333
1730160 333
1730170 336
1730180 342
1730190 342
1730200 344
1730210 347
1730220 347
1730230 347
1730240 343
1730250 343
1730260 339
1730270 332
1730280 332
1730290 327
1730300 323
1730310 319
1730320 319
1730330 316
1730340 313
1730350 313
1730360 311
1730370 309
1730380 309
1730390 307
1730400 303
1730410 303
1730420 303
1730430 302
1730440 302
1730450 302
1730460 302
1730470 302
1730480 302
1730490 304
1730500 306
1730510 306
1730520 307
1730530 310
1730540 310
1730550 311
1730560 312
1730570 312
1730580 312
1730590 307
1730600 307
1730610 306
1730620 307
1730630 304
1730640 304
1730650 305
1730660 310
1730670 310
1730680 305
1730690 303
1730700 303
1730710 302
1730720 299
1730730 299
1730740 296
1730750 292
1730760 292
1730770 288
1730780 284
1730790 284
1730800 279
1730810 272
1730820 273
1730830 273
1730840 271
1730850 271
1730860 271
1730870 270
1730880 267
1730890 267
1730900 263
1730910 263
1730920 263
1730930 263
1730940 260
1730950 260
1730960 259
1730970 259
1730980 259
1730990 259
1731000 259
1731010 259
1731020 259
1731030 259
1731040 260
1731050 260
1731060 260
1731070 260
1731080 260
1731090 260
1731100 260
1731110 260
1731120 260
1731130 260
1731140 260
1731150 259
1731160 260
1731170 260
1731180 260
1731190 259
1731200 260
1731210 260
1731220 260
1731230 260
1731240 260
1731250 260
1731260 260
1731270 260
1731280 260
1731290 261
1731300 261
1731310 260
1731320 260
1731330 260
1731340 260
1731350 260
1731360 260
1731370 260
1731380 260
1731390 261
1731400 261
1731410 261
1731420 261
1731430 261
1731440 262
1731450 262
1731460 262
1731470 263
1731480 263
1731490 263
1731500 263
1731510 263
1731520 263
1731530 263
1731540 263
1731550 263
1731560 263
1731570 263
1731580 263
1731590 263
1731600 263
1731610 263
1731620 263
1731630 263
1731640 263
1731650 263
1731660 263
1731670 263
1731680 263
1731690 263
1731700 263
1731710 263
1731720 263
1731730 263
1731740 263
1731750 263
1731760 263
1731770 265
1731780 265
1731790 264
1731800 263
1731810 263
1731820 263
1731830 263
1731840 263
1731850 263
1731860 263
1731870 260
1731880 260
1731890 259
1731900 259
1731910 259
1731920 259
1731930 259
1731940 259
1731950 259
1731960 259
1731970 259
1731980 259
1731990 259
1732000 259
1732010 259
1732020 259
1732030 260
1732040 260
1732050 259
1732060 258
1732070 258
1732080 259
1732090 258
1732100 258
1732110 259
1732120 259
1732130 259
1732140 259
1732150 259
1732160 259
1732170 259
1732180 259
1732190 259
1732200 259
1732210 259
1732220 259
1732230 259
1732240 259
1732250 259
1732260 259
1732270 259
1732280 259
1732290 259
1732300 259
1732310 258
1732320 258
1732330 259
1732340 259
1732350 259
1732360 259
1732370 259
1732380 259
1732390 259
1732400 259
1732410 259
1732420 259
1732430 259
1732440 259
1732450 259
1732460 259
1732470 259
1732480 259
1732490 259
1732500 259
1732510 259
1732520 259
1732530 259
1732540 259
1732550 259
1732560 259
1732570 259
1732580 259
1732590 259
1732600 259
1732610 259
1732620 259
1732630 259
1732640 259
1732650 259
1732660 259
1732670 259
1732680 259
1732690 259
1732700 259
1732710 259
1732720 259
1732730 259
1732740 259
1732750 259
1732760 259
1732770 259
1732780 259
1732790 259
1732800 259
1732810 259
1732820 259
1732830 259
1732840 259
1732850 259
1732860 259
1732870 259
1732880 259
1732890 259
1732900 259
1732910 259
1732920 259
1732930 259
1732940 259
1732950 260
1732960 260
1732970 260
1732980 260
1732990 260
1733000 260
1733010 258
1733020 258
1733030 261
1733040 263
1733050 262
1733060 262
1733070 262
1733080 262
1733090 262
1733100 262
1733110 262
1733120 262
1733130 262
1733140 262
1733150 262
1733160 262
1733170 262
1733180 262
1733190 263
1733200 261
1733210 259
1733220 259
1733230 260
1733240 260
1733250 260
1733260 260
1733270 260
1733280 260
1733290 259
1733300 259
1733310 259
1733320 259
1733330 259
1733340 259
1733350 259
1733360 259
1733370 259
1733380 259
1733390 259
1733400 259
1733410 259
1733420 259
1733430 259
1733440 259
1733450 259
1733460 259
1733470 259
1733480 259
1733490 259
1733500 259
1733510 259
1733520 259
1733530 259
1733540 259
1733550 259
1733560 259
1733570 259
1733580 259
1733590 259
1733600 259
1733610 259
1733620 259
1733630 259
1733640 259
1733650 259
1733660 259
1733670 259
1733680 259
1733690 259
1733700 259
1733710 259
1733720 259
1733730 259
1733740 259
1733750 259
1733760 259
1733770 259
1733780 259
1733790 259
1733800 259
1733810 259
1733820 259
1733830 259
1733840 259
1733850 259
1733860 259
1733870 259
1733880 259
1733890 259
1733900 259
1733910 259
1733920 259
1733930 259
1733940 259
1733950 259
1733960 259
1733970 258
1733980 258
1733990 259
1734000 259
1734010 259
1734020 259
1734030 260
1734040 260
1734050 259
1734060 259
1734070 259
1734080 259
1734090 259
1734100 259
1734110 259
1734120 259
1734130 258
1734140 258
1734150 257
1734160 259
1734170 259
1734180 260
1734190 260
1734200 260
1734210 260
1734220 260
1734230 259
1734240 259
1734250 259
1734260 259
1734270 259
1734280 259
1734290 259
1734300 259
1734310 259
1734320 259
1734330 259
1734340 260
1734350 263
1734360 263
1734370 262
1734380 261
1734390 261
1734400 261
1734410 261
1734420 261
1734430 261
1734440 260
1734450 260
1734460 260
1734470 260
1734480 260
1734490 260
1734500 260
1734510 260
1734520 260
1734530 260
1734540 260
1734550 260
1734560 260
1734570 260
1734580 260
1734590 260
1734600 260
1734610 260
1734620 260
1734630 260
1734640 259
1734650 259
1734660 259
1734670 259
1734680 259
1734690 259
1734700 259
1734710 259
1734720 260
1734730 260
1734740 260
1734750 260
1734760 260
1734770 260
1734780 260
1734790 260
1734800 260
1734810 260
1734820 260
1734830 260
1734840 260
1734850 260
1734860 260
1734870 260
1734880 260
1734890 260
1734900 260
1734910 260
1734920 260
1734930 260
1734940 260
1734950 260
1734960 260
1734970 260
1734980 260
1734990 260
1735000 260
1735010 260
1735020 260
1735030 260
1735040 261
1735050 261
1735060 261
1735070 261
1735080 261
1735090 261
1735100 261
1735110 261
1735120 261
1735130 261
1735140 261
1735150 262
1735160 262
1735170 262
1735180 262
1735190 262
1735200 261
1735210 261
1735220 261
1735230 261
1735240 261
1735250 261
1735260 261
1735270 261
1735280 262
1735290 262
1735300 262
1735310 262
1735320 262
1735330 262
1735340 262
1735350 262
1735360 262
1735370 262
1735380 262
1735390 262
1735400 262
1735410 262
1735420 262
1735430 261
1735440 261
1735450 261
1735460 261
1735470 261
1735480 261
1735490 261
1735500 261
1735510 261
1735520 261
1735530 261
1735540 261
1735550 261
1735560 262
1735570 262
1735580 262
1735590 262
1735600 262
1735610 261
1735620 261
1735630 261
1735640 261
1735650 261
1735660 261
1735670 261
1735680 262
1735690 262
1735700 262
1735710 262
1735720 262
1735730 262
1735740 261
1735750 261
1735760 261
1735770 261
1735780 261
1735790 261
1735800 261
1735810 261
1735820 261
1735830 261
1735840 261
1735850 261
1735860 261
1735870 261
1735880 261
1735890 261
1735900 261
1735910 261
1735920 261
1735930 261
1735940 261
1735950 261
1735960 261
1735970 261
1735980 261
1735990 261
1736000 261
1736010 261
1736020 261
1736030 261
1736040 261
1736050 261
1736060 261
1736070 261
1736080 261
1736090 261
1736100 261
1736110 261
1736120 261
1736130 261
1736140 261
1736150 261
1736160 261
1736170 261
1736180 261
1736190 261
1736200 261
1736210 261
1736220 261
1736230 261
1736240 261
1736250 261
1736260 261
1736270 261
1736280 261
1736290 261
1736300 261
1736310 261
1736320 261
1736330 261
1736340 261
1736350 261
1736360 261
1736370 261
1736380 261
1736390 261
1736400 261
1736410 261
1736420 261
1736430 261
1736440 262
1736450 263
1736460 263
1736470 263
1736480 263
1736490 262
1736500 262
1736510 261
1736520 260
1736530 260
1736540 260
1736550 260
1736560 260
1736570 260
1736580 260
1736590 260
1736600 260
1736610 260
1736620 260
1736630 260
1736640 260
1736650 260
1736660 260
1736670 260
1736680 260
1736690 260
1736700 257
1736710 257
1736720 257
1736730 257
1736740 257
1736750 257
1736760 257
1736770 257
1736780 257
1736790 257
1736800 257
1736810 257
1736820 257
1736830 257
1736840 257
1736850 257
1736860 257
1736870 257
1736880 257
1736890 257
1736900 258
1736910 258
1736920 257
1736930 256
1736940 256
1736950 256
1736960 256
1736970 256
1736980 256
1736990 256
1737000 256
1737010 256
1737020 256
1737030 256
1737040 256
1737050 256
1737060 256
1737070 256
1737080 256
1737090 256
1737100 256
1737110 256
1737120 256
1737130 256
1737140 256
1737150 256
1737160 256
1737170 256
1737180 256
1737190 256
1737200 256
1737210 256
1737220 256
1737230 256
1737240 259
1737250 261
1737260 261
1737270 259
1737280 259
1737290 259
1737300 259
1737310 259
1737320 260
1737330 260
1737340 260
1737350 262
1737360 262
1737370 260
1737380 260
1737390 260
1737400 260
1737410 260
1737420 260
1737430 260
1737440 260
1737450 260
1737460 260
1737470 260
1737480 260
1737490 260
1737500 260
1737510 260
1737520 260
1737530 260
1737540 260
1737550 260
1737560 260
1737570 259
1737580 259
1737590 260
1737600 260
1737610 260
1737620 260
1737630 260
1737640 260
1737650 260
1737660 260
1737670 260
1737680 260
1737690 260
1737700 260
1737710 260
1737720 260
1737730 259
1737740 259
1737750 259
1737760 260
1737770 260
1737780 260
1737790 259
1737800 259
1737810 260
1737820 260
1737830 260
1737840 260
1737850 260
1737860 259
1737870 259
1737880 259
1737890 259
1737900 259
1737910 259
1737920 259
1737930 259
1737940 258
1737950 258
1737960 258
1737970 258
1737980 258
1737990 258
1738000 258
1738010 258
1738020 258
1738030 258
1738040 258
1738050 258
1738060 258
1738070 258
1738080 258
1738090 258
1738100 259
1738110 259
1738120 259
1738130 260
1738140 260
1738150 260
1738160 261
1738170 262
1738180 262
1738190 262
1738200 261
1738210 262
1738220 262
1738230 263
1738240 263
1738250 263
1738260 263
1738270 264
1738280 264
1738290 263
1738300 263
1738310 263
1738320 264
1738330 264
1738340 264
1738350 264
1738360 265
1738370 267
1738380 267
1738390 268
1738400 270
1738410 270
1738420 271
1738430 272
1738440 272
1738450 272
1738460 272
1738470 272
1738480 272
1738490 272
1738500 272
1738510 272
1738520 272
1738530 272
1738540 272
1738550 272
1738560 272
1738570 272
1738580 272
1738590 271
1738600 271
1738610 270
1738620 270
1738630 270
1738640 269
1738650 269
1738660 269
1738670 269
1738680 269
1738690 269
1738700 269
1738710 269
1738720 269
1738730 269
1738740 269
1738750 269
1738760 269
1738770 269
1738780 270
1738790 270
1738800 270
1738810 270
1738820 270
1738830 270
1738840 271
1738850 271
1738860 271
1738870 271
1738880 271
1738890 271
1738900 271
1738910 270
1738920 270
1738930 270
1738940 269
1738950 269
1738960 268
1738970 267
1738980 267
1738990 266
1739000 267
1739010 267
1739020 267
1739030 268
1739040 270
1739050 270
1739060 271
1739070 271
1739080 271
1739090 271
1739100 271
1739110 271
1739120 271
1739130 271
1739140 271
1739150 271
1739160 271
1739170 271
1739180 271
1739190 271
1739200 271
1739210 271
1739220 272
1739230 272
1739240 272
1739250 272
1739260 272
1739270 272
1739280 272
1739290 272
1739300 272
1739310 272
1739320 272
1739330 272
1739340 272
1739350 271
1739360 271
1739370 272
1739380 272
1739390 271
1739400 271
1739410 272
1739420 271
1739430 271
1739440 271
1739450 271
1739460 271
1739470 271
1739480 271
1739490 271
1739500 271
1739510 271
1739520 271
1739530 271
1739540 271
1739550 271
1739560 271
1739570 271
1739580 271
1739590 271
1739600 271
1739610 271
1739620 271
1739630 271
1739640 271
1739650 271
1739660 271
1739670 271
1739680 271
1739690 271
1739700 271
1739710 271
1739720 271
1739730 271
1739740 271
1739750 271
1739760 271
1739770 271
1739780 271
1739790 271
1739800 271
1739810 271
1739820 271
1739830 271
1739840 271
1739850 271
1739860 271
1739870 271
1739880 271
1739890 271
1739900 271
1739910 271
1739920 271
1739930 271
1739940 271
1739950 271
1739960 271
1739970 271
1739980 271
1739990 271
