1720000 365
1720010 360
1720020 357
1720030 357
1720040 358
1720050 358
1720060 358
1720070 358
1720080 358
1720090 357
1720100 357
1720110 356
1720120 356
1720130 356
1720140 357
1720150 357
1720160 357
1720170 358
1720180 357
1720190 357
1720200 359
1720210 361
1720220 364
1720230 364
1720240 366
1720250 367
1720260 367
1720270 369
1720280 371
1720290 371
1720300 373
1720310 374
1720320 374
1720330 375
1720340 375
1720350 375
1720360 376
1720370 376
1720380 376
1720390 376
1720400 376
1720410 375
1720420 375
1720430 375
1720440 375
1720450 375
1720460 375
1720470 374
1720480 374
1720490 374
1720500 372
1720510 372
1720520 370
1720530 368
1720540 368
1720550 365
1720560 364
1720570 358
1720580 358
1720590 358
1720600 355
1720610 355
1720620 351
1720630 346
1720640 346
1720650 341
1720660 338
1720670 338
1720680 337
1720690 336
1720700 336
1720710 336
1720720 336
1720730 336
1720740 334
1720750 336
1720760 335
1720770 335
1720780 336
1720790 338
1720800 338
1720810 349
1720820 353
1720830 353
1720840 356
1720850 359
1720860 359
1720870 362
1720880 365
1720890 365
1720900 367
1720910 369
1720920 371
1720930 371
1720940 375
1720950 378
1720960 378
1720970 381
1720980 384
1720990 384
1721000 384
1721010 385
1721020 385
1721030 387
1721040 388
1721050 388
1721060 390
1721070 394
1721080 394
1721090 395
1721100 397
1721110 398
1721120 398
1721130 400
1721140 401
1721150 401
1721160 402
1721170 404
1721180 404
1721190 405
1721200 407
1721210 407
1721220 410
1721230 412
1721240 412
1721250 415
1721260 419
1721270 420
1721280 420
1721290 423
1721300 426
1721310 426
1721320 426
1721330 426
1721340 426
1721350 426
1721360 425
1721370 425
1721380 423
1721390 423
1721400 423
1721410 421
1721420 420
1721430 420
1721440 418
1721450 415
1721460 413
1721470 413
1721480 410
1721490 407
1721500 407
1721510 404
1721520 401
1721530 401
1721540 398
1721550 391
1721560 391
1721570 385
1721580 379
1721590 379
1721600 373
1721610 367
1721620 367
1721630 362
1721640 358
1721650 353
1721660 353
1721670 348
1721680 348
1721690 348
1721700 355
1721710 360
1721720 360
1721730 365
1721740 370
1721750 370
1721760 373
1721770 375
1721780 375
1721790 377
1721800 379
1721810 381
1721820 381
1721830 383
1721840 385
1721850 385
1721860 386
1721870 388
1721880 388
1721890 389
1721900 391
1721910 391
1721920 393
1721930 395
1721940 395
1721950 397
1721960 399
1721970 399
1721980 400
1721990 401
1722000 401
1722010 401
1722020 401
1722030 400
1722040 400
1722050 399
1722060 398
1722070 398
1722080 398
1722090 398
1722100 398
1722110 397
1722120 396
1722130 396
1722140 395
1722150 393
1722160 392
1722170 392
1722180 391
1722190 391
1722200 391
1722210 390
1722220 390
1722230 390
1722240 390
1722250 390
1722260 390
1722270 390
1722280 391
1722290 391
1722300 391
1722310 390
1722320 390
1722330 390
1722340 390
1722350 390
1722360 390
1722370 390
1722380 392
1722390 392
1722400 393
1722410 394
1722420 394
1722430 395
1722440 395
1722450 395
1722460 396
1722470 396
1722480 396
1722490 398
1722500 399
1722510 399
1722520 399
1722530 401
1722540 402
1722550 402
1722560 404
1722570 406
1722580 406
1722590 408
1722600 410
1722610 410
1722620 411
1722630 411
1722640 411
1722650 412
1722660 407
1722670 407
1722680 403
1722690 399
1722700 396
1722710 396
1722720 394
1722730 392
1722740 392
1722750 389
1722760 388
1722770 388
1722780 386
1722790 383
1722800 383
1722810 381
1722820 379
1722830 379
1722840 376
1722850 374
1722860 373
1722870 373
1722880 373
1722890 375
1722900 375
1722910 379
1722920 380
1722930 380
1722940 382
1722950 384
1722960 384
1722970 386
1722980 389
1722990 389
1723000 390
1723010 392
1723020 392
1723030 394
1723040 393
1723050 393
1723060 393
1723070 391
1723080 389
1723090 389
1723100 387
1723110 385
1723120 385
1723130 382
1723140 379
1723150 379
1723160 377
1723170 374
1723180 374
1723190 370
1723200 363
1723210 363
1723220 357
1723230 353
1723240 348
1723250 353
1723260 349
1723270 344
1723280 344
1723290 341
1723300 337
1723310 337
1723320 334
1723330 330
1723340 330
1723350 327
1723360 323
1723370 323
1723380 319
1723390 316
1723400 313
1723410 313
1723420 310
1723430 308
1723440 308
1723450 307
1723460 304
1723470 304
1723480 302
1723490 301
1723500 301
1723510 300
1723520 299
1723530 299
1723540 299
1723550 298
1723560 298
1723570 297
1723580 296
1723590 295
1723600 295
1723610 294
1723620 292
1723630 292
1723640 291
1723650 290
1723660 290
1723670 289
1723680 289
1723690 289
1723700 288
1723710 287
1723720 287
1723730 286
1723740 287
1723750 287
1723760 287
1723770 286
1723780 287
1723790 287
1723800 287
1723810 287
1723820 287
1723830 286
1723840 287
1723850 287
1723860 287
1723870 287
1723880 287
1723890 287
1723900 287
1723910 287
1723920 287
1723930 287
1723940 287
1723950 287
1723960 287
1723970 287
1723980 287
1723990 287
1724000 288
1724010 288
1724020 288
1724030 288
1724040 288
1724050 288
1724060 288
1724070 288
1724080 289
1724090 289
1724100 289
1724110 289
1724120 289
1724130 289
1724140 289
1724150 290
1724160 290
1724170 290
1724180 290
1724190 290
1724200 290
1724210 290
1724220 291
1724230 291
1724240 291
1724250 292
1724260 292
1724270 293
1724280 294
1724290 296
1724300 296
1724310 298
1724320 300
1724330 300
1724340 302
1724350 304
1724360 304
1724370 306
1724380 309
1724390 309
1724400 311
1724410 313
1724420 313
1724430 316
1724440 318
1724450 320
1724460 320
1724470 321
1724480 321
1724490 321
1724500 321
1724510 322
1724520 322
1724530 321
1724540 320
1724550 320
1724560 319
1724570 319
1724580 319
1724590 317
1724600 317
1724610 317
1724620 317
1724630 318
1724640 317
1724650 317
1724660 317
1724670 320
1724680 320
1724690 323
1724700 325
1724710 325
1724720 328
1724730 326
1724740 326
1724750 326
1724760 332
1724770 332
1724780 336
1724790 336
1724800 336
1724810 340
1724820 346
1724830 346
1724840 346
1724850 347
1724860 352
1724870 352
1724880 353
1724890 354
1724900 354
1724910 356
1724920 358
1724930 358
1724940 362
1724950 364
1724960 364
1724970 367
1724980 371
1724990 374
1725000 374
1725010 378
1725020 382
1725030 382
1725040 387
1725050 389
1725060 389
1725070 393
1725080 396
1725090 396
1725100 400
1725110 400
1725120 400
1725130 401
1725140 401
1725150 401
1725160 401
1725170 401
1725180 401
1725190 401
1725200 402
1725210 402
1725220 402
1725230 402
1725240 402
1725250 402
1725260 401
1725270 402
1725280 402
1725290 401
1725300 401
1725310 401
1725320 401
1725330 400
1725340 400
1725350 400
1725360 400
1725370 400
1725380 400
1725390 399
1725400 399
1725410 399
1725420 399
1725430 399
1725440 399
1725450 399
1725460 398
1725470 398
1725480 397
1725490 396
1725500 396
1725510 396
1725520 395
1725530 394
1725540 394
1725550 391
1725560 385
1725570 385
1725580 378
1725590 376
1725600 376
1725610 380
1725620 381
1725630 381
1725640 373
1725650 370
1725660 370
1725670 379
1725680 387
1725690 391
1725700 391
1725710 394
1725720 399
1725730 399
1725740 401
1725750 403
1725760 403
1725770 406
1725780 408
1725790 408
1725800 410
1725810 412
1725820 412
1725830 415
1725840 417
1725850 417
1725860 419
1725870 421
1725880 421
1725890 421
1725900 424
1725910 425
1725920 425
1725930 426
1725940 427
1725950 427
1725960 429
1725970 430
1725980 430
1725990 431
1726000 433
1726010 433
1726020 434
1726030 436
1726040 437
1726050 437
1726060 438
1726070 440
1726080 440
1726090 441
1726100 442
1726110 442
1726120 444
1726130 445
1726140 445
1726150 446
1726160 446
1726170 446
1726180 447
1726190 447
1726200 447
1726210 448
1726220 449
1726230 449
1726240 449
1726250 448
1726260 448
1726270 448
1726280 448
1726290 448
1726300 448
1726310 449
1726320 448
1726330 448
1726340 448
1726350 447
1726360 447
1726370 444
1726380 442
1726390 438
1726400 438
1726410 432
1726420 426
1726430 426
1726440 420
1726450 415
1726460 415
1726470 409
1726480 406
1726490 406
1726500 403
1726510 401
1726520 401
1726530 399
1726540 398
1726550 398
1726560 396
1726570 392
1726580 388
1726590 388
1726600 381
1726610 389
1726620 389
1726630 391
1726640 393
1726650 393
1726660 394
1726670 396
1726680 396
1726690 398
1726700 399
1726710 399
1726720 399
1726730 400
1726740 400
1726750 400
1726760 401
1726770 401
1726780 401
1726790 401
1726800 401
1726810 401
1726820 399
1726830 398
1726840 398
1726850 397
1726860 396
1726870 396
1726880 394
1726890 393
1726900 393
1726910 393
1726920 393
1726930 391
1726940 391
1726950 388
1726960 385
1726970 385
1726980 384
1726990 381
1727000 381
1727010 380
1727020 377
1727030 377
1727040 375
1727050 374
1727060 374
1727070 371
1727080 369
1727090 369
1727100 367
1727110 366
1727120 365
1727130 365
1727140 364
1727150 364
1727160 364
1727170 364
1727180 364
1727190 364
1727200 363
1727210 363
1727220 363
1727230 362
1727240 362
1727250 362
1727260 361
1727270 361
1727280 360
1727290 360
1727300 359
1727310 359
1727320 359
1727330 358
1727340 357
1727350 357
1727360 357
1727370 356
1727380 356
1727390 355
1727400 354
1727410 354
1727420 353
1727430 354
1727440 354
1727450 353
1727460 353
1727470 352
1727480 352
1727490 352
1727500 351
1727510 351
1727520 350
1727530 349
1727540 349
1727550 349
1727560 349
1727570 349
1727580 348
1727590 347
1727600 347
1727610 346
1727620 344
1727630 343
1727640 343
1727650 341
1727660 339
1727670 339
1727680 338
1727690 336
1727700 336
1727710 332
1727720 331
1727730 331
1727740 330
1727750 327
1727760 327
1727770 327
1727780 326
1727790 326
1727800 324
1727810 323
1727820 320
1727830 319
1727840 318
1727850 317
1727860 317
1727870 314
1727880 313
1727890 313
1727900 312
1727910 308
1727920 308
1727930 305
1727940 305
1727950 305
1727960 305
1727970 303
1727980 302
1727990 302
1728000 302
1728010 301
1728020 301
1728030 300
1728040 300
1728050 300
1728060 298
1728070 297
1728080 297
1728090 297
1728100 296
1728110 296
1728120 294
1728130 292
1728140 292
1728150 290
1728160 289
1728170 287
1728180 287
1728190 287
1728200 286
1728210 286
1728220 285
1728230 284
1728240 284
1728250 283
1728260 282
1728270 282
1728280 279
1728290 278
1728300 278
1728310 277
1728320 277
1728330 277
1728340 277
1728350 277
1728360 278
1728370 278
1728380 278
1728390 280
1728400 280
1728410 281
1728420 280
1728430 280
1728440 278
1728450 278
1728460 278
1728470 277
1728480 273
1728490 273
1728500 273
1728510 273
1728520 273
1728530 273
1728540 272
1728550 272
1728560 272
1728570 271
1728580 271
1728590 271
1728600 271
1728610 271
1728620 271
1728630 271
1728640 271
1728650 271
1728660 271
1728670 269
1728680 269
1728690 267
1728700 267
1728710 269
1728720 269
1728730 271
1728740 271
1728750 271
1728760 270
1728770 270
1728780 270
1728790 270
1728800 270
1728810 270
1728820 270
1728830 270
1728840 270
1728850 270
1728860 270
1728870 270
1728880 270
1728890 270
1728900 270
1728910 270
1728920 270
1728930 270
1728940 270
1728950 270
1728960 270
1728970 270
1728980 271
1728990 271
1729000 271
1729010 271
1729020 270
1729030 270
1729040 271
1729050 271
1729060 271
1729070 271
1729080 274
1729090 273
1729100 273
1729110 272
1729120 270
1729130 270
1729140 270
1729150 270
1729160 270
1729170 270
1729180 270
1729190 270
1729200 270
1729210 269
1729220 270
1729230 270
1729240 270
1729250 270
1729260 270
1729270 270
1729280 269
1729290 269
1729300 269
1729310 270
1729320 270
1729330 270
1729340 270
1729350 270
1729360 270
1729370 269
1729380 269
1729390 268
1729400 271
1729410 271
1729420 271
1729430 271
1729440 271
1729450 271
1729460 271
1729470 271
1729480 271
1729490 271
1729500 273
1729510 273
1729520 274
1729530 274
1729540 274
1729550 274
1729560 274
1729570 274
1729580 274
1729590 275
1729600 275
1729610 275
1729620 275
1729630 275
1729640 275
1729650 275
1729660 275
1729670 275
1729680 275
1729690 275
1729700 275
1729710 275
1729720 275
1729730 275
1729740 275
1729750 275
1729760 275
1729770 275
1729780 275
1729790 275
1729800 275
1729810 275
1729820 275
1729830 275
1729840 275
1729850 275
1729860 275
1729870 276
1729880 275
1729890 275
1729900 275
1729910 275
1729920 275
1729930 275
1729940 275
1729950 275
1729960 275
1729970 275
1729980 275
1729990 275
1730000 275
1730010 275
1730020 275
1730030 275
1730040 275
1730050 275
1730060 275
1730070 275
1730080 275
1730090 275
1730100 275
1730110 275
1730120 275
1730130 275
1730140 275
1730150 275
1730160 275
1730170 275
1730180 275
1730190 275
1730200 275
1730210 275
1730220 275
1730230 275
1730240 275
1730250 275
1730260 275
1730270 275
1730280 275
1730290 274
1730300 275
1730310 275
1730320 275
1730330 275
1730340 275
1730350 275
1730360 275
1730370 275
1730380 275
1730390 275
1730400 275
1730410 275
1730420 275
1730430 275
1730440 275
1730450 275
1730460 275
1730470 275
1730480 275
1730490 275
1730500 275
1730510 275
1730520 275
1730530 275
1730540 275
1730550 275
1730560 275
1730570 275
1730580 275
1730590 275
1730600 275
1730610 275
1730620 275
1730630 275
1730640 275
1730650 275
1730660 275
1730670 275
1730680 275
1730690 275
1730700 275
1730710 275
1730720 275
1730730 275
1730740 275
1730750 275
1730760 275
1730770 275
1730780 275
1730790 275
1730800 275
1730810 275
1730820 275
1730830 275
1730840 275
1730850 275
1730860 275
1730870 275
1730880 275
1730890 275
1730900 275
1730910 275
1730920 275
1730930 275
1730940 275
1730950 275
1730960 275
1730970 275
1730980 275
1730990 275
1731000 275
1731010 275
1731020 274
1731030 273
1731040 273
1731050 273
1731060 273
1731070 273
1731080 273
1731090 273
1731100 273
1731110 273
1731120 273
1731130 273
1731140 273
1731150 273
1731160 273
1731170 273
1731180 273
1731190 273
1731200 273
1731210 273
1731220 273
1731230 273
1731240 273
1731250 273
1731260 273
1731270 273
1731280 273
1731290 273
1731300 273
1731310 273
1731320 273
1731330 273
1731340 273
1731350 273
1731360 273
1731370 273
1731380 273
1731390 273
1731400 273
1731410 273
1731420 273
1731430 273
1731440 273
1731450 273
1731460 273
1731470 273
1731480 273
1731490 273
1731500 273
1731510 273
1731520 273
1731530 273
1731540 273
1731550 273
1731560 273
1731570 273
1731580 273
1731590 273
1731600 272
1731610 272
1731620 272
1731630 272
1731640 272
1731650 272
1731660 271
1731670 271
1731680 273
1731690 273
1731700 273
1731710 273
1731720 272
1731730 273
1731740 273
1731750 273
1731760 273
1731770 273
1731780 273
1731790 273
1731800 273
1731810 273
1731820 273
1731830 273
1731840 273
1731850 272
1731860 272
1731870 272
1731880 272
1731890 272
1731900 272
1731910 272
1731920 272
1731930 272
1731940 272
1731950 272
1731960 272
1731970 272
1731980 272
1731990 272
1732000 272
1732010 272
1732020 272
1732030 272
1732040 272
1732050 271
1732060 271
1732070 272
1732080 272
1732090 272
1732100 272
1732110 272
1732120 272
1732130 272
1732140 272
1732150 272
1732160 272
1732170 272
1732180 272
1732190 272
1732200 272
1732210 272
1732220 272
1732230 272
1732240 271
1732250 271
1732260 272
1732270 272
1732280 272
1732290 272
1732300 272
1732310 272
1732320 272
1732330 272
1732340 272
1732350 272
1732360 272
1732370 272
1732380 272
1732390 272
1732400 273
1732410 273
1732420 272
1732430 272
1732440 272
1732450 272
1732460 272
1732470 272
1732480 272
1732490 272
1732500 272
1732510 271
1732520 271
1732530 271
1732540 271
1732550 271
1732560 271
1732570 271
1732580 271
1732590 271
1732600 271
1732610 271
1732620 271
1732630 271
1732640 271
1732650 271
1732660 271
1732670 271
1732680 271
1732690 271
1732700 271
1732710 270
1732720 270
1732730 270
1732740 271
1732750 271
1732760 271
1732770 271
1732780 271
1732790 271
1732800 271
1732810 272
1732820 272
1732830 272
1732840 272
1732850 272
1732860 271
1732870 271
1732880 271
1732890 271
1732900 271
1732910 271
1732920 271
1732930 271
1732940 271
1732950 271
1732960 271
1732970 270
1732980 270
1732990 270
1733000 271
1733010 271
1733020 271
1733030 271
1733040 271
1733050 271
1733060 271
1733070 271
1733080 271
1733090 271
1733100 271
1733110 271
1733120 271
1733130 271
1733140 271
1733150 271
1733160 271
1733170 271
1733180 271
1733190 271
1733200 271
1733210 271
1733220 271
1733230 271
1733240 271
1733250 270
1733260 270
1733270 270
1733280 270
1733290 271
1733300 271
1733310 271
1733320 271
1733330 271
1733340 271
1733350 271
1733360 271
1733370 271
1733380 271
1733390 271
1733400 271
1733410 271
1733420 271
1733430 271
1733440 273
1733450 273
1733460 273
1733470 273
1733480 273
1733490 273
1733500 271
1733510 274
1733520 274
1733530 279
1733540 278
1733550 278
1733560 277
1733570 277
1733580 277
1733590 277
1733600 276
1733610 276
1733620 275
1733630 275
1733640 274
1733650 274
1733660 272
1733670 271
1733680 271
1733690 271
1733700 270
1733710 270
1733720 271
1733730 271
1733740 271
1733750 271
1733760 271
1733770 271
1733780 271
1733790 271
1733800 271
1733810 271
1733820 271
1733830 271
1733840 271
1733850 271
1733860 271
1733870 271
1733880 271
1733890 271
1733900 271
1733910 271
1733920 271
1733930 271
1733940 270
1733950 270
1733960 270
1733970 270
1733980 270
1733990 270
1734000 270
1734010 270
1734020 270
1734030 270
1734040 270
1734050 270
1734060 270
1734070 270
1734080 270
1734090 270
1734100 270
1734110 270
1734120 270
1734130 270
1734140 270
1734150 270
1734160 270
1734170 270
1734180 270
1734190 270
1734200 270
1734210 270
1734220 270
1734230 270
1734240 270
1734250 270
1734260 270
1734270 270
1734280 270
1734290 270
1734300 270
1734310 270
1734320 270
1734330 269
1734340 269
1734350 269
1734360 269
1734370 269
1734380 269
1734390 269
1734400 269
1734410 269
1734420 269
1734430 269
1734440 269
1734450 268
1734460 268
1734470 268
1734480 268
1734490 268
1734500 268
1734510 268
1734520 268
1734530 269
1734540 269
1734550 269
1734560 269
1734570 269
1734580 269
1734590 269
1734600 269
1734610 269
1734620 269
1734630 269
1734640 269
1734650 268
1734660 268
1734670 268
1734680 268
1734690 269
1734700 269
1734710 269
1734720 269
1734730 269
1734740 269
1734750 268
1734760 268
1734770 269
1734780 270
1734790 270
1734800 272
1734810 271
1734820 271
1734830 271
1734840 271
1734850 271
1734860 271
1734870 271
1734880 271
1734890 271
1734900 271
1734910 271
1734920 271
1734930 271
1734940 272
1734950 272
1734960 268
1734970 268
1734980 268
1734990 268
1735000 268
1735010 268
1735020 268
1735030 268
1735040 268
1735050 268
1735060 268
1735070 268
1735080 268
1735090 268
1735100 268
1735110 268
1735120 268
1735130 268
1735140 268
1735150 269
1735160 269
1735170 269
1735180 269
1735190 270
1735200 270
1735210 274
1735220 274
1735230 274
1735240 274
1735250 274
1735260 274
1735270 274
1735280 274
1735290 274
1735300 274
1735310 274
1735320 274
1735330 274
1735340 275
1735350 275
1735360 275
1735370 275
1735380 275
1735390 275
1735400 275
1735410 275
1735420 275
1735430 275
1735440 275
1735450 276
1735460 276
1735470 277
1735480 280
1735490 280
1735500 283
1735510 285
1735520 285
1735530 287
1735540 289
1735550 289
1735560 290
1735570 291
1735580 292
1735590 292
1735600 294
1735610 295
1735620 295
1735630 296
1735640 298
1735650 298
1735660 299
1735670 301
1735680 301
1735690 303
1735700 304
1735710 304
1735720 305
1735730 307
1735740 307
1735750 309
1735760 310
1735770 310
1735780 310
1735790 310
1735800 310
1735810 310
1735820 310
1735830 309
1735840 309
1735850 308
1735860 306
1735870 306
1735880 305
1735890 304
1735900 304
1735910 303
1735920 301
1735930 299
1735940 299
1735950 297
1735960 296
1735970 296
1735980 295
1735990 294
1736000 294
1736010 293
1736020 292
1736030 292
1736040 291
1736050 291
1736060 291
1736070 290
1736080 290
1736090 290
1736100 290
1736110 287
1736120 289
1736130 289
1736140 289
1736150 290
1736160 290
1736170 291
1736180 292
1736190 292
1736200 293
1736210 295
1736220 295
1736230 295
1736240 296
1736250 296
1736260 297
1736270 298
1736280 298
1736290 298
1736300 298
1736310 298
1736320 298
1736330 299
1736340 299
1736350 299
1736360 299
1736370 299
1736380 299
1736390 299
1736400 299
1736410 299
1736420 300
1736430 305
1736440 305
1736450 310
1736460 311
1736470 311
1736480 311
1736490 311
1736500 311
1736510 311
1736520 311
1736530 311
1736540 311
1736550 311
1736560 311
1736570 311
1736580 311
1736590 311
1736600 311
1736610 311
1736620 310
1736630 310
1736640 309
1736650 310
1736660 310
1736670 310
1736680 310
1736690 310
1736700 310
1736710 310
1736720 310
1736730 310
1736740 310
1736750 310
1736760 310
1736770 310
1736780 310
1736790 310
1736800 310
1736810 310
1736820 310
1736830 310
1736840 310
1736850 310
1736860 310
1736870 310
1736880 310
1736890 310
1736900 310
1736910 310
1736920 310
1736930 310
1736940 310
1736950 310
1736960 309
1736970 309
1736980 309
1736990 309
1737000 309
1737010 309
1737020 309
1737030 308
1737040 308
1737050 308
1737060 308
1737070 308
1737080 308
1737090 308
1737100 308
1737110 308
1737120 308
1737130 308
1737140 308
1737150 308
1737160 308
1737170 308
1737180 308
1737190 306
1737200 303
1737210 303
1737220 302
1737230 300
1737240 300
1737250 299
1737260 298
1737270 298
1737280 296
1737290 295
1737300 295
1737310 294
1737320 293
1737330 293
1737340 292
1737350 291
1737360 291
1737370 291
1737380 290
1737390 290
1737400 290
1737410 289
1737420 289
1737430 289
1737440 288
1737450 288
1737460 288
1737470 287
1737480 287
1737490 287
1737500 286
1737510 287
1737520 288
1737530 288
1737540 289
1737550 290
1737560 290
1737570 291
1737580 292
1737590 292
1737600 293
1737610 294
1737620 294
1737630 296
1737640 298
1737650 298
1737660 299
1737670 300
1737680 300
1737690 302
1737700 303
1737710 306
1737720 306
1737730 307
1737740 308
1737750 308
1737760 308
1737770 308
1737780 308
1737790 308
1737800 308
1737810 308
1737820 308
1737830 308
1737840 308
1737850 309
1737860 308
1737870 308
1737880 308
1737890 308
1737900 307
1737910 307
1737920 307
1737930 307
1737940 307
1737950 307
1737960 308
1737970 308
1737980 308
1737990 308
1738000 308
1738010 309
1738020 309
1738030 309
1738040 309
1738050 309
1738060 309
1738070 309
1738080 309
1738090 310
1738100 310
1738110 310
1738120 310
1738130 310
1738140 310
1738150 310
1738160 310
1738170 310
1738180 310
1738190 310
1738200 310
1738210 310
1738220 310
1738230 310
1738240 310
1738250 310
1738260 310
1738270 310
1738280 310
1738290 310
1738300 310
1738310 310
1738320 310
1738330 310
1738340 310
1738350 310
1738360 310
1738370 310
1738380 310
1738390 310
1738400 310
1738410 310
1738420 310
1738430 310
1738440 310
1738450 310
1738460 310
1738470 310
1738480 310
1738490 309
1738500 309
1738510 309
1738520 309
1738530 309
1738540 309
1738550 309
1738560 309
1738570 309
1738580 309
1738590 309
1738600 309
1738610 309
1738620 309
1738630 309
1738640 309
1738650 308
1738660 308
1738670 308
1738680 308
1738690 308
1738700 308
1738710 308
1738720 308
1738730 308
1738740 308
1738750 308
1738760 308
1738770 308
1738780 309
1738790 309
1738800 309
1738810 309
1738820 309
1738830 309
1738840 309
1738850 309
1738860 309
1738870 309
1738880 309
1738890 309
1738900 309
1738910 309
1738920 309
1738930 309
1738940 309
1738950 309
1738960 309
1738970 309
1738980 308
1738990 308
1739000 309
1739010 308
1739020 308
1739030 308
1739040 308
1739050 308
1739060 308
1739070 308
1739080 308
1739090 308
1739100 307
1739110 307
1739120 307
1739130 307
1739140 306
1739150 306
1739160 306
1739170 305
1739180 305
1739190 303
1739200 302
1739210 302
1739220 301
1739230 302
1739240 302
1739250 303
1739260 304
1739270 304
1739280 305
1739290 306
1739300 306
1739310 306
1739320 307
1739330 307
1739340 307
1739350 308
1739360 308
1739370 308
1739380 308
1739390 308
1739400 308
1739410 308
1739420 308
1739430 308
1739440 308
1739450 308
1739460 307
1739470 307
1739480 307
1739490 306
1739500 306
1739510 307
1739520 307
1739530 307
1739540 307
1739550 308
1739560 308
1739570 308
1739580 308
1739590 308
1739600 308
1739610 309
1739620 309
1739630 309
1739640 309
1739650 309
1739660 309
1739670 309
1739680 309
1739690 309
1739700 309
1739710 309
1739720 309
1739730 309
1739740 309
1739750 309
1739760 309
1739770 309
1739780 309
1739790 309
1739800 309
1739810 309
1739820 309
1739830 309
1739840 309
1739850 309
1739860 309
1739870 309
1739880 309
1739890 309
1739900 309
1739910 309
1739920 308
1739930 308
1739940 308
1739950 308
1739960 307
1739970 307
1739980 306
1739990 305
