1720000 330
1720010 330
1720020 331
1720030 331
1720040 331
1720050 331
1720060 332
1720070 332
1720080 332
1720090 332
1720100 332
1720110 332
1720120 331
1720130 331
1720140 331
1720150 331
1720160 331
1720170 330
1720180 329
1720190 329
1720200 329
1720210 328
1720220 328
1720230 328
1720240 328
1720250 327
1720260 327
1720270 327
1720280 326
1720290 326
1720300 326
1720310 326
1720320 326
1720330 325
1720340 325
1720350 325
1720360 324
1720370 324
1720380 324
1720390 323
1720400 322
1720410 321
1720420 321
1720430 320
1720440 319
1720450 319
1720460 319
1720470 319
1720480 319
1720490 317
1720500 317
1720510 317
1720520 317
1720530 316
1720540 316
1720550 315
1720560 315
1720570 315
1720580 314
1720590 313
1720600 313
1720610 313
1720620 312
1720630 311
1720640 311
1720650 311
1720660 310
1720670 310
1720680 309
1720690 309
1720700 309
1720710 308
1720720 307
1720730 307
1720740 306
1720750 305
1720760 305
1720770 304
1720780 303
1720790 303
1720800 303
1720810 302
1720820 302
1720830 302
1720840 300
1720850 302
1720860 302
1720870 302
1720880 302
1720890 302
1720900 302
1720910 302
1720920 302
1720930 302
1720940 302
1720950 302
1720960 302
1720970 302
1720980 302
1720990 302
1721000 302
1721010 302
1721020 302
1721030 302
1721040 302
1721050 302
1721060 303
1721070 303
1721080 303
1721090 303
1721100 303
1721110 303
1721120 303
1721130 304
1721140 304
1721150 304
1721160 304
1721170 304
1721180 304
1721190 305
1721200 306
1721210 306
1721220 306
1721230 307
1721240 307
1721250 308
1721260 309
1721270 309
1721280 310
1721290 310
1721300 311
1721310 311
1721320 312
1721330 313
1721340 313
1721350 314
1721360 315
1721370 315
1721380 316
1721390 318
1721400 318
1721410 319
1721420 320
1721430 320
1721440 320
1721450 320
1721460 320
1721470 321
1721480 320
1721490 320
1721500 320
1721510 319
1721520 319
1721530 319
1721540 319
1721550 319
1721560 319
1721570 319
1721580 318
1721590 318
1721600 318
1721610 318
1721620 318
1721630 317
1721640 317
1721650 317
1721660 315
1721670 315
1721680 315
1721690 315
1721700 313
1721710 312
1721720 312
1721730 310
1721740 309
1721750 309
1721760 308
1721770 308
1721780 308
1721790 307
1721800 307
1721810 307
1721820 306
1721830 306
1721840 306
1721850 306
1721860 306
1721870 306
1721880 306
1721890 306
1721900 306
1721910 306
1721920 307
1721930 307
1721940 307
1721950 306
1721960 305
1721970 305
1721980 303
1721990 302
1722000 302
1722010 300
1722020 299
1722030 299
1722040 299
1722050 298
1722060 298
1722070 298
1722080 297
1722090 297
1722100 297
1722110 297
1722120 297
1722130 297
1722140 297
1722150 297
1722160 297
1722170 296
1722180 297
1722190 298
1722200 298
1722210 298
1722220 299
1722230 299
1722240 299
1722250 299
1722260 299
1722270 299
1722280 299
1722290 299
1722300 300
1722310 299
1722320 299
1722330 300
1722340 300
1722350 300
1722360 301
1722370 302
1722380 303
1722390 303
1722400 304
1722410 306
1722420 306
1722430 307
1722440 308
1722450 308
1722460 310
1722470 311
1722480 311
1722490 312
1722500 313
1722510 313
1722520 314
1722530 316
1722540 316
1722550 317
1722560 319
1722570 320
1722580 320
1722590 321
1722600 322
1722610 322
1722620 323
1722630 324
1722640 324
1722650 324
1722660 325
1722670 325
1722680 324
1722690 326
1722700 326
1722710 328
1722720 330
1722730 331
1722740 331
1722750 333
1722760 335
1722770 335
1722780 336
1722790 338
1722800 338
1722810 339
1722820 340
1722830 340
1722840 342
1722850 342
1722860 342
1722870 343
1722880 342
1722890 342
1722900 341
1722910 340
1722920 338
1722930 338
1722940 334
1722950 329
1722960 329
1722970 325
1722980 322
1722990 322
1723000 318
1723010 316
1723020 316
1723030 314
1723040 312
1723050 312
1723060 311
1723070 310
1723080 310
1723090 309
1723100 307
1723110 308
1723120 308
1723130 308
1723140 308
1723150 308
1723160 308
1723170 309
1723180 309
1723190 311
1723200 313
1723210 313
1723220 316
1723230 318
1723240 318
1723250 320
1723260 323
1723270 325
1723280 325
1723290 327
1723300 329
1723310 329
1723320 331
1723330 334
1723340 334
1723350 336
1723360 339
1723370 339
1723380 342
1723390 344
1723400 344
1723410 345
1723420 346
1723430 346
1723440 347
1723450 349
1723460 351
1723470 351
1723480 353
1723490 354
1723500 354
1723510 356
1723520 357
1723530 357
1723540 359
1723550 360
1723560 360
1723570 361
1723580 363
1723590 363
1723600 364
1723610 365
1723620 365
1723630 365
1723640 366
1723650 366
1723660 366
1723670 367
1723680 366
1723690 366
1723700 365
1723710 363
1723720 363
1723730 362
1723740 361
1723750 361
1723760 360
1723770 359
1723780 359
1723790 357
1723800 357
1723810 355
1723820 355
1723830 353
1723840 351
1723850 351
1723860 349
1723870 347
1723880 347
1723890 345
1723900 345
1723910 345
1723920 344
1723930 343
1723940 343
1723950 343
1723960 343
1723970 343
1723980 343
1723990 343
1724000 343
1724010 343
1724020 343
1724030 343
1724040 343
1724050 343
1724060 342
1724070 342
1724080 342
1724090 342
1724100 342
1724110 342
1724120 341
1724130 341
1724140 340
1724150 339
1724160 338
1724170 338
1724180 336
1724190 333
1724200 333
1724210 330
1724220 327
1724230 327
1724240 325
1724250 323
1724260 323
1724270 320
1724280 316
1724290 316
1724300 311
1724310 309
1724320 309
1724330 312
1724340 313
1724350 310
1724360 310
1724370 312
1724380 315
1724390 315
1724400 317
1724410 319
1724420 319
1724430 321
1724440 322
1724450 322
1724460 324
1724470 324
1724480 324
1724490 325
1724500 325
1724510 325
1724520 325
1724530 325
1724540 326
1724550 326
1724560 329
1724570 330
1724580 330
1724590 332
1724600 334
1724610 334
1724620 338
1724630 339
1724640 339
1724650 338
1724660 338
1724670 338
1724680 337
1724690 336
1724700 335
1724710 335
1724720 334
1724730 333
1724740 333
1724750 331
1724760 328
1724770 328
1724780 325
1724790 323
1724800 323
1724810 323
1724820 321
1724830 321
1724840 319
1724850 316
1724860 316
1724870 313
1724880 310
1724890 306
1724900 306
1724910 303
1724920 301
1724930 301
1724940 298
1724950 297
1724960 297
1724970 296
1724980 295
1724990 295
1725000 293
1725010 292
1725020 292
1725030 291
1725040 290
1725050 289
1725060 289
1725070 288
1725080 287
1725090 287
1725100 285
1725110 287
1725120 287
1725130 287
1725140 288
1725150 288
1725160 288
1725170 288
1725180 288
1725190 289
1725200 290
1725210 290
1725220 290
1725230 291
1725240 292
1725250 292
1725260 294
1725270 295
1725280 295
1725290 296
1725300 297
1725310 297
1725320 299
1725330 300
1725340 300
1725350 300
1725360 299
1725370 299
1725380 300
1725390 300
1725400 300
1725410 300
1725420 300
1725430 300
1725440 300
1725450 300
1725460 300
1725470 300
1725480 300
1725490 300
1725500 300
1725510 298
1725520 297
1725530 297
1725540 295
1725550 294
1725560 294
1725570 292
1725580 292
1725590 291
1725600 291
1725610 292
1725620 292
1725630 292
1725640 293
1725650 294
1725660 294
1725670 293
1725680 294
1725690 294
1725700 294
1725710 294
1725720 294
1725730 293
1725740 291
1725750 291
1725760 289
1725770 288
1725780 288
1725790 288
1725800 286
1725810 288
1725820 288
1725830 289
1725840 290
1725850 290
1725860 291
1725870 292
1725880 292
1725890 293
1725900 294
1725910 294
1725920 295
1725930 296
1725940 297
1725950 297
1725960 298
1725970 297
1725980 297
1725990 295
1726000 292
1726010 292
1726020 294
1726030 295
1726040 295
1726050 296
1726060 297
1726070 297
1726080 299
1726090 300
1726100 300
1726110 302
1726120 304
1726130 305
1726140 305
1726150 306
1726160 307
1726170 307
1726180 309
1726190 310
1726200 310
1726210 310
1726220 311
1726230 311
1726240 311
1726250 310
1726260 310
1726270 309
1726280 309
1726290 309
1726300 308
1726310 306
1726320 304
1726330 304
1726340 303
1726350 299
1726360 299
1726370 298
1726380 296
1726390 296
1726400 294
1726410 292
1726420 292
1726430 290
1726440 289
1726450 289
1726460 287
1726470 287
1726480 287
1726490 287
1726500 287
1726510 287
1726520 287
1726530 287
1726540 287
1726550 287
1726560 287
1726570 287
1726580 287
1726590 286
1726600 286
1726610 286
1726620 287
1726630 286
1726640 286
1726650 287
1726660 287
1726670 286
1726680 286
1726690 286
1726700 286
1726710 286
1726720 286
1726730 285
1726740 285
1726750 285
1726760 283
1726770 283
1726780 283
1726790 282
1726800 282
1726810 281
1726820 281
1726830 280
1726840 280
1726850 280
1726860 280
1726870 280
1726880 278
1726890 277
1726900 277
1726910 277
1726920 276
1726930 276
1726940 276
1726950 276
1726960 276
1726970 276
1726980 275
1726990 275
1727000 276
1727010 276
1727020 275
1727030 275
1727040 273
1727050 273
1727060 273
1727070 273
1727080 273
1727090 273
1727100 277
1727110 276
1727120 276
1727130 276
1727140 276
1727150 276
1727160 276
1727170 276
1727180 276
1727190 276
1727200 276
1727210 277
1727220 277
1727230 277
1727240 276
1727250 276
1727260 276
1727270 276
1727280 276
1727290 276
1727300 277
1727310 277
1727320 276
1727330 276
1727340 276
1727350 277
1727360 277
1727370 277
1727380 277
1727390 277
1727400 277
1727410 277
1727420 277
1727430 277
1727440 277
1727450 278
1727460 278
1727470 278
1727480 277
1727490 277
1727500 277
1727510 278
1727520 278
1727530 278
1727540 278
1727550 277
1727560 277
1727570 277
1727580 277
1727590 277
1727600 277
1727610 277
1727620 277
1727630 277
1727640 277
1727650 277
1727660 277
1727670 277
1727680 277
1727690 277
1727700 277
1727710 277
1727720 277
1727730 277
1727740 278
1727750 277
1727760 277
1727770 277
1727780 277
1727790 277
1727800 277
1727810 277
1727820 277
1727830 277
1727840 277
1727850 277
1727860 277
1727870 277
1727880 277
1727890 277
1727900 277
1727910 277
1727920 277
1727930 277
1727940 279
1727950 279
1727960 277
1727970 277
1727980 277
1727990 277
1728000 276
1728010 276
1728020 276
1728030 277
1728040 277
1728050 277
1728060 277
1728070 277
1728080 277
1728090 277
1728100 277
1728110 277
1728120 277
1728130 277
1728140 277
1728150 277
1728160 277
1728170 277
1728180 276
1728190 276
1728200 276
1728210 276
1728220 276
1728230 276
1728240 276
1728250 276
1728260 276
1728270 276
1728280 276
1728290 276
1728300 276
1728310 276
1728320 277
1728330 277
1728340 277
1728350 277
1728360 277
1728370 277
1728380 277
1728390 277
1728400 278
1728410 280
1728420 280
1728430 279
1728440 280
1728450 279
1728460 279
1728470 280
1728480 279
1728490 279
1728500 276
1728510 274
1728520 274
1728530 274
1728540 274
1728550 274
1728560 274
1728570 274
1728580 274
1728590 274
1728600 274
1728610 274
1728620 274
1728630 274
1728640 274
1728650 274
1728660 274
1728670 274
1728680 274
1728690 274
1728700 274
1728710 274
1728720 274
1728730 274
1728740 274
1728750 274
1728760 274
1728770 274
1728780 274
1728790 274
1728800 274
1728810 274
1728820 274
1728830 274
1728840 274
1728850 274
1728860 274
1728870 274
1728880 274
1728890 274
1728900 274
1728910 274
1728920 274
1728930 274
1728940 274
1728950 274
1728960 274
1728970 274
1728980 274
1728990 274
1729000 274
1729010 274
1729020 274
1729030 274
1729040 274
1729050 274
1729060 274
1729070 274
1729080 274
1729090 274
1729100 274
1729110 274
1729120 274
1729130 274
1729140 274
1729150 274
1729160 274
1729170 274
1729180 274
1729190 274
1729200 274
1729210 274
1729220 274
1729230 274
1729240 274
1729250 274
1729260 274
1729270 274
1729280 274
1729290 274
1729300 274
1729310 274
1729320 274
1729330 274
1729340 274
1729350 274
1729360 274
1729370 277
1729380 277
1729390 279
1729400 279
1729410 279
1729420 278
1729430 278
1729440 278
1729450 278
1729460 279
1729470 279
1729480 279
1729490 279
1729500 279
1729510 279
1729520 279
1729530 279
1729540 279
1729550 279
1729560 278
1729570 278
1729580 279
1729590 279
1729600 279
1729610 279
1729620 279
1729630 279
1729640 279
1729650 279
1729660 279
1729670 279
1729680 279
1729690 279
1729700 279
1729710 279
1729720 279
1729730 279
1729740 279
1729750 279
1729760 279
1729770 279
1729780 279
1729790 279
1729800 279
1729810 279
1729820 279
1729830 279
1729840 278
1729850 278
1729860 278
1729870 279
1729880 279
1729890 279
1729900 279
1729910 278
1729920 278
1729930 278
1729940 278
1729950 278
1729960 279
1729970 280
1729980 280
1729990 278
1730000 278
1730010 278
1730020 278
1730030 278
1730040 278
1730050 278
1730060 278
1730070 279
1730080 279
1730090 279
1730100 279
1730110 279
1730120 278
1730130 279
1730140 279
1730150 279
1730160 279
1730170 279
1730180 279
1730190 279
1730200 279
1730210 279
1730220 279
1730230 279
1730240 279
1730250 279
1730260 279
1730270 279
1730280 279
1730290 279
1730300 279
1730310 279
1730320 279
1730330 279
1730340 279
1730350 279
1730360 279
1730370 279
1730380 279
1730390 279
1730400 279
1730410 279
1730420 279
1730430 279
1730440 279
1730450 279
1730460 279
1730470 279
1730480 279
1730490 279
1730500 280
1730510 279
1730520 279
1730530 279
1730540 279
1730550 279
1730560 279
1730570 279
1730580 279
1730590 279
1730600 279
1730610 279
1730620 279
1730630 279
1730640 278
1730650 278
1730660 278
1730670 278
1730680 278
1730690 278
1730700 279
1730710 279
1730720 279
1730730 279
1730740 279
1730750 279
1730760 279
1730770 279
1730780 279
1730790 279
1730800 279
1730810 279
1730820 279
1730830 279
1730840 279
1730850 279
1730860 279
1730870 279
1730880 279
1730890 278
1730900 278
1730910 278
1730920 278
1730930 278
1730940 278
1730950 278
1730960 278
1730970 278
1730980 277
1730990 277
1731000 277
1731010 277
1731020 277
1731030 277
1731040 277
1731050 277
1731060 277
1731070 277
1731080 277
1731090 277
1731100 277
1731110 277
1731120 277
1731130 277
1731140 277
1731150 277
1731160 277
1731170 277
1731180 277
1731190 277
1731200 277
1731210 277
1731220 277
1731230 277
1731240 277
1731250 277
1731260 277
1731270 277
1731280 277
1731290 277
1731300 277
1731310 277
1731320 277
1731330 277
1731340 277
1731350 277
1731360 277
1731370 277
1731380 277
1731390 277
1731400 278
1731410 278
1731420 278
1731430 277
1731440 277
1731450 277
1731460 278
1731470 278
1731480 278
1731490 277
1731500 277
1731510 277
1731520 277
1731530 277
1731540 277
1731550 277
1731560 277
1731570 277
1731580 277
1731590 277
1731600 277
1731610 277
1731620 277
1731630 277
1731640 277
1731650 277
1731660 277
1731670 277
1731680 277
1731690 277
1731700 277
1731710 277
1731720 276
1731730 276
1731740 276
1731750 276
1731760 276
1731770 276
1731780 276
1731790 276
1731800 276
1731810 276
1731820 276
1731830 276
1731840 276
1731850 276
1731860 276
1731870 276
1731880 276
1731890 276
1731900 276
1731910 276
1731920 276
1731930 276
1731940 276
1731950 276
1731960 276
1731970 276
1731980 276
1731990 275
1732000 275
1732010 276
1732020 276
1732030 276
1732040 276
1732050 276
1732060 276
1732070 276
1732080 276
1732090 276
1732100 276
1732110 276
1732120 276
1732130 276
1732140 276
1732150 276
1732160 276
1732170 276
1732180 276
1732190 276
1732200 276
1732210 276
1732220 276
1732230 276
1732240 276
1732250 276
1732260 276
1732270 276
1732280 276
1732290 276
1732300 276
1732310 276
1732320 276
1732330 276
1732340 276
1732350 275
1732360 275
1732370 275
1732380 275
1732390 275
1732400 275
1732410 275
1732420 275
1732430 275
1732440 275
1732450 275
1732460 275
1732470 275
1732480 275
1732490 275
1732500 275
1732510 275
1732520 275
1732530 275
1732540 275
1732550 275
1732560 275
1732570 275
1732580 275
1732590 275
1732600 275
1732610 275
1732620 275
1732630 275
1732640 275
1732650 275
1732660 275
1732670 275
1732680 275
1732690 275
1732700 275
1732710 275
1732720 275
1732730 275
1732740 275
1732750 275
1732760 275
1732770 275
1732780 275
1732790 275
1732800 275
1732810 275
1732820 275
1732830 275
1732840 275
1732850 275
1732860 277
1732870 277
1732880 277
1732890 277
1732900 277
1732910 277
1732920 274
1732930 275
1732940 275
1732950 274
1732960 274
1732970 274
1732980 274
1732990 274
1733000 274
1733010 274
1733020 275
1733030 275
1733040 275
1733050 274
1733060 274
1733070 275
1733080 275
1733090 275
1733100 275
1733110 275
1733120 275
1733130 275
1733140 275
1733150 275
1733160 275
1733170 275
1733180 275
1733190 275
1733200 275
1733210 275
1733220 275
1733230 275
1733240 275
1733250 275
1733260 275
1733270 274
1733280 274
1733290 274
1733300 274
1733310 275
1733320 275
1733330 275
1733340 275
1733350 275
1733360 275
1733370 275
1733380 275
1733390 274
1733400 274
1733410 274
1733420 274
1733430 274
1733440 274
1733450 274
1733460 274
1733470 274
1733480 274
1733490 274
1733500 275
1733510 275
1733520 275
1733530 274
1733540 274
1733550 275
1733560 275
1733570 275
1733580 275
1733590 275
1733600 275
1733610 275
1733620 275
1733630 275
1733640 275
1733650 275
1733660 275
1733670 275
1733680 274
1733690 274
1733700 274
1733710 274
1733720 274
1733730 274
1733740 274
1733750 274
1733760 274
1733770 274
1733780 274
1733790 274
1733800 274
1733810 274
1733820 274
1733830 274
1733840 274
1733850 274
1733860 274
1733870 274
1733880 274
1733890 274
1733900 274
1733910 274
1733920 274
1733930 274
1733940 274
1733950 274
1733960 274
1733970 274
1733980 274
1733990 274
1734000 274
1734010 274
1734020 274
1734030 274
1734040 274
1734050 274
1734060 274
1734070 273
1734080 273
1734090 273
1734100 273
1734110 273
1734120 273
1734130 273
1734140 273
1734150 273
1734160 273
1734170 273
1734180 273
1734190 274
1734200 274
1734210 274
1734220 274
1734230 274
1734240 274
1734250 274
1734260 274
1734270 274
1734280 274
1734290 274
1734300 274
1734310 274
1734320 274
1734330 274
1734340 274
1734350 274
1734360 274
1734370 274
1734380 274
1734390 274
1734400 274
1734410 274
1734420 274
1734430 274
1734440 274
1734450 274
1734460 274
1734470 274
1734480 274
1734490 274
1734500 274
1734510 274
1734520 274
1734530 274
1734540 274
1734550 274
1734560 274
1734570 274
1734580 274
1734590 274
1734600 274
1734610 274
1734620 274
1734630 274
1734640 274
1734650 274
1734660 274
1734670 274
1734680 274
1734690 274
1734700 274
1734710 274
1734720 274
1734730 274
1734740 274
1734750 274
1734760 273
1734770 272
1734780 272
1734790 272
1734800 271
1734810 271
1734820 271
1734830 271
1734840 271
1734850 271
1734860 271
1734870 271
1734880 271
1734890 271
1734900 272
1734910 272
1734920 272
1734930 272
1734940 272
1734950 272
1734960 273
1734970 273
1734980 271
1734990 271
1735000 271
1735010 271
1735020 271
1735030 271
1735040 271
1735050 271
1735060 271
1735070 271
1735080 273
1735090 272
1735100 272
1735110 272
1735120 272
1735130 272
1735140 272
1735150 272
1735160 272
1735170 272
1735180 272
1735190 272
1735200 272
1735210 272
1735220 272
1735230 272
1735240 271
1735250 271
1735260 271
1735270 271
1735280 271
1735290 271
1735300 271
1735310 271
1735320 271
1735330 271
1735340 271
1735350 271
1735360 270
1735370 271
1735380 271
1735390 271
1735400 271
1735410 271
1735420 271
1735430 271
1735440 270
1735450 270
1735460 270
1735470 271
1735480 271
1735490 271
1735500 271
1735510 271
1735520 270
1735530 271
1735540 271
1735550 271
1735560 271
1735570 271
1735580 271
1735590 271
1735600 271
1735610 271
1735620 271
1735630 271
1735640 271
1735650 271
1735660 271
1735670 271
1735680 271
1735690 271
1735700 271
1735710 271
1735720 271
1735730 271
1735740 271
1735750 271
1735760 271
1735770 271
1735780 271
1735790 271
1735800 271
1735810 271
1735820 271
1735830 271
1735840 272
1735850 272
1735860 272
1735870 272
1735880 272
1735890 272
1735900 276
1735910 283
1735920 283
1735930 293
1735940 297
1735950 303
1735960 303
1735970 303
1735980 303
1735990 303
1736000 305
1736010 309
1736020 309
1736030 316
1736040 317
1736050 317
1736060 318
1736070 318
1736080 318
1736090 318
1736100 318
1736110 318
1736120 318
1736130 318
1736140 318
1736150 318
1736160 318
1736170 317
1736180 317
1736190 317
1736200 317
1736210 317
1736220 317
1736230 317
1736240 317
1736250 317
1736260 317
1736270 317
1736280 317
1736290 317
1736300 317
1736310 317
1736320 317
1736330 317
1736340 317
1736350 317
1736360 316
1736370 316
1736380 316
1736390 316
1736400 316
1736410 316
1736420 315
1736430 315
1736440 316
1736450 315
1736460 315
1736470 315
1736480 315
1736490 315
1736500 315
1736510 314
1736520 314
1736530 314
1736540 314
1736550 314
1736560 314
1736570 313
1736580 313
1736590 313
1736600 313
1736610 313
1736620 313
1736630 313
1736640 313
1736650 314
1736660 314
1736670 314
1736680 314
1736690 314
1736700 314
1736710 314
1736720 314
1736730 314
1736740 314
1736750 314
1736760 314
1736770 313
1736780 313
1736790 313
1736800 313
1736810 313
1736820 312
1736830 312
1736840 311
1736850 311
1736860 311
1736870 310
1736880 310
1736890 310
1736900 311
1736910 311
1736920 312
1736930 310
1736940 310
1736950 309
1736960 309
1736970 309
1736980 308
1736990 308
1737000 308
1737010 308
1737020 308
1737030 309
1737040 309
1737050 311
1737060 311
1737070 311
1737080 311
1737090 312
1737100 312
1737110 312
1737120 313
1737130 313
1737140 313
1737150 313
1737160 313
1737170 313
1737180 313
1737190 313
1737200 313
1737210 313
1737220 313
1737230 313
1737240 313
1737250 314
1737260 314
1737270 314
1737280 314
1737290 314
1737300 314
1737310 314
1737320 314
1737330 314
1737340 314
1737350 314
1737360 314
1737370 314
1737380 314
1737390 314
1737400 314
1737410 314
1737420 314
1737430 314
1737440 314
1737450 314
1737460 314
1737470 314
1737480 314
1737490 314
1737500 314
1737510 314
1737520 314
1737530 314
1737540 314
1737550 314
1737560 314
1737570 314
1737580 314
1737590 314
1737600 314
1737610 314
1737620 314
1737630 314
1737640 314
1737650 314
1737660 314
1737670 314
1737680 314
1737690 314
1737700 314
1737710 314
1737720 314
1737730 313
1737740 313
1737750 314
1737760 314
1737770 314
1737780 314
1737790 314
1737800 314
1737810 314
1737820 314
1737830 314
1737840 314
1737850 314
1737860 314
1737870 314
1737880 314
1737890 314
1737900 314
1737910 314
1737920 314
1737930 314
1737940 314
1737950 314
1737960 314
1737970 314
1737980 314
1737990 314
1738000 314
1738010 314
1738020 314
1738030 314
1738040 314
1738050 314
1738060 314
1738070 313
1738080 314
1738090 314
1738100 313
1738110 313
1738120 313
1738130 313
1738140 313
1738150 313
1738160 313
1738170 312
1738180 312
1738190 312
1738200 312
1738210 312
1738220 311
1738230 311
1738240 311
1738250 310
1738260 309
1738270 308
1738280 308
1738290 307
1738300 306
1738310 306
1738320 305
1738330 305
1738340 305
1738350 304
1738360 303
1738370 303
1738380 303
1738390 304
1738400 304
1738410 304
1738420 305
1738430 305
1738440 306
1738450 306
1738460 307
1738470 307
1738480 308
1738490 309
1738500 309
1738510 309
1738520 309
1738530 309
1738540 310
1738550 310
1738560 310
1738570 311
1738580 311
1738590 311
1738600 311
1738610 311
1738620 312
1738630 312
1738640 312
1738650 312
1738660 312
1738670 313
1738680 313
1738690 313
1738700 313
1738710 313
1738720 313
1738730 313
1738740 313
1738750 313
1738760 313
1738770 313
1738780 313
1738790 313
1738800 313
1738810 312
1738820 312
1738830 312
1738840 311
1738850 311
1738860 310
1738870 311
1738880 311
1738890 311
1738900 312
1738910 312
1738920 313
1738930 313
1738940 313
1738950 313
1738960 313
1738970 313
1738980 313
1738990 313
1739000 313
1739010 313
1739020 313
1739030 313
1739040 313
1739050 313
1739060 313
1739070 313
1739080 313
1739090 312
1739100 312
1739110 312
1739120 312
1739130 312
1739140 311
1739150 310
1739160 310
1739170 310
1739180 311
1739190 311
1739200 311
1739210 311
1739220 310
1739230 310
1739240 310
1739250 309
1739260 309
1739270 309
1739280 309
1739290 309
1739300 308
1739310 307
1739320 307
1739330 308
1739340 310
1739350 310
1739360 310
1739370 311
1739380 311
1739390 311
1739400 310
1739410 312
1739420 312
1739430 312
1739440 313
1739450 313
1739460 313
1739470 313
1739480 313
1739490 313
1739500 313
1739510 314
1739520 314
1739530 313
1739540 313
1739550 313
1739560 313
1739570 313
1739580 313
1739590 313
1739600 313
1739610 313
1739620 313
1739630 313
1739640 313
1739650 313
1739660 313
1739670 313
1739680 313
1739690 313
1739700 313
1739710 313
1739720 313
1739730 313
1739740 313
1739750 313
1739760 313
1739770 313
1739780 313
1739790 313
1739800 313
1739810 313
1739820 313
1739830 313
1739840 313
1739850 313
1739860 313
1739870 313
1739880 313
1739890 312
1739900 312
1739910 312
1739920 312
1739930 312
1739940 312
1739950 311
1739960 311
1739970 311
1739980 311
1739990 311
