1720000 336
1720010 336
1720020 334
1720030 333
1720040 331
1720050 331
1720060 329
1720070 327
1720080 327
1720090 328
1720100 326
1720110 326
1720120 324
1720130 321
1720140 321
1720150 320
1720160 318
1720170 318
1720180 316
1720190 316
1720200 316
1720210 316
1720220 317
1720230 318
1720240 318
1720250 320
1720260 322
1720270 322
1720280 324
1720290 325
1720300 325
1720310 327
1720320 329
1720330 329
1720340 331
1720350 334
1720360 334
1720370 337
1720380 342
1720390 343
1720400 343
1720410 346
1720420 346
1720430 346
1720440 347
1720450 347
1720460 347
1720470 348
1720480 351
1720490 351
1720500 354
1720510 356
1720520 356
1720530 358
1720540 360
1720550 360
1720560 363
1720570 365
1720580 368
1720590 368
1720600 371
1720610 374
1720620 374
1720630 377
1720640 378
1720650 378
1720660 382
1720670 384
1720680 384
1720690 383
1720700 383
1720710 383
1720720 384
1720730 384
1720740 384
1720750 383
1720760 382
1720770 383
1720780 383
1720790 383
1720800 383
1720810 383
1720820 384
1720830 386
1720840 386
1720850 388
1720860 390
1720870 390
1720880 392
1720890 396
1720900 396
1720910 400
1720920 403
1720930 403
1720940 407
1720950 408
1720960 413
1720970 413
1720980 417
1720990 418
1721000 418
1721010 418
1721020 418
1721030 418
1721040 418
1721050 417
1721060 417
1721070 416
1721080 415
1721090 415
1721100 414
1721110 414
1721120 413
1721130 413
1721140 414
1721150 415
1721160 415
1721170 416
1721180 417
1721190 417
1721200 419
1721210 421
1721220 421
1721230 423
1721240 425
1721250 425
1721260 427
1721270 429
1721280 429
1721290 431
1721300 432
1721310 432
1721320 432
1721330 431
1721340 431
1721350 431
1721360 429
1721370 428
1721380 428
1721390 427
1721400 426
1721410 426
1721420 425
1721430 424
1721440 424
1721450 422
1721460 419
1721470 419
1721480 416
1721490 412
1721500 409
1721510 409
1721520 408
1721530 405
1721540 405
1721550 403
1721560 401
1721570 401
1721580 398
1721590 393
1721600 393
1721610 387
1721620 380
1721630 380
1721640 380
1721650 380
1721660 385
1721670 385
1721680 384
1721690 382
1721700 382
1721710 381
1721720 379
1721730 379
1721740 378
1721750 376
1721760 376
1721770 373
1721780 371
1721790 371
1721800 369
1721810 365
1721820 365
1721830 362
1721840 360
1721850 361
1721860 361
1721870 361
1721880 362
1721890 362
1721900 363
1721910 363
1721920 363
1721930 364
1721940 364
1721950 364
1721960 364
1721970 363
1721980 363
1721990 362
1722000 361
1722010 361
1722020 360
1722030 359
1722040 357
1722050 357
1722060 355
1722070 353
1722080 353
1722090 351
1722100 350
1722110 350
1722120 349
1722130 348
1722140 348
1722150 346
1722160 345
1722170 345
1722180 344
1722190 342
1722200 342
1722210 340
1722220 338
1722230 335
1722240 335
1722250 331
1722260 324
1722270 324
1722280 319
1722290 319
1722300 319
1722310 319
1722320 318
1722330 318
1722340 320
1722350 317
1722360 317
1722370 317
1722380 317
1722390 318
1722400 318
1722410 317
1722420 316
1722430 316
1722440 318
1722450 315
1722460 315
1722470 315
1722480 322
1722490 322
1722500 325
1722510 326
1722520 326
1722530 327
1722540 329
1722550 329
1722560 330
1722570 331
1722580 332
1722590 332
1722600 333
1722610 334
1722620 334
1722630 333
1722640 334
1722650 334
1722660 335
1722670 335
1722680 335
1722690 337
1722700 340
1722710 340
1722720 340
1722730 339
1722740 339
1722750 339
1722760 340
1722770 343
1722780 343
1722790 344
1722800 346
1722810 346
1722820 347
1722830 348
1722840 348
1722850 349
1722860 350
1722870 350
1722880 351
1722890 351
1722900 351
1722910 351
1722920 349
1722930 347
1722940 347
1722950 345
1722960 343
1722970 343
1722980 342
1722990 341
1723000 341
1723010 340
1723020 339
1723030 339
1723040 339
1723050 342
1723060 342
1723070 343
1723080 347
1723090 347
1723100 348
1723110 350
1723120 350
1723130 350
1723140 349
1723150 346
1723160 346
1723170 342
1723180 338
1723190 338
1723200 335
1723210 332
1723220 332
1723230 327
1723240 323
1723250 323
1723260 319
1723270 317
1723280 317
1723290 315
1723300 313
1723310 312
1723320 312
1723330 312
1723340 311
1723350 311
1723360 312
1723370 313
1723380 313
1723390 314
1723400 315
1723410 315
1723420 318
1723430 321
1723440 321
1723450 324
1723460 326
1723470 326
1723480 330
1723490 333
1723500 336
1723510 336
1723520 338
1723530 341
1723540 341
1723550 343
1723560 346
1723570 346
1723580 347
1723590 348
1723600 348
1723610 347
1723620 344
1723630 344
1723640 340
1723650 337
1723660 333
1723670 333
1723680 332
1723690 331
1723700 331
1723710 330
1723720 328
1723730 328
1723740 326
1723750 324
1723760 324
1723770 318
1723780 315
1723790 315
1723800 313
1723810 309
1723820 309
1723830 306
1723840 304
1723850 302
1723860 302
1723870 300
1723880 300
1723890 300
1723900 302
1723910 303
1723920 303
1723930 305
1723940 308
1723950 308
1723960 310
1723970 315
1723980 315
1723990 320
1724000 323
1724010 323
1724020 326
1724030 329
1724040 332
1724050 332
1724060 336
1724070 339
1724080 339
1724090 342
1724100 344
1724110 344
1724120 348
1724130 349
1724140 349
1724150 349
1724160 349
1724170 349
1724180 346
1724190 344
1724200 340
1724210 340
1724220 338
1724230 337
1724240 337
1724250 336
1724260 335
1724270 335
1724280 334
1724290 333
1724300 333
1724310 332
1724320 331
1724330 331
1724340 330
1724350 328
1724360 328
1724370 327
1724380 325
1724390 324
1724400 324
1724410 323
1724420 322
1724430 322
1724440 322
1724450 321
1724460 321
1724470 320
1724480 319
1724490 319
1724500 317
1724510 316
1724520 316
1724530 313
1724540 308
1724550 308
1724560 304
1724570 303
1724580 302
1724590 302
1724600 303
1724610 303
1724620 303
1724630 304
1724640 306
1724650 306
1724660 308
1724670 311
1724680 311
1724690 314
1724700 318
1724710 318
1724720 319
1724730 321
1724740 321
1724750 326
1724760 328
1724770 331
1724780 331
1724790 330
1724800 326
1724810 326
1724820 322
1724830 318
1724840 318
1724850 314
1724860 309
1724870 309
1724880 303
1724890 296
1724900 296
1724910 293
1724920 289
1724930 286
1724940 286
1724950 283
1724960 281
1724970 281
1724980 279
1724990 279
1725000 279
1725010 278
1725020 275
1725030 275
1725040 275
1725050 279
1725060 279
1725070 279
1725080 278
1725090 278
1725100 278
1725110 278
1725120 279
1725130 279
1725140 279
1725150 279
1725160 279
1725170 279
1725180 278
1725190 278
1725200 278
1725210 279
1725220 279
1725230 279
1725240 279
1725250 279
1725260 279
1725270 279
1725280 279
1725290 279
1725300 279
1725310 279
1725320 279
1725330 279
1725340 279
1725350 279
1725360 279
1725370 279
1725380 279
1725390 279
1725400 279
1725410 279
1725420 279
1725430 279
1725440 279
1725450 279
1725460 280
1725470 280
1725480 280
1725490 280
1725500 281
1725510 281
1725520 282
1725530 282
1725540 282
1725550 283
1725560 283
1725570 283
1725580 283
1725590 284
1725600 284
1725610 284
1725620 284
1725630 284
1725640 284
1725650 284
1725660 284
1725670 284
1725680 284
1725690 284
1725700 284
1725710 284
1725720 284
1725730 284
1725740 285
1725750 285
1725760 285
1725770 284
1725780 285
1725790 285
1725800 285
1725810 284
1725820 284
1725830 284
1725840 285
1725850 285
1725860 285
1725870 285
1725880 285
1725890 285
1725900 285
1725910 285
1725920 285
1725930 285
1725940 285
1725950 285
1725960 285
1725970 285
1725980 285
1725990 285
1726000 286
1726010 286
1726020 286
1726030 286
1726040 286
1726050 286
1726060 286
1726070 285
1726080 285
1726090 285
1726100 286
1726110 286
1726120 285
1726130 285
1726140 285
1726150 285
1726160 285
1726170 285
1726180 285
1726190 285
1726200 285
1726210 285
1726220 285
1726230 284
1726240 284
1726250 284
1726260 282
1726270 282
1726280 279
1726290 279
1726300 279
1726310 276
1726320 276
1726330 276
1726340 276
1726350 276
1726360 276
1726370 278
1726380 279
1726390 280
1726400 280
1726410 280
1726420 280
1726430 280
1726440 280
1726450 280
1726460 280
1726470 280
1726480 280
1726490 280
1726500 280
1726510 280
1726520 280
1726530 280
1726540 280
1726550 280
1726560 280
1726570 280
1726580 280
1726590 280
1726600 280
1726610 280
1726620 280
1726630 280
1726640 280
1726650 280
1726660 280
1726670 280
1726680 280
1726690 280
1726700 280
1726710 280
1726720 280
1726730 280
1726740 280
1726750 279
1726760 279
1726770 279
1726780 279
1726790 279
1726800 278
1726810 278
1726820 277
1726830 276
1726840 276
1726850 276
1726860 276
1726870 276
1726880 276
1726890 276
1726900 276
1726910 278
1726920 279
1726930 280
1726940 280
1726950 283
1726960 286
1726970 286
1726980 288
1726990 290
1727000 290
1727010 291
1727020 293
1727030 293
1727040 293
1727050 293
1727060 293
1727070 293
1727080 293
1727090 293
1727100 293
1727110 293
1727120 294
1727130 294
1727140 294
1727150 294
1727160 294
1727170 294
1727180 294
1727190 294
1727200 294
1727210 294
1727220 294
1727230 294
1727240 294
1727250 294
1727260 294
1727270 294
1727280 294
1727290 293
1727300 293
1727310 293
1727320 293
1727330 293
1727340 293
1727350 293
1727360 293
1727370 292
1727380 292
1727390 292
1727400 291
1727410 291
1727420 290
1727430 289
1727440 289
1727450 288
1727460 287
1727470 287
1727480 287
1727490 287
1727500 287
1727510 287
1727520 287
1727530 286
1727540 286
1727550 286
1727560 286
1727570 286
1727580 286
1727590 287
1727600 287
1727610 286
1727620 286
1727630 286
1727640 286
1727650 286
1727660 287
1727670 287
1727680 287
1727690 287
1727700 287
1727710 287
1727720 287
1727730 287
1727740 287
1727750 287
1727760 287
1727770 287
1727780 287
1727790 287
1727800 287
1727810 287
1727820 287
1727830 286
1727840 287
1727850 287
1727860 287
1727870 287
1727880 286
1727890 286
1727900 286
1727910 286
1727920 286
1727930 286
1727940 286
1727950 286
1727960 286
1727970 286
1727980 286
1727990 286
1728000 286
1728010 286
1728020 286
1728030 286
1728040 287
1728050 287
1728060 287
1728070 286
1728080 286
1728090 287
1728100 287
1728110 287
1728120 287
1728130 287
1728140 287
1728150 287
1728160 287
1728170 287
1728180 287
1728190 287
1728200 287
1728210 287
1728220 287
1728230 287
1728240 287
1728250 287
1728260 287
1728270 287
1728280 287
1728290 285
1728300 285
1728310 282
1728320 282
1728330 282
1728340 282
1728350 282
1728360 282
1728370 282
1728380 282
1728390 282
1728400 282
1728410 282
1728420 282
1728430 282
1728440 282
1728450 282
1728460 282
1728470 281
1728480 281
1728490 281
1728500 281
1728510 281
1728520 281
1728530 281
1728540 281
1728550 281
1728560 281
1728570 280
1728580 280
1728590 280
1728600 278
1728610 280
1728620 280
1728630 282
1728640 283
1728650 283
1728660 279
1728670 278
1728680 278
1728690 278
1728700 278
1728710 278
1728720 278
1728730 278
1728740 278
1728750 278
1728760 278
1728770 278
1728780 278
1728790 278
1728800 278
1728810 278
1728820 278
1728830 278
1728840 278
1728850 278
1728860 278
1728870 278
1728880 279
1728890 279
1728900 279
1728910 282
1728920 286
1728930 287
1728940 287
1728950 285
1728960 281
1728970 281
1728980 279
1728990 279
1729000 279
1729010 280
1729020 280
1729030 280
1729040 280
1729050 280
1729060 280
1729070 280
1729080 280
1729090 280
1729100 280
1729110 280
1729120 279
1729130 279
1729140 278
1729150 278
1729160 278
1729170 278
1729180 278
1729190 278
1729200 278
1729210 278
1729220 278
1729230 278
1729240 279
1729250 279
1729260 281
1729270 281
1729280 281
1729290 281
1729300 281
1729310 281
1729320 281
1729330 281
1729340 281
1729350 281
1729360 281
1729370 282
1729380 282
1729390 286
1729400 287
1729410 287
1729420 287
1729430 286
1729440 286
1729450 286
1729460 287
1729470 287
1729480 287
1729490 287
1729500 287
1729510 287
1729520 287
1729530 287
1729540 287
1729550 287
1729560 287
1729570 287
1729580 287
1729590 287
1729600 287
1729610 287
1729620 287
1729630 287
1729640 287
1729650 287
1729660 287
1729670 287
1729680 287
1729690 287
1729700 287
1729710 287
1729720 287
1729730 287
1729740 287
1729750 287
1729760 287
1729770 287
1729780 287
1729790 287
1729800 287
1729810 286
1729820 286
1729830 286
1729840 286
1729850 286
1729860 286
1729870 286
1729880 286
1729890 286
1729900 286
1729910 286
1729920 286
1729930 286
1729940 286
1729950 286
1729960 286
1729970 286
1729980 286
1729990 286
1730000 286
1730010 286
1730020 287
1730030 286
1730040 286
1730050 286
1730060 285
1730070 285
1730080 285
1730090 284
1730100 284
1730110 284
1730120 284
1730130 284
1730140 284
1730150 284
1730160 286
1730170 286
1730180 290
1730190 292
1730200 292
1730210 292
1730220 292
1730230 292
1730240 292
1730250 291
1730260 287
1730270 287
1730280 284
1730290 284
1730300 284
1730310 284
1730320 284
1730330 284
1730340 284
1730350 284
1730360 284
1730370 284
1730380 284
1730390 283
1730400 283
1730410 283
1730420 283
1730430 283
1730440 283
1730450 283
1730460 283
1730470 283
1730480 283
1730490 283
1730500 283
1730510 283
1730520 283
1730530 283
1730540 283
1730550 283
1730560 283
1730570 284
1730580 283
1730590 283
1730600 283
1730610 283
1730620 283
1730630 283
1730640 283
1730650 283
1730660 283
1730670 283
1730680 283
1730690 283
1730700 283
1730710 283
1730720 283
1730730 282
1730740 282
1730750 282
1730760 282
1730770 282
1730780 282
1730790 282
1730800 282
1730810 282
1730820 282
1730830 283
1730840 283
1730850 282
1730860 282
1730870 282
1730880 282
1730890 282
1730900 282
1730910 282
1730920 282
1730930 283
1730940 283
1730950 283
1730960 283
1730970 283
1730980 282
1730990 282
1731000 282
1731010 282
1731020 283
1731030 283
1731040 283
1731050 283
1731060 283
1731070 283
1731080 283
1731090 283
1731100 283
1731110 283
1731120 283
1731130 283
1731140 283
1731150 282
1731160 282
1731170 281
1731180 280
1731190 280
1731200 280
1731210 280
1731220 280
1731230 280
1731240 280
1731250 280
1731260 280
1731270 280
1731280 280
1731290 280
1731300 282
1731310 281
1731320 281
1731330 280
1731340 280
1731350 280
1731360 280
1731370 280
1731380 280
1731390 280
1731400 280
1731410 280
1731420 280
1731430 280
1731440 280
1731450 280
1731460 280
1731470 280
1731480 280
1731490 282
1731500 282
1731510 282
1731520 280
1731530 280
1731540 280
1731550 280
1731560 280
1731570 280
1731580 280
1731590 280
1731600 280
1731610 280
1731620 280
1731630 280
1731640 280
1731650 280
1731660 279
1731670 279
1731680 280
1731690 280
1731700 280
1731710 280
1731720 280
1731730 280
1731740 280
1731750 280
1731760 280
1731770 280
1731780 280
1731790 280
1731800 280
1731810 280
1731820 280
1731830 280
1731840 280
1731850 279
1731860 279
1731870 279
1731880 279
1731890 279
1731900 279
1731910 279
1731920 279
1731930 279
1731940 279
1731950 279
1731960 279
1731970 279
1731980 279
1731990 279
1732000 279
1732010 279
1732020 279
1732030 279
1732040 279
1732050 279
1732060 279
1732070 278
1732080 278
1732090 279
1732100 279
1732110 279
1732120 279
1732130 279
1732140 279
1732150 279
1732160 279
1732170 279
1732180 279
1732190 279
1732200 279
1732210 279
1732220 279
1732230 280
1732240 280
1732250 279
1732260 279
1732270 279
1732280 279
1732290 279
1732300 279
1732310 279
1732320 279
1732330 279
1732340 279
1732350 279
1732360 279
1732370 279
1732380 279
1732390 279
1732400 279
1732410 279
1732420 279
1732430 279
1732440 279
1732450 279
1732460 279
1732470 279
1732480 278
1732490 278
1732500 279
1732510 279
1732520 279
1732530 279
1732540 279
1732550 279
1732560 279
1732570 278
1732580 278
1732590 278
1732600 278
1732610 278
1732620 278
1732630 278
1732640 277
1732650 277
1732660 277
1732670 278
1732680 278
1732690 278
1732700 277
1732710 277
1732720 278
1732730 278
1732740 278
1732750 278
1732760 278
1732770 278
1732780 278
1732790 278
1732800 278
1732810 278
1732820 278
1732830 278
1732840 278
1732850 278
1732860 278
1732870 278
1732880 278
1732890 278
1732900 278
1732910 278
1732920 278
1732930 277
1732940 277
1732950 278
1732960 278
1732970 278
1732980 278
1732990 277
1733000 277
1733010 277
1733020 277
1733030 277
1733040 277
1733050 277
1733060 277
1733070 278
1733080 278
1733090 278
1733100 278
1733110 278
1733120 278
1733130 278
1733140 278
1733150 277
1733160 277
1733170 277
1733180 277
1733190 277
1733200 277
1733210 277
1733220 277
1733230 277
1733240 278
1733250 278
1733260 278
1733270 278
1733280 278
1733290 278
1733300 278
1733310 278
1733320 278
1733330 277
1733340 277
1733350 277
1733360 277
1733370 277
1733380 277
1733390 277
1733400 278
1733410 278
1733420 277
1733430 277
1733440 277
1733450 277
1733460 278
1733470 278
1733480 278
1733490 278
1733500 278
1733510 278
1733520 278
1733530 278
1733540 278
1733550 278
1733560 278
1733570 278
1733580 278
1733590 278
1733600 278
1733610 278
1733620 278
1733630 278
1733640 278
1733650 278
1733660 278
1733670 278
1733680 278
1733690 278
1733700 278
1733710 278
1733720 278
1733730 278
1733740 278
1733750 278
1733760 278
1733770 278
1733780 278
1733790 278
1733800 278
1733810 278
1733820 278
1733830 278
1733840 278
1733850 278
1733860 278
1733870 278
1733880 278
1733890 278
1733900 278
1733910 277
1733920 277
1733930 277
1733940 277
1733950 277
1733960 277
1733970 277
1733980 277
1733990 277
1734000 277
1734010 277
1734020 277
1734030 277
1734040 277
1734050 277
1734060 277
1734070 277
1734080 277
1734090 278
1734100 277
1734110 277
1734120 278
1734130 278
1734140 278
1734150 278
1734160 278
1734170 278
1734180 278
1734190 278
1734200 278
1734210 278
1734220 278
1734230 277
1734240 277
1734250 277
1734260 277
1734270 277
1734280 277
1734290 277
1734300 277
1734310 277
1734320 277
1734330 277
1734340 277
1734350 277
1734360 277
1734370 277
1734380 277
1734390 277
1734400 277
1734410 277
1734420 277
1734430 277
1734440 277
1734450 277
1734460 277
1734470 277
1734480 277
1734490 277
1734500 277
1734510 277
1734520 277
1734530 277
1734540 277
1734550 277
1734560 277
1734570 277
1734580 277
1734590 277
1734600 277
1734610 277
1734620 277
1734630 277
1734640 277
1734650 277
1734660 277
1734670 277
1734680 277
1734690 277
1734700 277
1734710 277
1734720 276
1734730 276
1734740 277
1734750 277
1734760 277
1734770 277
1734780 277
1734790 277
1734800 276
1734810 276
1734820 275
1734830 276
1734840 276
1734850 277
1734860 276
1734870 276
1734880 276
1734890 276
1734900 276
1734910 276
1734920 276
1734930 276
1734940 276
1734950 276
1734960 276
1734970 276
1734980 277
1734990 277
1735000 277
1735010 277
1735020 277
1735030 277
1735040 276
1735050 276
1735060 276
1735070 276
1735080 276
1735090 276
1735100 276
1735110 276
1735120 276
1735130 276
1735140 276
1735150 276
1735160 276
1735170 276
1735180 276
1735190 276
1735200 276
1735210 276
1735220 276
1735230 276
1735240 275
1735250 275
1735260 276
1735270 276
1735280 276
1735290 276
1735300 276
1735310 276
1735320 276
1735330 276
1735340 276
1735350 276
1735360 276
1735370 276
1735380 276
1735390 276
1735400 276
1735410 276
1735420 276
1735430 276
1735440 276
1735450 276
1735460 276
1735470 276
1735480 276
1735490 274
1735500 276
1735510 276
1735520 276
1735530 277
1735540 277
1735550 277
1735560 276
1735570 276
1735580 275
1735590 275
1735600 275
1735610 276
1735620 276
1735630 276
1735640 276
1735650 277
1735660 279
1735670 279
1735680 279
1735690 280
1735700 280
1735710 280
1735720 280
1735730 280
1735740 280
1735750 281
1735760 281
1735770 281
1735780 281
1735790 281
1735800 281
1735810 281
1735820 281
1735830 282
1735840 282
1735850 282
1735860 282
1735870 282
1735880 282
1735890 282
1735900 282
1735910 282
1735920 282
1735930 282
1735940 282
1735950 282
1735960 282
1735970 282
1735980 282
1735990 281
1736000 281
1736010 281
1736020 281
1736030 281
1736040 281
1736050 281
1736060 281
1736070 281
1736080 281
1736090 281
1736100 281
1736110 281
1736120 281
1736130 281
1736140 281
1736150 281
1736160 281
1736170 281
1736180 281
1736190 281
1736200 281
1736210 281
1736220 281
1736230 281
1736240 281
1736250 281
1736260 281
1736270 281
1736280 281
1736290 281
1736300 281
1736310 281
1736320 281
1736330 281
1736340 281
1736350 281
1736360 281
1736370 281
1736380 281
1736390 282
1736400 282
1736410 282
1736420 282
1736430 282
1736440 283
1736450 285
1736460 285
1736470 286
1736480 288
1736490 288
1736500 290
1736510 291
1736520 291
1736530 293
1736540 295
1736550 298
1736560 298
1736570 303
1736580 309
1736590 309
1736600 313
1736610 317
1736620 317
1736630 321
1736640 322
1736650 322
1736660 322
1736670 321
1736680 321
1736690 321
1736700 321
1736710 321
1736720 321
1736730 321
1736740 321
1736750 321
1736760 321
1736770 321
1736780 321
1736790 321
1736800 321
1736810 321
1736820 321
1736830 321
1736840 321
1736850 321
1736860 320
1736870 320
1736880 320
1736890 320
1736900 320
1736910 320
1736920 320
1736930 320
1736940 320
1736950 319
1736960 319
1736970 319
1736980 320
1736990 319
1737000 319
1737010 319
1737020 318
1737030 318
1737040 319
1737050 318
1737060 318
1737070 318
1737080 317
1737090 317
1737100 317
1737110 316
1737120 316
1737130 316
1737140 316
1737150 315
1737160 315
1737170 315
1737180 315
1737190 315
1737200 315
1737210 315
1737220 315
1737230 316
1737240 316
1737250 316
1737260 316
1737270 317
1737280 317
1737290 317
1737300 317
1737310 317
1737320 317
1737330 316
1737340 316
1737350 316
1737360 316
1737370 316
1737380 316
1737390 316
1737400 316
1737410 316
1737420 316
1737430 316
1737440 316
1737450 316
1737460 316
1737470 316
1737480 316
1737490 316
1737500 316
1737510 316
1737520 316
1737530 315
1737540 315
1737550 315
1737560 314
1737570 314
1737580 314
1737590 312
1737600 312
1737610 312
1737620 311
1737630 311
1737640 310
1737650 307
1737660 307
1737670 307
1737680 306
1737690 307
1737700 307
1737710 307
1737720 307
1737730 307
1737740 307
1737750 307
1737760 307
1737770 308
1737780 309
1737790 309
1737800 310
1737810 311
1737820 311
1737830 312
1737840 312
1737850 313
1737860 313
1737870 313
1737880 313
1737890 313
1737900 314
1737910 314
1737920 314
1737930 314
1737940 314
1737950 314
1737960 313
1737970 313
1737980 313
1737990 313
1738000 313
1738010 312
1738020 312
1738030 312
1738040 311
1738050 311
1738060 311
1738070 310
1738080 310
1738090 310
1738100 309
1738110 309
1738120 309
1738130 309
1738140 309
1738150 309
1738160 309
1738170 309
1738180 309
1738190 309
1738200 309
1738210 309
1738220 309
1738230 309
1738240 309
1738250 309
1738260 309
1738270 309
1738280 309
1738290 309
1738300 309
1738310 310
1738320 310
1738330 310
1738340 310
1738350 310
1738360 310
1738370 311
1738380 311
1738390 311
1738400 311
1738410 312
1738420 312
1738430 312
1738440 313
1738450 313
1738460 313
1738470 314
1738480 314
1738490 314
1738500 315
1738510 315
1738520 315
1738530 316
1738540 316
1738550 317
1738560 317
1738570 317
1738580 317
1738590 317
1738600 317
1738610 318
1738620 318
1738630 318
1738640 318
1738650 318
1738660 319
1738670 319
1738680 319
1738690 319
1738700 320
1738710 320
1738720 320
1738730 320
1738740 321
1738750 321
1738760 322
1738770 322
1738780 322
1738790 323
1738800 323
1738810 323
1738820 324
1738830 324
1738840 324
1738850 325
1738860 325
1738870 325
1738880 326
1738890 327
1738900 327
1738910 327
1738920 329
1738930 329
1738940 329
1738950 330
1738960 331
1738970 331
1738980 332
1738990 334
1739000 334
1739010 336
1739020 336
1739030 336
1739040 337
1739050 339
1739060 339
1739070 339
1739080 340
1739090 340
1739100 339
1739110 339
1739120 339
1739130 339
1739140 339
1739150 339
1739160 339
1739170 339
1739180 339
1739190 339
1739200 339
1739210 338
1739220 338
1739230 338
1739240 338
1739250 338
1739260 338
1739270 338
1739280 338
1739290 338
1739300 337
1739310 337
1739320 337
1739330 337
1739340 337
1739350 337
1739360 336
1739370 336
1739380 336
1739390 336
1739400 335
1739410 335
1739420 335
1739430 335
1739440 335
1739450 334
1739460 334
1739470 333
1739480 333
1739490 332
1739500 332
1739510 332
1739520 331
1739530 331
1739540 331
1739550 330
1739560 330
1739570 330
1739580 329
1739590 329
1739600 329
1739610 329
1739620 328
1739630 328
1739640 328
1739650 327
1739660 327
1739670 327
1739680 326
1739690 326
1739700 326
1739710 326
1739720 326
1739730 326
1739740 325
1739750 325
1739760 325
1739770 324
1739780 324
1739790 324
1739800 323
1739810 322
1739820 321
1739830 321
1739840 320
1739850 319
1739860 319
1739870 317
1739880 317
1739890 317
1739900 316
1739910 315
1739920 315
1739930 314
1739940 313
1739950 313
1739960 312
1739970 311
1739980 311
1739990 310
