1720000 344
1720010 342
1720020 342
1720030 340
1720040 338
1720050 338
1720060 335
1720070 334
1720080 334
1720090 331
1720100 328
1720110 328
1720120 327
1720130 325
1720140 325
1720150 327
1720160 329
1720170 329
1720180 327
1720190 324
1720200 320
1720210 320
1720220 318
1720230 318
1720240 318
1720250 319
1720260 319
1720270 319
1720280 320
1720290 323
1720300 323
1720310 325
1720320 326
1720330 326
1720340 328
1720350 332
1720360 332
1720370 334
1720380 336
1720390 338
1720400 338
1720410 340
1720420 343
1720430 343
1720440 344
1720450 346
1720460 346
1720470 347
1720480 348
1720490 348
1720500 351
1720510 353
1720520 353
1720530 356
1720540 358
1720550 358
1720560 362
1720570 364
1720580 365
1720590 365
1720600 368
1720610 372
1720620 372
1720630 375
1720640 379
1720650 379
1720660 382
1720670 385
1720680 385
1720690 391
1720700 393
1720710 393
1720720 396
1720730 397
1720740 399
1720750 399
1720760 400
1720770 400
1720780 400
1720790 401
1720800 402
1720810 402
1720820 402
1720830 403
1720840 403
1720850 404
1720860 405
1720870 405
1720880 406
1720890 406
1720900 406
1720910 407
1720920 407
1720930 409
1720940 409
1720950 408
1720960 407
1720970 407
1720980 404
1720990 402
1721000 402
1721010 401
1721020 400
1721030 400
1721040 399
1721050 398
1721060 398
1721070 397
1721080 396
1721090 396
1721100 394
1721110 393
1721120 393
1721130 393
1721140 394
1721150 394
1721160 394
1721170 396
1721180 398
1721190 398
1721200 399
1721210 401
1721220 401
1721230 403
1721240 405
1721250 405
1721260 407
1721270 409
1721280 411
1721290 411
1721300 414
1721310 416
1721320 416
1721330 419
1721340 423
1721350 423
1721360 427
1721370 429
1721380 429
1721390 430
1721400 430
1721410 430
1721420 430
1721430 429
1721440 429
1721450 427
1721460 425
1721470 421
1721480 421
1721490 417
1721500 414
1721510 414
1721520 412
1721530 411
1721540 411
1721550 409
1721560 408
1721570 408
1721580 405
1721590 404
1721600 404
1721610 403
1721620 401
1721630 401
1721640 401
1721650 400
1721660 398
1721670 398
1721680 394
1721690 393
1721700 393
1721710 392
1721720 390
1721730 390
1721740 387
1721750 385
1721760 385
1721770 383
1721780 381
1721790 381
1721800 379
1721810 376
1721820 376
1721830 374
1721840 372
1721850 370
1721860 370
1721870 369
1721880 367
1721890 367
1721900 366
1721910 365
1721920 365
1721930 363
1721940 362
1721950 362
1721960 360
1721970 359
1721980 359
1721990 357
1722000 356
1722010 354
1722020 354
1722030 353
1722040 351
1722050 351
1722060 349
1722070 347
1722080 347
1722090 346
1722100 345
1722110 345
1722120 344
1722130 343
1722140 343
1722150 342
1722160 340
1722170 340
1722180 338
1722190 336
1722200 334
1722210 334
1722220 333
1722230 331
1722240 331
1722250 330
1722260 330
1722270 330
1722280 328
1722290 327
1722300 327
1722310 327
1722320 326
1722330 326
1722340 325
1722350 324
1722360 324
1722370 323
1722380 322
1722390 320
1722400 320
1722410 317
1722420 316
1722430 316
1722440 317
1722450 315
1722460 315
1722470 315
1722480 315
1722490 315
1722500 315
1722510 319
1722520 319
1722530 319
1722540 319
1722550 320
1722560 320
1722570 323
1722580 325
1722590 325
1722600 326
1722610 327
1722620 327
1722630 326
1722640 326
1722650 326
1722660 327
1722670 329
1722680 329
1722690 331
1722700 332
1722710 332
1722720 330
1722730 327
1722740 322
1722750 322
1722760 324
1722770 325
1722780 325
1722790 328
1722800 333
1722810 333
1722820 337
1722830 340
1722840 340
1722850 340
1722860 342
1722870 342
1722880 343
1722890 344
1722900 344
1722910 345
1722920 345
1722930 344
1722940 344
1722950 340
1722960 338
1722970 338
1722980 335
1722990 333
1723000 333
1723010 330
1723020 332
1723030 332
1723040 333
1723050 336
1723060 336
1723070 338
1723080 340
1723090 340
1723100 343
1723110 346
1723120 348
1723130 348
1723140 349
1723150 349
1723160 349
1723170 349
1723180 349
1723190 349
1723200 348
1723210 344
1723220 344
1723230 341
1723240 337
1723250 337
1723260 333
1723270 329
1723280 324
1723290 324
1723300 320
1723310 315
1723320 315
1723330 313
1723340 310
1723350 310
1723360 309
1723370 309
1723380 309
1723390 309
1723400 310
1723410 310
1723420 311
1723430 313
1723440 313
1723450 316
1723460 319
1723470 322
1723480 322
1723490 324
1723500 326
1723510 326
1723520 331
1723530 331
1723540 331
1723550 332
1723560 333
1723570 333
1723580 335
1723590 336
1723600 336
1723610 337
1723620 337
1723630 337
1723640 337
1723650 333
1723660 330
1723670 330
1723680 329
1723690 328
1723700 328
1723710 327
1723720 326
1723730 326
1723740 324
1723750 322
1723760 322
1723770 318
1723780 314
1723790 314
1723800 311
1723810 308
1723820 305
1723830 305
1723840 302
1723850 300
1723860 300
1723870 299
1723880 300
1723890 300
1723900 301
1723910 302
1723920 302
1723930 303
1723940 307
1723950 307
1723960 311
1723970 314
1723980 314
1723990 318
1724000 321
1724010 323
1724020 323
1724030 325
1724040 329
1724050 329
1724060 333
1724070 337
1724080 337
1724090 340
1724100 344
1724110 344
1724120 347
1724130 349
1724140 349
1724150 350
1724160 350
1724170 350
1724180 350
1724190 347
1724200 345
1724210 345
1724220 342
1724230 339
1724240 339
1724250 337
1724260 336
1724270 336
1724280 335
1724290 333
1724300 333
1724310 332
1724320 330
1724330 330
1724340 329
1724350 328
1724360 328
1724370 326
1724380 324
1724390 323
1724400 323
1724410 321
1724420 320
1724430 320
1724440 319
1724450 318
1724460 318
1724470 317
1724480 316
1724490 316
1724500 315
1724510 313
1724520 313
1724530 312
1724540 308
1724550 305
1724560 305
1724570 303
1724580 302
1724590 302
1724600 301
1724610 301
1724620 301
1724630 302
1724640 304
1724650 304
1724660 306
1724670 307
1724680 307
1724690 311
1724700 314
1724710 314
1724720 318
1724730 321
1724740 323
1724750 323
1724760 325
1724770 327
1724780 327
1724790 329
1724800 327
1724810 327
1724820 323
1724830 319
1724840 319
1724850 314
1724860 309
1724870 309
1724880 303
1724890 298
1724900 298
1724910 293
1724920 290
1724930 286
1724940 286
1724950 284
1724960 281
1724970 281
1724980 280
1724990 279
1725000 279
1725010 279
1725020 276
1725030 276
1725040 275
1725050 277
1725060 277
1725070 279
1725080 278
1725090 278
1725100 278
1725110 278
1725120 278
1725130 278
1725140 278
1725150 278
1725160 278
1725170 278
1725180 278
1725190 278
1725200 279
1725210 279
1725220 279
1725230 279
1725240 279
1725250 279
1725260 279
1725270 279
1725280 279
1725290 279
1725300 279
1725310 279
1725320 279
1725330 279
1725340 279
1725350 279
1725360 279
1725370 279
1725380 279
1725390 279
1725400 279
1725410 279
1725420 279
1725430 279
1725440 279
1725450 279
1725460 279
1725470 279
1725480 279
1725490 280
1725500 281
1725510 281
1725520 282
1725530 282
1725540 282
1725550 283
1725560 283
1725570 283
1725580 283
1725590 283
1725600 283
1725610 283
1725620 283
1725630 283
1725640 284
1725650 284
1725660 284
1725670 284
1725680 284
1725690 284
1725700 284
1725710 284
1725720 284
1725730 284
1725740 284
1725750 284
1725760 284
1725770 284
1725780 285
1725790 285
1725800 285
1725810 285
1725820 285
1725830 285
1725840 285
1725850 285
1725860 285
1725870 285
1725880 285
1725890 285
1725900 285
1725910 285
1725920 285
1725930 285
1725940 285
1725950 285
1725960 286
1725970 286
1725980 286
1725990 286
1726000 286
1726010 287
1726020 287
1726030 287
1726040 286
1726050 286
1726060 286
1726070 286
1726080 286
1726090 286
1726100 286
1726110 286
1726120 286
1726130 286
1726140 286
1726150 286
1726160 286
1726170 286
1726180 286
1726190 286
1726200 286
1726210 286
1726220 286
1726230 286
1726240 286
1726250 286
1726260 286
1726270 286
1726280 286
1726290 286
1726300 286
1726310 286
1726320 286
1726330 286
1726340 285
1726350 285
1726360 285
1726370 283
1726380 281
1726390 279
1726400 279
1726410 277
1726420 276
1726430 276
1726440 276
1726450 276
1726460 276
1726470 276
1726480 276
1726490 276
1726500 276
1726510 276
1726520 276
1726530 277
1726540 278
1726550 278
1726560 278
1726570 278
1726580 277
1726590 277
1726600 276
1726610 276
1726620 276
1726630 276
1726640 276
1726650 276
1726660 276
1726670 276
1726680 276
1726690 276
1726700 276
1726710 276
1726720 276
1726730 277
1726740 279
1726750 279
1726760 279
1726770 279
1726780 279
1726790 280
1726800 281
1726810 281
1726820 284
1726830 287
1726840 287
1726850 290
1726860 291
1726870 291
1726880 291
1726890 292
1726900 292
1726910 292
1726920 293
1726930 294
1726940 294
1726950 294
1726960 294
1726970 294
1726980 293
1726990 293
1727000 293
1727010 293
1727020 294
1727030 294
1727040 294
1727050 294
1727060 294
1727070 294
1727080 295
1727090 294
1727100 294
1727110 294
1727120 294
1727130 294
1727140 294
1727150 294
1727160 294
1727170 294
1727180 293
1727190 293
1727200 293
1727210 293
1727220 293
1727230 293
1727240 293
1727250 293
1727260 293
1727270 293
1727280 293
1727290 293
1727300 293
1727310 293
1727320 293
1727330 292
1727340 292
1727350 292
1727360 292
1727370 291
1727380 291
1727390 290
1727400 289
1727410 289
1727420 288
1727430 287
1727440 287
1727450 287
1727460 287
1727470 286
1727480 286
1727490 286
1727500 286
1727510 286
1727520 286
1727530 286
1727540 286
1727550 286
1727560 286
1727570 286
1727580 286
1727590 286
1727600 286
1727610 286
1727620 286
1727630 286
1727640 286
1727650 286
1727660 287
1727670 287
1727680 287
1727690 287
1727700 287
1727710 287
1727720 286
1727730 286
1727740 286
1727750 286
1727760 286
1727770 286
1727780 286
1727790 286
1727800 286
1727810 286
1727820 286
1727830 286
1727840 286
1727850 286
1727860 286
1727870 286
1727880 286
1727890 286
1727900 286
1727910 286
1727920 286
1727930 286
1727940 286
1727950 286
1727960 286
1727970 287
1727980 287
1727990 287
1728000 286
1728010 286
1728020 286
1728030 286
1728040 286
1728050 286
1728060 286
1728070 286
1728080 286
1728090 286
1728100 286
1728110 286
1728120 286
1728130 286
1728140 286
1728150 286
1728160 287
1728170 287
1728180 286
1728190 286
1728200 286
1728210 286
1728220 286
1728230 286
1728240 286
1728250 286
1728260 288
1728270 288
1728280 287
1728290 287
1728300 287
1728310 286
1728320 282
1728330 282
1728340 281
1728350 281
1728360 281
1728370 281
1728380 281
1728390 281
1728400 281
1728410 281
1728420 281
1728430 281
1728440 281
1728450 281
1728460 281
1728470 280
1728480 281
1728490 281
1728500 281
1728510 280
1728520 280
1728530 280
1728540 280
1728550 280
1728560 280
1728570 280
1728580 280
1728590 280
1728600 280
1728610 279
1728620 279
1728630 278
1728640 278
1728650 278
1728660 278
1728670 278
1728680 278
1728690 278
1728700 278
1728710 278
1728720 278
1728730 278
1728740 278
1728750 278
1728760 278
1728770 278
1728780 278
1728790 278
1728800 278
1728810 278
1728820 278
1728830 278
1728840 278
1728850 278
1728860 278
1728870 278
1728880 278
1728890 278
1728900 278
1728910 280
1728920 284
1728930 287
1728940 287
1728950 287
1728960 284
1728970 284
1728980 280
1728990 278
1729000 278
1729010 278
1729020 278
1729030 278
1729040 278
1729050 278
1729060 278
1729070 278
1729080 278
1729090 278
1729100 278
1729110 278
1729120 278
1729130 278
1729140 278
1729150 278
1729160 278
1729170 278
1729180 278
1729190 278
1729200 278
1729210 278
1729220 278
1729230 278
1729240 278
1729250 278
1729260 278
1729270 278
1729280 278
1729290 278
1729300 278
1729310 278
1729320 278
1729330 280
1729340 281
1729350 281
1729360 281
1729370 281
1729380 281
1729390 284
1729400 287
1729410 287
1729420 287
1729430 287
1729440 287
1729450 286
1729460 287
1729470 287
1729480 287
1729490 287
1729500 287
1729510 287
1729520 286
1729530 286
1729540 286
1729550 286
1729560 287
1729570 287
1729580 287
1729590 287
1729600 287
1729610 287
1729620 287
1729630 287
1729640 287
1729650 287
1729660 287
1729670 287
1729680 287
1729690 287
1729700 287
1729710 287
1729720 287
1729730 287
1729740 286
1729750 287
1729760 287
1729770 286
1729780 286
1729790 286
1729800 286
1729810 286
1729820 286
1729830 286
1729840 286
1729850 286
1729860 286
1729870 286
1729880 286
1729890 286
1729900 286
1729910 286
1729920 286
1729930 286
1729940 286
1729950 286
1729960 286
1729970 286
1729980 286
1729990 286
1730000 286
1730010 286
1730020 286
1730030 286
1730040 287
1730050 287
1730060 285
1730070 285
1730080 285
1730090 284
1730100 284
1730110 284
1730120 284
1730130 284
1730140 284
1730150 284
1730160 284
1730170 284
1730180 284
1730190 284
1730200 284
1730210 284
1730220 284
1730230 284
1730240 284
1730250 287
1730260 291
1730270 291
1730280 291
1730290 292
1730300 292
1730310 291
1730320 291
1730330 291
1730340 289
1730350 285
1730360 284
1730370 284
1730380 284
1730390 283
1730400 283
1730410 283
1730420 283
1730430 283
1730440 283
1730450 283
1730460 283
1730470 283
1730480 283
1730490 283
1730500 283
1730510 283
1730520 283
1730530 283
1730540 283
1730550 283
1730560 283
1730570 283
1730580 283
1730590 283
1730600 283
1730610 283
1730620 283
1730630 283
1730640 283
1730650 283
1730660 283
1730670 283
1730680 283
1730690 283
1730700 283
1730710 283
1730720 283
1730730 282
1730740 282
1730750 282
1730760 282
1730770 282
1730780 282
1730790 282
1730800 282
1730810 282
1730820 282
1730830 282
1730840 282
1730850 282
1730860 282
1730870 282
1730880 282
1730890 282
1730900 282
1730910 282
1730920 282
1730930 282
1730940 282
1730950 282
1730960 282
1730970 282
1730980 282
1730990 282
1731000 282
1731010 282
1731020 283
1731030 283
1731040 283
1731050 283
1731060 283
1731070 282
1731080 282
1731090 283
1731100 283
1731110 283
1731120 283
1731130 283
1731140 283
1731150 283
1731160 283
1731170 283
1731180 283
1731190 283
1731200 283
1731210 282
1731220 282
1731230 281
1731240 280
1731250 280
1731260 280
1731270 279
1731280 279
1731290 279
1731300 279
1731310 280
1731320 280
1731330 282
1731340 282
1731350 282
1731360 282
1731370 281
1731380 281
1731390 280
1731400 280
1731410 280
1731420 280
1731430 280
1731440 280
1731450 280
1731460 280
1731470 280
1731480 280
1731490 280
1731500 280
1731510 280
1731520 280
1731530 280
1731540 280
1731550 281
1731560 282
1731570 282
1731580 282
1731590 280
1731600 280
1731610 280
1731620 280
1731630 279
1731640 279
1731650 279
1731660 279
1731670 279
1731680 279
1731690 279
1731700 279
1731710 279
1731720 280
1731730 280
1731740 280
1731750 280
1731760 280
1731770 280
1731780 280
1731790 280
1731800 280
1731810 280
1731820 280
1731830 280
1731840 280
1731850 280
1731860 280
1731870 280
1731880 280
1731890 280
1731900 280
1731910 280
1731920 280
1731930 280
1731940 279
1731950 279
1731960 280
1731970 280
1731980 280
1731990 279
1732000 279
1732010 279
1732020 279
1732030 279
1732040 279
1732050 279
1732060 278
1732070 278
1732080 278
1732090 278
1732100 278
1732110 278
1732120 278
1732130 278
1732140 278
1732150 278
1732160 278
1732170 278
1732180 278
1732190 278
1732200 278
1732210 278
1732220 278
1732230 278
1732240 278
1732250 279
1732260 279
1732270 279
1732280 279
1732290 279
1732300 279
1732310 278
1732320 278
1732330 278
1732340 279
1732350 279
1732360 279
1732370 279
1732380 279
1732390 279
1732400 279
1732410 278
1732420 278
1732430 278
1732440 278
1732450 279
1732460 279
1732470 278
1732480 278
1732490 278
1732500 279
1732510 278
1732520 278
1732530 279
1732540 278
1732550 278
1732560 278
1732570 277
1732580 278
1732590 278
1732600 279
1732610 279
1732620 279
1732630 279
1732640 278
1732650 278
1732660 278
1732670 278
1732680 278
1732690 278
1732700 278
1732710 278
1732720 278
1732730 278
1732740 278
1732750 278
1732760 278
1732770 278
1732780 278
1732790 278
1732800 278
1732810 278
1732820 278
1732830 278
1732840 278
1732850 278
1732860 278
1732870 278
1732880 278
1732890 278
1732900 278
1732910 278
1732920 278
1732930 278
1732940 278
1732950 278
1732960 277
1732970 277
1732980 277
1732990 278
1733000 278
1733010 277
1733020 276
1733030 276
1733040 276
1733050 278
1733060 278
1733070 278
1733080 278
1733090 278
1733100 278
1733110 278
1733120 278
1733130 278
1733140 277
1733150 278
1733160 278
1733170 277
1733180 278
1733190 278
1733200 277
1733210 277
1733220 277
1733230 277
1733240 277
1733250 277
1733260 277
1733270 277
1733280 276
1733290 276
1733300 278
1733310 278
1733320 278
1733330 278
1733340 278
1733350 278
1733360 277
1733370 277
1733380 277
1733390 277
1733400 277
1733410 277
1733420 277
1733430 277
1733440 277
1733450 277
1733460 277
1733470 278
1733480 278
1733490 278
1733500 278
1733510 278
1733520 278
1733530 278
1733540 278
1733550 278
1733560 278
1733570 278
1733580 278
1733590 278
1733600 278
1733610 278
1733620 278
1733630 278
1733640 278
1733650 278
1733660 278
1733670 278
1733680 278
1733690 278
1733700 278
1733710 278
1733720 278
1733730 278
1733740 278
1733750 278
1733760 278
1733770 278
1733780 278
1733790 278
1733800 278
1733810 278
1733820 278
1733830 278
1733840 278
1733850 278
1733860 278
1733870 278
1733880 278
1733890 278
1733900 278
1733910 278
1733920 278
1733930 278
1733940 278
1733950 278
1733960 277
1733970 277
1733980 277
1733990 277
1734000 277
1734010 277
1734020 277
1734030 277
1734040 277
1734050 277
1734060 277
1734070 277
1734080 277
1734090 277
1734100 277
1734110 277
1734120 277
1734130 277
1734140 277
1734150 277
1734160 277
1734170 277
1734180 277
1734190 277
1734200 277
1734210 277
1734220 277
1734230 277
1734240 277
1734250 277
1734260 277
1734270 277
1734280 277
1734290 277
1734300 277
1734310 277
1734320 277
1734330 277
1734340 277
1734350 277
1734360 277
1734370 277
1734380 277
1734390 277
1734400 277
1734410 277
1734420 277
1734430 277
1734440 277
1734450 277
1734460 277
1734470 277
1734480 276
1734490 276
1734500 277
1734510 277
1734520 277
1734530 277
1734540 277
1734550 277
1734560 277
1734570 277
1734580 277
1734590 277
1734600 277
1734610 276
1734620 276
1734630 276
1734640 276
1734650 276
1734660 276
1734670 276
1734680 276
1734690 276
1734700 276
1734710 276
1734720 276
1734730 276
1734740 276
1734750 276
1734760 276
1734770 276
1734780 276
1734790 277
1734800 277
1734810 277
1734820 277
1734830 276
1734840 276
1734850 277
1734860 276
1734870 276
1734880 276
1734890 276
1734900 276
1734910 276
1734920 276
1734930 277
1734940 277
1734950 277
1734960 277
1734970 277
1734980 277
1734990 277
1735000 277
1735010 277
1735020 277
1735030 277
1735040 277
1735050 276
1735060 276
1735070 276
1735080 276
1735090 276
1735100 276
1735110 276
1735120 276
1735130 276
1735140 276
1735150 276
1735160 276
1735170 276
1735180 276
1735190 276
1735200 276
1735210 276
1735220 276
1735230 276
1735240 276
1735250 276
1735260 275
1735270 276
1735280 276
1735290 276
1735300 276
1735310 276
1735320 276
1735330 276
1735340 276
1735350 276
1735360 276
1735370 276
1735380 276
1735390 276
1735400 276
1735410 276
1735420 276
1735430 276
1735440 276
1735450 276
1735460 276
1735470 276
1735480 276
1735490 276
1735500 276
1735510 276
1735520 276
1735530 275
1735540 275
1735550 275
1735560 276
1735570 276
1735580 276
1735590 276
1735600 276
1735610 276
1735620 275
1735630 275
1735640 275
1735650 277
1735660 276
1735670 276
1735680 277
1735690 279
1735700 279
1735710 280
1735720 280
1735730 280
1735740 280
1735750 280
1735760 280
1735770 280
1735780 280
1735790 280
1735800 280
1735810 280
1735820 281
1735830 281
1735840 281
1735850 282
1735860 282
1735870 282
1735880 282
1735890 282
1735900 282
1735910 282
1735920 282
1735930 282
1735940 282
1735950 282
1735960 282
1735970 282
1735980 282
1735990 281
1736000 281
1736010 281
1736020 281
1736030 281
1736040 281
1736050 281
1736060 281
1736070 281
1736080 281
1736090 281
1736100 281
1736110 281
1736120 281
1736130 281
1736140 281
1736150 281
1736160 281
1736170 281
1736180 281
1736190 281
1736200 281
1736210 281
1736220 281
1736230 281
1736240 281
1736250 281
1736260 281
1736270 281
1736280 281
1736290 281
1736300 281
1736310 281
1736320 281
1736330 281
1736340 281
1736350 281
1736360 282
1736370 282
1736380 282
1736390 282
1736400 282
1736410 282
1736420 283
1736430 283
1736440 284
1736450 286
1736460 286
1736470 287
1736480 289
1736490 289
1736500 291
1736510 292
1736520 292
1736530 295
1736540 297
1736550 300
1736560 300
1736570 304
1736580 308
1736590 308
1736600 311
1736610 319
1736620 319
1736630 320
1736640 321
1736650 321
1736660 321
1736670 321
1736680 321
1736690 321
1736700 321
1736710 321
1736720 321
1736730 321
1736740 321
1736750 321
1736760 321
1736770 321
1736780 321
1736790 321
1736800 320
1736810 320
1736820 320
1736830 320
1736840 320
1736850 320
1736860 320
1736870 320
1736880 320
1736890 320
1736900 319
1736910 319
1736920 319
1736930 320
1736940 320
1736950 320
1736960 319
1736970 319
1736980 319
1736990 319
1737000 319
1737010 319
1737020 319
1737030 319
1737040 319
1737050 319
1737060 319
1737070 319
1737080 318
1737090 318
1737100 318
1737110 318
1737120 317
1737130 317
1737140 317
1737150 316
1737160 316
1737170 315
1737180 314
1737190 314
1737200 314
1737210 314
1737220 314
1737230 314
1737240 313
1737250 313
1737260 313
1737270 314
1737280 314
1737290 314
1737300 314
1737310 314
1737320 314
1737330 316
1737340 316
1737350 316
1737360 316
1737370 316
1737380 316
1737390 315
1737400 315
1737410 315
1737420 315
1737430 315
1737440 315
1737450 315
1737460 315
1737470 315
1737480 315
1737490 315
1737500 315
1737510 315
1737520 315
1737530 315
1737540 315
1737550 315
1737560 315
1737570 315
1737580 315
1737590 314
1737600 314
1737610 313
1737620 312
1737630 311
1737640 311
1737650 310
1737660 308
1737670 308
1737680 306
1737690 306
1737700 306
1737710 306
1737720 306
1737730 306
1737740 306
1737750 306
1737760 306
1737770 307
1737780 308
1737790 308
1737800 309
1737810 310
1737820 311
1737830 311
1737840 311
1737850 312
1737860 312
1737870 312
1737880 312
1737890 312
1737900 312
1737910 312
1737920 312
1737930 311
1737940 311
1737950 311
1737960 311
1737970 311
1737980 311
1737990 310
1738000 310
1738010 309
1738020 309
1738030 309
1738040 308
1738050 308
1738060 308
1738070 308
1738080 308
1738090 308
1738100 308
1738110 308
1738120 308
1738130 307
1738140 307
1738150 308
1738160 309
1738170 309
1738180 309
1738190 311
1738200 311
1738210 311
1738220 311
1738230 312
1738240 312
1738250 311
1738260 311
1738270 311
1738280 310
1738290 310
1738300 310
1738310 309
1738320 310
1738330 310
1738340 310
1738350 310
1738360 310
1738370 310
1738380 310
1738390 310
1738400 310
1738410 311
1738420 311
1738430 311
1738440 311
1738450 312
1738460 312
1738470 312
1738480 312
1738490 312
1738500 313
1738510 313
1738520 313
1738530 314
1738540 315
1738550 315
1738560 315
1738570 315
1738580 316
1738590 316
1738600 316
1738610 317
1738620 317
1738630 317
1738640 317
1738650 317
1738660 317
1738670 318
1738680 318
1738690 318
1738700 318
1738710 318
1738720 318
1738730 319
1738740 319
1738750 319
1738760 319
1738770 320
1738780 320
1738790 320
1738800 321
1738810 321
1738820 321
1738830 321
1738840 321
1738850 322
1738860 323
1738870 323
1738880 323
1738890 324
1738900 324
1738910 324
1738920 325
1738930 326
1738940 326
1738950 327
1738960 327
1738970 327
1738980 328
1738990 329
1739000 329
1739010 330
1739020 331
1739030 331
1739040 332
1739050 332
1739060 332
1739070 334
1739080 336
1739090 337
1739100 337
1739110 338
1739120 338
1739130 338
1739140 338
1739150 338
1739160 338
1739170 338
1739180 338
1739190 338
1739200 338
1739210 338
1739220 338
1739230 338
1739240 338
1739250 338
1739260 337
1739270 337
1739280 337
1739290 337
1739300 337
1739310 337
1739320 337
1739330 337
1739340 337
1739350 337
1739360 337
1739370 337
1739380 337
1739390 337
1739400 337
1739410 337
1739420 336
1739430 337
1739440 336
1739450 336
1739460 336
1739470 336
1739480 336
1739490 336
1739500 335
1739510 335
1739520 335
1739530 335
1739540 335
1739550 335
1739560 334
1739570 334
1739580 334
1739590 334
1739600 334
1739610 333
1739620 333
1739630 332
1739640 332
1739650 332
1739660 331
1739670 331
1739680 330
1739690 330
1739700 330
1739710 329
1739720 328
1739730 328
1739740 328
1739750 328
1739760 328
1739770 327
1739780 326
1739790 326
1739800 326
1739810 325
1739820 324
1739830 324
1739840 323
1739850 322
1739860 322
1739870 321
1739880 319
1739890 319
1739900 318
1739910 317
1739920 317
1739930 315
1739940 315
1739950 315
1739960 312
1739970 312
1739980 311
1739990 311
