1720000 299
1720010 300
1720020 301
1720030 301
1720040 302
1720050 303
1720060 303
1720070 303
1720080 303
1720090 305
1720100 305
1720110 306
1720120 307
1720130 307
1720140 308
1720150 308
1720160 308
1720170 309
1720180 309
1720190 309
1720200 310
1720210 311
1720220 311
1720230 311
1720240 311
1720250 312
1720260 312
1720270 312
1720280 312
1720290 312
1720300 313
1720310 315
1720320 315
1720330 316
1720340 318
1720350 318
1720360 319
1720370 320
1720380 320
1720390 321
1720400 321
1720410 321
1720420 322
1720430 325
1720440 325
1720450 325
1720460 326
1720470 327
1720480 327
1720490 329
1720500 333
1720510 333
1720520 336
1720530 339
1720540 339
1720550 343
1720560 349
1720570 349
1720580 352
1720590 358
1720600 358
1720610 359
1720620 361
1720630 364
1720640 364
1720650 365
1720660 366
1720670 366
1720680 369
1720690 371
1720700 371
1720710 373
1720720 375
1720730 375
1720740 377
1720750 376
1720760 376
1720770 375
1720780 372
1720790 372
1720800 371
1720810 370
1720820 369
1720830 369
1720840 368
1720850 366
1720860 366
1720870 365
1720880 368
1720890 368
1720900 367
1720910 370
1720920 370
1720930 372
1720940 374
1720950 374
1720960 377
1720970 381
1720980 384
1720990 384
1721000 386
1721010 388
1721020 388
1721030 390
1721040 392
1721050 392
1721060 394
1721070 396
1721080 396
1721090 398
1721100 400
1721110 400
1721120 403
1721130 405
1721140 405
1721150 405
1721160 404
1721170 401
1721180 401
1721190 400
1721200 398
1721210 398
1721220 397
1721230 396
1721240 396
1721250 395
1721260 393
1721270 393
1721280 392
1721290 388
1721300 388
1721310 386
1721320 386
1721330 386
1721340 384
1721350 382
1721360 382
1721370 382
1721380 381
1721390 375
1721400 375
1721410 365
1721420 363
1721430 363
1721440 369
1721450 378
1721460 378
1721470 376
1721480 372
1721490 372
1721500 371
1721510 373
1721520 373
1721530 375
1721540 374
1721550 375
1721560 375
1721570 375
1721580 375
1721590 375
1721600 374
1721610 373
1721620 373
1721630 369
1721640 366
1721650 366
1721660 363
1721670 360
1721680 360
1721690 358
1721700 356
1721710 355
1721720 355
1721730 353
1721740 352
1721750 352
1721760 351
1721770 350
1721780 350
1721790 349
1721800 347
1721810 347
1721820 346
1721830 344
1721840 344
1721850 342
1721860 341
1721870 341
1721880 339
1721890 338
1721900 338
1721910 338
1721920 338
1721930 337
1721940 337
1721950 336
1721960 335
1721970 335
1721980 333
1721990 331
1722000 331
1722010 329
1722020 327
1722030 327
1722040 324
1722050 322
1722060 322
1722070 320
1722080 319
1722090 316
1722100 316
1722110 312
1722120 310
1722130 310
1722140 311
1722150 317
1722160 317
1722170 318
1722180 319
1722190 319
1722200 322
1722210 325
1722220 325
1722230 324
1722240 323
1722250 323
1722260 320
1722270 317
1722280 310
1722290 310
1722300 313
1722310 317
1722320 317
1722330 320
1722340 324
1722350 324
1722360 326
1722370 329
1722380 329
1722390 332
1722400 336
1722410 336
1722420 339
1722430 342
1722440 343
1722450 343
1722460 342
1722470 338
1722480 338
1722490 335
1722500 332
1722510 332
1722520 330
1722530 327
1722540 327
1722550 326
1722560 323
1722570 323
1722580 322
1722590 318
1722600 318
1722610 323
1722620 327
1722630 331
1722640 331
1722650 334
1722660 335
1722670 335
1722680 333
1722690 330
1722700 330
1722710 324
1722720 327
1722730 327
1722740 327
1722750 331
1722760 331
1722770 334
1722780 337
1722790 337
1722800 339
1722810 341
1722820 344
1722830 344
1722840 348
1722850 350
1722860 350
1722870 351
1722880 352
1722890 352
1722900 351
1722910 350
1722920 350
1722930 349
1722940 349
1722950 349
1722960 348
1722970 348
1722980 348
1722990 347
1723000 347
1723010 347
1723020 347
1723030 347
1723040 346
1723050 346
1723060 346
1723070 346
1723080 346
1723090 345
1723100 344
1723110 344
1723120 343
1723130 341
1723140 341
1723150 340
1723160 340
1723170 340
1723180 340
1723190 341
1723200 341
1723210 341
1723220 342
1723230 343
1723240 343
1723250 344
1723260 345
1723270 345
1723280 347
1723290 349
1723300 349
1723310 351
1723320 352
1723330 352
1723340 353
1723350 353
1723360 354
1723370 354
1723380 354
1723390 354
1723400 354
1723410 353
1723420 353
1723430 353
1723440 353
1723450 353
1723460 353
1723470 352
1723480 350
1723490 350
1723500 348
1723510 345
1723520 345
1723530 342
1723540 339
1723550 338
1723560 338
1723570 337
1723580 335
1723590 335
1723600 333
1723610 331
1723620 331
1723630 329
1723640 328
1723650 328
1723660 326
1723670 325
1723680 325
1723690 325
1723700 325
1723710 326
1723720 327
1723730 329
1723740 330
1723750 330
1723760 332
1723770 334
1723780 334
1723790 337
1723800 339
1723810 339
1723820 342
1723830 346
1723840 346
1723850 348
1723860 350
1723870 350
1723880 351
1723890 355
1723900 359
1723910 359
1723920 362
1723930 365
1723940 365
1723950 368
1723960 371
1723970 371
1723980 374
1723990 377
1724000 377
1724010 379
1724020 381
1724030 381
1724040 382
1724050 384
1724060 384
1724070 387
1724080 387
1724090 388
1724100 388
1724110 388
1724120 388
1724130 388
1724140 387
1724150 386
1724160 386
1724170 385
1724180 383
1724190 383
1724200 382
1724210 380
1724220 380
1724230 379
1724240 378
1724250 378
1724260 373
1724270 373
1724280 369
1724290 369
1724300 366
1724310 365
1724320 365
1724330 365
1724340 363
1724350 363
1724360 361
1724370 360
1724380 360
1724390 358
1724400 356
1724410 356
1724420 354
1724430 353
1724440 353
1724450 352
1724460 351
1724470 351
1724480 351
1724490 348
1724500 343
1724510 343
1724520 348
1724530 348
1724540 348
1724550 346
1724560 342
1724570 342
1724580 335
1724590 331
1724600 331
1724610 330
1724620 335
1724630 339
1724640 339
1724650 341
1724660 342
1724670 342
1724680 343
1724690 344
1724700 344
1724710 345
1724720 347
1724730 347
1724740 348
1724750 350
1724760 350
1724770 353
1724780 355
1724790 355
1724800 357
1724810 359
1724820 361
1724830 361
1724840 362
1724850 363
1724860 363
1724870 365
1724880 365
1724890 365
1724900 368
1724910 370
1724920 370
1724930 372
1724940 374
1724950 374
1724960 375
1724970 376
1724980 376
1724990 374
1725000 370
1725010 367
1725020 367
1725030 364
1725040 362
1725050 362
1725060 360
1725070 358
1725080 358
1725090 354
1725100 351
1725110 351
1725120 348
1725130 346
1725140 346
1725150 345
1725160 343
1725170 343
1725180 342
1725190 341
1725200 340
1725210 340
1725220 340
1725230 337
1725240 337
1725250 335
1725260 334
1725270 334
1725280 332
1725290 329
1725300 329
1725310 326
1725320 324
1725330 324
1725340 323
1725350 321
1725360 320
1725370 320
1725380 319
1725390 317
1725400 317
1725410 315
1725420 314
1725430 314
1725440 313
1725450 311
1725460 311
1725470 309
1725480 308
1725490 308
1725500 306
1725510 304
1725520 304
1725530 302
1725540 301
1725550 299
1725560 299
1725570 296
1725580 295
1725590 295
1725600 292
1725610 291
1725620 291
1725630 290
1725640 290
1725650 290
1725660 288
1725670 288
1725680 288
1725690 289
1725700 286
1725710 286
1725720 286
1725730 286
1725740 285
1725750 285
1725760 285
1725770 285
1725780 285
1725790 284
1725800 284
1725810 284
1725820 283
1725830 283
1725840 283
1725850 282
1725860 282
1725870 282
1725880 282
1725890 282
1725900 282
1725910 282
1725920 282
1725930 282
1725940 282
1725950 283
1725960 284
1725970 284
1725980 284
1725990 284
1726000 284
1726010 284
1726020 284
1726030 284
1726040 284
1726050 284
1726060 284
1726070 282
1726080 282
1726090 282
1726100 282
1726110 281
1726120 281
1726130 281
1726140 281
1726150 281
1726160 281
1726170 279
1726180 277
1726190 277
1726200 277
1726210 277
1726220 277
1726230 279
1726240 279
1726250 279
1726260 280
1726270 281
1726280 281
1726290 281
1726300 281
1726310 281
1726320 281
1726330 281
1726340 281
1726350 281
1726360 281
1726370 281
1726380 281
1726390 281
1726400 281
1726410 281
1726420 281
1726430 281
1726440 281
1726450 281
1726460 281
1726470 281
1726480 281
1726490 281
1726500 281
1726510 281
1726520 280
1726530 280
1726540 280
1726550 280
1726560 280
1726570 280
1726580 280
1726590 280
1726600 280
1726610 280
1726620 280
1726630 280
1726640 280
1726650 280
1726660 280
1726670 280
1726680 280
1726690 280
1726700 280
1726710 280
1726720 279
1726730 279
1726740 279
1726750 279
1726760 279
1726770 280
1726780 280
1726790 280
1726800 280
1726810 279
1726820 279
1726830 279
1726840 279
1726850 279
1726860 279
1726870 279
1726880 280
1726890 280
1726900 282
1726910 283
1726920 283
1726930 284
1726940 285
1726950 285
1726960 286
1726970 288
1726980 288
1726990 289
1727000 292
1727010 295
1727020 295
1727030 296
1727040 296
1727050 296
1727060 296
1727070 296
1727080 296
1727090 296
1727100 296
1727110 296
1727120 296
1727130 296
1727140 296
1727150 296
1727160 296
1727170 296
1727180 296
1727190 296
1727200 296
1727210 296
1727220 296
1727230 296
1727240 296
1727250 296
1727260 296
1727270 296
1727280 296
1727290 296
1727300 296
1727310 296
1727320 296
1727330 296
1727340 297
1727350 300
1727360 300
1727370 298
1727380 296
1727390 296
1727400 296
1727410 293
1727420 289
1727430 289
1727440 289
1727450 289
1727460 289
1727470 289
1727480 289
1727490 289
1727500 288
1727510 288
1727520 288
1727530 288
1727540 288
1727550 287
1727560 287
1727570 287
1727580 287
1727590 287
1727600 287
1727610 287
1727620 287
1727630 286
1727640 286
1727650 286
1727660 286
1727670 286
1727680 286
1727690 286
1727700 286
1727710 286
1727720 286
1727730 286
1727740 286
1727750 286
1727760 286
1727770 286
1727780 286
1727790 286
1727800 286
1727810 286
1727820 286
1727830 286
1727840 286
1727850 286
1727860 286
1727870 286
1727880 286
1727890 286
1727900 286
1727910 286
1727920 286
1727930 286
1727940 286
1727950 286
1727960 287
1727970 287
1727980 286
1727990 286
1728000 286
1728010 286
1728020 286
1728030 286
1728040 286
1728050 286
1728060 286
1728070 286
1728080 286
1728090 286
1728100 286
1728110 286
1728120 286
1728130 286
1728140 286
1728150 286
1728160 286
1728170 286
1728180 286
1728190 286
1728200 286
1728210 286
1728220 286
1728230 286
1728240 286
1728250 286
1728260 286
1728270 286
1728280 286
1728290 286
1728300 286
1728310 286
1728320 286
1728330 285
1728340 288
1728350 288
1728360 289
1728370 288
1728380 288
1728390 288
1728400 289
1728410 289
1728420 289
1728430 289
1728440 289
1728450 288
1728460 288
1728470 289
1728480 289
1728490 289
1728500 288
1728510 288
1728520 288
1728530 288
1728540 288
1728550 288
1728560 288
1728570 288
1728580 288
1728590 288
1728600 288
1728610 288
1728620 288
1728630 288
1728640 288
1728650 288
1728660 288
1728670 288
1728680 288
1728690 288
1728700 288
1728710 288
1728720 288
1728730 288
1728740 288
1728750 288
1728760 288
1728770 288
1728780 288
1728790 288
1728800 288
1728810 288
1728820 288
1728830 288
1728840 288
1728850 288
1728860 288
1728870 288
1728880 290
1728890 290
1728900 294
1728910 298
1728920 298
1728930 298
1728940 298
1728950 298
1728960 298
1728970 298
1728980 298
1728990 297
1729000 293
1729010 289
1729020 289
1729030 288
1729040 288
1729050 288
1729060 288
1729070 288
1729080 288
1729090 288
1729100 289
1729110 289
1729120 288
1729130 289
1729140 289
1729150 289
1729160 289
1729170 289
1729180 289
1729190 289
1729200 289
1729210 289
1729220 289
1729230 289
1729240 289
1729250 289
1729260 289
1729270 289
1729280 289
1729290 288
1729300 288
1729310 289
1729320 289
1729330 289
1729340 289
1729350 289
1729360 289
1729370 289
1729380 289
1729390 289
1729400 289
1729410 289
1729420 289
1729430 289
1729440 289
1729450 289
1729460 289
1729470 289
1729480 289
1729490 289
1729500 289
1729510 289
1729520 289
1729530 288
1729540 288
1729550 288
1729560 288
1729570 289
1729580 288
1729590 288
1729600 288
1729610 288
1729620 288
1729630 288
1729640 288
1729650 288
1729660 288
1729670 288
1729680 288
1729690 288
1729700 288
1729710 288
1729720 288
1729730 288
1729740 288
1729750 288
1729760 286
1729770 286
1729780 286
1729790 287
1729800 286
1729810 286
1729820 285
1729830 285
1729840 285
1729850 285
1729860 285
1729870 285
1729880 284
1729890 284
1729900 284
1729910 283
1729920 284
1729930 283
1729940 283
1729950 283
1729960 283
1729970 283
1729980 283
1729990 283
1730000 283
1730010 283
1730020 283
1730030 283
1730040 283
1730050 283
1730060 283
1730070 283
1730080 282
1730090 282
1730100 282
1730110 282
1730120 282
1730130 282
1730140 282
1730150 283
1730160 283
1730170 283
1730180 283
1730190 283
1730200 283
1730210 283
1730220 283
1730230 283
1730240 283
1730250 283
1730260 283
1730270 282
1730280 282
1730290 282
1730300 282
1730310 282
1730320 282
1730330 282
1730340 282
1730350 282
1730360 282
1730370 282
1730380 282
1730390 282
1730400 281
1730410 281
1730420 282
1730430 282
1730440 282
1730450 283
1730460 283
1730470 283
1730480 283
1730490 283
1730500 283
1730510 283
1730520 283
1730530 283
1730540 283
1730550 282
1730560 282
1730570 282
1730580 280
1730590 280
1730600 280
1730610 280
1730620 280
1730630 280
1730640 280
1730650 280
1730660 280
1730670 280
1730680 280
1730690 280
1730700 280
1730710 280
1730720 282
1730730 282
1730740 282
1730750 282
1730760 282
1730770 282
1730780 282
1730790 282
1730800 282
1730810 282
1730820 282
1730830 282
1730840 281
1730850 282
1730860 282
1730870 282
1730880 280
1730890 280
1730900 282
1730910 282
1730920 282
1730930 282
1730940 282
1730950 282
1730960 282
1730970 282
1730980 282
1730990 282
1731000 282
1731010 282
1731020 282
1731030 282
1731040 282
1731050 282
1731060 282
1731070 282
1731080 282
1731090 282
1731100 282
1731110 282
1731120 282
1731130 281
1731140 281
1731150 281
1731160 281
1731170 281
1731180 282
1731190 282
1731200 281
1731210 281
1731220 282
1731230 281
1731240 281
1731250 281
1731260 281
1731270 281
1731280 281
1731290 281
1731300 281
1731310 281
1731320 281
1731330 281
1731340 281
1731350 282
1731360 282
1731370 282
1731380 281
1731390 281
1731400 281
1731410 281
1731420 282
1731430 282
1731440 281
1731450 281
1731460 281
1731470 282
1731480 281
1731490 281
1731500 281
1731510 281
1731520 281
1731530 281
1731540 281
1731550 281
1731560 281
1731570 281
1731580 281
1731590 281
1731600 280
1731610 280
1731620 280
1731630 280
1731640 280
1731650 280
1731660 281
1731670 281
1731680 281
1731690 281
1731700 280
1731710 280
1731720 280
1731730 280
1731740 280
1731750 280
1731760 280
1731770 281
1731780 281
1731790 281
1731800 280
1731810 280
1731820 281
1731830 281
1731840 281
1731850 281
1731860 281
1731870 281
1731880 281
1731890 280
1731900 280
1731910 280
1731920 280
1731930 280
1731940 280
1731950 280
1731960 279
1731970 279
1731980 279
1731990 280
1732000 280
1732010 280
1732020 281
1732030 281
1732040 280
1732050 280
1732060 280
1732070 280
1732080 281
1732090 281
1732100 280
1732110 280
1732120 280
1732130 280
1732140 280
1732150 280
1732160 280
1732170 280
1732180 280
1732190 280
1732200 280
1732210 281
1732220 281
1732230 281
1732240 280
1732250 280
1732260 280
1732270 280
1732280 280
1732290 280
1732300 280
1732310 280
1732320 280
1732330 281
1732340 280
1732350 280
1732360 280
1732370 280
1732380 280
1732390 280
1732400 280
1732410 280
1732420 280
1732430 280
1732440 280
1732450 280
1732460 280
1732470 280
1732480 280
1732490 280
1732500 280
1732510 280
1732520 280
1732530 280
1732540 280
1732550 280
1732560 280
1732570 280
1732580 280
1732590 280
1732600 280
1732610 280
1732620 280
1732630 280
1732640 280
1732650 280
1732660 280
1732670 280
1732680 279
1732690 279
1732700 279
1732710 280
1732720 280
1732730 280
1732740 280
1732750 280
1732760 280
1732770 280
1732780 279
1732790 279
1732800 279
1732810 279
1732820 279
1732830 279
1732840 279
1732850 279
1732860 279
1732870 279
1732880 279
1732890 279
1732900 279
1732910 280
1732920 280
1732930 279
1732940 279
1732950 279
1732960 280
1732970 280
1732980 280
1732990 279
1733000 278
1733010 278
1733020 279
1733030 279
1733040 279
1733050 279
1733060 279
1733070 279
1733080 279
1733090 279
1733100 279
1733110 279
1733120 279
1733130 279
1733140 279
1733150 279
1733160 279
1733170 279
1733180 279
1733190 279
1733200 279
1733210 279
1733220 279
1733230 279
1733240 279
1733250 279
1733260 279
1733270 279
1733280 279
1733290 279
1733300 279
1733310 279
1733320 279
1733330 279
1733340 279
1733350 279
1733360 279
1733370 279
1733380 279
1733390 279
1733400 279
1733410 279
1733420 279
1733430 279
1733440 279
1733450 279
1733460 279
1733470 279
1733480 279
1733490 279
1733500 279
1733510 279
1733520 279
1733530 279
1733540 279
1733550 279
1733560 279
1733570 279
1733580 279
1733590 279
1733600 279
1733610 279
1733620 279
1733630 279
1733640 279
1733650 279
1733660 279
1733670 279
1733680 279
1733690 279
1733700 279
1733710 279
1733720 279
1733730 279
1733740 279
1733750 279
1733760 279
1733770 279
1733780 279
1733790 279
1733800 279
1733810 279
1733820 279
1733830 279
1733840 279
1733850 278
1733860 278
1733870 278
1733880 278
1733890 279
1733900 279
1733910 278
1733920 279
1733930 279
1733940 278
1733950 278
1733960 278
1733970 278
1733980 278
1733990 278
1734000 278
1734010 278
1734020 278
1734030 278
1734040 278
1734050 278
1734060 278
1734070 278
1734080 278
1734090 278
1734100 278
1734110 278
1734120 278
1734130 278
1734140 278
1734150 278
1734160 278
1734170 278
1734180 278
1734190 278
1734200 278
1734210 278
1734220 278
1734230 278
1734240 278
1734250 278
1734260 278
1734270 278
1734280 278
1734290 278
1734300 278
1734310 278
1734320 278
1734330 278
1734340 278
1734350 278
1734360 278
1734370 277
1734380 277
1734390 276
1734400 276
1734410 276
1734420 278
1734430 278
1734440 278
1734450 278
1734460 278
1734470 278
1734480 278
1734490 278
1734500 278
1734510 278
1734520 278
1734530 278
1734540 278
1734550 278
1734560 278
1734570 278
1734580 278
1734590 278
1734600 278
1734610 278
1734620 278
1734630 278
1734640 278
1734650 278
1734660 278
1734670 278
1734680 276
1734690 277
1734700 277
1734710 277
1734720 278
1734730 278
1734740 278
1734750 278
1734760 278
1734770 278
1734780 278
1734790 278
1734800 278
1734810 278
1734820 278
1734830 278
1734840 278
1734850 278
1734860 278
1734870 278
1734880 278
1734890 278
1734900 278
1734910 278
1734920 278
1734930 278
1734940 278
1734950 278
1734960 278
1734970 278
1734980 278
1734990 278
1735000 278
1735010 278
1735020 278
1735030 278
1735040 278
1735050 278
1735060 278
1735070 278
1735080 278
1735090 278
1735100 278
1735110 278
1735120 278
1735130 278
1735140 278
1735150 278
1735160 278
1735170 278
1735180 278
1735190 278
1735200 278
1735210 278
1735220 278
1735230 278
1735240 278
1735250 278
1735260 278
1735270 278
1735280 278
1735290 278
1735300 278
1735310 278
1735320 278
1735330 278
1735340 279
1735350 279
1735360 279
1735370 279
1735380 280
1735390 280
1735400 282
1735410 283
1735420 283
1735430 283
1735440 283
1735450 283
1735460 283
1735470 283
1735480 283
1735490 283
1735500 283
1735510 283
1735520 283
1735530 283
1735540 283
1735550 283
1735560 283
1735570 283
1735580 283
1735590 283
1735600 283
1735610 283
1735620 283
1735630 283
1735640 283
1735650 283
1735660 283
1735670 283
1735680 283
1735690 283
1735700 283
1735710 283
1735720 283
1735730 283
1735740 283
1735750 283
1735760 283
1735770 283
1735780 283
1735790 283
1735800 283
1735810 283
1735820 283
1735830 283
1735840 283
1735850 283
1735860 283
1735870 283
1735880 283
1735890 283
1735900 283
1735910 283
1735920 283
1735930 283
1735940 284
1735950 283
1735960 283
1735970 283
1735980 283
1735990 283
1736000 283
1736010 283
1736020 283
1736030 283
1736040 283
1736050 283
1736060 283
1736070 283
1736080 283
1736090 283
1736100 283
1736110 283
1736120 283
1736130 283
1736140 283
1736150 283
1736160 283
1736170 284
1736180 284
1736190 284
1736200 284
1736210 284
1736220 284
1736230 284
1736240 284
1736250 284
1736260 284
1736270 284
1736280 284
1736290 284
1736300 284
1736310 284
1736320 284
1736330 284
1736340 284
1736350 284
1736360 284
1736370 284
1736380 284
1736390 284
1736400 284
1736410 284
1736420 284
1736430 285
1736440 285
1736450 286
1736460 285
1736470 285
1736480 287
1736490 289
1736500 290
1736510 290
1736520 291
1736530 292
1736540 292
1736550 294
1736560 295
1736570 295
1736580 298
1736590 299
1736600 299
1736610 301
1736620 301
1736630 301
1736640 307
1736650 310
1736660 310
1736670 315
1736680 319
1736690 318
1736700 318
1736710 318
1736720 318
1736730 318
1736740 318
1736750 318
1736760 318
1736770 318
1736780 318
1736790 318
1736800 318
1736810 318
1736820 318
1736830 318
1736840 318
1736850 318
1736860 318
1736870 318
1736880 318
1736890 318
1736900 318
1736910 318
1736920 318
1736930 319
1736940 319
1736950 319
1736960 319
1736970 320
1736980 320
1736990 320
1737000 321
1737010 321
1737020 321
1737030 321
1737040 322
1737050 322
1737060 322
1737070 322
1737080 322
1737090 322
1737100 322
1737110 322
1737120 322
1737130 322
1737140 322
1737150 322
1737160 322
1737170 322
1737180 321
1737190 322
1737200 322
1737210 322
1737220 322
1737230 322
1737240 322
1737250 322
1737260 322
1737270 322
1737280 321
1737290 321
1737300 321
1737310 321
1737320 321
1737330 321
1737340 321
1737350 321
1737360 321
1737370 321
1737380 321
1737390 321
1737400 320
1737410 320
1737420 320
1737430 320
1737440 321
1737450 322
1737460 322
1737470 322
1737480 323
1737490 323
1737500 323
1737510 323
1737520 323
1737530 323
1737540 324
1737550 324
1737560 324
1737570 324
1737580 324
1737590 324
1737600 324
1737610 324
1737620 324
1737630 324
1737640 324
1737650 324
1737660 324
1737670 324
1737680 324
1737690 324
1737700 325
1737710 325
1737720 325
1737730 325
1737740 325
1737750 325
1737760 325
1737770 325
1737780 325
1737790 326
1737800 326
1737810 326
1737820 326
1737830 326
1737840 326
1737850 327
1737860 327
1737870 327
1737880 327
1737890 327
1737900 327
1737910 327
1737920 328
1737930 328
1737940 328
1737950 328
1737960 328
1737970 328
1737980 328
1737990 328
1738000 328
1738010 329
1738020 329
1738030 329
1738040 329
1738050 330
1738060 330
1738070 330
1738080 330
1738090 330
1738100 331
1738110 331
1738120 331
1738130 332
1738140 332
1738150 332
1738160 332
1738170 334
1738180 334
1738190 334
1738200 335
1738210 336
1738220 336
1738230 336
1738240 337
1738250 337
1738260 338
1738270 338
1738280 338
1738290 339
1738300 340
1738310 341
1738320 341
1738330 343
1738340 344
1738350 344
1738360 345
1738370 346
1738380 346
1738390 347
1738400 348
1738410 348
1738420 349
1738430 350
1738440 350
1738450 350
1738460 351
1738470 351
1738480 352
1738490 354
1738500 355
1738510 355
1738520 357
1738530 359
1738540 359
1738550 360
1738560 361
1738570 361
1738580 361
1738590 361
1738600 361
1738610 361
1738620 360
1738630 360
1738640 359
1738650 358
1738660 358
1738670 357
1738680 356
1738690 356
1738700 356
1738710 355
1738720 354
1738730 354
1738740 353
1738750 353
1738760 353
1738770 352
1738780 351
1738790 351
1738800 351
1738810 350
1738820 350
1738830 350
1738840 349
1738850 349
1738860 348
1738870 348
1738880 347
1738890 347
1738900 347
1738910 347
1738920 347
1738930 346
1738940 346
1738950 346
1738960 345
1738970 345
1738980 345
1738990 345
1739000 344
1739010 344
1739020 344
1739030 344
1739040 344
1739050 343
1739060 343
1739070 343
1739080 343
1739090 342
1739100 342
1739110 342
1739120 342
1739130 341
1739140 341
1739150 341
1739160 340
1739170 340
1739180 339
1739190 339
1739200 339
1739210 338
1739220 337
1739230 336
1739240 336
1739250 335
1739260 334
1739270 334
1739280 333
1739290 332
1739300 332
1739310 331
1739320 330
1739330 330
1739340 329
1739350 329
1739360 329
1739370 328
1739380 327
1739390 327
1739400 327
1739410 326
1739420 325
1739430 325
1739440 325
1739450 324
1739460 324
1739470 323
1739480 322
1739490 322
1739500 321
1739510 321
1739520 321
1739530 321
1739540 320
1739550 320
1739560 320
1739570 318
1739580 318
1739590 318
1739600 318
1739610 318
1739620 318
1739630 317
1739640 317
1739650 317
1739660 316
1739670 315
1739680 315
1739690 315
1739700 314
1739710 314
1739720 314
1739730 314
1739740 314
1739750 313
1739760 313
1739770 313
1739780 313
1739790 312
1739800 311
1739810 311
1739820 311
1739830 311
1739840 311
1739850 310
1739860 310
1739870 310
1739880 309
1739890 309
1739900 309
1739910 309
1739920 308
1739930 308
1739940 308
1739950 308
1739960 307
1739970 307
1739980 307
1739990 307
