1720000 308
1720010 308
1720020 307
1720030 307
1720040 307
1720050 307
1720060 307
1720070 307
1720080 307
1720090 307
1720100 308
1720110 306
1720120 306
1720130 304
1720140 304
1720150 304
1720160 304
1720170 304
1720180 305
1720190 305
1720200 306
1720210 306
1720220 306
1720230 307
1720240 308
1720250 308
1720260 309
1720270 309
1720280 309
1720290 310
1720300 310
1720310 310
1720320 310
1720330 310
1720340 310
1720350 309
1720360 309
1720370 308
1720380 308
1720390 307
1720400 305
1720410 305
1720420 305
1720430 304
1720440 304
1720450 304
1720460 303
1720470 303
1720480 303
1720490 303
1720500 303
1720510 303
1720520 303
1720530 303
1720540 304
1720550 304
1720560 304
1720570 304
1720580 305
1720590 306
1720600 306
1720610 307
1720620 307
1720630 307
1720640 307
1720650 307
1720660 307
1720670 306
1720680 305
1720690 305
1720700 305
1720710 304
1720720 304
1720730 304
1720740 304
1720750 304
1720760 304
1720770 304
1720780 304
1720790 304
1720800 305
1720810 306
1720820 306
1720830 306
1720840 308
1720850 308
1720860 309
1720870 311
1720880 311
1720890 313
1720900 315
1720910 317
1720920 317
1720930 318
1720940 320
1720950 320
1720960 320
1720970 323
1720980 323
1720990 325
1721000 327
1721010 327
1721020 329
1721030 332
1721040 332
1721050 335
1721060 338
1721070 338
1721080 341
1721090 343
1721100 345
1721110 345
1721120 345
1721130 346
1721140 346
1721150 344
1721160 349
1721170 349
1721180 350
1721190 347
1721200 347
1721210 350
1721220 347
1721230 347
1721240 346
1721250 345
1721260 345
1721270 342
1721280 339
1721290 337
1721300 337
1721310 335
1721320 333
1721330 333
1721340 330
1721350 329
1721360 329
1721370 334
1721380 337
1721390 337
1721400 339
1721410 341
1721420 341
1721430 342
1721440 341
1721450 341
1721460 340
1721470 338
1721480 335
1721490 335
1721500 333
1721510 329
1721520 329
1721530 325
1721540 322
1721550 322
1721560 319
1721570 317
1721580 317
1721590 316
1721600 311
1721610 311
1721620 311
1721630 310
1721640 305
1721650 305
1721660 310
1721670 313
1721680 313
1721690 319
1721700 325
1721710 325
1721720 325
1721730 323
1721740 323
1721750 321
1721760 319
1721770 319
1721780 319
1721790 317
1721800 317
1721810 316
1721820 315
1721830 312
1721840 312
1721850 311
1721860 310
1721870 310
1721880 309
1721890 307
1721900 307
1721910 306
1721920 305
1721930 305
1721940 302
1721950 300
1721960 300
1721970 298
1721980 296
1721990 296
1722000 295
1722010 295
1722020 295
1722030 295
1722040 295
1722050 293
1722060 293
1722070 294
1722080 297
1722090 297
1722100 297
1722110 298
1722120 298
1722130 299
1722140 299
1722150 299
1722160 300
1722170 301
1722180 301
1722190 303
1722200 306
1722210 309
1722220 309
1722230 311
1722240 314
1722250 314
1722260 317
1722270 318
1722280 318
1722290 319
1722300 319
1722310 319
1722320 319
1722330 319
1722340 319
1722350 319
1722360 318
1722370 317
1722380 317
1722390 317
1722400 316
1722410 316
1722420 315
1722430 315
1722440 315
1722450 315
1722460 316
1722470 316
1722480 317
1722490 319
1722500 319
1722510 321
1722520 325
1722530 325
1722540 328
1722550 331
1722560 333
1722570 333
1722580 334
1722590 336
1722600 336
1722610 339
1722620 345
1722630 345
1722640 347
1722650 349
1722660 349
1722670 349
1722680 350
1722690 350
1722700 350
1722710 351
1722720 351
1722730 354
1722740 355
1722750 355
1722760 355
1722770 356
1722780 358
1722790 358
1722800 359
1722810 361
1722820 361
1722830 362
1722840 364
1722850 364
1722860 366
1722870 368
1722880 368
1722890 370
1722900 370
1722910 370
1722920 371
1722930 372
1722940 372
1722950 372
1722960 373
1722970 374
1722980 374
1722990 374
1723000 374
1723010 374
1723020 375
1723030 375
1723040 375
1723050 376
1723060 379
1723070 379
1723080 382
1723090 386
1723100 390
1723110 390
1723120 391
1723130 392
1723140 392
1723150 393
1723160 393
1723170 393
1723180 394
1723190 394
1723200 394
1723210 395
1723220 397
1723230 397
1723240 397
1723250 397
1723260 397
1723270 397
1723280 398
1723290 397
1723300 397
1723310 397
1723320 396
1723330 396
1723340 396
1723350 395
1723360 395
1723370 393
1723380 391
1723390 391
1723400 391
1723410 390
1723420 390
1723430 386
1723440 383
1723450 383
1723460 386
1723470 383
1723480 382
1723490 382
1723500 377
1723510 375
1723520 375
1723530 373
1723540 371
1723550 371
1723560 370
1723570 369
1723580 369
1723590 367
1723600 366
1723610 366
1723620 366
1723630 365
1723640 365
1723650 365
1723660 364
1723670 364
1723680 364
1723690 365
1723700 365
1723710 365
1723720 365
1723730 365
1723740 365
1723750 365
1723760 366
1723770 366
1723780 368
1723790 370
1723800 370
1723810 372
1723820 375
1723830 378
1723840 378
1723850 382
1723860 384
1723870 384
1723880 386
1723890 388
1723900 388
1723910 389
1723920 389
1723930 389
1723940 391
1723950 395
1723960 395
1723970 396
1723980 398
1723990 398
1724000 400
1724010 405
1724020 407
1724030 407
1724040 409
1724050 412
1724060 412
1724070 414
1724080 415
1724090 415
1724100 416
1724110 416
1724120 416
1724130 414
1724140 413
1724150 413
1724160 413
1724170 411
1724180 411
1724190 407
1724200 406
1724210 404
1724220 404
1724230 402
1724240 400
1724250 400
1724260 399
1724270 397
1724280 397
1724290 396
1724300 396
1724310 396
1724320 395
1724330 396
1724340 396
1724350 396
1724360 397
1724370 397
1724380 396
1724390 398
1724400 398
1724410 398
1724420 398
1724430 398
1724440 398
1724450 398
1724460 398
1724470 398
1724480 397
1724490 397
1724500 397
1724510 396
1724520 394
1724530 394
1724540 393
1724550 393
1724560 393
1724570 393
1724580 393
1724590 393
1724600 393
1724610 393
1724620 392
1724630 392
1724640 390
1724650 388
1724660 388
1724670 386
1724680 384
1724690 384
1724700 381
1724710 378
1724720 378
1724730 376
1724740 373
1724750 371
1724760 371
1724770 369
1724780 367
1724790 367
1724800 367
1724810 366
1724820 366
1724830 365
1724840 364
1724850 364
1724860 362
1724870 360
1724880 360
1724890 358
1724900 358
1724910 358
1724920 357
1724930 357
1724940 356
1724950 356
1724960 355
1724970 355
1724980 352
1724990 350
1725000 347
1725010 347
1725020 346
1725030 344
1725040 344
1725050 341
1725060 340
1725070 340
1725080 339
1725090 338
1725100 338
1725110 337
1725120 336
1725130 336
1725140 336
1725150 334
1725160 334
1725170 334
1725180 334
1725190 333
1725200 333
1725210 331
1725220 330
1725230 330
1725240 331
1725250 331
1725260 331
1725270 332
1725280 332
1725290 332
1725300 332
1725310 332
1725320 331
1725330 331
1725340 330
1725350 329
1725360 329
1725370 327
1725380 326
1725390 326
1725400 325
1725410 324
1725420 324
1725430 322
1725440 320
1725450 320
1725460 318
1725470 317
1725480 317
1725490 317
1725500 317
1725510 318
1725520 318
1725530 318
1725540 318
1725550 318
1725560 317
1725570 316
1725580 316
1725590 316
1725600 314
1725610 314
1725620 312
1725630 309
1725640 309
1725650 307
1725660 304
1725670 301
1725680 301
1725690 298
1725700 295
1725710 295
1725720 292
1725730 290
1725740 290
1725750 287
1725760 285
1725770 285
1725780 285
1725790 284
1725800 284
1725810 283
1725820 283
1725830 283
1725840 283
1725850 281
1725860 281
1725870 281
1725880 281
1725890 280
1725900 280
1725910 280
1725920 280
1725930 280
1725940 281
1725950 281
1725960 281
1725970 281
1725980 281
1725990 281
1726000 281
1726010 281
1726020 281
1726030 281
1726040 281
1726050 281
1726060 281
1726070 281
1726080 281
1726090 281
1726100 281
1726110 281
1726120 281
1726130 281
1726140 281
1726150 281
1726160 281
1726170 281
1726180 281
1726190 281
1726200 281
1726210 279
1726220 279
1726230 278
1726240 277
1726250 277
1726260 282
1726270 281
1726280 281
1726290 280
1726300 285
1726310 285
1726320 285
1726330 285
1726340 285
1726350 285
1726360 286
1726370 286
1726380 286
1726390 286
1726400 286
1726410 286
1726420 287
1726430 287
1726440 287
1726450 287
1726460 287
1726470 287
1726480 288
1726490 288
1726500 288
1726510 289
1726520 289
1726530 289
1726540 290
1726550 292
1726560 292
1726570 292
1726580 292
1726590 292
1726600 292
1726610 293
1726620 293
1726630 293
1726640 294
1726650 294
1726660 294
1726670 295
1726680 295
1726690 295
1726700 295
1726710 296
1726720 296
1726730 296
1726740 296
1726750 296
1726760 296
1726770 296
1726780 296
1726790 296
1726800 296
1726810 296
1726820 296
1726830 296
1726840 296
1726850 296
1726860 297
1726870 297
1726880 297
1726890 297
1726900 297
1726910 297
1726920 297
1726930 297
1726940 297
1726950 297
1726960 297
1726970 297
1726980 297
1726990 297
1727000 297
1727010 297
1727020 297
1727030 297
1727040 297
1727050 297
1727060 297
1727070 297
1727080 297
1727090 297
1727100 297
1727110 297
1727120 297
1727130 297
1727140 297
1727150 297
1727160 297
1727170 297
1727180 297
1727190 297
1727200 297
1727210 297
1727220 297
1727230 297
1727240 297
1727250 297
1727260 297
1727270 298
1727280 297
1727290 297
1727300 297
1727310 297
1727320 297
1727330 297
1727340 297
1727350 297
1727360 297
1727370 297
1727380 297
1727390 297
1727400 297
1727410 297
1727420 297
1727430 297
1727440 297
1727450 297
1727460 297
1727470 296
1727480 296
1727490 296
1727500 296
1727510 296
1727520 296
1727530 296
1727540 296
1727550 296
1727560 296
1727570 296
1727580 296
1727590 297
1727600 297
1727610 297
1727620 297
1727630 295
1727640 295
1727650 290
1727660 288
1727670 288
1727680 288
1727690 288
1727700 288
1727710 288
1727720 287
1727730 287
1727740 287
1727750 287
1727760 287
1727770 287
1727780 287
1727790 287
1727800 287
1727810 286
1727820 286
1727830 286
1727840 286
1727850 286
1727860 286
1727870 286
1727880 286
1727890 286
1727900 286
1727910 289
1727920 291
1727930 291
1727940 295
1727950 295
1727960 295
1727970 295
1727980 295
1727990 295
1728000 295
1728010 295
1728020 295
1728030 295
1728040 293
1728050 291
1728060 291
1728070 290
1728080 290
1728090 290
1728100 290
1728110 290
1728120 290
1728130 290
1728140 290
1728150 290
1728160 290
1728170 289
1728180 289
1728190 289
1728200 289
1728210 289
1728220 289
1728230 289
1728240 289
1728250 289
1728260 289
1728270 289
1728280 289
1728290 291
1728300 294
1728310 294
1728320 298
1728330 299
1728340 299
1728350 299
1728360 299
1728370 299
1728380 299
1728390 298
1728400 293
1728410 293
1728420 290
1728430 293
1728440 293
1728450 293
1728460 293
1728470 293
1728480 293
1728490 290
1728500 290
1728510 290
1728520 289
1728530 289
1728540 289
1728550 289
1728560 289
1728570 289
1728580 289
1728590 289
1728600 289
1728610 289
1728620 289
1728630 289
1728640 289
1728650 289
1728660 289
1728670 289
1728680 289
1728690 289
1728700 289
1728710 289
1728720 289
1728730 289
1728740 289
1728750 289
1728760 289
1728770 289
1728780 289
1728790 289
1728800 290
1728810 289
1728820 289
1728830 289
1728840 289
1728850 289
1728860 289
1728870 289
1728880 289
1728890 289
1728900 289
1728910 289
1728920 289
1728930 289
1728940 289
1728950 289
1728960 289
1728970 289
1728980 289
1728990 289
1729000 289
1729010 289
1729020 289
1729030 289
1729040 289
1729050 289
1729060 289
1729070 289
1729080 289
1729090 289
1729100 289
1729110 289
1729120 289
1729130 289
1729140 289
1729150 289
1729160 289
1729170 289
1729180 289
1729190 289
1729200 289
1729210 289
1729220 290
1729230 290
1729240 288
1729250 288
1729260 288
1729270 287
1729280 287
1729290 287
1729300 287
1729310 287
1729320 287
1729330 287
1729340 287
1729350 287
1729360 287
1729370 287
1729380 287
1729390 287
1729400 287
1729410 287
1729420 287
1729430 287
1729440 288
1729450 288
1729460 287
1729470 286
1729480 286
1729490 286
1729500 286
1729510 286
1729520 286
1729530 287
1729540 287
1729550 287
1729560 287
1729570 287
1729580 287
1729590 287
1729600 287
1729610 287
1729620 287
1729630 287
1729640 287
1729650 287
1729660 287
1729670 287
1729680 287
1729690 287
1729700 285
1729710 285
1729720 284
1729730 282
1729740 282
1729750 282
1729760 282
1729770 282
1729780 284
1729790 284
1729800 284
1729810 283
1729820 283
1729830 283
1729840 284
1729850 284
1729860 284
1729870 284
1729880 284
1729890 284
1729900 284
1729910 283
1729920 282
1729930 282
1729940 283
1729950 283
1729960 283
1729970 283
1729980 282
1729990 282
1730000 282
1730010 282
1730020 282
1730030 282
1730040 282
1730050 282
1730060 282
1730070 283
1730080 283
1730090 283
1730100 283
1730110 283
1730120 283
1730130 283
1730140 282
1730150 282
1730160 283
1730170 283
1730180 283
1730190 283
1730200 283
1730210 283
1730220 283
1730230 283
1730240 283
1730250 283
1730260 283
1730270 281
1730280 281
1730290 280
1730300 280
1730310 280
1730320 281
1730330 280
1730340 280
1730350 281
1730360 280
1730370 280
1730380 280
1730390 280
1730400 280
1730410 280
1730420 281
1730430 282
1730440 282
1730450 285
1730460 283
1730470 283
1730480 283
1730490 283
1730500 283
1730510 281
1730520 282
1730530 282
1730540 282
1730550 282
1730560 282
1730570 282
1730580 282
1730590 282
1730600 282
1730610 282
1730620 282
1730630 282
1730640 283
1730650 283
1730660 283
1730670 283
1730680 283
1730690 283
1730700 283
1730710 283
1730720 283
1730730 283
1730740 283
1730750 283
1730760 283
1730770 283
1730780 283
1730790 283
1730800 282
1730810 282
1730820 282
1730830 281
1730840 282
1730850 282
1730860 282
1730870 282
1730880 282
1730890 282
1730900 282
1730910 282
1730920 282
1730930 283
1730940 283
1730950 283
1730960 282
1730970 282
1730980 282
1730990 282
1731000 282
1731010 282
1731020 282
1731030 282
1731040 282
1731050 282
1731060 282
1731070 282
1731080 282
1731090 282
1731100 282
1731110 282
1731120 282
1731130 282
1731140 282
1731150 282
1731160 282
1731170 282
1731180 282
1731190 282
1731200 282
1731210 282
1731220 282
1731230 282
1731240 282
1731250 282
1731260 282
1731270 282
1731280 282
1731290 282
1731300 282
1731310 282
1731320 282
1731330 282
1731340 282
1731350 282
1731360 282
1731370 281
1731380 281
1731390 281
1731400 281
1731410 281
1731420 281
1731430 281
1731440 281
1731450 281
1731460 281
1731470 281
1731480 281
1731490 281
1731500 282
1731510 281
1731520 281
1731530 281
1731540 281
1731550 281
1731560 281
1731570 281
1731580 281
1731590 281
1731600 281
1731610 281
1731620 281
1731630 281
1731640 281
1731650 281
1731660 281
1731670 281
1731680 281
1731690 280
1731700 280
1731710 280
1731720 281
1731730 281
1731740 281
1731750 281
1731760 281
1731770 281
1731780 281
1731790 281
1731800 281
1731810 281
1731820 281
1731830 281
1731840 281
1731850 281
1731860 281
1731870 280
1731880 281
1731890 281
1731900 281
1731910 281
1731920 281
1731930 281
1731940 281
1731950 281
1731960 281
1731970 281
1731980 281
1731990 281
1732000 281
1732010 282
1732020 282
1732030 281
1732040 281
1732050 281
1732060 281
1732070 281
1732080 281
1732090 281
1732100 281
1732110 281
1732120 281
1732130 281
1732140 281
1732150 281
1732160 281
1732170 281
1732180 281
1732190 281
1732200 281
1732210 281
1732220 281
1732230 281
1732240 281
1732250 281
1732260 281
1732270 281
1732280 281
1732290 281
1732300 281
1732310 281
1732320 281
1732330 281
1732340 281
1732350 281
1732360 281
1732370 281
1732380 281
1732390 281
1732400 281
1732410 281
1732420 281
1732430 281
1732440 281
1732450 281
1732460 280
1732470 280
1732480 280
1732490 280
1732500 280
1732510 280
1732520 280
1732530 280
1732540 280
1732550 280
1732560 280
1732570 280
1732580 280
1732590 280
1732600 281
1732610 281
1732620 281
1732630 281
1732640 280
1732650 280
1732660 280
1732670 280
1732680 279
1732690 279
1732700 279
1732710 280
1732720 280
1732730 280
1732740 279
1732750 279
1732760 279
1732770 280
1732780 280
1732790 280
1732800 280
1732810 280
1732820 280
1732830 280
1732840 280
1732850 280
1732860 280
1732870 280
1732880 280
1732890 280
1732900 280
1732910 280
1732920 280
1732930 280
1732940 280
1732950 280
1732960 280
1732970 280
1732980 280
1732990 280
1733000 280
1733010 280
1733020 280
1733030 280
1733040 280
1733050 280
1733060 280
1733070 280
1733080 280
1733090 280
1733100 280
1733110 280
1733120 280
1733130 280
1733140 281
1733150 280
1733160 280
1733170 280
1733180 281
1733190 280
1733200 280
1733210 280
1733220 280
1733230 280
1733240 280
1733250 280
1733260 280
1733270 280
1733280 280
1733290 280
1733300 280
1733310 280
1733320 280
1733330 280
1733340 280
1733350 280
1733360 280
1733370 280
1733380 280
1733390 280
1733400 280
1733410 280
1733420 280
1733430 280
1733440 280
1733450 280
1733460 280
1733470 280
1733480 280
1733490 280
1733500 280
1733510 280
1733520 280
1733530 280
1733540 279
1733550 279
1733560 279
1733570 279
1733580 279
1733590 279
1733600 279
1733610 279
1733620 279
1733630 279
1733640 279
1733650 279
1733660 279
1733670 279
1733680 279
1733690 279
1733700 279
1733710 279
1733720 279
1733730 279
1733740 279
1733750 279
1733760 279
1733770 279
1733780 279
1733790 279
1733800 279
1733810 279
1733820 279
1733830 279
1733840 279
1733850 279
1733860 279
1733870 279
1733880 279
1733890 279
1733900 279
1733910 279
1733920 279
1733930 279
1733940 279
1733950 279
1733960 279
1733970 279
1733980 279
1733990 279
1734000 279
1734010 278
1734020 278
1734030 279
1734040 279
1734050 279
1734060 279
1734070 279
1734080 279
1734090 279
1734100 279
1734110 279
1734120 279
1734130 279
1734140 279
1734150 279
1734160 279
1734170 280
1734180 280
1734190 279
1734200 279
1734210 279
1734220 279
1734230 279
1734240 279
1734250 279
1734260 280
1734270 280
1734280 280
1734290 279
1734300 279
1734310 279
1734320 279
1734330 279
1734340 279
1734350 279
1734360 279
1734370 279
1734380 279
1734390 279
1734400 279
1734410 279
1734420 279
1734430 279
1734440 278
1734450 279
1734460 279
1734470 279
1734480 279
1734490 279
1734500 279
1734510 279
1734520 279
1734530 279
1734540 279
1734550 279
1734560 279
1734570 279
1734580 279
1734590 279
1734600 279
1734610 279
1734620 279
1734630 279
1734640 279
1734650 279
1734660 279
1734670 279
1734680 279
1734690 279
1734700 279
1734710 279
1734720 279
1734730 279
1734740 279
1734750 279
1734760 279
1734770 279
1734780 279
1734790 279
1734800 279
1734810 279
1734820 279
1734830 279
1734840 279
1734850 279
1734860 279
1734870 279
1734880 279
1734890 279
1734900 279
1734910 279
1734920 278
1734930 279
1734940 279
1734950 279
1734960 279
1734970 279
1734980 279
1734990 280
1735000 280
1735010 280
1735020 280
1735030 280
1735040 280
1735050 280
1735060 280
1735070 280
1735080 280
1735090 281
1735100 281
1735110 281
1735120 281
1735130 281
1735140 281
1735150 281
1735160 281
1735170 281
1735180 280
1735190 282
1735200 282
1735210 281
1735220 282
1735230 282
1735240 281
1735250 281
1735260 281
1735270 282
1735280 282
1735290 282
1735300 282
1735310 282
1735320 282
1735330 281
1735340 281
1735350 282
1735360 282
1735370 282
1735380 283
1735390 283
1735400 283
1735410 283
1735420 283
1735430 283
1735440 283
1735450 283
1735460 283
1735470 283
1735480 283
1735490 283
1735500 284
1735510 284
1735520 284
1735530 284
1735540 284
1735550 284
1735560 284
1735570 284
1735580 284
1735590 285
1735600 285
1735610 285
1735620 285
1735630 285
1735640 285
1735650 285
1735660 284
1735670 284
1735680 285
1735690 284
1735700 284
1735710 284
1735720 285
1735730 285
1735740 285
1735750 285
1735760 285
1735770 285
1735780 285
1735790 285
1735800 285
1735810 285
1735820 285
1735830 285
1735840 285
1735850 285
1735860 285
1735870 285
1735880 285
1735890 285
1735900 285
1735910 285
1735920 285
1735930 285
1735940 285
1735950 285
1735960 285
1735970 285
1735980 285
1735990 285
1736000 285
1736010 286
1736020 286
1736030 285
1736040 286
1736050 286
1736060 286
1736070 286
1736080 286
1736090 286
1736100 286
1736110 286
1736120 286
1736130 287
1736140 287
1736150 287
1736160 288
1736170 288
1736180 288
1736190 288
1736200 288
1736210 288
1736220 289
1736230 289
1736240 289
1736250 289
1736260 289
1736270 289
1736280 289
1736290 289
1736300 289
1736310 289
1736320 289
1736330 289
1736340 289
1736350 290
1736360 290
1736370 290
1736380 290
1736390 291
1736400 291
1736410 291
1736420 291
1736430 291
1736440 292
1736450 292
1736460 293
1736470 293
1736480 294
1736490 295
1736500 295
1736510 296
1736520 299
1736530 299
1736540 300
1736550 302
1736560 302
1736570 305
1736580 306
1736590 306
1736600 307
1736610 308
1736620 308
1736630 309
1736640 310
1736650 312
1736660 312
1736670 314
1736680 318
1736690 318
1736700 322
1736710 324
1736720 324
1736730 325
1736740 325
1736750 325
1736760 325
1736770 326
1736780 326
1736790 326
1736800 326
1736810 326
1736820 326
1736830 326
1736840 326
1736850 326
1736860 327
1736870 327
1736880 327
1736890 327
1736900 327
1736910 327
1736920 327
1736930 327
1736940 327
1736950 328
1736960 328
1736970 328
1736980 328
1736990 328
1737000 328
1737010 328
1737020 328
1737030 328
1737040 328
1737050 329
1737060 329
1737070 329
1737080 329
1737090 329
1737100 329
1737110 329
1737120 329
1737130 329
1737140 329
1737150 329
1737160 329
1737170 329
1737180 329
1737190 328
1737200 328
1737210 328
1737220 328
1737230 328
1737240 328
1737250 328
1737260 328
1737270 328
1737280 328
1737290 328
1737300 328
1737310 328
1737320 328
1737330 329
1737340 329
1737350 329
1737360 330
1737370 330
1737380 330
1737390 330
1737400 331
1737410 331
1737420 331
1737430 331
1737440 331
1737450 332
1737460 332
1737470 332
1737480 332
1737490 332
1737500 332
1737510 332
1737520 332
1737530 333
1737540 333
1737550 333
1737560 334
1737570 334
1737580 334
1737590 334
1737600 335
1737610 335
1737620 335
1737630 336
1737640 336
1737650 336
1737660 337
1737670 337
1737680 338
1737690 339
1737700 339
1737710 340
1737720 341
1737730 343
1737740 343
1737750 343
1737760 344
1737770 344
1737780 345
1737790 346
1737800 346
1737810 347
1737820 348
1737830 348
1737840 348
1737850 349
1737860 349
1737870 348
1737880 347
1737890 347
1737900 347
1737910 347
1737920 346
1737930 346
1737940 345
1737950 342
1737960 342
1737970 343
1737980 345
1737990 345
1738000 347
1738010 348
1738020 348
1738030 349
1738040 350
1738050 350
1738060 352
1738070 354
1738080 354
1738090 355
1738100 357
1738110 359
1738120 359
1738130 360
1738140 362
1738150 362
1738160 363
1738170 365
1738180 365
1738190 367
1738200 368
1738210 368
1738220 370
1738230 371
1738240 371
1738250 373
1738260 374
1738270 374
1738280 376
1738290 377
1738300 378
1738310 378
1738320 380
1738330 381
1738340 381
1738350 382
1738360 383
1738370 383
1738380 384
1738390 383
1738400 383
1738410 383
1738420 381
1738430 381
1738440 379
1738450 377
1738460 376
1738470 376
1738480 374
1738490 373
1738500 373
1738510 371
1738520 368
1738530 368
1738540 367
1738550 367
1738560 367
1738570 364
1738580 363
1738590 363
1738600 361
1738610 359
1738620 359
1738630 358
1738640 357
1738650 357
1738660 357
1738670 355
1738680 353
1738690 353
1738700 354
1738710 353
1738720 353
1738730 351
1738740 350
1738750 350
1738760 351
1738770 350
1738780 350
1738790 348
1738800 347
1738810 347
1738820 347
1738830 346
1738840 347
1738850 347
1738860 346
1738870 345
1738880 345
1738890 345
1738900 345
1738910 345
1738920 344
1738930 344
1738940 344
1738950 344
1738960 343
1738970 343
1738980 343
1738990 342
1739000 342
1739010 342
1739020 341
1739030 341
1739040 341
1739050 340
1739060 339
1739070 339
1739080 338
1739090 337
1739100 337
1739110 337
1739120 336
1739130 336
1739140 335
1739150 334
1739160 334
1739170 333
1739180 332
1739190 331
1739200 331
1739210 331
1739220 330
1739230 330
1739240 330
1739250 329
1739260 329
1739270 328
1739280 328
1739290 328
1739300 327
1739310 327
1739320 327
1739330 327
1739340 326
1739350 326
1739360 326
1739370 326
1739380 325
1739390 325
1739400 325
1739410 324
1739420 324
1739430 324
1739440 324
1739450 324
1739460 323
1739470 323
1739480 323
1739490 322
1739500 322
1739510 322
1739520 321
1739530 321
1739540 321
1739550 320
1739560 320
1739570 320
1739580 320
1739590 319
1739600 319
1739610 319
1739620 318
1739630 318
1739640 318
1739650 317
1739660 316
1739670 316
1739680 316
1739690 315
1739700 315
1739710 314
1739720 314
1739730 314
1739740 313
1739750 314
1739760 314
1739770 314
1739780 313
1739790 313
1739800 313
1739810 312
1739820 311
1739830 311
1739840 311
1739850 311
1739860 311
1739870 310
1739880 310
1739890 310
1739900 310
1739910 310
1739920 310
1739930 310
1739940 309
1739950 309
1739960 309
1739970 309
1739980 309
1739990 309
