1720000 291
1720010 291
1720020 290
1720030 290
1720040 290
1720050 289
1720060 289
1720070 289
1720080 288
1720090 288
1720100 288
1720110 288
1720120 287
1720130 287
1720140 287
1720150 287
1720160 287
1720170 287
1720180 287
1720190 287
1720200 287
1720210 287
1720220 287
1720230 287
1720240 287
1720250 287
1720260 287
1720270 287
1720280 287
1720290 287
1720300 287
1720310 286
1720320 286
1720330 287
1720340 287
1720350 287
1720360 287
1720370 287
1720380 287
1720390 287
1720400 287
1720410 287
1720420 287
1720430 287
1720440 287
1720450 287
1720460 287
1720470 287
1720480 287
1720490 287
1720500 287
1720510 287
1720520 287
1720530 287
1720540 287
1720550 287
1720560 287
1720570 287
1720580 287
1720590 287
1720600 286
1720610 286
1720620 286
1720630 286
1720640 286
1720650 287
1720660 287
1720670 287
1720680 287
1720690 287
1720700 287
1720710 287
1720720 287
1720730 287
1720740 287
1720750 287
1720760 287
1720770 287
1720780 287
1720790 286
1720800 286
1720810 286
1720820 286
1720830 286
1720840 286
1720850 286
1720860 286
1720870 286
1720880 286
1720890 286
1720900 286
1720910 286
1720920 286
1720930 286
1720940 286
1720950 286
1720960 286
1720970 286
1720980 286
1720990 286
1721000 286
1721010 286
1721020 286
1721030 286
1721040 286
1721050 286
1721060 285
1721070 285
1721080 285
1721090 285
1721100 285
1721110 285
1721120 285
1721130 285
1721140 285
1721150 285
1721160 285
1721170 285
1721180 285
1721190 285
1721200 285
1721210 285
1721220 285
1721230 285
1721240 285
1721250 285
1721260 285
1721270 285
1721280 285
1721290 285
1721300 285
1721310 285
1721320 285
1721330 284
1721340 284
1721350 285
1721360 285
1721370 285
1721380 285
1721390 285
1721400 285
1721410 285
1721420 285
1721430 285
1721440 285
1721450 285
1721460 285
1721470 285
1721480 285
1721490 285
1721500 285
1721510 285
1721520 284
1721530 284
1721540 284
1721550 284
1721560 284
1721570 284
1721580 284
1721590 284
1721600 284
1721610 284
1721620 284
1721630 284
1721640 284
1721650 284
1721660 284
1721670 284
1721680 284
1721690 284
1721700 284
1721710 284
1721720 284
1721730 284
1721740 284
1721750 284
1721760 284
1721770 284
1721780 284
1721790 283
1721800 283
1721810 283
1721820 283
1721830 284
1721840 284
1721850 284
1721860 284
1721870 283
1721880 283
1721890 283
1721900 284
1721910 284
1721920 284
1721930 283
1721940 283
1721950 283
1721960 283
1721970 283
1721980 283
1721990 283
1722000 283
1722010 283
1722020 283
1722030 283
1722040 283
1722050 283
1722060 283
1722070 283
1722080 283
1722090 283
1722100 283
1722110 283
1722120 284
1722130 284
1722140 284
1722150 284
1722160 284
1722170 284
1722180 284
1722190 284
1722200 284
1722210 284
1722220 284
1722230 284
1722240 284
1722250 284
1722260 284
1722270 283
1722280 281
1722290 281
1722300 282
1722310 284
1722320 284
1722330 284
1722340 284
1722350 284
1722360 284
1722370 284
1722380 284
1722390 284
1722400 284
1722410 284
1722420 284
1722430 284
1722440 284
1722450 284
1722460 284
1722470 284
1722480 284
1722490 284
1722500 284
1722510 284
1722520 284
1722530 284
1722540 284
1722550 284
1722560 284
1722570 284
1722580 284
1722590 285
1722600 285
1722610 285
1722620 285
1722630 285
1722640 285
1722650 286
1722660 286
1722670 286
1722680 287
1722690 287
1722700 287
1722710 287
1722720 288
1722730 289
1722740 289
1722750 289
1722760 290
1722770 290
1722780 290
1722790 290
1722800 290
1722810 291
1722820 291
1722830 291
1722840 291
1722850 290
1722860 290
1722870 291
1722880 291
1722890 291
1722900 290
1722910 290
1722920 290
1722930 290
1722940 290
1722950 290
1722960 290
1722970 289
1722980 292
1722990 292
1723000 293
1723010 294
1723020 294
1723030 294
1723040 295
1723050 295
1723060 297
1723070 298
1723080 298
1723090 300
1723100 301
1723110 303
1723120 303
1723130 305
1723140 307
1723150 307
1723160 308
1723170 309
1723180 309
1723190 311
1723200 312
1723210 312
1723220 314
1723230 316
1723240 316
1723250 317
1723260 319
1723270 320
1723280 320
1723290 321
1723300 322
1723310 322
1723320 324
1723330 326
1723340 326
1723350 328
1723360 329
1723370 329
1723380 331
1723390 333
1723400 333
1723410 335
1723420 336
1723430 336
1723440 337
1723450 336
1723460 334
1723470 334
1723480 332
1723490 328
1723500 328
1723510 324
1723520 321
1723530 321
1723540 320
1723550 318
1723560 318
1723570 315
1723580 314
1723590 314
1723600 313
1723610 312
1723620 312
1723630 311
1723640 310
1723650 309
1723660 309
1723670 309
1723680 308
1723690 308
1723700 307
1723710 307
1723720 307
1723730 307
1723740 306
1723750 306
1723760 306
1723770 305
1723780 305
1723790 304
1723800 303
1723810 303
1723820 303
1723830 302
1723840 302
1723850 302
1723860 301
1723870 300
1723880 300
1723890 299
1723900 296
1723910 296
1723920 294
1723930 293
1723940 293
1723950 292
1723960 292
1723970 292
1723980 293
1723990 293
1724000 293
1724010 293
1724020 294
1724030 295
1724040 295
1724050 296
1724060 297
1724070 297
1724080 298
1724090 299
1724100 299
1724110 301
1724120 302
1724130 302
1724140 304
1724150 306
1724160 306
1724170 309
1724180 311
1724190 312
1724200 312
1724210 313
1724220 313
1724230 313
1724240 313
1724250 312
1724260 312
1724270 312
1724280 312
1724290 312
1724300 311
1724310 311
1724320 311
1724330 311
1724340 310
1724350 310
1724360 310
1724370 309
1724380 310
1724390 310
1724400 310
1724410 311
1724420 311
1724430 313
1724440 315
1724450 315
1724460 316
1724470 317
1724480 317
1724490 318
1724500 318
1724510 318
1724520 318
1724530 319
1724540 319
1724550 320
1724560 320
1724570 321
1724580 321
1724590 321
1724600 322
1724610 322
1724620 322
1724630 323
1724640 323
1724650 324
1724660 324
1724670 323
1724680 324
1724690 324
1724700 324
1724710 325
1724720 324
1724730 324
1724740 323
1724750 322
1724760 321
1724770 321
1724780 319
1724790 317
1724800 317
1724810 315
1724820 313
1724830 313
1724840 311
1724850 307
1724860 307
1724870 304
1724880 302
1724890 302
1724900 302
1724910 301
1724920 301
1724930 300
1724940 300
1724950 299
1724960 299
1724970 298
1724980 297
1724990 297
1725000 296
1725010 294
1725020 294
1725030 292
1725040 291
1725050 291
1725060 289
1725070 288
1725080 288
1725090 287
1725100 287
1725110 290
1725120 290
1725130 291
1725140 293
1725150 293
1725160 294
1725170 295
1725180 295
1725190 296
1725200 293
1725210 293
1725220 291
1725230 292
1725240 292
1725250 292
1725260 291
1725270 291
1725280 291
1725290 291
1725300 289
1725310 289
1725320 289
1725330 287
1725340 287
1725350 287
1725360 286
1725370 286
1725380 285
1725390 284
1725400 284
1725410 284
1725420 284
1725430 284
1725440 284
1725450 284
1725460 284
1725470 283
1725480 283
1725490 282
1725500 282
1725510 281
1725520 281
1725530 281
1725540 280
1725550 279
1725560 279
1725570 278
1725580 279
1725590 279
1725600 279
1725610 279
1725620 279
1725630 279
1725640 279
1725650 279
1725660 279
1725670 279
1725680 279
1725690 279
1725700 279
1725710 279
1725720 279
1725730 279
1725740 279
1725750 279
1725760 279
1725770 279
1725780 279
1725790 279
1725800 279
1725810 279
1725820 279
1725830 278
1725840 278
1725850 279
1725860 278
1725870 278
1725880 278
1725890 278
1725900 278
1725910 278
1725920 279
1725930 281
1725940 281
1725950 281
1725960 281
1725970 281
1725980 281
1725990 281
1726000 281
1726010 281
1726020 281
1726030 281
1726040 281
1726050 280
1726060 278
1726070 278
1726080 278
1726090 278
1726100 278
1726110 282
1726120 282
1726130 282
1726140 282
1726150 282
1726160 282
1726170 282
1726180 282
1726190 282
1726200 282
1726210 282
1726220 282
1726230 282
1726240 282
1726250 282
1726260 282
1726270 282
1726280 282
1726290 282
1726300 282
1726310 281
1726320 281
1726330 280
1726340 280
1726350 280
1726360 280
1726370 281
1726380 281
1726390 284
1726400 284
1726410 284
1726420 284
1726430 286
1726440 289
1726450 289
1726460 290
1726470 290
1726480 290
1726490 290
1726500 290
1726510 290
1726520 290
1726530 287
1726540 287
1726550 289
1726560 289
1726570 289
1726580 291
1726590 290
1726600 292
1726610 292
1726620 297
1726630 297
1726640 297
1726650 298
1726660 297
1726670 297
1726680 297
1726690 297
1726700 297
1726710 298
1726720 298
1726730 298
1726740 298
1726750 299
1726760 299
1726770 299
1726780 300
1726790 300
1726800 300
1726810 301
1726820 301
1726830 301
1726840 302
1726850 302
1726860 302
1726870 303
1726880 304
1726890 304
1726900 305
1726910 305
1726920 305
1726930 306
1726940 307
1726950 307
1726960 307
1726970 308
1726980 309
1726990 309
1727000 310
1727010 310
1727020 310
1727030 311
1727040 311
1727050 311
1727060 311
1727070 311
1727080 311
1727090 311
1727100 311
1727110 311
1727120 310
1727130 310
1727140 310
1727150 310
1727160 310
1727170 310
1727180 310
1727190 309
1727200 309
1727210 309
1727220 309
1727230 308
1727240 308
1727250 308
1727260 307
1727270 307
1727280 307
1727290 307
1727300 307
1727310 306
1727320 306
1727330 306
1727340 306
1727350 305
1727360 305
1727370 305
1727380 305
1727390 304
1727400 304
1727410 304
1727420 304
1727430 304
1727440 303
1727450 303
1727460 303
1727470 303
1727480 303
1727490 303
1727500 303
1727510 303
1727520 303
1727530 303
1727540 303
1727550 303
1727560 303
1727570 303
1727580 303
1727590 303
1727600 303
1727610 303
1727620 303
1727630 303
1727640 303
1727650 303
1727660 303
1727670 303
1727680 303
1727690 302
1727700 302
1727710 301
1727720 301
1727730 301
1727740 301
1727750 301
1727760 301
1727770 301
1727780 301
1727790 301
1727800 301
1727810 301
1727820 301
1727830 301
1727840 301
1727850 301
1727860 301
1727870 301
1727880 301
1727890 301
1727900 301
1727910 301
1727920 301
1727930 301
1727940 301
1727950 301
1727960 301
1727970 301
1727980 300
1727990 300
1728000 300
1728010 300
1728020 300
1728030 300
1728040 300
1728050 300
1728060 300
1728070 300
1728080 300
1728090 300
1728100 300
1728110 300
1728120 300
1728130 300
1728140 300
1728150 299
1728160 299
1728170 299
1728180 299
1728190 299
1728200 299
1728210 299
1728220 299
1728230 299
1728240 299
1728250 299
1728260 299
1728270 299
1728280 298
1728290 298
1728300 297
1728310 296
1728320 296
1728330 295
1728340 295
1728350 295
1728360 294
1728370 293
1728380 293
1728390 293
1728400 293
1728410 293
1728420 292
1728430 292
1728440 292
1728450 292
1728460 292
1728470 292
1728480 292
1728490 292
1728500 293
1728510 293
1728520 292
1728530 292
1728540 292
1728550 292
1728560 292
1728570 292
1728580 292
1728590 292
1728600 292
1728610 292
1728620 292
1728630 292
1728640 292
1728650 292
1728660 292
1728670 292
1728680 292
1728690 292
1728700 292
1728710 292
1728720 292
1728730 292
1728740 292
1728750 292
1728760 292
1728770 292
1728780 292
1728790 292
1728800 292
1728810 292
1728820 292
1728830 292
1728840 292
1728850 292
1728860 292
1728870 292
1728880 292
1728890 292
1728900 292
1728910 292
1728920 292
1728930 292
1728940 292
1728950 292
1728960 292
1728970 292
1728980 292
1728990 292
1729000 291
1729010 291
1729020 291
1729030 290
1729040 290
1729050 290
1729060 291
1729070 292
1729080 292
1729090 292
1729100 292
1729110 292
1729120 291
1729130 291
1729140 291
1729150 291
1729160 291
1729170 291
1729180 291
1729190 291
1729200 291
1729210 291
1729220 291
1729230 291
1729240 291
1729250 291
1729260 291
1729270 291
1729280 291
1729290 290
1729300 290
1729310 290
1729320 290
1729330 290
1729340 290
1729350 290
1729360 290
1729370 290
1729380 290
1729390 290
1729400 290
1729410 289
1729420 289
1729430 289
1729440 290
1729450 290
1729460 290
1729470 290
1729480 289
1729490 289
1729500 289
1729510 289
1729520 289
1729530 289
1729540 289
1729550 289
1729560 289
1729570 287
1729580 287
1729590 287
1729600 286
1729610 284
1729620 284
1729630 284
1729640 284
1729650 284
1729660 285
1729670 285
1729680 285
1729690 285
1729700 282
1729710 281
1729720 281
1729730 281
1729740 281
1729750 281
1729760 281
1729770 281
1729780 281
1729790 281
1729800 281
1729810 281
1729820 281
1729830 284
1729840 284
1729850 285
1729860 285
1729870 285
1729880 286
1729890 286
1729900 286
1729910 286
1729920 285
1729930 285
1729940 285
1729950 285
1729960 285
1729970 285
1729980 285
1729990 286
1730000 286
1730010 286
1730020 286
1730030 286
1730040 285
1730050 285
1730060 285
1730070 285
1730080 285
1730090 285
1730100 285
1730110 286
1730120 286
1730130 286
1730140 286
1730150 286
1730160 286
1730170 285
1730180 285
1730190 285
1730200 285
1730210 285
1730220 285
1730230 285
1730240 286
1730250 286
1730260 286
1730270 287
1730280 286
1730290 286
1730300 286
1730310 287
1730320 287
1730330 285
1730340 285
1730350 285
1730360 285
1730370 285
1730380 285
1730390 284
1730400 282
1730410 282
1730420 282
1730430 282
1730440 282
1730450 282
1730460 282
1730470 282
1730480 282
1730490 282
1730500 282
1730510 282
1730520 283
1730530 283
1730540 283
1730550 284
1730560 284
1730570 284
1730580 284
1730590 284
1730600 284
1730610 284
1730620 283
1730630 283
1730640 283
1730650 283
1730660 283
1730670 283
1730680 283
1730690 283
1730700 283
1730710 283
1730720 283
1730730 283
1730740 283
1730750 283
1730760 283
1730770 283
1730780 283
1730790 283
1730800 283
1730810 283
1730820 283
1730830 283
1730840 283
1730850 283
1730860 283
1730870 283
1730880 283
1730890 283
1730900 283
1730910 283
1730920 283
1730930 283
1730940 283
1730950 283
1730960 284
1730970 284
1730980 284
1730990 284
1731000 284
1731010 285
1731020 285
1731030 284
1731040 284
1731050 284
1731060 285
1731070 285
1731080 285
1731090 284
1731100 285
1731110 285
1731120 285
1731130 285
1731140 285
1731150 285
1731160 285
1731170 285
1731180 285
1731190 285
1731200 286
1731210 286
1731220 286
1731230 285
1731240 285
1731250 285
1731260 285
1731270 285
1731280 284
1731290 284
1731300 284
1731310 284
1731320 286
1731330 286
1731340 285
1731350 285
1731360 285
1731370 285
1731380 284
1731390 284
1731400 284
1731410 284
1731420 284
1731430 284
1731440 284
1731450 283
1731460 283
1731470 283
1731480 283
1731490 283
1731500 283
1731510 283
1731520 283
1731530 283
1731540 283
1731550 283
1731560 283
1731570 283
1731580 283
1731590 283
1731600 283
1731610 283
1731620 283
1731630 283
1731640 283
1731650 283
1731660 283
1731670 283
1731680 283
1731690 283
1731700 283
1731710 283
1731720 283
1731730 283
1731740 283
1731750 283
1731760 283
1731770 283
1731780 283
1731790 283
1731800 283
1731810 283
1731820 283
1731830 283
1731840 283
1731850 283
1731860 283
1731870 283
1731880 283
1731890 283
1731900 283
1731910 283
1731920 283
1731930 283
1731940 283
1731950 283
1731960 283
1731970 283
1731980 283
1731990 283
1732000 283
1732010 283
1732020 283
1732030 283
1732040 283
1732050 283
1732060 283
1732070 284
1732080 284
1732090 284
1732100 284
1732110 284
1732120 284
1732130 284
1732140 285
1732150 282
1732160 282
1732170 284
1732180 284
1732190 284
1732200 284
1732210 284
1732220 284
1732230 284
1732240 284
1732250 284
1732260 284
1732270 284
1732280 284
1732290 284
1732300 284
1732310 284
1732320 284
1732330 284
1732340 283
1732350 283
1732360 283
1732370 283
1732380 283
1732390 283
1732400 283
1732410 283
1732420 283
1732430 283
1732440 283
1732450 283
1732460 283
1732470 283
1732480 283
1732490 283
1732500 283
1732510 283
1732520 283
1732530 283
1732540 283
1732550 283
1732560 283
1732570 283
1732580 283
1732590 283
1732600 283
1732610 283
1732620 283
1732630 283
1732640 283
1732650 283
1732660 283
1732670 283
1732680 283
1732690 283
1732700 283
1732710 283
1732720 283
1732730 283
1732740 283
1732750 283
1732760 283
1732770 283
1732780 283
1732790 283
1732800 283
1732810 283
1732820 283
1732830 283
1732840 283
1732850 283
1732860 283
1732870 283
1732880 283
1732890 283
1732900 283
1732910 283
1732920 283
1732930 283
1732940 283
1732950 283
1732960 283
1732970 283
1732980 283
1732990 283
1733000 283
1733010 283
1733020 282
1733030 282
1733040 283
1733050 283
1733060 283
1733070 283
1733080 283
1733090 282
1733100 282
1733110 282
1733120 282
1733130 282
1733140 282
1733150 282
1733160 282
1733170 282
1733180 282
1733190 282
1733200 282
1733210 282
1733220 282
1733230 282
1733240 282
1733250 282
1733260 282
1733270 282
1733280 282
1733290 282
1733300 282
1733310 282
1733320 282
1733330 282
1733340 282
1733350 282
1733360 282
1733370 282
1733380 281
1733390 281
1733400 281
1733410 281
1733420 281
1733430 281
1733440 281
1733450 281
1733460 281
1733470 281
1733480 281
1733490 281
1733500 281
1733510 281
1733520 281
1733530 281
1733540 281
1733550 281
1733560 281
1733570 281
1733580 281
1733590 281
1733600 281
1733610 281
1733620 281
1733630 281
1733640 280
1733650 280
1733660 281
1733670 281
1733680 281
1733690 281
1733700 281
1733710 281
1733720 281
1733730 282
1733740 282
1733750 283
1733760 284
1733770 285
1733780 285
1733790 286
1733800 286
1733810 286
1733820 287
1733830 287
1733840 287
1733850 287
1733860 287
1733870 287
1733880 287
1733890 287
1733900 287
1733910 287
1733920 287
1733930 287
1733940 287
1733950 287
1733960 287
1733970 287
1733980 287
1733990 287
1734000 287
1734010 287
1734020 287
1734030 287
1734040 287
1734050 287
1734060 287
1734070 287
1734080 287
1734090 287
1734100 287
1734110 287
1734120 287
1734130 287
1734140 287
1734150 287
1734160 287
1734170 287
1734180 287
1734190 287
1734200 287
1734210 287
1734220 287
1734230 287
1734240 287
1734250 287
1734260 287
1734270 287
1734280 287
1734290 287
1734300 287
1734310 287
1734320 287
1734330 287
1734340 287
1734350 287
1734360 287
1734370 287
1734380 287
1734390 287
1734400 287
1734410 287
1734420 288
1734430 288
1734440 288
1734450 288
1734460 288
1734470 288
1734480 288
1734490 288
1734500 288
1734510 288
1734520 288
1734530 289
1734540 289
1734550 288
1734560 289
1734570 289
1734580 289
1734590 289
1734600 289
1734610 288
1734620 288
1734630 288
1734640 288
1734650 290
1734660 290
1734670 289
1734680 289
1734690 289
1734700 289
1734710 289
1734720 289
1734730 289
1734740 289
1734750 290
1734760 290
1734770 289
1734780 289
1734790 289
1734800 290
1734810 290
1734820 290
1734830 290
1734840 290
1734850 290
1734860 290
1734870 290
1734880 290
1734890 290
1734900 290
1734910 290
1734920 290
1734930 290
1734940 290
1734950 290
1734960 290
1734970 290
1734980 290
1734990 290
1735000 290
1735010 290
1735020 290
1735030 290
1735040 290
1735050 290
1735060 290
1735070 290
1735080 290
1735090 290
1735100 290
1735110 290
1735120 290
1735130 290
1735140 290
1735150 290
1735160 289
1735170 289
1735180 289
1735190 290
1735200 290
1735210 290
1735220 290
1735230 290
1735240 290
1735250 290
1735260 290
1735270 290
1735280 290
1735290 290
1735300 290
1735310 290
1735320 290
1735330 290
1735340 290
1735350 290
1735360 290
1735370 290
1735380 290
1735390 290
1735400 290
1735410 290
1735420 290
1735430 290
1735440 290
1735450 290
1735460 290
1735470 290
1735480 290
1735490 290
1735500 290
1735510 290
1735520 290
1735530 290
1735540 290
1735550 290
1735560 290
1735570 290
1735580 290
1735590 290
1735600 290
1735610 291
1735620 291
1735630 291
1735640 291
1735650 291
1735660 291
1735670 291
1735680 291
1735690 291
1735700 291
1735710 291
1735720 291
1735730 291
1735740 291
1735750 291
1735760 291
1735770 291
1735780 291
1735790 291
1735800 292
1735810 292
1735820 292
1735830 292
1735840 292
1735850 292
1735860 292
1735870 292
1735880 293
1735890 293
1735900 293
1735910 294
1735920 295
1735930 295
1735940 295
1735950 296
1735960 296
1735970 298
1735980 301
1735990 302
1736000 302
1736010 303
1736020 308
1736030 308
1736040 310
1736050 312
1736060 312
1736070 313
1736080 315
1736090 315
1736100 321
1736110 327
1736120 327
1736130 329
1736140 327
1736150 327
1736160 325
1736170 322
1736180 320
1736190 320
1736200 318
1736210 315
1736220 315
1736230 310
1736240 306
1736250 306
1736260 304
1736270 303
1736280 303
1736290 303
1736300 303
1736310 303
1736320 302
1736330 305
1736340 308
1736350 308
1736360 310
1736370 312
1736380 312
1736390 313
1736400 315
1736410 315
1736420 319
1736430 319
1736440 319
1736450 321
1736460 320
1736470 320
1736480 321
1736490 321
1736500 321
1736510 319
1736520 319
1736530 317
1736540 317
1736550 316
1736560 314
1736570 314
1736580 312
1736590 313
1736600 313
1736610 313
1736620 313
1736630 313
1736640 314
1736650 314
1736660 314
1736670 313
1736680 312
1736690 312
1736700 312
1736710 314
1736720 315
1736730 315
1736740 315
1736750 315
1736760 315
1736770 316
1736780 315
1736790 315
1736800 317
1736810 316
1736820 316
1736830 317
1736840 316
1736850 316
1736860 313
1736870 313
1736880 313
1736890 313
1736900 313
1736910 314
1736920 314
1736930 314
1736940 313
1736950 313
1736960 312
1736970 313
1736980 313
1736990 318
1737000 321
1737010 321
1737020 324
1737030 326
1737040 326
1737050 327
1737060 325
1737070 325
1737080 325
1737090 326
1737100 328
1737110 328
1737120 330
1737130 330
1737140 330
1737150 329
1737160 329
1737170 329
1737180 333
1737190 333
1737200 331
1737210 332
1737220 333
1737230 333
1737240 332
1737250 334
1737260 336
1737270 336
1737280 341
1737290 346
1737300 346
1737310 350
1737320 353
1737330 353
1737340 353
1737350 355
1737360 355
1737370 358
1737380 361
1737390 361
1737400 365
1737410 368
1737420 368
1737430 370
1737440 371
1737450 373
1737460 373
1737470 375
1737480 377
1737490 377
1737500 378
1737510 380
1737520 380
1737530 381
1737540 382
1737550 382
1737560 383
1737570 383
1737580 383
1737590 384
1737600 385
1737610 385
1737620 385
1737630 387
1737640 388
1737650 388
1737660 389
1737670 390
1737680 390
1737690 391
1737700 391
1737710 391
1737720 393
1737730 393
1737740 393
1737750 395
1737760 396
1737770 396
1737780 398
1737790 399
1737800 399
1737810 400
1737820 401
1737830 403
1737840 403
1737850 404
1737860 405
1737870 405
1737880 406
1737890 408
1737900 408
1737910 409
1737920 411
1737930 411
1737940 412
1737950 413
1737960 413
1737970 414
1737980 414
1737990 414
1738000 414
1738010 413
1738020 412
1738030 412
1738040 411
1738050 409
1738060 409
1738070 407
1738080 405
1738090 405
1738100 402
1738110 397
1738120 397
1738130 393
1738140 391
1738150 391
1738160 388
1738170 387
1738180 387
1738190 387
1738200 387
1738210 387
1738220 387
1738230 386
1738240 385
1738250 385
1738260 386
1738270 387
1738280 387
1738290 387
1738300 387
1738310 387
1738320 387
1738330 386
1738340 386
1738350 386
1738360 386
1738370 386
1738380 386
1738390 385
1738400 385
1738410 385
1738420 385
1738430 385
1738440 385
1738450 386
1738460 386
1738470 386
1738480 385
1738490 384
1738500 384
1738510 384
1738520 383
1738530 383
1738540 382
1738550 381
1738560 380
1738570 380
1738580 379
1738590 379
1738600 379
1738610 378
1738620 377
1738630 377
1738640 376
1738650 375
1738660 375
1738670 374
1738680 373
1738690 373
1738700 372
1738710 371
1738720 371
1738730 369
1738740 368
1738750 367
1738760 367
1738770 365
1738780 364
1738790 364
1738800 362
1738810 361
1738820 361
1738830 359
1738840 358
1738850 358
1738860 356
1738870 354
1738880 354
1738890 354
1738900 353
1738910 353
1738920 350
1738930 350
1738940 351
1738950 351
1738960 354
1738970 355
1738980 355
1738990 355
1739000 356
1739010 356
1739020 355
1739030 355
1739040 355
1739050 355
1739060 355
1739070 355
1739080 355
1739090 354
1739100 354
1739110 354
1739120 353
1739130 353
1739140 353
1739150 352
1739160 352
1739170 352
1739180 351
1739190 350
1739200 350
1739210 349
1739220 348
1739230 348
1739240 346
1739250 345
1739260 345
1739270 343
1739280 342
1739290 339
1739300 339
1739310 338
1739320 336
1739330 336
1739340 335
1739350 333
1739360 333
1739370 332
1739380 330
1739390 330
1739400 330
1739410 330
1739420 330
1739430 330
1739440 329
1739450 329
1739460 329
1739470 327
1739480 327
1739490 327
1739500 327
1739510 327
1739520 327
1739530 326
1739540 325
1739550 325
1739560 325
1739570 325
1739580 325
1739590 324
1739600 325
1739610 325
1739620 324
1739630 322
1739640 322
1739650 323
1739660 323
1739670 323
1739680 323
1739690 324
1739700 324
1739710 324
1739720 324
1739730 324
1739740 324
1739750 324
1739760 325
1739770 325
1739780 325
1739790 325
1739800 325
1739810 326
1739820 326
1739830 326
1739840 326
1739850 327
1739860 328
1739870 328
1739880 327
1739890 328
1739900 328
1739910 330
1739920 330
1739930 330
1739940 329
1739950 328
1739960 328
1739970 327
1739980 325
1739990 325
