1720000 348
1720010 348
1720020 347
1720030 346
1720040 346
1720050 344
1720060 342
1720070 341
1720080 341
1720090 339
1720100 338
1720110 338
1720120 337
1720130 336
1720140 336
1720150 335
1720160 334
1720170 334
1720180 334
1720190 333
1720200 333
1720210 333
1720220 332
1720230 332
1720240 331
1720250 330
1720260 329
1720270 329
1720280 328
1720290 328
1720300 328
1720310 327
1720320 326
1720330 326
1720340 324
1720350 322
1720360 322
1720370 321
1720380 319
1720390 319
1720400 317
1720410 316
1720420 316
1720430 316
1720440 315
1720450 316
1720460 316
1720470 316
1720480 317
1720490 317
1720500 318
1720510 320
1720520 320
1720530 321
1720540 322
1720550 322
1720560 323
1720570 325
1720580 325
1720590 326
1720600 328
1720610 328
1720620 330
1720630 331
1720640 332
1720650 332
1720660 333
1720670 334
1720680 334
1720690 336
1720700 337
1720710 337
1720720 338
1720730 339
1720740 339
1720750 340
1720760 342
1720770 342
1720780 343
1720790 345
1720800 346
1720810 346
1720820 347
1720830 349
1720840 349
1720850 351
1720860 353
1720870 353
1720880 354
1720890 357
1720900 357
1720910 359
1720920 361
1720930 361
1720940 361
1720950 361
1720960 361
1720970 360
1720980 360
1720990 357
1721000 357
1721010 356
1721020 354
1721030 354
1721040 353
1721050 352
1721060 352
1721070 350
1721080 349
1721090 349
1721100 347
1721110 345
1721120 345
1721130 344
1721140 343
1721150 343
1721160 342
1721170 341
1721180 340
1721190 340
1721200 338
1721210 337
1721220 337
1721230 336
1721240 334
1721250 334
1721260 332
1721270 330
1721280 330
1721290 328
1721300 326
1721310 326
1721320 325
1721330 324
1721340 324
1721350 322
1721360 321
1721370 320
1721380 320
1721390 318
1721400 318
1721410 318
1721420 319
1721430 318
1721440 318
1721450 315
1721460 304
1721470 304
1721480 305
1721490 313
1721500 313
1721510 313
1721520 308
1721530 308
1721540 313
1721550 315
1721560 316
1721570 316
1721580 316
1721590 317
1721600 317
1721610 319
1721620 320
1721630 320
1721640 321
1721650 323
1721660 323
1721670 324
1721680 325
1721690 325
1721700 326
1721710 327
1721720 327
1721730 329
1721740 330
1721750 331
1721760 331
1721770 331
1721780 332
1721790 332
1721800 332
1721810 333
1721820 333
1721830 333
1721840 333
1721850 333
1721860 332
1721870 332
1721880 332
1721890 332
1721900 331
1721910 331
1721920 330
1721930 330
1721940 329
1721950 329
1721960 329
1721970 329
1721980 329
1721990 329
1722000 330
1722010 330
1722020 330
1722030 331
1722040 331
1722050 331
1722060 331
1722070 331
1722080 331
1722090 330
1722100 329
1722110 329
1722120 329
1722130 328
1722140 328
1722150 327
1722160 326
1722170 326
1722180 324
1722190 323
1722200 323
1722210 321
1722220 319
1722230 319
1722240 318
1722250 317
1722260 317
1722270 317
1722280 317
1722290 317
1722300 317
1722310 316
1722320 316
1722330 316
1722340 316
1722350 316
1722360 316
1722370 316
1722380 317
1722390 317
1722400 318
1722410 319
1722420 319
1722430 319
1722440 320
1722450 320
1722460 321
1722470 321
1722480 321
1722490 321
1722500 321
1722510 322
1722520 322
1722530 322
1722540 324
1722550 324
1722560 324
1722570 324
1722580 324
1722590 322
1722600 322
1722610 322
1722620 322
1722630 321
1722640 321
1722650 321
1722660 321
1722670 320
1722680 320
1722690 319
1722700 318
1722710 318
1722720 318
1722730 317
1722740 317
1722750 317
1722760 316
1722770 316
1722780 315
1722790 315
1722800 315
1722810 315
1722820 314
1722830 314
1722840 314
1722850 314
1722860 314
1722870 314
1722880 314
1722890 312
1722900 312
1722910 313
1722920 311
1722930 311
1722940 307
1722950 306
1722960 306
1722970 306
1722980 306
1722990 306
1723000 305
1723010 304
1723020 304
1723030 303
1723040 302
1723050 301
1723060 301
1723070 300
1723080 300
1723090 300
1723100 299
1723110 299
1723120 299
1723130 299
1723140 299
1723150 299
1723160 299
1723170 298
1723180 298
1723190 298
1723200 298
1723210 298
1723220 298
1723230 297
1723240 297
1723250 297
1723260 296
1723270 296
1723280 296
1723290 295
1723300 295
1723310 295
1723320 295
1723330 294
1723340 294
1723350 294
1723360 293
1723370 293
1723380 293
1723390 293
1723400 293
1723410 293
1723420 292
1723430 292
1723440 292
1723450 292
1723460 292
1723470 292
1723480 293
1723490 293
1723500 293
1723510 292
1723520 293
1723530 293
1723540 292
1723550 293
1723560 293
1723570 293
1723580 292
1723590 292
1723600 292
1723610 292
1723620 292
1723630 292
1723640 292
1723650 292
1723660 292
1723670 292
1723680 292
1723690 292
1723700 293
1723710 293
1723720 293
1723730 293
1723740 293
1723750 293
1723760 293
1723770 293
1723780 293
1723790 293
1723800 293
1723810 293
1723820 293
1723830 294
1723840 293
1723850 293
1723860 294
1723870 294
1723880 294
1723890 294
1723900 294
1723910 294
1723920 294
1723930 294
1723940 294
1723950 295
1723960 296
1723970 296
1723980 296
1723990 297
1724000 298
1724010 298
1724020 299
1724030 299
1724040 299
1724050 300
1724060 301
1724070 301
1724080 302
1724090 303
1724100 303
1724110 304
1724120 305
1724130 305
1724140 307
1724150 309
1724160 312
1724170 312
1724180 314
1724190 316
1724200 316
1724210 318
1724220 322
1724230 322
1724240 327
1724250 328
1724260 328
1724270 327
1724280 329
1724290 329
1724300 328
1724310 330
1724320 330
1724330 332
1724340 332
1724350 330
1724360 330
1724370 329
1724380 329
1724390 329
1724400 328
1724410 330
1724420 330
1724430 332
1724440 333
1724450 333
1724460 335
1724470 338
1724480 338
1724490 342
1724500 345
1724510 345
1724520 349
1724530 354
1724540 359
1724550 359
1724560 365
1724570 368
1724580 368
1724590 373
1724600 377
1724610 377
1724620 379
1724630 380
1724640 380
1724650 378
1724660 376
1724670 376
1724680 375
1724690 374
1724700 375
1724710 375
1724720 376
1724730 378
1724740 378
1724750 382
1724760 386
1724770 386
1724780 388
1724790 389
1724800 389
1724810 389
1724820 388
1724830 388
1724840 384
1724850 380
1724860 380
1724870 374
1724880 367
1724890 357
1724900 357
1724910 359
1724920 361
1724930 361
1724940 362
1724950 358
1724960 358
1724970 356
1724980 356
1724990 356
1725000 357
1725010 365
1725020 365
1725030 372
1725040 377
1725050 377
1725060 382
1725070 388
1725080 392
1725090 392
1725100 393
1725110 393
1725120 393
1725130 391
1725140 390
1725150 390
1725160 391
1725170 390
1725180 390
1725190 385
1725200 381
1725210 381
1725220 390
1725230 393
1725240 393
1725250 397
1725260 402
1725270 406
1725280 406
1725290 408
1725300 409
1725310 409
1725320 410
1725330 411
1725340 411
1725350 412
1725360 412
1725370 412
1725380 413
1725390 414
1725400 414
1725410 415
1725420 416
1725430 416
1725440 417
1725450 418
1725460 418
1725470 418
1725480 418
1725490 421
1725500 421
1725510 424
1725520 426
1725530 426
1725540 431
1725550 432
1725560 432
1725570 434
1725580 435
1725590 435
1725600 437
1725610 439
1725620 439
1725630 441
1725640 443
1725650 445
1725660 445
1725670 449
1725680 453
1725690 453
1725700 455
1725710 457
1725720 457
1725730 458
1725740 458
1725750 458
1725760 457
1725770 455
1725780 455
1725790 454
1725800 453
1725810 453
1725820 450
1725830 451
1725840 449
1725850 449
1725860 447
1725870 444
1725880 444
1725890 442
1725900 442
1725910 442
1725920 442
1725930 442
1725940 442
1725950 442
1725960 444
1725970 444
1725980 445
1725990 445
1726000 446
1726010 446
1726020 447
1726030 449
1726040 449
1726050 451
1726060 452
1726070 452
1726080 454
1726090 456
1726100 456
1726110 457
1726120 458
1726130 458
1726140 459
1726150 460
1726160 460
1726170 460
1726180 459
1726190 463
1726200 463
1726210 465
1726220 467
1726230 467
1726240 470
1726250 475
1726260 475
1726270 480
1726280 484
1726290 484
1726300 489
1726310 493
1726320 493
1726330 498
1726340 502
1726350 502
1726360 505
1726370 508
1726380 511
1726390 511
1726400 514
1726410 517
1726420 517
1726430 520
1726440 524
1726450 524
1726460 527
1726470 527
1726480 527
1726490 527
1726500 526
1726510 526
1726520 527
1726530 529
1726540 529
1726550 531
1726560 534
1726570 537
1726580 537
1726590 538
1726600 540
1726610 540
1726620 541
1726630 541
1726640 541
1726650 541
1726660 541
1726670 541
1726680 540
1726690 539
1726700 539
1726710 537
1726720 535
1726730 535
1726740 532
1726750 527
1726760 523
1726770 523
1726780 521
1726790 522
1726800 522
1726810 523
1726820 521
1726830 521
1726840 518
1726850 514
1726860 514
1726870 512
1726880 509
1726890 509
1726900 507
1726910 505
1726920 505
1726930 502
1726940 498
1726950 498
1726960 498
1726970 496
1726980 494
1726990 494
1727000 491
1727010 490
1727020 490
1727030 489
1727040 488
1727050 488
1727060 487
1727070 485
1727080 485
1727090 482
1727100 480
1727110 480
1727120 478
1727130 476
1727140 475
1727150 475
1727160 473
1727170 473
1727180 473
1727190 475
1727200 480
1727210 480
1727220 483
1727230 484
1727240 484
1727250 486
1727260 487
1727270 487
1727280 488
1727290 490
1727300 491
1727310 491
1727320 493
1727330 494
1727340 494
1727350 496
1727360 496
1727370 496
1727380 496
1727390 496
1727400 496
1727410 496
1727420 495
1727430 495
1727440 496
1727450 496
1727460 496
1727470 494
1727480 493
1727490 492
1727500 492
1727510 496
1727520 495
1727530 495
1727540 495
1727550 494
1727560 494
1727570 493
1727580 491
1727590 491
1727600 490
1727610 488
1727620 488
1727630 485
1727640 483
1727650 483
1727660 479
1727670 474
1727680 469
1727690 469
1727700 471
1727710 472
1727720 472
1727730 473
1727740 473
1727750 473
1727760 474
1727770 475
1727780 475
1727790 477
1727800 478
1727810 478
1727820 476
1727830 468
1727840 468
1727850 464
1727860 460
1727870 455
1727880 455
1727890 452
1727900 449
1727910 449
1727920 444
1727930 441
1727940 441
1727950 438
1727960 438
1727970 438
1727980 440
1727990 441
1728000 441
1728010 440
1728020 438
1728030 438
1728040 438
1728050 438
1728060 438
1728070 438
1728080 436
1728090 432
1728100 432
1728110 427
1728120 422
1728130 422
1728140 419
1728150 418
1728160 418
1728170 416
1728180 416
1728190 416
1728200 416
1728210 412
1728220 412
1728230 409
1728240 407
1728250 404
1728260 404
1728270 401
1728280 401
1728290 401
1728300 402
1728310 402
1728320 402
1728330 401
1728340 402
1728350 402
1728360 402
1728370 401
1728380 401
1728390 397
1728400 397
1728410 397
1728420 395
1728430 392
1728440 388
1728450 388
1728460 389
1728470 386
1728480 386
1728490 385
1728500 383
1728510 383
1728520 381
1728530 378
1728540 378
1728550 376
1728560 372
1728570 372
1728580 369
1728590 365
1728600 359
1728610 359
1728620 355
1728630 349
1728640 349
1728650 343
1728660 337
1728670 337
1728680 333
1728690 330
1728700 330
1728710 328
1728720 326
1728730 326
1728740 322
1728750 318
1728760 318
1728770 316
1728780 313
1728790 311
1728800 311
1728810 310
1728820 307
1728830 307
1728840 306
1728850 304
1728860 304
1728870 300
1728880 297
1728890 297
1728900 292
1728910 291
1728920 291
1728930 289
1728940 288
1728950 288
1728960 293
1728970 292
1728980 292
1728990 292
1729000 292
1729010 292
1729020 292
1729030 292
1729040 292
1729050 292
1729060 292
1729070 292
1729080 292
1729090 292
1729100 293
1729110 293
1729120 290
1729130 287
1729140 287
1729150 289
1729160 288
1729170 289
1729180 289
1729190 289
1729200 289
1729210 289
1729220 289
1729230 288
1729240 288
1729250 288
1729260 289
1729270 289
1729280 288
1729290 288
1729300 288
1729310 288
1729320 288
1729330 288
1729340 288
1729350 288
1729360 288
1729370 288
1729380 288
1729390 288
1729400 288
1729410 288
1729420 288
1729430 288
1729440 288
1729450 288
1729460 288
1729470 288
1729480 288
1729490 288
1729500 286
1729510 286
1729520 286
1729530 288
1729540 288
1729550 288
1729560 288
1729570 288
1729580 288
1729590 288
1729600 288
1729610 289
1729620 289
1729630 289
1729640 289
1729650 289
1729660 288
1729670 288
1729680 288
1729690 288
1729700 288
1729710 288
1729720 288
1729730 288
1729740 288
1729750 288
1729760 288
1729770 288
1729780 288
1729790 288
1729800 288
1729810 288
1729820 288
1729830 288
1729840 288
1729850 288
1729860 288
1729870 288
1729880 288
1729890 288
1729900 288
1729910 288
1729920 288
1729930 288
1729940 288
1729950 288
1729960 288
1729970 288
1729980 288
1729990 289
1730000 289
1730010 289
1730020 289
1730030 289
1730040 289
1730050 289
1730060 289
1730070 288
1730080 288
1730090 288
1730100 288
1730110 288
1730120 288
1730130 288
1730140 288
1730150 288
1730160 288
1730170 288
1730180 288
1730190 288
1730200 288
1730210 288
1730220 288
1730230 288
1730240 288
1730250 288
1730260 288
1730270 288
1730280 288
1730290 288
1730300 288
1730310 287
1730320 287
1730330 288
1730340 288
1730350 288
1730360 288
1730370 288
1730380 288
1730390 288
1730400 288
1730410 288
1730420 288
1730430 288
1730440 288
1730450 288
1730460 288
1730470 288
1730480 288
1730490 288
1730500 288
1730510 288
1730520 288
1730530 288
1730540 288
1730550 288
1730560 288
1730570 288
1730580 288
1730590 288
1730600 288
1730610 288
1730620 287
1730630 287
1730640 287
1730650 287
1730660 287
1730670 287
1730680 287
1730690 287
1730700 287
1730710 287
1730720 287
1730730 287
1730740 287
1730750 287
1730760 287
1730770 287
1730780 287
1730790 287
1730800 287
1730810 287
1730820 287
1730830 287
1730840 287
1730850 287
1730860 287
1730870 287
1730880 287
1730890 287
1730900 287
1730910 287
1730920 287
1730930 287
1730940 287
1730950 287
1730960 287
1730970 287
1730980 287
1730990 287
1731000 287
1731010 287
1731020 287
1731030 286
1731040 286
1731050 286
1731060 286
1731070 286
1731080 286
1731090 286
1731100 286
1731110 286
1731120 286
1731130 286
1731140 286
1731150 286
1731160 286
1731170 286
1731180 286
1731190 286
1731200 286
1731210 286
1731220 286
1731230 286
1731240 286
1731250 286
1731260 286
1731270 286
1731280 286
1731290 287
1731300 287
1731310 287
1731320 287
1731330 287
1731340 287
1731350 287
1731360 287
1731370 287
1731380 287
1731390 286
1731400 286
1731410 287
1731420 287
1731430 287
1731440 287
1731450 287
1731460 287
1731470 287
1731480 287
1731490 287
1731500 287
1731510 287
1731520 287
1731530 287
1731540 287
1731550 287
1731560 287
1731570 287
1731580 287
1731590 287
1731600 287
1731610 287
1731620 287
1731630 287
1731640 287
1731650 287
1731660 287
1731670 287
1731680 287
1731690 287
1731700 288
1731710 288
1731720 288
1731730 288
1731740 288
1731750 288
1731760 288
1731770 288
1731780 288
1731790 288
1731800 288
1731810 288
1731820 288
1731830 288
1731840 288
1731850 288
1731860 288
1731870 288
1731880 288
1731890 288
1731900 288
1731910 288
1731920 289
1731930 289
1731940 289
1731950 289
1731960 289
1731970 289
1731980 289
1731990 286
1732000 286
1732010 289
1732020 289
1732030 289
1732040 289
1732050 289
1732060 289
1732070 289
1732080 289
1732090 289
1732100 289
1732110 289
1732120 289
1732130 289
1732140 289
1732150 289
1732160 289
1732170 289
1732180 289
1732190 289
1732200 289
1732210 289
1732220 289
1732230 288
1732240 288
1732250 288
1732260 288
1732270 288
1732280 288
1732290 288
1732300 288
1732310 288
1732320 288
1732330 288
1732340 288
1732350 288
1732360 288
1732370 290
1732380 290
1732390 291
1732400 291
1732410 291
1732420 291
1732430 291
1732440 291
1732450 291
1732460 291
1732470 291
1732480 291
1732490 291
1732500 291
1732510 291
1732520 291
1732530 291
1732540 291
1732550 291
1732560 291
1732570 291
1732580 291
1732590 291
1732600 291
1732610 291
1732620 291
1732630 291
1732640 291
1732650 291
1732660 291
1732670 291
1732680 291
1732690 291
1732700 291
1732710 291
1732720 291
1732730 291
1732740 291
1732750 291
1732760 291
1732770 291
1732780 290
1732790 290
1732800 291
1732810 290
1732820 290
1732830 291
1732840 291
1732850 291
1732860 290
1732870 290
1732880 291
1732890 291
1732900 290
1732910 290
1732920 290
1732930 291
1732940 291
1732950 291
1732960 291
1732970 291
1732980 291
1732990 291
1733000 291
1733010 291
1733020 291
1733030 291
1733040 291
1733050 291
1733060 291
1733070 291
1733080 291
1733090 291
1733100 291
1733110 291
1733120 291
1733130 291
1733140 291
1733150 291
1733160 291
1733170 291
1733180 291
1733190 290
1733200 290
1733210 291
1733220 291
1733230 291
1733240 291
1733250 291
1733260 291
1733270 291
1733280 291
1733290 291
1733300 291
1733310 291
1733320 291
1733330 291
1733340 291
1733350 291
1733360 291
1733370 291
1733380 291
1733390 291
1733400 291
1733410 291
1733420 291
1733430 291
1733440 291
1733450 291
1733460 291
1733470 291
1733480 291
1733490 291
1733500 291
1733510 291
1733520 291
1733530 291
1733540 291
1733550 291
1733560 291
1733570 291
1733580 291
1733590 291
1733600 291
1733610 291
1733620 290
1733630 290
1733640 290
1733650 290
1733660 290
1733670 290
1733680 290
1733690 290
1733700 290
1733710 290
1733720 290
1733730 290
1733740 290
1733750 290
1733760 290
1733770 290
1733780 290
1733790 290
1733800 290
1733810 290
1733820 290
1733830 290
1733840 290
1733850 290
1733860 290
1733870 290
1733880 290
1733890 290
1733900 290
1733910 290
1733920 290
1733930 290
1733940 290
1733950 290
1733960 290
1733970 290
1733980 290
1733990 290
1734000 290
1734010 290
1734020 290
1734030 290
1734040 290
1734050 290
1734060 290
1734070 290
1734080 290
1734090 290
1734100 290
1734110 290
1734120 290
1734130 290
1734140 290
1734150 290
1734160 290
1734170 290
1734180 290
1734190 290
1734200 290
1734210 290
1734220 290
1734230 291
1734240 291
1734250 291
1734260 291
1734270 290
1734280 290
1734290 290
1734300 290
1734310 290
1734320 290
1734330 291
1734340 291
1734350 291
1734360 291
1734370 292
1734380 292
1734390 293
1734400 293
1734410 293
1734420 295
1734430 296
1734440 296
1734450 297
1734460 300
1734470 300
1734480 304
1734490 310
1734500 310
1734510 316
1734520 318
1734530 318
1734540 321
1734550 325
1734560 329
1734570 329
1734580 333
1734590 334
1734600 334
1734610 334
1734620 334
1734630 334
1734640 334
1734650 334
1734660 334
1734670 334
1734680 334
1734690 334
1734700 334
1734710 334
1734720 334
1734730 335
1734740 335
1734750 336
1734760 336
1734770 336
1734780 336
1734790 336
1734800 336
1734810 336
1734820 336
1734830 336
1734840 336
1734850 336
1734860 336
1734870 335
1734880 335
1734890 335
1734900 336
1734910 336
1734920 336
1734930 335
1734940 335
1734950 335
1734960 335
1734970 335
1734980 335
1734990 335
1735000 335
1735010 335
1735020 336
1735030 336
1735040 336
1735050 336
1735060 336
1735070 336
1735080 336
1735090 337
1735100 337
1735110 337
1735120 337
1735130 337
1735140 337
1735150 337
1735160 337
1735170 337
1735180 337
1735190 337
1735200 337
1735210 336
1735220 336
1735230 336
1735240 336
1735250 336
1735260 336
1735270 336
1735280 335
1735290 335
1735300 335
1735310 334
1735320 334
1735330 334
1735340 333
1735350 329
1735360 329
1735370 325
1735380 323
1735390 323
1735400 325
1735410 326
1735420 326
1735430 328
1735440 328
1735450 328
1735460 331
1735470 331
1735480 331
1735490 331
1735500 332
1735510 332
1735520 332
1735530 332
1735540 332
1735550 332
1735560 332
1735570 332
1735580 332
1735590 332
1735600 332
1735610 332
1735620 331
1735630 331
1735640 331
1735650 331
1735660 331
1735670 330
1735680 330
1735690 330
1735700 329
1735710 329
1735720 329
1735730 328
1735740 328
1735750 327
1735760 327
1735770 327
1735780 327
1735790 326
1735800 326
1735810 326
1735820 325
1735830 325
1735840 325
1735850 325
1735860 325
1735870 325
1735880 324
1735890 324
1735900 324
1735910 324
1735920 323
1735930 323
1735940 322
1735950 321
1735960 321
1735970 320
1735980 318
1735990 318
1736000 317
1736010 314
1736020 314
1736030 312
1736040 310
1736050 309
1736060 309
1736070 308
1736080 307
1736090 307
1736100 304
1736110 301
1736120 301
1736130 302
1736140 302
1736150 302
1736160 302
1736170 302
1736180 302
1736190 304
1736200 308
1736210 308
1736220 311
1736230 316
1736240 319
1736250 319
1736260 321
1736270 323
1736280 323
1736290 325
1736300 326
1736310 326
1736320 328
1736330 331
1736340 331
1736350 335
1736360 338
1736370 338
1736380 342
1736390 345
1736400 345
1736410 348
1736420 351
1736430 355
1736440 355
1736450 359
1736460 362
1736470 362
1736480 364
1736490 367
1736500 367
1736510 371
1736520 375
1736530 375
1736540 379
1736550 381
1736560 381
1736570 385
1736580 387
1736590 390
1736600 390
1736610 393
1736620 395
1736630 395
1736640 397
1736650 399
1736660 399
1736670 400
1736680 401
1736690 401
1736700 402
1736710 402
1736720 402
1736730 403
1736740 404
1736750 404
1736760 404
1736770 404
1736780 404
1736790 404
1736800 404
1736810 404
1736820 404
1736830 403
1736840 403
1736850 403
1736860 403
1736870 404
1736880 404
1736890 404
1736900 405
1736910 405
1736920 405
1736930 406
1736940 406
1736950 406
1736960 407
1736970 407
1736980 407
1736990 407
1737000 407
1737010 407
1737020 407
1737030 407
1737040 407
1737050 406
1737060 405
1737070 405
1737080 405
1737090 404
1737100 404
1737110 402
1737120 401
1737130 401
1737140 398
1737150 394
1737160 393
1737170 393
1737180 393
1737190 392
1737200 392
1737210 391
1737220 390
1737230 390
1737240 388
1737250 387
1737260 387
1737270 385
1737280 384
1737290 384
1737300 383
1737310 383
1737320 383
1737330 383
1737340 382
1737350 379
1737360 379
1737370 379
1737380 379
1737390 379
1737400 378
1737410 376
1737420 376
1737430 374
1737440 373
1737450 373
1737460 370
1737470 366
1737480 366
1737490 361
1737500 357
1737510 357
1737520 360
1737530 365
1737540 369
1737550 369
1737560 371
1737570 372
1737580 372
1737590 377
1737600 380
1737610 380
1737620 383
1737630 385
1737640 385
1737650 387
1737660 389
1737670 389
1737680 391
1737690 394
1737700 394
1737710 396
1737720 398
1737730 400
1737740 400
1737750 401
1737760 402
1737770 402
1737780 404
1737790 406
1737800 406
1737810 408
1737820 410
1737830 410
1737840 412
1737850 414
1737860 414
1737870 416
1737880 418
1737890 420
1737900 420
1737910 421
1737920 423
1737930 423
1737940 425
1737950 426
1737960 426
1737970 427
1737980 428
1737990 428
1738000 429
1738010 429
1738020 429
1738030 429
1738040 429
1738050 429
1738060 429
1738070 428
1738080 427
1738090 427
1738100 425
1738110 424
1738120 424
1738130 422
1738140 421
1738150 421
1738160 419
1738170 416
1738180 416
1738190 414
1738200 413
1738210 413
1738220 411
1738230 409
1738240 409
1738250 408
1738260 406
1738270 402
1738280 402
1738290 397
1738300 397
1738310 397
1738320 397
1738330 396
1738340 396
1738350 394
1738360 388
1738370 388
1738380 386
1738390 390
1738400 390
1738410 387
1738420 385
1738430 385
1738440 384
1738450 382
1738460 381
1738470 381
1738480 381
1738490 380
1738500 380
1738510 379
1738520 379
1738530 379
1738540 378
1738550 377
1738560 377
1738570 376
1738580 376
1738590 376
1738600 375
1738610 374
1738620 374
1738630 372
1738640 371
1738650 370
1738660 370
1738670 368
1738680 367
1738690 367
1738700 367
1738710 368
1738720 368
1738730 368
1738740 367
1738750 367
1738760 366
1738770 364
1738780 364
1738790 363
1738800 363
1738810 363
1738820 361
1738830 360
1738840 359
1738850 359
1738860 358
1738870 358
1738880 358
1738890 357
1738900 356
1738910 356
1738920 355
1738930 354
1738940 354
1738950 353
1738960 352
1738970 352
1738980 351
1738990 350
1739000 350
1739010 349
1739020 349
1739030 348
1739040 348
1739050 347
1739060 347
1739070 347
1739080 347
1739090 347
1739100 347
1739110 346
1739120 345
1739130 345
1739140 344
1739150 343
1739160 343
1739170 342
1739180 342
1739190 342
1739200 342
1739210 342
1739220 342
1739230 342
1739240 344
1739250 344
1739260 344
1739270 344
1739280 343
1739290 343
1739300 343
1739310 344
1739320 344
1739330 344
1739340 345
1739350 345
1739360 344
1739370 344
1739380 344
1739390 344
1739400 345
1739410 344
1739420 344
1739430 343
1739440 344
1739450 344
1739460 346
1739470 346
1739480 346
1739490 344
1739500 346
1739510 346
1739520 348
1739530 347
1739540 347
1739550 348
1739560 349
1739570 350
1739580 350
1739590 351
1739600 351
1739610 351
1739620 352
1739630 352
1739640 352
1739650 353
1739660 353
1739670 353
1739680 351
1739690 349
1739700 349
1739710 349
1739720 347
1739730 347
1739740 347
1739750 346
1739760 346
1739770 346
1739780 344
1739790 346
1739800 346
1739810 346
1739820 343
1739830 343
1739840 342
1739850 343
1739860 343
1739870 345
1739880 345
1739890 345
1739900 345
1739910 345
1739920 345
1739930 345
1739940 346
1739950 346
1739960 346
1739970 347
1739980 347
1739990 347
