1720000 352
1720010 352
1720020 353
1720030 354
1720040 354
1720050 355
1720060 355
1720070 355
1720080 355
1720090 354
1720100 354
1720110 353
1720120 352
1720130 351
1720140 351
1720150 350
1720160 350
1720170 350
1720180 349
1720190 348
1720200 348
1720210 347
1720220 345
1720230 345
1720240 344
1720250 344
1720260 344
1720270 343
1720280 342
1720290 342
1720300 342
1720310 341
1720320 341
1720330 341
1720340 340
1720350 341
1720360 341
1720370 341
1720380 340
1720390 340
1720400 340
1720410 340
1720420 340
1720430 340
1720440 341
1720450 341
1720460 341
1720470 341
1720480 341
1720490 341
1720500 342
1720510 342
1720520 342
1720530 342
1720540 343
1720550 343
1720560 344
1720570 344
1720580 344
1720590 345
1720600 346
1720610 346
1720620 347
1720630 349
1720640 349
1720650 351
1720660 352
1720670 352
1720680 354
1720690 357
1720700 358
1720710 358
1720720 360
1720730 362
1720740 362
1720750 363
1720760 365
1720770 365
1720780 367
1720790 369
1720800 369
1720810 371
1720820 373
1720830 373
1720840 374
1720850 376
1720860 376
1720870 378
1720880 380
1720890 381
1720900 381
1720910 382
1720920 382
1720930 382
1720940 381
1720950 380
1720960 380
1720970 378
1720980 376
1720990 376
1721000 374
1721010 371
1721020 371
1721030 370
1721040 368
1721050 368
1721060 367
1721070 366
1721080 365
1721090 365
1721100 364
1721110 363
1721120 363
1721130 361
1721140 358
1721150 358
1721160 356
1721170 354
1721180 354
1721190 353
1721200 351
1721210 351
1721220 348
1721230 346
1721240 346
1721250 344
1721260 343
1721270 342
1721280 342
1721290 342
1721300 342
1721310 342
1721320 341
1721330 341
1721340 341
1721350 341
1721360 341
1721370 341
1721380 342
1721390 342
1721400 342
1721410 342
1721420 342
1721430 342
1721440 342
1721450 340
1721460 340
1721470 340
1721480 338
1721490 338
1721500 338
1721510 338
1721520 338
1721530 338
1721540 338
1721550 339
1721560 339
1721570 340
1721580 340
1721590 340
1721600 340
1721610 341
1721620 342
1721630 342
1721640 343
1721650 344
1721660 344
1721670 345
1721680 345
1721690 345
1721700 346
1721710 348
1721720 348
1721730 352
1721740 355
1721750 355
1721760 356
1721770 358
1721780 358
1721790 358
1721800 359
1721810 360
1721820 360
1721830 360
1721840 360
1721850 360
1721860 361
1721870 361
1721880 361
1721890 362
1721900 362
1721910 362
1721920 363
1721930 363
1721940 363
1721950 364
1721960 364
1721970 364
1721980 364
1721990 364
1722000 364
1722010 364
1722020 364
1722030 364
1722040 364
1722050 361
1722060 361
1722070 361
1722080 361
1722090 362
1722100 362
1722110 363
1722120 363
1722130 363
1722140 363
1722150 364
1722160 364
1722170 365
1722180 364
1722190 364
1722200 364
1722210 363
1722220 362
1722230 362
1722240 362
1722250 361
1722260 361
1722270 362
1722280 362
1722290 362
1722300 362
1722310 361
1722320 361
1722330 360
1722340 359
1722350 359
1722360 359
1722370 359
1722380 358
1722390 358
1722400 357
1722410 358
1722420 358
1722430 358
1722440 359
1722450 359
1722460 359
1722470 361
1722480 361
1722490 362
1722500 363
1722510 363
1722520 365
1722530 366
1722540 366
1722550 367
1722560 367
1722570 368
1722580 368
1722590 368
1722600 367
1722610 367
1722620 366
1722630 365
1722640 365
1722650 364
1722660 362
1722670 362
1722680 360
1722690 359
1722700 359
1722710 357
1722720 354
1722730 354
1722740 351
1722750 349
1722760 347
1722770 347
1722780 345
1722790 343
1722800 343
1722810 341
1722820 339
1722830 339
1722840 337
1722850 336
1722860 336
1722870 334
1722880 334
1722890 334
1722900 333
1722910 332
1722920 332
1722930 330
1722940 324
1722950 320
1722960 320
1722970 320
1722980 320
1722990 320
1723000 321
1723010 318
1723020 318
1723030 315
1723040 313
1723050 313
1723060 312
1723070 312
1723080 312
1723090 311
1723100 311
1723110 311
1723120 311
1723130 312
1723140 312
1723150 312
1723160 313
1723170 314
1723180 315
1723190 316
1723200 317
1723210 317
1723220 318
1723230 319
1723240 319
1723250 320
1723260 322
1723270 322
1723280 324
1723290 325
1723300 326
1723310 326
1723320 327
1723330 328
1723340 328
1723350 328
1723360 329
1723370 329
1723380 329
1723390 330
1723400 330
1723410 330
1723420 331
1723430 331
1723440 331
1723450 334
1723460 334
1723470 335
1723480 336
1723490 337
1723500 337
1723510 337
1723520 338
1723530 338
1723540 340
1723550 342
1723560 342
1723570 342
1723580 342
1723590 342
1723600 341
1723610 340
1723620 340
1723630 339
1723640 338
1723650 338
1723660 335
1723670 333
1723680 333
1723690 333
1723700 337
1723710 338
1723720 338
1723730 338
1723740 339
1723750 339
1723760 338
1723770 337
1723780 337
1723790 336
1723800 334
1723810 334
1723820 333
1723830 333
1723840 333
1723850 332
1723860 330
1723870 333
1723880 333
1723890 335
1723900 332
1723910 332
1723920 332
1723930 332
1723940 332
1723950 333
1723960 332
1723970 332
1723980 333
1723990 333
1724000 333
1724010 334
1724020 341
1724030 341
1724040 348
1724050 352
1724060 357
1724070 357
1724080 358
1724090 359
1724100 359
1724110 359
1724120 360
1724130 360
1724140 362
1724150 362
1724160 362
1724170 362
1724180 362
1724190 362
1724200 363
1724210 364
1724220 364
1724230 367
1724240 370
1724250 371
1724260 371
1724270 371
1724280 373
1724290 373
1724300 374
1724310 375
1724320 375
1724330 377
1724340 378
1724350 378
1724360 379
1724370 381
1724380 381
1724390 382
1724400 383
1724410 384
1724420 384
1724430 384
1724440 386
1724450 386
1724460 388
1724470 389
1724480 389
1724490 391
1724500 393
1724510 393
1724520 394
1724530 396
1724540 396
1724550 397
1724560 399
1724570 399
1724580 400
1724590 401
1724600 403
1724610 403
1724620 404
1724630 405
1724640 405
1724650 406
1724660 407
1724670 407
1724680 407
1724690 409
1724700 409
1724710 409
1724720 411
1724730 411
1724740 413
1724750 414
1724760 414
1724770 416
1724780 418
1724790 421
1724800 421
1724810 424
1724820 427
1724830 427
1724840 429
1724850 431
1724860 431
1724870 434
1724880 436
1724890 436
1724900 438
1724910 440
1724920 440
1724930 441
1724940 442
1724950 442
1724960 442
1724970 442
1724980 442
1724990 442
1725000 441
1725010 439
1725020 439
1725030 439
1725040 438
1725050 438
1725060 437
1725070 436
1725080 436
1725090 435
1725100 436
1725110 436
1725120 437
1725130 438
1725140 438
1725150 438
1725160 438
1725170 437
1725180 437
1725190 438
1725200 438
1725210 438
1725220 438
1725230 438
1725240 438
1725250 439
1725260 442
1725270 442
1725280 445
1725290 448
1725300 448
1725310 451
1725320 454
1725330 454
1725340 454
1725350 456
1725360 458
1725370 458
1725380 459
1725390 461
1725400 461
1725410 462
1725420 463
1725430 463
1725440 464
1725450 467
1725460 467
1725470 468
1725480 470
1725490 470
1725500 471
1725510 472
1725520 471
1725530 472
1725540 474
1725550 475
1725560 475
1725570 477
1725580 478
1725590 478
1725600 480
1725610 481
1725620 481
1725630 482
1725640 483
1725650 483
1725660 484
1725670 485
1725680 485
1725690 485
1725700 485
1725710 485
1725720 485
1725730 485
1725740 486
1725750 486
1725760 486
1725770 487
1725780 487
1725790 488
1725800 491
1725810 491
1725820 494
1725830 497
1725840 497
1725850 498
1725860 502
1725870 502
1725880 506
1725890 509
1725900 513
1725910 513
1725920 516
1725930 519
1725940 519
1725950 521
1725960 523
1725970 523
1725980 525
1725990 528
1726000 528
1726010 530
1726020 532
1726030 532
1726040 535
1726050 536
1726060 536
1726070 536
1726080 536
1726090 536
1726100 536
1726110 536
1726120 537
1726130 537
1726140 538
1726150 540
1726160 540
1726170 541
1726180 542
1726190 542
1726200 543
1726210 543
1726220 543
1726230 544
1726240 546
1726250 546
1726260 547
1726270 548
1726280 548
1726290 548
1726300 548
1726310 548
1726320 548
1726330 547
1726340 545
1726350 545
1726360 544
1726370 543
1726380 543
1726390 542
1726400 540
1726410 540
1726420 538
1726430 535
1726440 535
1726450 532
1726460 527
1726470 522
1726480 522
1726490 517
1726500 511
1726510 511
1726520 507
1726530 502
1726540 502
1726550 501
1726560 502
1726570 502
1726580 505
1726590 508
1726600 508
1726610 512
1726620 516
1726630 516
1726640 519
1726650 522
1726660 525
1726670 525
1726680 527
1726690 528
1726700 528
1726710 529
1726720 530
1726730 530
1726740 531
1726750 531
1726760 531
1726770 529
1726780 525
1726790 525
1726800 520
1726810 519
1726820 519
1726830 521
1726840 522
1726850 521
1726860 521
1726870 519
1726880 516
1726890 516
1726900 514
1726910 515
1726920 515
1726930 517
1726940 519
1726950 519
1726960 520
1726970 521
1726980 521
1726990 522
1727000 522
1727010 522
1727020 522
1727030 520
1727040 517
1727050 517
1727060 513
1727070 512
1727080 512
1727090 513
1727100 513
1727110 513
1727120 513
1727130 513
1727140 513
1727150 512
1727160 511
1727170 511
1727180 511
1727190 511
1727200 512
1727210 512
1727220 513
1727230 514
1727240 514
1727250 514
1727260 515
1727270 515
1727280 515
1727290 516
1727300 516
1727310 516
1727320 516
1727330 516
1727340 517
1727350 517
1727360 517
1727370 517
1727380 518
1727390 518
1727400 518
1727410 517
1727420 516
1727430 516
1727440 514
1727450 511
1727460 511
1727470 508
1727480 505
1727490 505
1727500 502
1727510 499
1727520 499
1727530 498
1727540 496
1727550 496
1727560 494
1727570 494
1727580 498
1727590 498
1727600 500
1727610 503
1727620 503
1727630 506
1727640 509
1727650 509
1727660 511
1727670 513
1727680 513
1727690 515
1727700 515
1727710 515
1727720 513
1727730 511
1727740 511
1727750 510
1727760 509
1727770 518
1727780 518
1727790 521
1727800 524
1727810 524
1727820 525
1727830 526
1727840 526
1727850 526
1727860 526
1727870 526
1727880 526
1727890 526
1727900 526
1727910 526
1727920 526
1727930 526
1727940 527
1727950 528
1727960 528
1727970 528
1727980 528
1727990 527
1728000 527
1728010 522
1728020 516
1728030 516
1728040 510
1728050 505
1728060 505
1728070 498
1728080 491
1728090 491
1728100 484
1728110 472
1728120 472
1728130 465
1728140 454
1728150 446
1728160 446
1728170 438
1728180 431
1728190 431
1728200 425
1728210 422
1728220 422
1728230 421
1728240 420
1728250 420
1728260 420
1728270 420
1728280 420
1728290 421
1728300 416
1728310 416
1728320 411
1728330 408
1728340 403
1728350 403
1728360 398
1728370 393
1728380 393
1728390 391
1728400 390
1728410 390
1728420 390
1728430 389
1728440 389
1728450 389
1728460 388
1728470 388
1728480 387
1728490 385
1728500 385
1728510 382
1728520 379
1728530 376
1728540 376
1728550 373
1728560 370
1728570 370
1728580 366
1728590 363
1728600 363
1728610 358
1728620 353
1728630 353
1728640 348
1728650 344
1728660 344
1728670 342
1728680 337
1728690 332
1728700 332
1728710 329
1728720 327
1728730 327
1728740 323
1728750 321
1728760 321
1728770 317
1728780 315
1728790 315
1728800 313
1728810 312
1728820 312
1728830 310
1728840 310
1728850 310
1728860 309
1728870 306
1728880 301
1728890 301
1728900 298
1728910 293
1728920 293
1728930 291
1728940 291
1728950 291
1728960 288
1728970 292
1728980 292
1728990 292
1729000 292
1729010 292
1729020 292
1729030 292
1729040 292
1729050 292
1729060 292
1729070 292
1729080 292
1729090 292
1729100 293
1729110 293
1729120 291
1729130 287
1729140 287
1729150 289
1729160 289
1729170 289
1729180 289
1729190 289
1729200 289
1729210 289
1729220 289
1729230 289
1729240 289
1729250 289
1729260 289
1729270 289
1729280 289
1729290 289
1729300 289
1729310 289
1729320 289
1729330 289
1729340 289
1729350 289
1729360 289
1729370 289
1729380 289
1729390 289
1729400 289
1729410 289
1729420 289
1729430 289
1729440 288
1729450 289
1729460 289
1729470 289
1729480 289
1729490 289
1729500 289
1729510 289
1729520 289
1729530 289
1729540 287
1729550 287
1729560 286
1729570 289
1729580 289
1729590 289
1729600 289
1729610 289
1729620 289
1729630 289
1729640 289
1729650 289
1729660 289
1729670 289
1729680 289
1729690 289
1729700 288
1729710 288
1729720 288
1729730 289
1729740 289
1729750 288
1729760 288
1729770 288
1729780 288
1729790 288
1729800 288
1729810 288
1729820 288
1729830 288
1729840 288
1729850 289
1729860 289
1729870 289
1729880 289
1729890 289
1729900 289
1729910 289
1729920 289
1729930 289
1729940 289
1729950 289
1729960 289
1729970 289
1729980 289
1729990 289
1730000 289
1730010 289
1730020 288
1730030 288
1730040 288
1730050 288
1730060 288
1730070 288
1730080 288
1730090 288
1730100 288
1730110 289
1730120 289
1730130 289
1730140 289
1730150 289
1730160 289
1730170 289
1730180 289
1730190 289
1730200 289
1730210 289
1730220 289
1730230 288
1730240 288
1730250 288
1730260 288
1730270 288
1730280 288
1730290 288
1730300 288
1730310 288
1730320 288
1730330 288
1730340 288
1730350 288
1730360 288
1730370 288
1730380 288
1730390 288
1730400 288
1730410 288
1730420 288
1730430 288
1730440 288
1730450 288
1730460 288
1730470 288
1730480 288
1730490 288
1730500 288
1730510 288
1730520 288
1730530 288
1730540 288
1730550 288
1730560 287
1730570 287
1730580 288
1730590 287
1730600 287
1730610 287
1730620 287
1730630 287
1730640 287
1730650 287
1730660 287
1730670 287
1730680 287
1730690 287
1730700 287
1730710 287
1730720 287
1730730 287
1730740 287
1730750 287
1730760 287
1730770 287
1730780 287
1730790 287
1730800 287
1730810 287
1730820 287
1730830 287
1730840 287
1730850 287
1730860 287
1730870 287
1730880 287
1730890 287
1730900 287
1730910 287
1730920 287
1730930 287
1730940 287
1730950 287
1730960 287
1730970 287
1730980 287
1730990 287
1731000 287
1731010 287
1731020 287
1731030 287
1731040 287
1731050 287
1731060 287
1731070 287
1731080 287
1731090 287
1731100 287
1731110 287
1731120 287
1731130 287
1731140 287
1731150 287
1731160 287
1731170 287
1731180 286
1731190 287
1731200 287
1731210 287
1731220 286
1731230 286
1731240 286
1731250 287
1731260 287
1731270 287
1731280 287
1731290 287
1731300 287
1731310 287
1731320 287
1731330 287
1731340 287
1731350 287
1731360 287
1731370 287
1731380 287
1731390 287
1731400 287
1731410 287
1731420 287
1731430 287
1731440 287
1731450 287
1731460 287
1731470 287
1731480 287
1731490 287
1731500 287
1731510 287
1731520 287
1731530 287
1731540 287
1731550 287
1731560 287
1731570 287
1731580 287
1731590 287
1731600 287
1731610 287
1731620 287
1731630 287
1731640 287
1731650 287
1731660 287
1731670 287
1731680 287
1731690 288
1731700 288
1731710 288
1731720 288
1731730 288
1731740 288
1731750 288
1731760 288
1731770 288
1731780 288
1731790 288
1731800 288
1731810 289
1731820 289
1731830 289
1731840 289
1731850 289
1731860 289
1731870 289
1731880 289
1731890 289
1731900 289
1731910 289
1731920 289
1731930 289
1731940 289
1731950 289
1731960 289
1731970 289
1731980 289
1731990 289
1732000 289
1732010 290
1732020 289
1732030 290
1732040 289
1732050 289
1732060 289
1732070 289
1732080 289
1732090 289
1732100 289
1732110 289
1732120 289
1732130 290
1732140 290
1732150 290
1732160 290
1732170 290
1732180 290
1732190 288
1732200 290
1732210 290
1732220 290
1732230 290
1732240 290
1732250 290
1732260 290
1732270 290
1732280 290
1732290 290
1732300 290
1732310 290
1732320 291
1732330 290
1732340 290
1732350 290
1732360 290
1732370 290
1732380 290
1732390 290
1732400 290
1732410 290
1732420 290
1732430 290
1732440 290
1732450 290
1732460 291
1732470 291
1732480 291
1732490 291
1732500 291
1732510 291
1732520 291
1732530 291
1732540 291
1732550 290
1732560 290
1732570 291
1732580 291
1732590 291
1732600 291
1732610 291
1732620 291
1732630 291
1732640 291
1732650 291
1732660 291
1732670 291
1732680 291
1732690 291
1732700 291
1732710 291
1732720 291
1732730 291
1732740 291
1732750 291
1732760 291
1732770 291
1732780 291
1732790 291
1732800 291
1732810 291
1732820 291
1732830 291
1732840 291
1732850 291
1732860 291
1732870 291
1732880 291
1732890 291
1732900 291
1732910 291
1732920 291
1732930 291
1732940 291
1732950 291
1732960 291
1732970 291
1732980 291
1732990 291
1733000 291
1733010 291
1733020 291
1733030 291
1733040 291
1733050 291
1733060 291
1733070 291
1733080 291
1733090 291
1733100 291
1733110 291
1733120 291
1733130 291
1733140 291
1733150 291
1733160 291
1733170 291
1733180 291
1733190 291
1733200 291
1733210 291
1733220 291
1733230 291
1733240 291
1733250 291
1733260 291
1733270 291
1733280 291
1733290 291
1733300 291
1733310 291
1733320 291
1733330 291
1733340 291
1733350 292
1733360 292
1733370 292
1733380 291
1733390 291
1733400 292
1733410 291
1733420 291
1733430 292
1733440 291
1733450 291
1733460 291
1733470 291
1733480 291
1733490 291
1733500 291
1733510 291
1733520 291
1733530 291
1733540 291
1733550 291
1733560 291
1733570 292
1733580 292
1733590 292
1733600 292
1733610 292
1733620 292
1733630 292
1733640 292
1733650 292
1733660 292
1733670 292
1733680 292
1733690 292
1733700 292
1733710 291
1733720 291
1733730 291
1733740 291
1733750 291
1733760 291
1733770 291
1733780 291
1733790 291
1733800 291
1733810 291
1733820 291
1733830 291
1733840 291
1733850 291
1733860 291
1733870 291
1733880 291
1733890 291
1733900 291
1733910 291
1733920 291
1733930 291
1733940 291
1733950 291
1733960 291
1733970 291
1733980 291
1733990 291
1734000 291
1734010 291
1734020 291
1734030 291
1734040 292
1734050 292
1734060 292
1734070 291
1734080 291
1734090 292
1734100 292
1734110 292
1734120 292
1734130 292
1734140 292
1734150 292
1734160 292
1734170 292
1734180 292
1734190 292
1734200 292
1734210 292
1734220 293
1734230 293
1734240 293
1734250 293
1734260 293
1734270 294
1734280 294
1734290 294
1734300 294
1734310 294
1734320 295
1734330 296
1734340 296
1734350 296
1734360 296
1734370 296
1734380 297
1734390 297
1734400 297
1734410 298
1734420 299
1734430 299
1734440 300
1734450 303
1734460 309
1734470 309
1734480 315
1734490 316
1734500 316
1734510 317
1734520 315
1734530 315
1734540 319
1734550 320
1734560 320
1734570 321
1734580 322
1734590 322
1734600 323
1734610 325
1734620 325
1734630 326
1734640 327
1734650 329
1734660 329
1734670 331
1734680 332
1734690 332
1734700 333
1734710 333
1734720 333
1734730 334
1734740 334
1734750 334
1734760 334
1734770 334
1734780 334
1734790 334
1734800 334
1734810 334
1734820 335
1734830 335
1734840 335
1734850 335
1734860 335
1734870 335
1734880 335
1734890 335
1734900 335
1734910 335
1734920 335
1734930 335
1734940 335
1734950 335
1734960 335
1734970 335
1734980 335
1734990 335
1735000 335
1735010 335
1735020 335
1735030 335
1735040 335
1735050 335
1735060 335
1735070 335
1735080 336
1735090 336
1735100 336
1735110 336
1735120 336
1735130 336
1735140 336
1735150 336
1735160 336
1735170 337
1735180 337
1735190 337
1735200 337
1735210 337
1735220 338
1735230 338
1735240 338
1735250 338
1735260 338
1735270 338
1735280 339
1735290 339
1735300 339
1735310 339
1735320 339
1735330 340
1735340 340
1735350 340
1735360 340
1735370 341
1735380 341
1735390 341
1735400 341
1735410 342
1735420 342
1735430 342
1735440 342
1735450 342
1735460 341
1735470 340
1735480 340
1735490 340
1735500 340
1735510 340
1735520 339
1735530 338
1735540 338
1735550 338
1735560 337
1735570 337
1735580 336
1735590 336
1735600 335
1735610 335
1735620 335
1735630 334
1735640 334
1735650 334
1735660 333
1735670 333
1735680 333
1735690 333
1735700 333
1735710 332
1735720 331
1735730 331
1735740 330
1735750 330
1735760 328
1735770 328
1735780 329
1735790 328
1735800 328
1735810 326
1735820 325
1735830 325
1735840 323
1735850 321
1735860 321
1735870 320
1735880 318
1735890 318
1735900 319
1735910 319
1735920 319
1735930 317
1735940 316
1735950 313
1735960 313
1735970 311
1735980 310
1735990 309
1736000 307
1736010 306
1736020 306
1736030 305
1736040 305
1736050 305
1736060 304
1736070 304
1736080 304
1736090 305
1736100 305
1736110 305
1736120 305
1736130 305
1736140 305
1736150 305
1736160 305
1736170 305
1736180 305
1736190 306
1736200 306
1736210 306
1736220 306
1736230 306
1736240 306
1736250 307
1736260 307
1736270 307
1736280 306
1736290 306
1736300 306
1736310 308
1736320 311
1736330 314
1736340 314
1736350 317
1736360 320
1736370 320
1736380 325
1736390 328
1736400 328
1736410 331
1736420 334
1736430 334
1736440 336
1736450 336
1736460 336
1736470 336
1736480 337
1736490 337
1736500 337
1736510 338
1736520 338
1736530 338
1736540 340
1736550 341
1736560 341
1736570 340
1736580 342
1736590 342
1736600 343
1736610 344
1736620 344
1736630 344
1736640 343
1736650 343
1736660 340
1736670 335
1736680 335
1736690 332
1736700 335
1736710 342
1736720 342
1736730 344
1736740 346
1736750 346
1736760 348
1736770 349
1736780 349
1736790 349
1736800 350
1736810 350
1736820 352
1736830 352
1736840 352
1736850 352
1736860 354
1736870 354
1736880 354
1736890 354
1736900 356
1736910 356
1736920 357
1736930 359
1736940 359
1736950 359
1736960 358
1736970 358
1736980 357
1736990 356
1737000 356
1737010 353
1737020 353
1737030 353
1737040 351
1737050 346
1737060 349
1737070 349
1737080 357
1737090 362
1737100 362
1737110 363
1737120 364
1737130 364
1737140 366
1737150 369
1737160 369
1737170 371
1737180 374
1737190 374
1737200 377
1737210 379
1737220 379
1737230 381
1737240 384
1737250 387
1737260 387
1737270 389
1737280 391
1737290 391
1737300 393
1737310 395
1737320 395
1737330 396
1737340 398
1737350 398
1737360 399
1737370 400
1737380 400
1737390 401
1737400 402
1737410 402
1737420 402
1737430 401
1737440 400
1737450 400
1737460 398
1737470 396
1737480 396
1737490 395
1737500 393
1737510 393
1737520 391
1737530 389
1737540 389
1737550 386
1737560 378
1737570 378
1737580 372
1737590 377
1737600 377
1737610 381
1737620 383
1737630 385
1737640 385
1737650 387
1737660 389
1737670 389
1737680 391
1737690 393
1737700 393
1737710 395
1737720 398
1737730 398
1737740 400
1737750 402
1737760 402
1737770 404
1737780 405
1737790 405
1737800 407
1737810 408
1737820 410
1737830 410
1737840 412
1737850 416
1737860 416
1737870 417
1737880 419
1737890 419
1737900 420
1737910 422
1737920 422
1737930 422
1737940 421
1737950 421
1737960 421
1737970 419
1737980 419
1737990 416
1738000 414
1738010 414
1738020 414
1738030 413
1738040 412
1738050 412
1738060 410
1738070 409
1738080 409
1738090 408
1738100 407
1738110 407
1738120 406
1738130 405
1738140 405
1738150 402
1738160 401
1738170 401
1738180 400
1738190 400
1738200 396
1738210 396
1738220 396
1738230 394
1738240 394
1738250 393
1738260 391
1738270 391
1738280 389
1738290 389
1738300 389
1738310 388
1738320 388
1738330 388
1738340 386
1738350 385
1738360 385
1738370 383
1738380 382
1738390 379
1738400 379
1738410 377
1738420 375
1738430 375
1738440 375
1738450 375
1738460 375
1738470 374
1738480 373
1738490 373
1738500 371
1738510 369
1738520 369
1738530 369
1738540 368
1738550 367
1738560 367
1738570 366
1738580 365
1738590 365
1738600 364
1738610 363
1738620 363
1738630 362
1738640 361
1738650 361
1738660 359
1738670 358
1738680 358
1738690 356
1738700 356
1738710 356
1738720 357
1738730 360
1738740 361
1738750 361
1738760 363
1738770 364
1738780 364
1738790 365
1738800 365
1738810 365
1738820 365
1738830 366
1738840 366
1738850 366
1738860 366
1738870 366
1738880 367
1738890 368
1738900 368
1738910 368
1738920 369
1738930 370
1738940 370
1738950 371
1738960 371
1738970 371
1738980 372
1738990 372
1739000 372
1739010 373
1739020 373
1739030 373
1739040 373
1739050 373
1739060 373
1739070 373
1739080 373
1739090 373
1739100 373
1739110 372
1739120 372
1739130 372
1739140 372
1739150 371
1739160 371
1739170 371
1739180 370
1739190 370
1739200 369
1739210 368
1739220 368
1739230 367
1739240 367
1739250 367
1739260 366
1739270 366
1739280 366
1739290 365
1739300 365
1739310 364
1739320 364
1739330 363
1739340 362
1739350 362
1739360 362
1739370 361
1739380 361
1739390 361
1739400 360
1739410 360
1739420 360
1739430 359
1739440 359
1739450 359
1739460 359
1739470 359
1739480 358
1739490 358
1739500 358
1739510 358
1739520 358
1739530 358
1739540 358
1739550 358
1739560 357
1739570 357
1739580 357
1739590 357
1739600 357
1739610 357
1739620 356
1739630 356
1739640 356
1739650 355
1739660 355
1739670 355
1739680 355
1739690 354
1739700 354
1739710 352
1739720 351
1739730 351
1739740 351
1739750 350
1739760 350
1739770 350
1739780 349
1739790 349
1739800 348
1739810 348
1739820 348
1739830 347
1739840 347
1739850 347
1739860 346
1739870 346
1739880 345
1739890 345
1739900 345
1739910 344
1739920 344
1739930 343
1739940 343
1739950 343
1739960 343
1739970 344
1739980 344
1739990 344
