1720000 323
1720010 323
1720020 323
1720030 323
1720040 322
1720050 322
1720060 322
1720070 322
1720080 322
1720090 322
1720100 321
1720110 321
1720120 321
1720130 321
1720140 321
1720150 320
1720160 320
1720170 320
1720180 320
1720190 319
1720200 319
1720210 319
1720220 318
1720230 318
1720240 318
1720250 318
1720260 318
1720270 318
1720280 317
1720290 317
1720300 317
1720310 317
1720320 317
1720330 317
1720340 317
1720350 317
1720360 317
1720370 317
1720380 318
1720390 318
1720400 319
1720410 319
1720420 319
1720430 319
1720440 320
1720450 320
1720460 320
1720470 320
1720480 320
1720490 320
1720500 320
1720510 320
1720520 320
1720530 320
1720540 319
1720550 319
1720560 319
1720570 319
1720580 319
1720590 320
1720600 320
1720610 320
1720620 320
1720630 320
1720640 321
1720650 321
1720660 321
1720670 321
1720680 321
1720690 321
1720700 321
1720710 321
1720720 321
1720730 321
1720740 321
1720750 321
1720760 321
1720770 321
1720780 320
1720790 320
1720800 319
1720810 319
1720820 317
1720830 316
1720840 316
1720850 314
1720860 313
1720870 313
1720880 312
1720890 311
1720900 311
1720910 313
1720920 315
1720930 315
1720940 318
1720950 320
1720960 320
1720970 320
1720980 321
1720990 321
1721000 321
1721010 320
1721020 320
1721030 320
1721040 318
1721050 316
1721060 316
1721070 315
1721080 314
1721090 314
1721100 316
1721110 317
1721120 317
1721130 319
1721140 320
1721150 320
1721160 321
1721170 321
1721180 321
1721190 321
1721200 322
1721210 322
1721220 322
1721230 322
1721240 322
1721250 322
1721260 322
1721270 322
1721280 322
1721290 322
1721300 322
1721310 322
1721320 322
1721330 322
1721340 322
1721350 322
1721360 322
1721370 322
1721380 322
1721390 322
1721400 322
1721410 322
1721420 322
1721430 322
1721440 322
1721450 321
1721460 321
1721470 321
1721480 321
1721490 321
1721500 321
1721510 321
1721520 322
1721530 322
1721540 322
1721550 322
1721560 322
1721570 322
1721580 322
1721590 322
1721600 322
1721610 322
1721620 322
1721630 322
1721640 322
1721650 322
1721660 322
1721670 320
1721680 319
1721690 319
1721700 319
1721710 320
1721720 320
1721730 321
1721740 321
1721750 321
1721760 321
1721770 320
1721780 319
1721790 319
1721800 318
1721810 318
1721820 318
1721830 317
1721840 317
1721850 317
1721860 316
1721870 316
1721880 316
1721890 315
1721900 315
1721910 315
1721920 315
1721930 315
1721940 315
1721950 315
1721960 315
1721970 315
1721980 315
1721990 315
1722000 315
1722010 315
1722020 315
1722030 315
1722040 315
1722050 315
1722060 315
1722070 315
1722080 315
1722090 315
1722100 315
1722110 315
1722120 315
1722130 315
1722140 315
1722150 315
1722160 315
1722170 315
1722180 315
1722190 315
1722200 315
1722210 315
1722220 315
1722230 315
1722240 315
1722250 315
1722260 315
1722270 314
1722280 312
1722290 312
1722300 309
1722310 309
1722320 309
1722330 309
1722340 311
1722350 311
1722360 311
1722370 310
1722380 308
1722390 308
1722400 305
1722410 302
1722420 302
1722430 302
1722440 304
1722450 304
1722460 305
1722470 305
1722480 305
1722490 305
1722500 305
1722510 305
1722520 305
1722530 305
1722540 305
1722550 305
1722560 305
1722570 305
1722580 305
1722590 305
1722600 305
1722610 305
1722620 305
1722630 304
1722640 304
1722650 304
1722660 304
1722670 304
1722680 305
1722690 304
1722700 304
1722710 304
1722720 304
1722730 304
1722740 304
1722750 304
1722760 303
1722770 303
1722780 303
1722790 303
1722800 303
1722810 303
1722820 303
1722830 303
1722840 303
1722850 303
1722860 303
1722870 303
1722880 302
1722890 303
1722900 303
1722910 303
1722920 303
1722930 303
1722940 303
1722950 302
1722960 302
1722970 302
1722980 303
1722990 303
1723000 302
1723010 302
1723020 302
1723030 302
1723040 302
1723050 302
1723060 302
1723070 302
1723080 302
1723090 302
1723100 302
1723110 302
1723120 302
1723130 302
1723140 302
1723150 302
1723160 302
1723170 302
1723180 302
1723190 302
1723200 302
1723210 302
1723220 302
1723230 302
1723240 302
1723250 302
1723260 302
1723270 302
1723280 302
1723290 302
1723300 302
1723310 302
1723320 302
1723330 302
1723340 302
1723350 302
1723360 302
1723370 302
1723380 302
1723390 303
1723400 303
1723410 303
1723420 302
1723430 302
1723440 302
1723450 302
1723460 302
1723470 302
1723480 302
1723490 302
1723500 302
1723510 302
1723520 302
1723530 302
1723540 302
1723550 302
1723560 302
1723570 302
1723580 302
1723590 302
1723600 302
1723610 302
1723620 302
1723630 302
1723640 302
1723650 301
1723660 301
1723670 301
1723680 301
1723690 301
1723700 300
1723710 300
1723720 300
1723730 300
1723740 300
1723750 300
1723760 300
1723770 300
1723780 300
1723790 300
1723800 300
1723810 300
1723820 300
1723830 300
1723840 300
1723850 300
1723860 300
1723870 300
1723880 300
1723890 300
1723900 300
1723910 300
1723920 300
1723930 300
1723940 300
1723950 300
1723960 300
1723970 300
1723980 300
1723990 300
1724000 300
1724010 300
1724020 300
1724030 300
1724040 300
1724050 299
1724060 299
1724070 299
1724080 299
1724090 299
1724100 299
1724110 298
1724120 298
1724130 298
1724140 298
1724150 298
1724160 298
1724170 298
1724180 297
1724190 297
1724200 297
1724210 297
1724220 298
1724230 298
1724240 298
1724250 298
1724260 298
1724270 298
1724280 298
1724290 298
1724300 298
1724310 298
1724320 298
1724330 298
1724340 298
1724350 298
1724360 298
1724370 298
1724380 298
1724390 298
1724400 298
1724410 298
1724420 298
1724430 298
1724440 298
1724450 298
1724460 298
1724470 298
1724480 298
1724490 298
1724500 298
1724510 298
1724520 297
1724530 297
1724540 297
1724550 297
1724560 297
1724570 297
1724580 297
1724590 297
1724600 297
1724610 297
1724620 297
1724630 297
1724640 297
1724650 297
1724660 297
1724670 297
1724680 297
1724690 297
1724700 297
1724710 297
1724720 296
1724730 296
1724740 296
1724750 297
1724760 297
1724770 296
1724780 297
1724790 297
1724800 297
1724810 297
1724820 297
1724830 297
1724840 297
1724850 298
1724860 298
1724870 298
1724880 296
1724890 296
1724900 293
1724910 293
1724920 293
1724930 293
1724940 293
1724950 293
1724960 293
1724970 292
1724980 293
1724990 293
1725000 297
1725010 298
1725020 298
1725030 297
1725040 297
1725050 297
1725060 297
1725070 297
1725080 297
1725090 297
1725100 297
1725110 297
1725120 297
1725130 297
1725140 297
1725150 297
1725160 297
1725170 297
1725180 297
1725190 297
1725200 297
1725210 297
1725220 297
1725230 297
1725240 297
1725250 297
1725260 297
1725270 297
1725280 297
1725290 298
1725300 298
1725310 297
1725320 297
1725330 297
1725340 297
1725350 297
1725360 297
1725370 297
1725380 297
1725390 297
1725400 297
1725410 297
1725420 297
1725430 297
1725440 297
1725450 297
1725460 297
1725470 297
1725480 297
1725490 297
1725500 297
1725510 297
1725520 297
1725530 297
1725540 297
1725550 297
1725560 297
1725570 297
1725580 297
1725590 297
1725600 297
1725610 297
1725620 297
1725630 297
1725640 297
1725650 297
1725660 297
1725670 296
1725680 296
1725690 296
1725700 296
1725710 296
1725720 297
1725730 296
1725740 296
1725750 296
1725760 296
1725770 296
1725780 296
1725790 296
1725800 296
1725810 296
1725820 296
1725830 296
1725840 296
1725850 296
1725860 296
1725870 296
1725880 296
1725890 296
1725900 296
1725910 296
1725920 296
1725930 296
1725940 296
1725950 296
1725960 297
1725970 297
1725980 297
1725990 303
1726000 303
1726010 308
1726020 312
1726030 312
1726040 316
1726050 321
1726060 321
1726070 327
1726080 333
1726090 333
1726100 336
1726110 338
1726120 345
1726130 345
1726140 351
1726150 356
1726160 356
1726170 359
1726180 360
1726190 360
1726200 360
1726210 359
1726220 359
1726230 360
1726240 360
1726250 360
1726260 359
1726270 356
1726280 356
1726290 354
1726300 349
1726310 345
1726320 345
1726330 342
1726340 339
1726350 339
1726360 337
1726370 333
1726380 333
1726390 330
1726400 326
1726410 326
1726420 319
1726430 312
1726440 312
1726450 318
1726460 323
1726470 323
1726480 324
1726490 328
1726500 333
1726510 333
1726520 337
1726530 341
1726540 341
1726550 344
1726560 347
1726570 347
1726580 352
1726590 355
1726600 355
1726610 357
1726620 359
1726630 359
1726640 362
1726650 365
1726660 365
1726670 368
1726680 371
1726690 373
1726700 373
1726710 375
1726720 378
1726730 378
1726740 380
1726750 382
1726760 382
1726770 383
1726780 384
1726790 384
1726800 385
1726810 386
1726820 386
1726830 387
1726840 388
1726850 388
1726860 390
1726870 390
1726880 391
1726890 391
1726900 392
1726910 393
1726920 393
1726930 393
1726940 393
1726950 393
1726960 392
1726970 391
1726980 391
1726990 390
1727000 389
1727010 389
1727020 388
1727030 387
1727040 387
1727050 386
1727060 385
1727070 384
1727080 384
1727090 382
1727100 381
1727110 381
1727120 380
1727130 379
1727140 379
1727150 377
1727160 376
1727170 376
1727180 375
1727190 373
1727200 373
1727210 372
1727220 369
1727230 369
1727240 364
1727250 361
1727260 360
1727270 360
1727280 360
1727290 359
1727300 359
1727310 359
1727320 358
1727330 358
1727340 358
1727350 357
1727360 357
1727370 356
1727380 355
1727390 355
1727400 353
1727410 352
1727420 352
1727430 351
1727440 350
1727450 349
1727460 349
1727470 347
1727480 346
1727490 346
1727500 345
1727510 344
1727520 344
1727530 343
1727540 343
1727550 343
1727560 341
1727570 339
1727580 339
1727590 337
1727600 333
1727610 333
1727620 328
1727630 324
1727640 321
1727650 321
1727660 314
1727670 311
1727680 311
1727690 305
1727700 305
1727710 305
1727720 305
1727730 305
1727740 305
1727750 304
1727760 304
1727770 304
1727780 303
1727790 300
1727800 300
1727810 300
1727820 299
1727830 299
1727840 299
1727850 304
1727860 309
1727870 309
1727880 313
1727890 316
1727900 316
1727910 321
1727920 326
1727930 326
1727940 331
1727950 336
1727960 336
1727970 338
1727980 339
1727990 339
1728000 340
1728010 341
1728020 344
1728030 344
1728040 346
1728050 347
1728060 347
1728070 349
1728080 350
1728090 350
1728100 351
1728110 352
1728120 352
1728130 354
1728140 355
1728150 355
1728160 356
1728170 358
1728180 358
1728190 359
1728200 360
1728210 361
1728220 361
1728230 361
1728240 362
1728250 362
1728260 362
1728270 362
1728280 362
1728290 362
1728300 362
1728310 362
1728320 360
1728330 358
1728340 358
1728350 356
1728360 354
1728370 354
1728380 353
1728390 352
1728400 351
1728410 351
1728420 351
1728430 351
1728440 351
1728450 350
1728460 350
1728470 350
1728480 349
1728490 348
1728500 348
1728510 347
1728520 346
1728530 346
1728540 345
1728550 343
1728560 343
1728570 341
1728580 339
1728590 337
1728600 337
1728610 334
1728620 333
1728630 333
1728640 333
1728650 333
1728660 333
1728670 334
1728680 334
1728690 334
1728700 336
1728710 338
1728720 338
1728730 341
1728740 343
1728750 343
1728760 345
1728770 345
1728780 345
1728790 345
1728800 345
1728810 343
1728820 343
1728830 340
1728840 336
1728850 336
1728860 336
1728870 336
1728880 336
1728890 338
1728900 340
1728910 340
1728920 341
1728930 343
1728940 343
1728950 344
1728960 345
1728970 346
1728980 346
1728990 348
1729000 348
1729010 348
1729020 349
1729030 351
1729040 351
1729050 351
1729060 352
1729070 352
1729080 353
1729090 355
1729100 355
1729110 356
1729120 357
1729130 357
1729140 357
1729150 358
1729160 358
1729170 358
1729180 358
1729190 358
1729200 358
1729210 358
1729220 358
1729230 358
1729240 359
1729250 360
1729260 360
1729270 362
1729280 365
1729290 365
1729300 367
1729310 369
1729320 369
1729330 371
1729340 372
1729350 372
1729360 372
1729370 372
1729380 371
1729390 371
1729400 370
1729410 368
1729420 368
1729430 367
1729440 366
1729450 366
1729460 364
1729470 363
1729480 363
1729490 362
1729500 360
1729510 360
1729520 358
1729530 356
1729540 353
1729550 353
1729560 352
1729570 350
1729580 350
1729590 349
1729600 348
1729610 348
1729620 347
1729630 347
1729640 347
1729650 346
1729660 346
1729670 346
1729680 346
1729690 346
1729700 346
1729710 346
1729720 345
1729730 344
1729740 344
1729750 344
1729760 344
1729770 344
1729780 344
1729790 344
1729800 344
1729810 344
1729820 344
1729830 344
1729840 344
1729850 344
1729860 344
1729870 344
1729880 343
1729890 343
1729900 342
1729910 341
1729920 340
1729930 340
1729940 338
1729950 338
1729960 338
1729970 337
1729980 337
1729990 337
1730000 337
1730010 337
1730020 337
1730030 337
1730040 336
1730050 336
1730060 335
1730070 333
1730080 333
1730090 332
1730100 331
1730110 331
1730120 331
1730130 330
1730140 329
1730150 329
1730160 328
1730170 327
1730180 327
1730190 327
1730200 327
1730210 327
1730220 327
1730230 327
1730240 327
1730250 327
1730260 328
1730270 328
1730280 329
1730290 330
1730300 331
1730310 331
1730320 332
1730330 333
1730340 333
1730350 334
1730360 336
1730370 336
1730380 338
1730390 339
1730400 339
1730410 340
1730420 341
1730430 341
1730440 342
1730450 344
1730460 344
1730470 346
1730480 347
1730490 348
1730500 348
1730510 349
1730520 350
1730530 350
1730540 350
1730550 354
1730560 354
1730570 356
1730580 359
1730590 359
1730600 365
1730610 369
1730620 369
1730630 371
1730640 374
1730650 374
1730660 376
1730670 380
1730680 384
1730690 384
1730700 387
1730710 390
1730720 390
1730730 394
1730740 397
1730750 397
1730760 401
1730770 405
1730780 405
1730790 409
1730800 412
1730810 412
1730820 415
1730830 416
1730840 416
1730850 415
1730860 412
1730870 409
1730880 409
1730890 406
1730900 403
1730910 403
1730920 401
1730930 399
1730940 399
1730950 397
1730960 395
1730970 395
1730980 393
1730990 390
1731000 390
1731010 388
1731020 386
1731030 386
1731040 383
1731050 381
1731060 379
1731070 379
1731080 377
1731090 375
1731100 375
1731110 373
1731120 369
1731130 369
1731140 364
1731150 362
1731160 362
1731170 358
1731180 356
1731190 356
1731200 354
1731210 351
1731220 351
1731230 345
1731240 343
1731250 342
1731260 342
1731270 342
1731280 341
1731290 341
1731300 339
1731310 337
1731320 337
1731330 336
1731340 337
1731350 337
1731360 338
1731370 339
1731380 339
1731390 340
1731400 341
1731410 341
1731420 343
1731430 346
1731440 348
1731450 348
1731460 349
1731470 350
1731480 350
1731490 352
1731500 352
1731510 352
1731520 356
1731530 359
1731540 359
1731550 362
1731560 365
1731570 365
1731580 367
1731590 369
1731600 369
1731610 371
1731620 371
1731630 371
1731640 371
1731650 371
1731660 370
1731670 370
1731680 370
1731690 369
1731700 369
1731710 369
1731720 368
1731730 368
1731740 368
1731750 367
1731760 367
1731770 366
1731780 365
1731790 365
1731800 364
1731810 363
1731820 362
1731830 362
1731840 362
1731850 361
1731860 361
1731870 361
1731880 359
1731890 359
1731900 357
1731910 356
1731920 356
1731930 355
1731940 354
1731950 354
1731960 353
1731970 353
1731980 353
1731990 352
1732000 351
1732010 351
1732020 351
1732030 350
1732040 350
1732050 350
1732060 350
1732070 350
1732080 350
1732090 349
1732100 349
1732110 349
1732120 348
1732130 347
1732140 347
1732150 347
1732160 348
1732170 348
1732180 349
1732190 348
1732200 347
1732210 347
1732220 346
1732230 344
1732240 344
1732250 347
1732260 347
1732270 347
1732280 346
1732290 346
1732300 346
1732310 346
1732320 346
1732330 346
1732340 346
1732350 346
1732360 346
1732370 347
1732380 348
1732390 347
1732400 347
1732410 347
1732420 346
1732430 346
1732440 346
1732450 345
1732460 345
1732470 345
1732480 344
1732490 344
1732500 343
1732510 342
1732520 342
1732530 341
1732540 340
1732550 340
1732560 339
1732570 338
1732580 337
1732590 337
1732600 336
1732610 335
1732620 335
1732630 334
1732640 333
1732650 333
1732660 332
1732670 332
1732680 332
1732690 331
1732700 330
1732710 330
1732720 328
1732730 325
1732740 325
1732750 322
1732760 320
1732770 320
1732780 320
1732790 318
1732800 319
1732810 319
1732820 319
1732830 319
1732840 319
1732850 320
1732860 321
1732870 321
1732880 321
1732890 322
1732900 322
1732910 321
1732920 319
1732930 319
1732940 317
1732950 315
1732960 313
1732970 313
1732980 312
1732990 310
1733000 310
1733010 309
1733020 308
1733030 308
1733040 307
1733050 307
1733060 307
1733070 306
1733080 306
1733090 306
1733100 306
1733110 305
1733120 305
1733130 305
1733140 305
1733150 305
1733160 305
1733170 305
1733180 305
1733190 305
1733200 305
1733210 305
1733220 305
1733230 304
1733240 304
1733250 304
1733260 304
1733270 302
1733280 302
1733290 302
1733300 302
1733310 302
1733320 303
1733330 303
1733340 303
1733350 303
1733360 304
1733370 304
1733380 304
1733390 304
1733400 304
1733410 304
1733420 303
1733430 303
1733440 303
1733450 303
1733460 303
1733470 303
1733480 303
1733490 303
1733500 303
1733510 302
1733520 302
1733530 302
1733540 302
1733550 302
1733560 302
1733570 302
1733580 302
1733590 302
1733600 302
1733610 302
1733620 302
1733630 302
1733640 302
1733650 302
1733660 302
1733670 301
1733680 301
1733690 301
1733700 301
1733710 301
1733720 301
1733730 301
1733740 301
1733750 301
1733760 301
1733770 301
1733780 301
1733790 301
1733800 301
1733810 301
1733820 301
1733830 301
1733840 300
1733850 300
1733860 302
1733870 302
1733880 302
1733890 302
1733900 301
1733910 301
1733920 301
1733930 301
1733940 299
1733950 299
1733960 301
1733970 301
1733980 301
1733990 301
1734000 301
1734010 301
1734020 301
1734030 301
1734040 301
1734050 301
1734060 301
1734070 301
1734080 301
1734090 301
1734100 301
1734110 301
1734120 298
1734130 300
1734140 300
1734150 301
1734160 301
1734170 301
1734180 302
1734190 302
1734200 302
1734210 302
1734220 301
1734230 301
1734240 301
1734250 305
1734260 302
1734270 306
1734280 307
1734290 307
1734300 307
1734310 307
1734320 308
1734330 308
1734340 308
1734350 309
1734360 309
1734370 309
1734380 309
1734390 309
1734400 309
1734410 309
1734420 309
1734430 309
1734440 310
1734450 310
1734460 309
1734470 308
1734480 308
1734490 308
1734500 308
1734510 308
1734520 308
1734530 308
1734540 305
1734550 305
1734560 306
1734570 306
1734580 306
1734590 307
1734600 307
1734610 307
1734620 308
1734630 307
1734640 307
1734650 308
1734660 308
1734670 309
1734680 309
1734690 309
1734700 308
1734710 308
1734720 308
1734730 308
1734740 308
1734750 308
1734760 308
1734770 308
1734780 308
1734790 308
1734800 308
1734810 307
1734820 307
1734830 307
1734840 307
1734850 307
1734860 307
1734870 307
1734880 307
1734890 306
1734900 306
1734910 306
1734920 306
1734930 306
1734940 306
1734950 306
1734960 306
1734970 307
1734980 307
1734990 307
1735000 307
1735010 307
1735020 307
1735030 307
1735040 307
1735050 307
1735060 307
1735070 307
1735080 307
1735090 307
1735100 307
1735110 307
1735120 307
1735130 307
1735140 307
1735150 307
1735160 308
1735170 308
1735180 308
1735190 307
1735200 307
1735210 307
1735220 307
1735230 307
1735240 307
1735250 307
1735260 307
1735270 307
1735280 307
1735290 307
1735300 307
1735310 307
1735320 307
1735330 307
1735340 307
1735350 307
1735360 307
1735370 307
1735380 307
1735390 307
1735400 307
1735410 307
1735420 307
1735430 307
1735440 307
1735450 307
1735460 307
1735470 307
1735480 307
1735490 307
1735500 307
1735510 308
1735520 308
1735530 308
1735540 308
1735550 308
1735560 308
1735570 308
1735580 308
1735590 308
1735600 308
1735610 308
1735620 308
1735630 308
1735640 308
1735650 308
1735660 308
1735670 308
1735680 308
1735690 308
1735700 308
1735710 308
1735720 308
1735730 308
1735740 308
1735750 308
1735760 308
1735770 308
1735780 308
1735790 308
1735800 308
1735810 309
1735820 309
1735830 309
1735840 310
1735850 310
1735860 311
1735870 312
1735880 312
1735890 312
1735900 314
1735910 314
1735920 317
1735930 318
1735940 318
1735950 320
1735960 320
1735970 320
1735980 320
1735990 320
1736000 320
1736010 320
1736020 321
1736030 321
1736040 321
1736050 321
1736060 321
1736070 321
1736080 321
1736090 322
1736100 322
1736110 322
1736120 322
1736130 322
1736140 322
1736150 323
1736160 323
1736170 323
1736180 324
1736190 324
1736200 324
1736210 324
1736220 323
1736230 323
1736240 323
1736250 323
1736260 323
1736270 323
1736280 324
1736290 324
1736300 324
1736310 324
1736320 324
1736330 325
1736340 326
1736350 326
1736360 327
1736370 327
1736380 329
1736390 329
1736400 330
1736410 331
1736420 331
1736430 332
1736440 334
1736450 334
1736460 335
1736470 335
1736480 335
1736490 336
1736500 336
1736510 336
1736520 336
1736530 336
1736540 336
1736550 336
1736560 336
1736570 337
1736580 337
1736590 337
1736600 338
1736610 338
1736620 338
1736630 339
1736640 339
1736650 340
1736660 340
1736670 340
1736680 342
1736690 341
1736700 341
1736710 342
1736720 342
1736730 342
1736740 346
1736750 348
1736760 348
1736770 348
1736780 348
1736790 348
1736800 348
1736810 348
1736820 349
1736830 349
1736840 349
1736850 350
1736860 350
1736870 350
1736880 350
1736890 350
1736900 349
1736910 349
1736920 349
1736930 350
1736940 349
1736950 348
1736960 348
1736970 346
1736980 345
1736990 345
1737000 345
1737010 346
1737020 346
1737030 347
1737040 348
1737050 348
1737060 348
1737070 353
1737080 353
1737090 356
1737100 360
1737110 360
1737120 362
1737130 365
1737140 371
1737150 371
1737160 375
1737170 380
1737180 380
1737190 386
1737200 390
1737210 390
1737220 391
1737230 390
1737240 390
1737250 392
1737260 391
1737270 391
1737280 388
1737290 390
1737300 390
1737310 387
1737320 390
1737330 392
1737340 392
1737350 395
1737360 398
1737370 398
1737380 399
1737390 404
1737400 404
1737410 408
1737420 415
1737430 415
1737440 424
1737450 431
1737460 431
1737470 432
1737480 431
1737490 431
1737500 430
1737510 429
1737520 427
1737530 427
1737540 425
1737550 420
1737560 420
1737570 418
1737580 415
1737590 415
1737600 414
1737610 413
1737620 413
1737630 411
1737640 408
1737650 408
1737660 403
1737670 400
1737680 400
1737690 398
1737700 396
1737710 395
1737720 395
1737730 395
1737740 394
1737750 394
1737760 394
1737770 394
1737780 394
1737790 393
1737800 392
1737810 392
1737820 391
1737830 390
1737840 390
1737850 388
1737860 386
1737870 386
1737880 386
1737890 385
1737900 384
1737910 384
1737920 383
1737930 382
1737940 382
1737950 380
1737960 379
1737970 379
1737980 378
1737990 378
1738000 378
1738010 377
1738020 376
1738030 376
1738040 375
1738050 374
1738060 374
1738070 373
1738080 371
1738090 370
1738100 370
1738110 370
1738120 368
1738130 368
1738140 367
1738150 366
1738160 366
1738170 365
1738180 365
1738190 365
1738200 364
1738210 363
1738220 363
1738230 362
1738240 362
1738250 362
1738260 362
1738270 362
1738280 362
1738290 362
1738300 361
1738310 361
1738320 361
1738330 360
1738340 360
1738350 360
1738360 359
1738370 359
1738380 359
1738390 358
1738400 357
1738410 357
1738420 356
1738430 355
1738440 355
1738450 353
1738460 348
1738470 345
1738480 345
1738490 344
1738500 343
1738510 343
1738520 344
1738530 344
1738540 344
1738550 343
1738560 343
1738570 343
1738580 343
1738590 343
1738600 343
1738610 344
1738620 346
1738630 346
1738640 348
1738650 348
1738660 348
1738670 348
1738680 346
1738690 342
1738700 342
1738710 342
1738720 344
1738730 344
1738740 346
1738750 347
1738760 347
1738770 348
1738780 349
1738790 349
1738800 349
1738810 349
1738820 349
1738830 349
1738840 346
1738850 344
1738860 344
1738870 341
1738880 340
1738890 340
1738900 339
1738910 339
1738920 339
1738930 340
1738940 339
1738950 339
1738960 338
1738970 337
1738980 337
1738990 337
1739000 335
1739010 335
1739020 336
1739030 338
1739040 338
1739050 338
1739060 340
1739070 341
1739080 341
1739090 342
1739100 343
1739110 343
1739120 344
1739130 345
1739140 345
1739150 345
1739160 345
1739170 345
1739180 345
1739190 346
1739200 346
1739210 347
1739220 348
1739230 348
1739240 348
1739250 348
1739260 349
1739270 349
1739280 349
1739290 350
1739300 350
1739310 349
1739320 349
1739330 349
1739340 350
1739350 351
1739360 351
1739370 352
1739380 352
1739390 352
1739400 352
1739410 352
1739420 352
1739430 352
1739440 352
1739450 352
1739460 352
1739470 351
1739480 351
1739490 351
1739500 351
1739510 352
1739520 352
1739530 352
1739540 352
1739550 352
1739560 353
1739570 353
1739580 353
1739590 353
1739600 352
1739610 352
1739620 352
1739630 352
1739640 352
1739650 352
1739660 352
1739670 351
1739680 351
1739690 351
1739700 351
1739710 351
1739720 350
1739730 350
1739740 350
1739750 350
1739760 350
1739770 350
1739780 350
1739790 349
1739800 348
1739810 348
1739820 348
1739830 347
1739840 347
1739850 347
1739860 346
1739870 346
1739880 345
1739890 344
1739900 344
1739910 344
1739920 343
1739930 343
1739940 343
1739950 342
1739960 342
1739970 342
1739980 342
1739990 341
