1720000 325
1720010 325
1720020 325
1720030 325
1720040 325
1720050 325
1720060 325
1720070 325
1720080 325
1720090 325
1720100 325
1720110 325
1720120 325
1720130 325
1720140 326
1720150 326
1720160 326
1720170 326
1720180 326
1720190 326
1720200 325
1720210 325
1720220 325
1720230 325
1720240 325
1720250 325
1720260 326
1720270 326
1720280 326
1720290 325
1720300 326
1720310 326
1720320 326
1720330 326
1720340 326
1720350 326
1720360 327
1720370 327
1720380 327
1720390 327
1720400 327
1720410 327
1720420 327
1720430 327
1720440 327
1720450 327
1720460 327
1720470 327
1720480 328
1720490 328
1720500 328
1720510 327
1720520 327
1720530 327
1720540 326
1720550 326
1720560 326
1720570 326
1720580 325
1720590 325
1720600 324
1720610 323
1720620 323
1720630 322
1720640 321
1720650 321
1720660 321
1720670 320
1720680 320
1720690 320
1720700 320
1720710 319
1720720 319
1720730 319
1720740 319
1720750 319
1720760 319
1720770 319
1720780 319
1720790 319
1720800 318
1720810 318
1720820 318
1720830 318
1720840 318
1720850 318
1720860 318
1720870 318
1720880 318
1720890 318
1720900 318
1720910 318
1720920 318
1720930 318
1720940 318
1720950 318
1720960 318
1720970 318
1720980 318
1720990 318
1721000 318
1721010 318
1721020 317
1721030 317
1721040 317
1721050 317
1721060 317
1721070 317
1721080 317
1721090 317
1721100 317
1721110 317
1721120 317
1721130 317
1721140 317
1721150 317
1721160 317
1721170 317
1721180 317
1721190 317
1721200 317
1721210 317
1721220 317
1721230 317
1721240 317
1721250 317
1721260 317
1721270 317
1721280 317
1721290 317
1721300 317
1721310 317
1721320 317
1721330 317
1721340 317
1721350 317
1721360 317
1721370 317
1721380 317
1721390 316
1721400 316
1721410 316
1721420 316
1721430 316
1721440 316
1721450 316
1721460 315
1721470 315
1721480 315
1721490 315
1721500 314
1721510 314
1721520 313
1721530 312
1721540 312
1721550 312
1721560 312
1721570 312
1721580 312
1721590 312
1721600 311
1721610 311
1721620 311
1721630 311
1721640 311
1721650 311
1721660 311
1721670 311
1721680 311
1721690 311
1721700 311
1721710 311
1721720 311
1721730 311
1721740 311
1721750 311
1721760 311
1721770 311
1721780 311
1721790 311
1721800 311
1721810 311
1721820 311
1721830 311
1721840 311
1721850 311
1721860 311
1721870 311
1721880 311
1721890 311
1721900 311
1721910 311
1721920 311
1721930 311
1721940 311
1721950 311
1721960 311
1721970 311
1721980 311
1721990 311
1722000 311
1722010 311
1722020 311
1722030 311
1722040 311
1722050 311
1722060 311
1722070 311
1722080 311
1722090 311
1722100 311
1722110 311
1722120 311
1722130 310
1722140 310
1722150 310
1722160 310
1722170 310
1722180 310
1722190 310
1722200 310
1722210 310
1722220 312
1722230 315
1722240 315
1722250 314
1722260 310
1722270 310
1722280 310
1722290 309
1722300 309
1722310 309
1722320 310
1722330 310
1722340 310
1722350 310
1722360 309
1722370 309
1722380 309
1722390 309
1722400 309
1722410 308
1722420 308
1722430 308
1722440 308
1722450 308
1722460 308
1722470 308
1722480 307
1722490 307
1722500 308
1722510 308
1722520 308
1722530 308
1722540 308
1722550 308
1722560 308
1722570 308
1722580 307
1722590 307
1722600 307
1722610 307
1722620 307
1722630 307
1722640 307
1722650 307
1722660 307
1722670 307
1722680 307
1722690 307
1722700 307
1722710 307
1722720 307
1722730 307
1722740 307
1722750 307
1722760 307
1722770 307
1722780 307
1722790 307
1722800 307
1722810 307
1722820 307
1722830 307
1722840 307
1722850 307
1722860 307
1722870 307
1722880 306
1722890 306
1722900 306
1722910 306
1722920 306
1722930 306
1722940 306
1722950 308
1722960 306
1722970 306
1722980 305
1722990 305
1723000 305
1723010 305
1723020 305
1723030 305
1723040 305
1723050 305
1723060 305
1723070 305
1723080 305
1723090 305
1723100 305
1723110 305
1723120 305
1723130 305
1723140 305
1723150 305
1723160 305
1723170 305
1723180 305
1723190 305
1723200 305
1723210 305
1723220 305
1723230 305
1723240 305
1723250 305
1723260 305
1723270 305
1723280 305
1723290 305
1723300 305
1723310 305
1723320 305
1723330 305
1723340 304
1723350 304
1723360 304
1723370 304
1723380 304
1723390 304
1723400 305
1723410 305
1723420 304
1723430 304
1723440 304
1723450 304
1723460 304
1723470 304
1723480 304
1723490 304
1723500 302
1723510 302
1723520 300
1723530 299
1723540 299
1723550 300
1723560 300
1723570 300
1723580 300
1723590 300
1723600 300
1723610 300
1723620 300
1723630 300
1723640 300
1723650 300
1723660 300
1723670 300
1723680 300
1723690 299
1723700 299
1723710 299
1723720 300
1723730 300
1723740 300
1723750 298
1723760 298
1723770 302
1723780 302
1723790 302
1723800 302
1723810 298
1723820 298
1723830 299
1723840 297
1723850 297
1723860 294
1723870 294
1723880 294
1723890 294
1723900 294
1723910 294
1723920 294
1723930 294
1723940 294
1723950 294
1723960 294
1723970 294
1723980 294
1723990 297
1724000 300
1724010 300
1724020 301
1724030 301
1724040 301
1724050 301
1724060 301
1724070 301
1724080 301
1724090 301
1724100 301
1724110 301
1724120 301
1724130 301
1724140 301
1724150 301
1724160 301
1724170 301
1724180 301
1724190 301
1724200 301
1724210 301
1724220 301
1724230 301
1724240 301
1724250 301
1724260 301
1724270 301
1724280 301
1724290 301
1724300 301
1724310 301
1724320 301
1724330 301
1724340 301
1724350 301
1724360 301
1724370 300
1724380 301
1724390 301
1724400 302
1724410 302
1724420 302
1724430 302
1724440 301
1724450 301
1724460 298
1724470 298
1724480 300
1724490 300
1724500 300
1724510 300
1724520 300
1724530 300
1724540 300
1724550 300
1724560 300
1724570 300
1724580 300
1724590 300
1724600 300
1724610 300
1724620 300
1724630 300
1724640 300
1724650 300
1724660 300
1724670 300
1724680 300
1724690 301
1724700 304
1724710 304
1724720 311
1724730 323
1724740 323
1724750 332
1724760 341
1724770 341
1724780 349
1724790 351
1724800 351
1724810 351
1724820 351
1724830 351
1724840 348
1724850 344
1724860 341
1724870 341
1724880 338
1724890 337
1724900 337
1724910 335
1724920 335
1724930 335
1724940 335
1724950 333
1724960 333
1724970 329
1724980 328
1724990 328
1725000 326
1725010 319
1725020 319
1725030 315
1725040 309
1725050 308
1725060 308
1725070 306
1725080 305
1725090 305
1725100 305
1725110 304
1725120 304
1725130 304
1725140 302
1725150 302
1725160 303
1725170 304
1725180 304
1725190 304
1725200 304
1725210 304
1725220 304
1725230 304
1725240 304
1725250 304
1725260 303
1725270 303
1725280 303
1725290 304
1725300 303
1725310 303
1725320 303
1725330 304
1725340 304
1725350 304
1725360 304
1725370 304
1725380 305
1725390 305
1725400 305
1725410 305
1725420 307
1725430 311
1725440 311
1725450 317
1725460 318
1725470 318
1725480 320
1725490 324
1725500 324
1725510 326
1725520 327
1725530 327
1725540 328
1725550 329
1725560 329
1725570 330
1725580 332
1725590 332
1725600 332
1725610 333
1725620 331
1725630 331
1725640 325
1725650 321
1725660 321
1725670 327
1725680 334
1725690 334
1725700 340
1725710 341
1725720 341
1725730 343
1725740 344
1725750 344
1725760 345
1725770 346
1725780 346
1725790 346
1725800 346
1725810 345
1725820 345
1725830 346
1725840 347
1725850 347
1725860 348
1725870 349
1725880 349
1725890 351
1725900 353
1725910 353
1725920 354
1725930 354
1725940 354
1725950 354
1725960 352
1725970 352
1725980 351
1725990 351
1726000 349
1726010 349
1726020 348
1726030 348
1726040 348
1726050 348
1726060 347
1726070 347
1726080 346
1726090 346
1726100 346
1726110 345
1726120 345
1726130 345
1726140 343
1726150 344
1726160 344
1726170 353
1726180 357
1726190 358
1726200 358
1726210 360
1726220 361
1726230 361
1726240 363
1726250 363
1726260 363
1726270 365
1726280 367
1726290 367
1726300 370
1726310 373
1726320 373
1726330 377
1726340 379
1726350 379
1726360 382
1726370 385
1726380 386
1726390 386
1726400 388
1726410 389
1726420 389
1726430 391
1726440 392
1726450 392
1726460 394
1726470 395
1726480 395
1726490 396
1726500 396
1726510 396
1726520 396
1726530 397
1726540 397
1726550 397
1726560 396
1726570 396
1726580 396
1726590 396
1726600 396
1726610 396
1726620 396
1726630 396
1726640 396
1726650 396
1726660 396
1726670 396
1726680 396
1726690 396
1726700 396
1726710 397
1726720 397
1726730 397
1726740 397
1726750 398
1726760 398
1726770 398
1726780 399
1726790 399
1726800 399
1726810 400
1726820 401
1726830 401
1726840 402
1726850 403
1726860 403
1726870 404
1726880 405
1726890 405
1726900 406
1726910 407
1726920 407
1726930 408
1726940 408
1726950 407
1726960 407
1726970 406
1726980 403
1726990 403
1727000 400
1727010 400
1727020 400
1727030 400
1727040 397
1727050 397
1727060 396
1727070 395
1727080 395
1727090 394
1727100 391
1727110 391
1727120 386
1727130 384
1727140 382
1727150 382
1727160 381
1727170 379
1727180 379
1727190 376
1727200 369
1727210 369
1727220 362
1727230 362
1727240 362
1727250 364
1727260 366
1727270 366
1727280 365
1727290 367
1727300 367
1727310 367
1727320 368
1727330 366
1727340 366
1727350 357
1727360 354
1727370 354
1727380 357
1727390 359
1727400 359
1727410 359
1727420 357
1727430 357
1727440 356
1727450 353
1727460 353
1727470 350
1727480 347
1727490 347
1727500 343
1727510 345
1727520 345
1727530 345
1727540 344
1727550 342
1727560 342
1727570 340
1727580 339
1727590 339
1727600 334
1727610 332
1727620 332
1727630 331
1727640 330
1727650 330
1727660 329
1727670 328
1727680 328
1727690 328
1727700 328
1727710 327
1727720 327
1727730 327
1727740 326
1727750 326
1727760 326
1727770 326
1727780 326
1727790 327
1727800 327
1727810 327
1727820 331
1727830 335
1727840 335
1727850 335
1727860 337
1727870 337
1727880 338
1727890 341
1727900 343
1727910 343
1727920 346
1727930 348
1727940 348
1727950 349
1727960 349
1727970 349
1727980 341
1727990 335
1728000 335
1728010 334
1728020 335
1728030 335
1728040 340
1728050 344
1728060 344
1728070 348
1728080 350
1728090 352
1728100 352
1728110 354
1728120 356
1728130 356
1728140 360
1728150 361
1728160 361
1728170 363
1728180 363
1728190 363
1728200 363
1728210 362
1728220 362
1728230 361
1728240 361
1728250 361
1728260 358
1728270 356
1728280 356
1728290 355
1728300 354
1728310 354
1728320 354
1728330 353
1728340 353
1728350 353
1728360 352
1728370 352
1728380 352
1728390 352
1728400 352
1728410 352
1728420 351
1728430 350
1728440 350
1728450 351
1728460 351
1728470 351
1728480 351
1728490 351
1728500 350
1728510 350
1728520 349
1728530 348
1728540 348
1728550 347
1728560 346
1728570 346
1728580 345
1728590 344
1728600 344
1728610 344
1728620 343
1728630 343
1728640 342
1728650 341
1728660 341
1728670 340
1728680 339
1728690 338
1728700 338
1728710 337
1728720 336
1728730 336
1728740 334
1728750 332
1728760 332
1728770 330
1728780 329
1728790 329
1728800 327
1728810 325
1728820 325
1728830 324
1728840 322
1728850 322
1728860 319
1728870 318
1728880 316
1728890 316
1728900 318
1728910 319
1728920 319
1728930 319
1728940 321
1728950 321
1728960 322
1728970 324
1728980 324
1728990 326
1729000 327
1729010 327
1729020 328
1729030 329
1729040 329
1729050 329
1729060 329
1729070 329
1729080 329
1729090 328
1729100 326
1729110 326
1729120 324
1729130 324
1729140 324
1729150 323
1729160 322
1729170 322
1729180 323
1729190 321
1729200 321
1729210 322
1729220 321
1729230 321
1729240 320
1729250 320
1729260 319
1729270 319
1729280 319
1729290 318
1729300 318
1729310 318
1729320 315
1729330 315
1729340 316
1729350 317
1729360 317
1729370 317
1729380 318
1729390 318
1729400 319
1729410 320
1729420 320
1729430 321
1729440 321
1729450 322
1729460 322
1729470 323
1729480 324
1729490 324
1729500 324
1729510 324
1729520 324
1729530 325
1729540 326
1729550 326
1729560 327
1729570 327
1729580 327
1729590 328
1729600 329
1729610 329
1729620 329
1729630 330
1729640 331
1729650 331
1729660 333
1729670 333
1729680 333
1729690 334
1729700 334
1729710 334
1729720 338
1729730 341
1729740 341
1729750 342
1729760 345
1729770 345
1729780 346
1729790 346
1729800 346
1729810 346
1729820 346
1729830 347
1729840 347
1729850 347
1729860 347
1729870 347
1729880 347
1729890 346
1729900 346
1729910 346
1729920 346
1729930 346
1729940 346
1729950 350
1729960 350
1729970 348
1729980 355
1729990 355
1730000 357
1730010 359
1730020 362
1730030 362
1730040 365
1730050 367
1730060 367
1730070 369
1730080 370
1730090 370
1730100 371
1730110 372
1730120 372
1730130 373
1730140 373
1730150 373
1730160 373
1730170 373
1730180 373
1730190 373
1730200 372
1730210 371
1730220 371
1730230 370
1730240 369
1730250 369
1730260 365
1730270 362
1730280 362
1730290 360
1730300 359
1730310 359
1730320 353
1730330 351
1730340 351
1730350 352
1730360 353
1730370 353
1730380 352
1730390 351
1730400 348
1730410 348
1730420 347
1730430 347
1730440 347
1730450 346
1730460 346
1730470 346
1730480 345
1730490 347
1730500 347
1730510 349
1730520 350
1730530 350
1730540 352
1730550 353
1730560 353
1730570 354
1730580 355
1730590 356
1730600 356
1730610 357
1730620 357
1730630 357
1730640 358
1730650 359
1730660 359
1730670 360
1730680 361
1730690 361
1730700 362
1730710 363
1730720 363
1730730 363
1730740 364
1730750 364
1730760 365
1730770 366
1730780 367
1730790 367
1730800 368
1730810 369
1730820 369
1730830 370
1730840 371
1730850 371
1730860 372
1730870 372
1730880 372
1730890 372
1730900 373
1730910 373
1730920 374
1730930 374
1730940 374
1730950 375
1730960 374
1730970 374
1730980 374
1730990 374
1731000 373
1731010 373
1731020 372
1731030 371
1731040 371
1731050 370
1731060 369
1731070 369
1731080 368
1731090 368
1731100 368
1731110 369
1731120 369
1731130 369
1731140 371
1731150 373
1731160 375
1731170 375
1731180 377
1731190 378
1731200 378
1731210 380
1731220 381
1731230 381
1731240 383
1731250 384
1731260 384
1731270 386
1731280 388
1731290 388
1731300 391
1731310 393
1731320 393
1731330 394
1731340 395
1731350 397
1731360 397
1731370 398
1731380 398
1731390 398
1731400 399
1731410 401
1731420 401
1731430 404
1731440 408
1731450 408
1731460 411
1731470 413
1731480 413
1731490 412
1731500 411
1731510 411
1731520 409
1731530 407
1731540 406
1731550 406
1731560 405
1731570 405
1731580 405
1731590 403
1731600 402
1731610 402
1731620 401
1731630 401
1731640 401
1731650 399
1731660 398
1731670 398
1731680 397
1731690 396
1731700 396
1731710 395
1731720 394
1731730 392
1731740 392
1731750 391
1731760 389
1731770 389
1731780 388
1731790 387
1731800 387
1731810 386
1731820 384
1731830 384
1731840 383
1731850 383
1731860 383
1731870 382
1731880 382
1731890 382
1731900 382
1731910 382
1731920 383
1731930 383
1731940 384
1731950 385
1731960 385
1731970 387
1731980 387
1731990 387
1732000 388
1732010 389
1732020 389
1732030 389
1732040 389
1732050 389
1732060 388
1732070 387
1732080 387
1732090 386
1732100 386
1732110 386
1732120 386
1732130 386
1732140 386
1732150 386
1732160 384
1732170 383
1732180 383
1732190 381
1732200 378
1732210 378
1732220 376
1732230 375
1732240 375
1732250 375
1732260 377
1732270 377
1732280 373
1732290 372
1732300 371
1732310 371
1732320 370
1732330 368
1732340 368
1732350 367
1732360 365
1732370 365
1732380 364
1732390 363
1732400 363
1732410 362
1732420 360
1732430 360
1732440 360
1732450 359
1732460 359
1732470 359
1732480 359
1732490 359
1732500 358
1732510 358
1732520 357
1732530 357
1732540 357
1732550 356
1732560 356
1732570 356
1732580 356
1732590 356
1732600 355
1732610 354
1732620 354
1732630 353
1732640 353
1732650 353
1732660 352
1732670 351
1732680 351
1732690 350
1732700 350
1732710 349
1732720 349
1732730 348
1732740 347
1732750 347
1732760 346
1732770 346
1732780 346
1732790 345
1732800 345
1732810 345
1732820 344
1732830 343
1732840 343
1732850 342
1732860 341
1732870 341
1732880 339
1732890 338
1732900 338
1732910 338
1732920 337
1732930 337
1732940 337
1732950 336
1732960 335
1732970 335
1732980 335
1732990 335
1733000 335
1733010 336
1733020 335
1733030 335
1733040 332
1733050 326
1733060 326
1733070 326
1733080 326
1733090 325
1733100 325
1733110 326
1733120 326
1733130 326
1733140 326
1733150 327
1733160 327
1733170 328
1733180 329
1733190 329
1733200 329
1733210 330
1733220 330
1733230 333
1733240 334
1733250 334
1733260 335
1733270 336
1733280 337
1733290 337
1733300 338
1733310 338
1733320 338
1733330 338
1733340 339
1733350 339
1733360 340
1733370 341
1733380 341
1733390 343
1733400 344
1733410 344
1733420 344
1733430 346
1733440 346
1733450 346
1733460 348
1733470 348
1733480 348
1733490 348
1733500 348
1733510 348
1733520 348
1733530 348
1733540 348
1733550 347
1733560 347
1733570 347
1733580 347
1733590 347
1733600 347
1733610 346
1733620 346
1733630 346
1733640 346
1733650 345
1733660 345
1733670 345
1733680 345
1733690 344
1733700 344
1733710 344
1733720 343
1733730 343
1733740 343
1733750 342
1733760 342
1733770 341
1733780 341
1733790 341
1733800 340
1733810 340
1733820 340
1733830 339
1733840 339
1733850 338
1733860 338
1733870 338
1733880 337
1733890 337
1733900 336
1733910 336
1733920 336
1733930 335
1733940 334
1733950 334
1733960 333
1733970 334
1733980 334
1733990 334
1734000 334
1734010 334
1734020 334
1734030 334
1734040 333
1734050 333
1734060 332
1734070 331
1734080 331
1734090 330
1734100 328
1734110 328
1734120 327
1734130 325
1734140 325
1734150 321
1734160 320
1734170 320
1734180 321
1734190 321
1734200 321
1734210 322
1734220 323
1734230 324
1734240 324
1734250 325
1734260 326
1734270 326
1734280 326
1734290 328
1734300 328
1734310 329
1734320 329
1734330 329
1734340 331
1734350 331
1734360 331
1734370 331
1734380 330
1734390 330
1734400 329
1734410 326
1734420 326
1734430 326
1734440 326
1734450 326
1734460 326
1734470 324
1734480 325
1734490 325
1734500 323
1734510 323
1734520 323
1734530 322
1734540 322
1734550 322
1734560 320
1734570 321
1734580 321
1734590 321
1734600 321
1734610 320
1734620 320
1734630 320
1734640 320
1734650 320
1734660 320
1734670 319
1734680 319
1734690 319
1734700 319
1734710 319
1734720 319
1734730 319
1734740 319
1734750 319
1734760 319
1734770 319
1734780 319
1734790 319
1734800 319
1734810 319
1734820 319
1734830 319
1734840 319
1734850 318
1734860 318
1734870 318
1734880 318
1734890 318
1734900 318
1734910 318
1734920 318
1734930 318
1734940 318
1734950 318
1734960 318
1734970 318
1734980 318
1734990 318
1735000 318
1735010 317
1735020 317
1735030 317
1735040 317
1735050 317
1735060 317
1735070 317
1735080 317
1735090 317
1735100 317
1735110 316
1735120 316
1735130 316
1735140 316
1735150 316
1735160 315
1735170 315
1735180 315
1735190 315
1735200 315
1735210 316
1735220 316
1735230 316
1735240 316
1735250 316
1735260 316
1735270 316
1735280 316
1735290 316
1735300 316
1735310 316
1735320 315
1735330 315
1735340 315
1735350 315
1735360 315
1735370 315
1735380 315
1735390 315
1735400 314
1735410 314
1735420 314
1735430 314
1735440 314
1735450 314
1735460 314
1735470 314
1735480 314
1735490 314
1735500 314
1735510 314
1735520 314
1735530 314
1735540 314
1735550 314
1735560 313
1735570 313
1735580 313
1735590 313
1735600 313
1735610 313
1735620 313
1735630 313
1735640 313
1735650 312
1735660 312
1735670 312
1735680 312
1735690 312
1735700 312
1735710 311
1735720 311
1735730 311
1735740 311
1735750 311
1735760 311
1735770 311
1735780 310
1735790 310
1735800 310
1735810 310
1735820 310
1735830 310
1735840 310
1735850 310
1735860 310
1735870 310
1735880 310
1735890 309
1735900 309
1735910 309
1735920 309
1735930 309
1735940 309
1735950 309
1735960 309
1735970 309
1735980 309
1735990 309
1736000 309
1736010 309
1736020 308
1736030 308
1736040 308
1736050 308
1736060 307
1736070 307
1736080 307
1736090 307
1736100 307
1736110 306
1736120 306
1736130 306
1736140 306
1736150 306
1736160 306
1736170 306
1736180 306
1736190 306
1736200 306
1736210 306
1736220 306
1736230 306
1736240 306
1736250 306
1736260 306
1736270 306
1736280 306
1736290 306
1736300 306
1736310 306
1736320 306
1736330 306
1736340 306
1736350 306
1736360 306
1736370 306
1736380 306
1736390 306
1736400 306
1736410 305
1736420 305
1736430 303
1736440 306
1736450 306
1736460 306
1736470 306
1736480 306
1736490 306
1736500 306
1736510 306
1736520 306
1736530 306
1736540 306
1736550 306
1736560 306
1736570 306
1736580 306
1736590 306
1736600 306
1736610 306
1736620 306
1736630 306
1736640 306
1736650 306
1736660 306
1736670 306
1736680 306
1736690 306
1736700 306
1736710 306
1736720 306
1736730 307
1736740 307
1736750 307
1736760 307
1736770 307
1736780 307
1736790 307
1736800 307
1736810 307
1736820 308
1736830 308
1736840 308
1736850 308
1736860 308
1736870 308
1736880 308
1736890 308
1736900 308
1736910 308
1736920 308
1736930 308
1736940 309
1736950 309
1736960 309
1736970 309
1736980 309
1736990 309
1737000 310
1737010 310
1737020 310
1737030 310
1737040 311
1737050 311
1737060 311
1737070 311
1737080 311
1737090 312
1737100 312
1737110 313
1737120 313
1737130 314
1737140 314
1737150 314
1737160 315
1737170 316
1737180 316
1737190 317
1737200 319
1737210 319
1737220 321
1737230 323
1737240 323
1737250 325
1737260 326
1737270 326
1737280 328
1737290 330
1737300 332
1737310 332
1737320 333
1737330 335
1737340 335
1737350 337
1737360 338
1737370 338
1737380 340
1737390 340
1737400 340
1737410 342
1737420 344
1737430 344
1737440 345
1737450 346
1737460 346
1737470 349
1737480 353
1737490 357
1737500 357
1737510 361
1737520 365
1737530 365
1737540 370
1737550 373
1737560 373
1737570 376
1737580 380
1737590 380
1737600 383
1737610 386
1737620 386
1737630 390
1737640 393
1737650 393
1737660 396
1737670 399
1737680 402
1737690 402
1737700 405
1737710 408
1737720 408
1737730 410
1737740 413
1737750 413
1737760 415
1737770 418
1737780 418
1737790 420
1737800 423
1737810 423
1737820 425
1737830 426
1737840 426
1737850 427
1737860 428
1737870 430
1737880 430
1737890 433
1737900 436
1737910 436
1737920 438
1737930 441
1737940 441
1737950 442
1737960 443
1737970 443
1737980 443
1737990 442
1738000 442
1738010 441
1738020 440
1738030 440
1738040 438
1738050 437
1738060 435
1738070 435
1738080 433
1738090 432
1738100 432
1738110 431
1738120 430
1738130 430
1738140 429
1738150 428
1738160 428
1738170 427
1738180 426
1738190 426
1738200 424
1738210 422
1738220 422
1738230 419
1738240 419
1738250 418
1738260 418
1738270 418
1738280 416
1738290 416
1738300 415
1738310 414
1738320 414
1738330 413
1738340 412
1738350 412
1738360 411
1738370 409
1738380 409
1738390 407
1738400 402
1738410 402
1738420 400
1738430 399
1738440 398
1738450 398
1738460 397
1738470 396
1738480 396
1738490 395
1738500 394
1738510 394
1738520 394
1738530 393
1738540 393
1738550 393
1738560 391
1738570 391
1738580 388
1738590 387
1738600 387
1738610 387
1738620 385
1738630 385
1738640 385
1738650 384
1738660 384
1738670 384
1738680 383
1738690 382
1738700 382
1738710 381
1738720 379
1738730 379
1738740 377
1738750 375
1738760 375
1738770 377
1738780 378
1738790 378
1738800 377
1738810 377
1738820 375
1738830 375
1738840 374
1738850 371
1738860 371
1738870 368
1738880 365
1738890 365
1738900 363
1738910 361
1738920 361
1738930 359
1738940 359
1738950 359
1738960 357
1738970 358
1738980 358
1738990 356
1739000 355
1739010 355
1739020 355
1739030 355
1739040 356
1739050 356
1739060 356
1739070 355
1739080 355
1739090 354
1739100 355
1739110 355
1739120 355
1739130 356
1739140 356
1739150 358
1739160 362
1739170 362
1739180 363
1739190 365
1739200 366
1739210 366
1739220 367
1739230 367
1739240 367
1739250 366
1739260 365
1739270 365
1739280 364
1739290 360
1739300 360
1739310 357
1739320 364
1739330 364
1739340 366
1739350 368
1739360 368
1739370 369
1739380 370
1739390 370
1739400 370
1739410 369
1739420 369
1739430 369
1739440 369
1739450 368
1739460 368
1739470 368
1739480 368
1739490 368
1739500 367
1739510 367
1739520 367
1739530 366
1739540 366
1739550 366
1739560 366
1739570 366
1739580 366
1739590 366
1739600 365
1739610 365
1739620 365
1739630 364
1739640 364
1739650 364
1739660 363
1739670 363
1739680 363
1739690 363
1739700 363
1739710 363
1739720 362
1739730 363
1739740 363
1739750 362
1739760 362
1739770 362
1739780 362
1739790 361
1739800 361
1739810 361
1739820 360
1739830 360
1739840 360
1739850 359
1739860 359
1739870 359
1739880 358
1739890 357
1739900 357
1739910 356
1739920 354
1739930 354
1739940 352
1739950 352
1739960 351
1739970 351
1739980 350
1739990 347
