1720000 323
1720010 323
1720020 323
1720030 322
1720040 322
1720050 322
1720060 322
1720070 322
1720080 322
1720090 322
1720100 322
1720110 322
1720120 322
1720130 322
1720140 322
1720150 322
1720160 322
1720170 322
1720180 322
1720190 322
1720200 322
1720210 322
1720220 322
1720230 322
1720240 322
1720250 322
1720260 322
1720270 322
1720280 322
1720290 322
1720300 322
1720310 321
1720320 321
1720330 321
1720340 321
1720350 322
1720360 322
1720370 322
1720380 321
1720390 321
1720400 321
1720410 322
1720420 322
1720430 322
1720440 322
1720450 322
1720460 322
1720470 321
1720480 320
1720490 320
1720500 318
1720510 317
1720520 317
1720530 316
1720540 316
1720550 316
1720560 316
1720570 316
1720580 316
1720590 316
1720600 316
1720610 316
1720620 316
1720630 316
1720640 316
1720650 316
1720660 316
1720670 316
1720680 316
1720690 316
1720700 316
1720710 316
1720720 316
1720730 317
1720740 317
1720750 319
1720760 321
1720770 321
1720780 321
1720790 321
1720800 321
1720810 321
1720820 320
1720830 320
1720840 320
1720850 320
1720860 320
1720870 320
1720880 320
1720890 320
1720900 320
1720910 320
1720920 320
1720930 320
1720940 320
1720950 320
1720960 320
1720970 320
1720980 320
1720990 320
1721000 320
1721010 320
1721020 320
1721030 320
1721040 320
1721050 320
1721060 320
1721070 320
1721080 320
1721090 320
1721100 320
1721110 320
1721120 320
1721130 320
1721140 320
1721150 320
1721160 320
1721170 320
1721180 320
1721190 320
1721200 320
1721210 320
1721220 320
1721230 320
1721240 320
1721250 320
1721260 320
1721270 320
1721280 320
1721290 320
1721300 320
1721310 320
1721320 320
1721330 320
1721340 320
1721350 320
1721360 321
1721370 321
1721380 320
1721390 321
1721400 321
1721410 320
1721420 322
1721430 321
1721440 321
1721450 320
1721460 320
1721470 320
1721480 320
1721490 320
1721500 320
1721510 320
1721520 320
1721530 320
1721540 320
1721550 320
1721560 320
1721570 320
1721580 320
1721590 320
1721600 320
1721610 320
1721620 320
1721630 320
1721640 320
1721650 319
1721660 319
1721670 319
1721680 319
1721690 319
1721700 319
1721710 319
1721720 319
1721730 319
1721740 319
1721750 319
1721760 319
1721770 319
1721780 319
1721790 319
1721800 319
1721810 319
1721820 319
1721830 319
1721840 319
1721850 319
1721860 319
1721870 319
1721880 319
1721890 319
1721900 319
1721910 319
1721920 319
1721930 319
1721940 319
1721950 319
1721960 320
1721970 320
1721980 320
1721990 320
1722000 320
1722010 320
1722020 320
1722030 320
1722040 320
1722050 320
1722060 320
1722070 320
1722080 319
1722090 319
1722100 319
1722110 319
1722120 319
1722130 319
1722140 319
1722150 319
1722160 319
1722170 319
1722180 319
1722190 319
1722200 319
1722210 319
1722220 319
1722230 319
1722240 319
1722250 319
1722260 319
1722270 319
1722280 319
1722290 319
1722300 319
1722310 319
1722320 319
1722330 319
1722340 319
1722350 319
1722360 319
1722370 319
1722380 319
1722390 319
1722400 319
1722410 319
1722420 319
1722430 319
1722440 319
1722450 319
1722460 319
1722470 319
1722480 319
1722490 319
1722500 320
1722510 320
1722520 320
1722530 320
1722540 320
1722550 319
1722560 320
1722570 320
1722580 321
1722590 323
1722600 323
1722610 319
1722620 319
1722630 319
1722640 319
1722650 319
1722660 319
1722670 319
1722680 319
1722690 319
1722700 319
1722710 319
1722720 319
1722730 319
1722740 319
1722750 319
1722760 319
1722770 319
1722780 319
1722790 319
1722800 319
1722810 319
1722820 319
1722830 319
1722840 319
1722850 319
1722860 319
1722870 319
1722880 319
1722890 319
1722900 319
1722910 319
1722920 319
1722930 319
1722940 319
1722950 319
1722960 319
1722970 319
1722980 319
1722990 319
1723000 319
1723010 319
1723020 319
1723030 319
1723040 319
1723050 319
1723060 318
1723070 318
1723080 318
1723090 318
1723100 318
1723110 318
1723120 318
1723130 318
1723140 318
1723150 318
1723160 318
1723170 318
1723180 318
1723190 318
1723200 318
1723210 318
1723220 318
1723230 319
1723240 319
1723250 319
1723260 319
1723270 319
1723280 319
1723290 319
1723300 319
1723310 319
1723320 319
1723330 319
1723340 319
1723350 319
1723360 319
1723370 319
1723380 319
1723390 319
1723400 319
1723410 318
1723420 318
1723430 318
1723440 318
1723450 318
1723460 318
1723470 318
1723480 318
1723490 318
1723500 318
1723510 318
1723520 318
1723530 318
1723540 318
1723550 318
1723560 318
1723570 318
1723580 318
1723590 319
1723600 319
1723610 319
1723620 319
1723630 319
1723640 319
1723650 319
1723660 318
1723670 319
1723680 319
1723690 319
1723700 319
1723710 319
1723720 319
1723730 317
1723740 317
1723750 317
1723760 317
1723770 317
1723780 316
1723790 316
1723800 316
1723810 316
1723820 316
1723830 315
1723840 315
1723850 314
1723860 313
1723870 313
1723880 313
1723890 313
1723900 313
1723910 313
1723920 312
1723930 312
1723940 312
1723950 312
1723960 312
1723970 312
1723980 312
1723990 312
1724000 312
1724010 312
1724020 312
1724030 312
1724040 312
1724050 312
1724060 312
1724070 312
1724080 313
1724090 313
1724100 313
1724110 313
1724120 313
1724130 313
1724140 313
1724150 313
1724160 312
1724170 312
1724180 312
1724190 312
1724200 312
1724210 312
1724220 312
1724230 312
1724240 312
1724250 312
1724260 312
1724270 312
1724280 312
1724290 312
1724300 312
1724310 312
1724320 312
1724330 312
1724340 312
1724350 312
1724360 312
1724370 312
1724380 312
1724390 312
1724400 312
1724410 312
1724420 312
1724430 312
1724440 312
1724450 312
1724460 312
1724470 312
1724480 312
1724490 312
1724500 312
1724510 312
1724520 311
1724530 311
1724540 311
1724550 311
1724560 311
1724570 311
1724580 311
1724590 311
1724600 311
1724610 311
1724620 311
1724630 311
1724640 310
1724650 310
1724660 310
1724670 310
1724680 311
1724690 311
1724700 310
1724710 310
1724720 310
1724730 311
1724740 311
1724750 311
1724760 311
1724770 311
1724780 310
1724790 310
1724800 310
1724810 310
1724820 310
1724830 310
1724840 310
1724850 310
1724860 310
1724870 310
1724880 310
1724890 310
1724900 310
1724910 310
1724920 310
1724930 310
1724940 310
1724950 310
1724960 310
1724970 309
1724980 309
1724990 309
1725000 309
1725010 309
1725020 309
1725030 309
1725040 309
1725050 309
1725060 308
1725070 308
1725080 309
1725090 309
1725100 309
1725110 309
1725120 309
1725130 309
1725140 309
1725150 308
1725160 308
1725170 309
1725180 309
1725190 309
1725200 309
1725210 309
1725220 309
1725230 309
1725240 309
1725250 309
1725260 309
1725270 309
1725280 309
1725290 309
1725300 309
1725310 309
1725320 309
1725330 309
1725340 309
1725350 309
1725360 309
1725370 309
1725380 309
1725390 309
1725400 308
1725410 309
1725420 309
1725430 309
1725440 309
1725450 309
1725460 309
1725470 309
1725480 309
1725490 309
1725500 309
1725510 309
1725520 308
1725530 309
1725540 309
1725550 309
1725560 309
1725570 309
1725580 309
1725590 309
1725600 309
1725610 309
1725620 309
1725630 309
1725640 309
1725650 309
1725660 309
1725670 309
1725680 309
1725690 309
1725700 309
1725710 309
1725720 310
1725730 310
1725740 310
1725750 311
1725760 309
1725770 309
1725780 309
1725790 309
1725800 309
1725810 309
1725820 309
1725830 309
1725840 309
1725850 309
1725860 309
1725870 310
1725880 308
1725890 308
1725900 308
1725910 308
1725920 308
1725930 308
1725940 308
1725950 309
1725960 309
1725970 309
1725980 309
1725990 309
1726000 309
1726010 308
1726020 308
1726030 308
1726040 308
1726050 308
1726060 308
1726070 308
1726080 308
1726090 308
1726100 308
1726110 308
1726120 309
1726130 309
1726140 309
1726150 308
1726160 308
1726170 310
1726180 310
1726190 309
1726200 308
1726210 308
1726220 308
1726230 308
1726240 308
1726250 308
1726260 308
1726270 308
1726280 308
1726290 307
1726300 307
1726310 307
1726320 307
1726330 307
1726340 308
1726350 308
1726360 309
1726370 309
1726380 313
1726390 311
1726400 311
1726410 308
1726420 308
1726430 308
1726440 308
1726450 308
1726460 308
1726470 308
1726480 308
1726490 308
1726500 308
1726510 308
1726520 308
1726530 310
1726540 310
1726550 309
1726560 309
1726570 309
1726580 308
1726590 308
1726600 310
1726610 309
1726620 309
1726630 314
1726640 317
1726650 317
1726660 318
1726670 320
1726680 320
1726690 326
1726700 334
1726710 334
1726720 340
1726730 346
1726740 351
1726750 351
1726760 356
1726770 363
1726780 363
1726790 371
1726800 371
1726810 371
1726820 371
1726830 371
1726840 371
1726850 370
1726860 370
1726870 370
1726880 370
1726890 369
1726900 369
1726910 367
1726920 367
1726930 367
1726940 367
1726950 369
1726960 370
1726970 370
1726980 363
1726990 360
1727000 360
1727010 361
1727020 368
1727030 368
1727040 374
1727050 375
1727060 375
1727070 375
1727080 375
1727090 375
1727100 374
1727110 376
1727120 376
1727130 379
1727140 380
1727150 381
1727160 381
1727170 383
1727180 384
1727190 384
1727200 386
1727210 387
1727220 387
1727230 388
1727240 392
1727250 392
1727260 396
1727270 398
1727280 398
1727290 401
1727300 403
1727310 403
1727320 408
1727330 410
1727340 410
1727350 410
1727360 411
1727370 412
1727380 412
1727390 411
1727400 410
1727410 410
1727420 408
1727430 406
1727440 406
1727450 405
1727460 401
1727470 401
1727480 400
1727490 399
1727500 399
1727510 398
1727520 398
1727530 396
1727540 396
1727550 394
1727560 391
1727570 391
1727580 387
1727590 384
1727600 384
1727610 384
1727620 384
1727630 384
1727640 384
1727650 383
1727660 383
1727670 381
1727680 379
1727690 379
1727700 378
1727710 375
1727720 373
1727730 373
1727740 371
1727750 369
1727760 369
1727770 366
1727780 365
1727790 365
1727800 363
1727810 363
1727820 363
1727830 362
1727840 360
1727850 360
1727860 359
1727870 358
1727880 358
1727890 356
1727900 354
1727910 354
1727920 352
1727930 350
1727940 349
1727950 349
1727960 348
1727970 346
1727980 346
1727990 344
1728000 342
1728010 342
1728020 339
1728030 338
1728040 338
1728050 343
1728060 346
1728070 346
1728080 348
1728090 349
1728100 349
1728110 351
1728120 352
1728130 353
1728140 353
1728150 354
1728160 357
1728170 357
1728180 357
1728190 359
1728200 359
1728210 360
1728220 360
1728230 360
1728240 356
1728250 353
1728260 353
1728270 353
1728280 356
1728290 356
1728300 358
1728310 360
1728320 362
1728330 362
1728340 366
1728350 370
1728360 370
1728370 377
1728380 379
1728390 379
1728400 382
1728410 386
1728420 386
1728430 389
1728440 392
1728450 392
1728460 396
1728470 398
1728480 398
1728490 402
1728500 404
1728510 407
1728520 407
1728530 409
1728540 412
1728550 412
1728560 414
1728570 417
1728580 417
1728590 419
1728600 421
1728610 421
1728620 423
1728630 424
1728640 424
1728650 426
1728660 425
1728670 425
1728680 425
1728690 423
1728700 423
1728710 423
1728720 422
1728730 420
1728740 420
1728750 418
1728760 416
1728770 416
1728780 414
1728790 411
1728800 411
1728810 409
1728820 405
1728830 405
1728840 398
1728850 393
1728860 393
1728870 392
1728880 391
1728890 391
1728900 389
1728910 388
1728920 386
1728930 386
1728940 384
1728950 382
1728960 382
1728970 377
1728980 376
1728990 376
1729000 375
1729010 372
1729020 372
1729030 371
1729040 368
1729050 368
1729060 365
1729070 364
1729080 364
1729090 362
1729100 360
1729110 359
1729120 359
1729130 358
1729140 357
1729150 357
1729160 356
1729170 356
1729180 356
1729190 356
1729200 358
1729210 358
1729220 358
1729230 356
1729240 356
1729250 353
1729260 351
1729270 351
1729280 349
1729290 347
1729300 346
1729310 346
1729320 346
1729330 345
1729340 345
1729350 346
1729360 346
1729370 346
1729380 346
1729390 347
1729400 347
1729410 349
1729420 350
1729430 350
1729440 352
1729450 353
1729460 353
1729470 353
1729480 354
1729490 356
1729500 356
1729510 359
1729520 363
1729530 363
1729540 366
1729550 367
1729560 367
1729570 369
1729580 371
1729590 371
1729600 373
1729610 375
1729620 375
1729630 378
1729640 381
1729650 381
1729660 382
1729670 383
1729680 383
1729690 384
1729700 386
1729710 387
1729720 387
1729730 389
1729740 390
1729750 390
1729760 391
1729770 392
1729780 392
1729790 392
1729800 392
1729810 392
1729820 392
1729830 391
1729840 391
1729850 391
1729860 390
1729870 390
1729880 389
1729890 388
1729900 387
1729910 387
1729920 387
1729930 386
1729940 386
1729950 385
1729960 383
1729970 383
1729980 382
1729990 382
1730000 382
1730010 381
1730020 380
1730030 380
1730040 379
1730050 378
1730060 378
1730070 378
1730080 377
1730090 376
1730100 376
1730110 375
1730120 374
1730130 374
1730140 374
1730150 372
1730160 372
1730170 370
1730180 369
1730190 369
1730200 368
1730210 367
1730220 367
1730230 366
1730240 366
1730250 366
1730260 365
1730270 363
1730280 362
1730290 362
1730300 361
1730310 360
1730320 360
1730330 360
1730340 359
1730350 359
1730360 358
1730370 358
1730380 358
1730390 359
1730400 359
1730410 359
1730420 359
1730430 359
1730440 359
1730450 359
1730460 359
1730470 359
1730480 358
1730490 357
1730500 356
1730510 356
1730520 355
1730530 354
1730540 354
1730550 352
1730560 351
1730570 351
1730580 350
1730590 350
1730600 350
1730610 349
1730620 349
1730630 349
1730640 349
1730650 349
1730660 349
1730670 349
1730680 350
1730690 350
1730700 350
1730710 350
1730720 350
1730730 350
1730740 350
1730750 350
1730760 350
1730770 351
1730780 352
1730790 352
1730800 353
1730810 354
1730820 353
1730830 355
1730840 355
1730850 355
1730860 357
1730870 359
1730880 363
1730890 363
1730900 367
1730910 369
1730920 369
1730930 371
1730940 373
1730950 373
1730960 375
1730970 374
1730980 374
1730990 373
1731000 371
1731010 371
1731020 371
1731030 372
1731040 372
1731050 371
1731060 370
1731070 368
1731080 368
1731090 367
1731100 364
1731110 364
1731120 363
1731130 361
1731140 361
1731150 361
1731160 360
1731170 360
1731180 360
1731190 361
1731200 361
1731210 360
1731220 360
1731230 360
1731240 358
1731250 360
1731260 362
1731270 362
1731280 363
1731290 365
1731300 365
1731310 366
1731320 367
1731330 367
1731340 368
1731350 369
1731360 369
1731370 371
1731380 375
1731390 375
1731400 376
1731410 380
1731420 380
1731430 383
1731440 386
1731450 386
1731460 388
1731470 391
1731480 393
1731490 393
1731500 394
1731510 396
1731520 396
1731530 398
1731540 399
1731550 399
1731560 400
1731570 400
1731580 400
1731590 401
1731600 401
1731610 401
1731620 401
1731630 400
1731640 400
1731650 401
1731660 401
1731670 403
1731680 403
1731690 405
1731700 406
1731710 406
1731720 408
1731730 409
1731740 409
1731750 411
1731760 412
1731770 412
1731780 415
1731790 415
1731800 415
1731810 416
1731820 418
1731830 418
1731840 420
1731850 421
1731860 424
1731870 424
1731880 426
1731890 428
1731900 428
1731910 431
1731920 432
1731930 432
1731940 432
1731950 431
1731960 431
1731970 430
1731980 428
1731990 428
1732000 426
1732010 424
1732020 424
1732030 422
1732040 418
1732050 415
1732060 415
1732070 413
1732080 412
1732090 412
1732100 411
1732110 409
1732120 409
1732130 408
1732140 407
1732150 407
1732160 406
1732170 404
1732180 404
1732190 402
1732200 401
1732210 401
1732220 399
1732230 397
1732240 397
1732250 394
1732260 392
1732270 391
1732280 391
1732290 388
1732300 388
1732310 388
1732320 386
1732330 385
1732340 385
1732350 385
1732360 385
1732370 385
1732380 385
1732390 385
1732400 385
1732410 384
1732420 384
1732430 384
1732440 384
1732450 384
1732460 384
1732470 384
1732480 384
1732490 384
1732500 384
1732510 384
1732520 384
1732530 384
1732540 383
1732550 382
1732560 382
1732570 382
1732580 381
1732590 381
1732600 380
1732610 380
1732620 380
1732630 379
1732640 379
1732650 378
1732660 378
1732670 378
1732680 377
1732690 377
1732700 376
1732710 376
1732720 376
1732730 375
1732740 374
1732750 374
1732760 374
1732770 374
1732780 374
1732790 374
1732800 374
1732810 374
1732820 374
1732830 374
1732840 374
1732850 374
1732860 374
1732870 376
1732880 376
1732890 375
1732900 374
1732910 374
1732920 374
1732930 373
1732940 373
1732950 373
1732960 373
1732970 373
1732980 373
1732990 374
1733000 374
1733010 374
1733020 375
1733030 376
1733040 376
1733050 376
1733060 376
1733070 376
1733080 376
1733090 376
1733100 376
1733110 376
1733120 376
1733130 376
1733140 376
1733150 376
1733160 376
1733170 376
1733180 376
1733190 376
1733200 376
1733210 376
1733220 376
1733230 376
1733240 377
1733250 378
1733260 378
1733270 379
1733280 379
1733290 379
1733300 380
1733310 380
1733320 380
1733330 380
1733340 381
1733350 381
1733360 381
1733370 381
1733380 381
1733390 382
1733400 382
1733410 382
1733420 383
1733430 383
1733440 384
1733450 384
1733460 385
1733470 386
1733480 386
1733490 388
1733500 388
1733510 388
1733520 389
1733530 390
1733540 390
1733550 390
1733560 389
1733570 389
1733580 389
1733590 389
1733600 389
1733610 389
1733620 389
1733630 388
1733640 388
1733650 387
1733660 386
1733670 386
1733680 386
1733690 385
1733700 385
1733710 383
1733720 383
1733730 383
1733740 381
1733750 380
1733760 380
1733770 380
1733780 379
1733790 379
1733800 379
1733810 379
1733820 378
1733830 378
1733840 377
1733850 375
1733860 375
1733870 373
1733880 373
1733890 373
1733900 371
1733910 370
1733920 370
1733930 368
1733940 367
1733950 367
1733960 365
1733970 363
1733980 363
1733990 362
1734000 361
1734010 361
1734020 361
1734030 360
1734040 358
1734050 358
1734060 357
1734070 355
1734080 355
1734090 354
1734100 353
1734110 353
1734120 353
1734130 352
1734140 352
1734150 351
1734160 351
1734170 351
1734180 351
1734190 351
1734200 351
1734210 350
1734220 350
1734230 349
1734240 349
1734250 349
1734260 349
1734270 349
1734280 348
1734290 347
1734300 347
1734310 347
1734320 346
1734330 346
1734340 346
1734350 346
1734360 346
1734370 345
1734380 344
1734390 344
1734400 344
1734410 344
1734420 344
1734430 344
1734440 344
1734450 344
1734460 344
1734470 344
1734480 344
1734490 344
1734500 344
1734510 343
1734520 343
1734530 343
1734540 343
1734550 343
1734560 338
1734570 339
1734580 339
1734590 339
1734600 338
1734610 339
1734620 339
1734630 340
1734640 342
1734650 342
1734660 344
1734670 345
1734680 345
1734690 346
1734700 348
1734710 348
1734720 349
1734730 349
1734740 349
1734750 349
1734760 350
1734770 350
1734780 348
1734790 350
1734800 354
1734810 354
1734820 356
1734830 357
1734840 357
1734850 358
1734860 359
1734870 360
1734880 361
1734890 361
1734900 361
1734910 361
1734920 361
1734930 361
1734940 360
1734950 359
1734960 359
1734970 357
1734980 356
1734990 356
1735000 355
1735010 353
1735020 352
1735030 352
1735040 351
1735050 350
1735060 350
1735070 349
1735080 348
1735090 348
1735100 347
1735110 345
1735120 345
1735130 344
1735140 342
1735150 342
1735160 341
1735170 340
1735180 340
1735190 339
1735200 339
1735210 338
1735220 338
1735230 337
1735240 337
1735250 337
1735260 336
1735270 336
1735280 336
1735290 335
1735300 334
1735310 334
1735320 334
1735330 333
1735340 333
1735350 333
1735360 333
1735370 333
1735380 333
1735390 331
1735400 331
1735410 331
1735420 330
1735430 330
1735440 330
1735450 329
1735460 329
1735470 329
1735480 328
1735490 327
1735500 327
1735510 326
1735520 326
1735530 326
1735540 325
1735550 324
1735560 324
1735570 323
1735580 322
1735590 322
1735600 322
1735610 321
1735620 321
1735630 321
1735640 320
1735650 319
1735660 319
1735670 319
1735680 318
1735690 318
1735700 318
1735710 318
1735720 318
1735730 318
1735740 318
1735750 318
1735760 318
1735770 318
1735780 318
1735790 318
1735800 318
1735810 318
1735820 318
1735830 318
1735840 318
1735850 318
1735860 318
1735870 318
1735880 318
1735890 318
1735900 318
1735910 318
1735920 318
1735930 318
1735940 318
1735950 318
1735960 318
1735970 318
1735980 318
1735990 318
1736000 318
1736010 318
1736020 318
1736030 318
1736040 318
1736050 318
1736060 318
1736070 318
1736080 318
1736090 318
1736100 318
1736110 318
1736120 318
1736130 318
1736140 318
1736150 318
1736160 318
1736170 318
1736180 318
1736190 317
1736200 317
1736210 317
1736220 317
1736230 317
1736240 318
1736250 318
1736260 318
1736270 318
1736280 318
1736290 318
1736300 319
1736310 319
1736320 319
1736330 319
1736340 319
1736350 319
1736360 321
1736370 322
1736380 325
1736390 325
1736400 327
1736410 327
1736420 327
1736430 327
1736440 328
1736450 328
1736460 328
1736470 329
1736480 329
1736490 330
1736500 331
1736510 331
1736520 333
1736530 335
1736540 335
1736550 337
1736560 339
1736570 340
1736580 340
1736590 343
1736600 347
1736610 347
1736620 350
1736630 353
1736640 353
1736650 356
1736660 357
1736670 357
1736680 361
1736690 363
1736700 363
1736710 365
1736720 367
1736730 367
1736740 369
1736750 372
1736760 372
1736770 375
1736780 379
1736790 380
1736800 382
1736810 387
1736820 389
1736830 389
1736840 391
1736850 392
1736860 392
1736870 395
1736880 394
1736890 394
1736900 394
1736910 392
1736920 392
1736930 391
1736940 389
1736950 389
1736960 388
1736970 387
1736980 386
1736990 386
1737000 385
1737010 383
1737020 383
1737030 382
1737040 381
1737050 381
1737060 379
1737070 377
1737080 377
1737090 377
1737100 376
1737110 376
1737120 374
1737130 373
1737140 373
1737150 372
1737160 371
1737170 370
1737180 370
1737190 367
1737200 367
1737210 367
1737220 366
1737230 365
1737240 365
1737250 364
1737260 364
1737270 364
1737280 364
1737290 363
1737300 363
1737310 362
1737320 362
1737330 362
1737340 361
1737350 357
1737360 355
1737370 355
1737380 354
1737390 353
1737400 353
1737410 353
1737420 353
1737430 353
1737440 352
1737450 353
1737460 353
1737470 354
1737480 354
1737490 354
1737500 356
1737510 357
1737520 357
1737530 360
1737540 362
1737550 366
1737560 366
1737570 369
1737580 370
1737590 370
1737600 373
1737610 376
1737620 376
1737630 378
1737640 381
1737650 381
1737660 383
1737670 386
1737680 386
1737690 388
1737700 391
1737710 391
1737720 395
1737730 399
1737740 399
1737750 401
1737760 402
1737770 403
1737780 403
1737790 406
1737800 410
1737810 410
1737820 412
1737830 415
1737840 415
1737850 417
1737860 420
1737870 420
1737880 423
1737890 426
1737900 426
1737910 428
1737920 430
1737930 430
1737940 430
1737950 433
1737960 433
1737970 433
1737980 433
1737990 430
1738000 430
1738010 427
1738020 425
1738030 425
1738040 423
1738050 422
1738060 422
1738070 420
1738080 418
1738090 418
1738100 417
1738110 416
1738120 416
1738130 415
1738140 414
1738150 413
1738160 413
1738170 413
1738180 412
1738190 412
1738200 412
1738210 411
1738220 411
1738230 412
1738240 413
1738250 413
1738260 414
1738270 416
1738280 416
1738290 418
1738300 420
1738310 420
1738320 422
1738330 424
1738340 427
1738350 427
1738360 429
1738370 429
1738380 429
1738390 427
1738400 426
1738410 426
1738420 424
1738430 423
1738440 423
1738450 421
1738460 419
1738470 419
1738480 418
1738490 416
1738500 416
1738510 415
1738520 413
1738530 413
1738540 410
1738550 405
1738560 404
1738570 404
1738580 402
1738590 399
1738600 399
1738610 395
1738620 390
1738630 390
1738640 385
1738650 383
1738660 383
1738670 382
1738680 381
1738690 381
1738700 380
1738710 378
1738720 378
1738730 377
1738740 377
1738750 376
1738760 376
1738770 375
1738780 374
1738790 374
1738800 374
1738810 372
1738820 372
1738830 372
1738840 371
1738850 371
1738860 370
1738870 369
1738880 369
1738890 368
1738900 366
1738910 366
1738920 368
1738930 369
1738940 369
1738950 369
1738960 368
1738970 368
1738980 368
1738990 368
1739000 367
1739010 367
1739020 367
1739030 367
1739040 367
1739050 366
1739060 366
1739070 366
1739080 366
1739090 365
1739100 365
1739110 365
1739120 364
1739130 364
1739140 364
1739150 364
1739160 363
1739170 363
1739180 363
1739190 363
1739200 363
1739210 362
1739220 362
1739230 362
1739240 361
1739250 361
1739260 361
1739270 360
1739280 360
1739290 360
1739300 359
1739310 359
1739320 359
1739330 359
1739340 358
1739350 357
1739360 357
1739370 356
1739380 355
1739390 355
1739400 354
1739410 352
1739420 352
1739430 350
1739440 346
1739450 346
1739460 343
1739470 343
1739480 343
1739490 341
1739500 342
1739510 342
1739520 342
1739530 343
1739540 343
1739550 343
1739560 344
1739570 344
1739580 344
1739590 345
1739600 346
1739610 346
1739620 347
1739630 348
1739640 348
1739650 350
1739660 354
1739670 354
1739680 357
1739690 359
1739700 359
1739710 362
1739720 364
1739730 367
1739740 367
1739750 367
1739760 369
1739770 369
1739780 372
1739790 374
1739800 374
1739810 374
1739820 372
1739830 372
1739840 370
1739850 369
1739860 369
1739870 369
1739880 369
1739890 369
1739900 369
1739910 369
1739920 370
1739930 370
1739940 370
1739950 371
1739960 371
1739970 371
1739980 371
1739990 371
