1720000 321
1720010 321
1720020 321
1720030 321
1720040 322
1720050 322
1720060 324
1720070 327
1720080 327
1720090 326
1720100 322
1720110 322
1720120 323
1720130 323
1720140 323
1720150 323
1720160 322
1720170 322
1720180 321
1720190 321
1720200 321
1720210 321
1720220 321
1720230 321
1720240 321
1720250 321
1720260 321
1720270 321
1720280 321
1720290 321
1720300 321
1720310 321
1720320 321
1720330 321
1720340 321
1720350 321
1720360 321
1720370 321
1720380 321
1720390 321
1720400 321
1720410 321
1720420 321
1720430 321
1720440 321
1720450 321
1720460 321
1720470 317
1720480 316
1720490 316
1720500 316
1720510 316
1720520 316
1720530 316
1720540 316
1720550 316
1720560 316
1720570 316
1720580 316
1720590 316
1720600 316
1720610 316
1720620 316
1720630 316
1720640 316
1720650 316
1720660 316
1720670 316
1720680 316
1720690 316
1720700 316
1720710 316
1720720 316
1720730 316
1720740 316
1720750 316
1720760 316
1720770 316
1720780 317
1720790 318
1720800 320
1720810 320
1720820 321
1720830 321
1720840 321
1720850 321
1720860 321
1720870 321
1720880 320
1720890 320
1720900 320
1720910 320
1720920 320
1720930 320
1720940 320
1720950 321
1720960 321
1720970 320
1720980 320
1720990 320
1721000 320
1721010 320
1721020 320
1721030 320
1721040 320
1721050 320
1721060 320
1721070 320
1721080 320
1721090 320
1721100 320
1721110 320
1721120 320
1721130 320
1721140 320
1721150 320
1721160 320
1721170 319
1721180 319
1721190 319
1721200 319
1721210 320
1721220 320
1721230 320
1721240 320
1721250 320
1721260 320
1721270 320
1721280 320
1721290 320
1721300 320
1721310 320
1721320 320
1721330 320
1721340 320
1721350 320
1721360 320
1721370 320
1721380 320
1721390 320
1721400 320
1721410 320
1721420 320
1721430 320
1721440 320
1721450 320
1721460 320
1721470 320
1721480 320
1721490 320
1721500 320
1721510 320
1721520 320
1721530 320
1721540 320
1721550 320
1721560 320
1721570 320
1721580 320
1721590 320
1721600 320
1721610 320
1721620 320
1721630 320
1721640 320
1721650 319
1721660 319
1721670 320
1721680 319
1721690 319
1721700 319
1721710 319
1721720 319
1721730 319
1721740 319
1721750 319
1721760 319
1721770 319
1721780 319
1721790 319
1721800 319
1721810 319
1721820 319
1721830 319
1721840 319
1721850 319
1721860 319
1721870 319
1721880 319
1721890 319
1721900 319
1721910 319
1721920 319
1721930 319
1721940 319
1721950 319
1721960 319
1721970 319
1721980 319
1721990 319
1722000 319
1722010 319
1722020 319
1722030 319
1722040 319
1722050 319
1722060 319
1722070 319
1722080 318
1722090 318
1722100 318
1722110 318
1722120 318
1722130 318
1722140 319
1722150 319
1722160 319
1722170 319
1722180 319
1722190 318
1722200 318
1722210 318
1722220 318
1722230 318
1722240 318
1722250 318
1722260 318
1722270 318
1722280 318
1722290 318
1722300 318
1722310 318
1722320 318
1722330 318
1722340 318
1722350 318
1722360 318
1722370 319
1722380 319
1722390 319
1722400 319
1722410 319
1722420 319
1722430 319
1722440 319
1722450 319
1722460 319
1722470 319
1722480 319
1722490 319
1722500 319
1722510 319
1722520 319
1722530 319
1722540 319
1722550 319
1722560 319
1722570 319
1722580 319
1722590 320
1722600 323
1722610 323
1722620 319
1722630 319
1722640 319
1722650 319
1722660 319
1722670 319
1722680 319
1722690 319
1722700 319
1722710 319
1722720 319
1722730 319
1722740 318
1722750 318
1722760 318
1722770 318
1722780 318
1722790 319
1722800 319
1722810 318
1722820 318
1722830 318
1722840 318
1722850 318
1722860 318
1722870 318
1722880 318
1722890 318
1722900 319
1722910 319
1722920 319
1722930 318
1722940 318
1722950 319
1722960 319
1722970 318
1722980 318
1722990 318
1723000 318
1723010 318
1723020 318
1723030 318
1723040 318
1723050 318
1723060 318
1723070 318
1723080 318
1723090 318
1723100 318
1723110 318
1723120 318
1723130 318
1723140 318
1723150 318
1723160 318
1723170 318
1723180 318
1723190 318
1723200 318
1723210 318
1723220 318
1723230 318
1723240 318
1723250 318
1723260 318
1723270 318
1723280 318
1723290 318
1723300 318
1723310 318
1723320 318
1723330 318
1723340 318
1723350 318
1723360 318
1723370 318
1723380 318
1723390 318
1723400 318
1723410 318
1723420 318
1723430 318
1723440 318
1723450 318
1723460 318
1723470 318
1723480 318
1723490 318
1723500 318
1723510 318
1723520 318
1723530 318
1723540 318
1723550 318
1723560 318
1723570 318
1723580 318
1723590 318
1723600 318
1723610 318
1723620 318
1723630 318
1723640 318
1723650 318
1723660 318
1723670 318
1723680 318
1723690 319
1723700 318
1723710 318
1723720 318
1723730 318
1723740 318
1723750 318
1723760 318
1723770 317
1723780 317
1723790 317
1723800 317
1723810 317
1723820 317
1723830 317
1723840 317
1723850 316
1723860 316
1723870 316
1723880 316
1723890 316
1723900 316
1723910 316
1723920 316
1723930 316
1723940 316
1723950 316
1723960 316
1723970 316
1723980 317
1723990 317
1724000 317
1724010 317
1724020 317
1724030 317
1724040 317
1724050 317
1724060 317
1724070 316
1724080 316
1724090 316
1724100 316
1724110 316
1724120 316
1724130 316
1724140 314
1724150 312
1724160 312
1724170 312
1724180 312
1724190 312
1724200 312
1724210 312
1724220 312
1724230 312
1724240 312
1724250 312
1724260 312
1724270 312
1724280 312
1724290 312
1724300 312
1724310 312
1724320 312
1724330 312
1724340 312
1724350 312
1724360 312
1724370 312
1724380 312
1724390 312
1724400 312
1724410 312
1724420 312
1724430 312
1724440 312
1724450 312
1724460 311
1724470 311
1724480 311
1724490 311
1724500 311
1724510 311
1724520 311
1724530 311
1724540 311
1724550 311
1724560 311
1724570 311
1724580 311
1724590 310
1724600 310
1724610 311
1724620 311
1724630 311
1724640 311
1724650 311
1724660 311
1724670 310
1724680 310
1724690 310
1724700 310
1724710 310
1724720 310
1724730 310
1724740 309
1724750 310
1724760 310
1724770 310
1724780 310
1724790 310
1724800 311
1724810 311
1724820 311
1724830 311
1724840 311
1724850 311
1724860 311
1724870 311
1724880 311
1724890 311
1724900 311
1724910 311
1724920 311
1724930 311
1724940 311
1724950 311
1724960 311
1724970 311
1724980 311
1724990 311
1725000 311
1725010 311
1725020 311
1725030 311
1725040 311
1725050 311
1725060 310
1725070 310
1725080 308
1725090 308
1725100 308
1725110 308
1725120 309
1725130 309
1725140 309
1725150 309
1725160 309
1725170 309
1725180 309
1725190 309
1725200 309
1725210 309
1725220 309
1725230 309
1725240 309
1725250 309
1725260 309
1725270 309
1725280 309
1725290 309
1725300 309
1725310 309
1725320 309
1725330 309
1725340 309
1725350 308
1725360 308
1725370 309
1725380 309
1725390 309
1725400 309
1725410 309
1725420 309
1725430 309
1725440 309
1725450 309
1725460 309
1725470 309
1725480 309
1725490 309
1725500 309
1725510 309
1725520 309
1725530 309
1725540 309
1725550 309
1725560 309
1725570 309
1725580 309
1725590 309
1725600 309
1725610 309
1725620 309
1725630 309
1725640 309
1725650 309
1725660 309
1725670 309
1725680 309
1725690 309
1725700 309
1725710 309
1725720 309
1725730 309
1725740 309
1725750 309
1725760 309
1725770 309
1725780 309
1725790 310
1725800 310
1725810 308
1725820 308
1725830 308
1725840 308
1725850 308
1725860 308
1725870 308
1725880 308
1725890 308
1725900 310
1725910 311
1725920 311
1725930 311
1725940 311
1725950 311
1725960 311
1725970 311
1725980 309
1725990 309
1726000 309
1726010 309
1726020 309
1726030 309
1726040 309
1726050 309
1726060 308
1726070 308
1726080 308
1726090 310
1726100 308
1726110 308
1726120 308
1726130 308
1726140 308
1726150 308
1726160 308
1726170 308
1726180 308
1726190 308
1726200 308
1726210 308
1726220 308
1726230 308
1726240 308
1726250 308
1726260 308
1726270 308
1726280 308
1726290 308
1726300 308
1726310 308
1726320 308
1726330 308
1726340 308
1726350 308
1726360 308
1726370 308
1726380 308
1726390 308
1726400 308
1726410 308
1726420 308
1726430 308
1726440 308
1726450 307
1726460 308
1726470 308
1726480 308
1726490 308
1726500 308
1726510 308
1726520 308
1726530 308
1726540 308
1726550 308
1726560 308
1726570 308
1726580 308
1726590 308
1726600 308
1726610 309
1726620 309
1726630 308
1726640 310
1726650 310
1726660 310
1726670 312
1726680 320
1726690 320
1726700 325
1726710 326
1726720 326
1726730 323
1726740 320
1726750 320
1726760 321
1726770 326
1726780 326
1726790 331
1726800 335
1726810 335
1726820 339
1726830 342
1726840 342
1726850 343
1726860 344
1726870 344
1726880 343
1726890 344
1726900 345
1726910 345
1726920 346
1726930 348
1726940 348
1726950 352
1726960 355
1726970 355
1726980 358
1726990 360
1727000 360
1727010 362
1727020 363
1727030 363
1727040 368
1727050 370
1727060 370
1727070 373
1727080 376
1727090 377
1727100 377
1727110 379
1727120 381
1727130 381
1727140 382
1727150 383
1727160 383
1727170 386
1727180 388
1727190 388
1727200 390
1727210 390
1727220 390
1727230 392
1727240 394
1727250 394
1727260 395
1727270 398
1727280 401
1727290 401
1727300 404
1727310 406
1727320 406
1727330 410
1727340 413
1727350 413
1727360 412
1727370 410
1727380 410
1727390 408
1727400 406
1727410 406
1727420 403
1727430 399
1727440 399
1727450 396
1727460 393
1727470 392
1727480 392
1727490 391
1727500 390
1727510 390
1727520 389
1727530 389
1727540 389
1727550 387
1727560 382
1727570 382
1727580 379
1727590 382
1727600 382
1727610 380
1727620 378
1727630 378
1727640 376
1727650 374
1727660 373
1727670 373
1727680 375
1727690 373
1727700 373
1727710 363
1727720 355
1727730 355
1727740 358
1727750 360
1727760 360
1727770 360
1727780 362
1727790 362
1727800 364
1727810 365
1727820 365
1727830 364
1727840 364
1727850 364
1727860 364
1727870 363
1727880 360
1727890 360
1727900 358
1727910 355
1727920 355
1727930 350
1727940 351
1727950 351
1727960 352
1727970 353
1727980 353
1727990 354
1728000 354
1728010 354
1728020 354
1728030 354
1728040 354
1728050 348
1728060 345
1728070 348
1728080 348
1728090 350
1728100 356
1728110 356
1728120 364
1728130 369
1728140 369
1728150 371
1728160 372
1728170 372
1728180 375
1728190 378
1728200 378
1728210 381
1728220 383
1728230 383
1728240 385
1728250 387
1728260 390
1728270 390
1728280 391
1728290 387
1728300 387
1728310 387
1728320 388
1728330 388
1728340 389
1728350 391
1728360 391
1728370 394
1728380 394
1728390 394
1728400 394
1728410 393
1728420 393
1728430 396
1728440 398
1728450 399
1728460 399
1728470 401
1728480 403
1728490 403
1728500 407
1728510 410
1728520 410
1728530 411
1728540 412
1728550 412
1728560 414
1728570 415
1728580 415
1728590 416
1728600 417
1728610 417
1728620 416
1728630 415
1728640 415
1728650 413
1728660 410
1728670 410
1728680 410
1728690 407
1728700 405
1728710 405
1728720 405
1728730 403
1728740 403
1728750 402
1728760 401
1728770 401
1728780 399
1728790 397
1728800 397
1728810 394
1728820 391
1728830 391
1728840 390
1728850 390
1728860 390
1728870 390
1728880 390
1728890 388
1728900 388
1728910 387
1728920 386
1728930 386
1728940 384
1728950 383
1728960 383
1728970 381
1728980 379
1728990 379
1729000 377
1729010 374
1729020 374
1729030 372
1729040 370
1729050 369
1729060 369
1729070 369
1729080 368
1729090 368
1729100 367
1729110 367
1729120 367
1729130 366
1729140 364
1729150 364
1729160 362
1729170 359
1729180 359
1729190 357
1729200 355
1729210 355
1729220 353
1729230 351
1729240 348
1729250 348
1729260 346
1729270 345
1729280 345
1729290 345
1729300 345
1729310 345
1729320 344
1729330 344
1729340 344
1729350 344
1729360 345
1729370 345
1729380 345
1729390 346
1729400 346
1729410 348
1729420 350
1729430 352
1729440 352
1729450 354
1729460 355
1729470 355
1729480 359
1729490 362
1729500 362
1729510 365
1729520 368
1729530 368
1729540 368
1729550 371
1729560 371
1729570 373
1729580 374
1729590 374
1729600 375
1729610 376
1729620 376
1729630 377
1729640 377
1729650 378
1729660 378
1729670 378
1729680 378
1729690 378
1729700 378
1729710 378
1729720 378
1729730 377
1729740 377
1729750 377
1729760 376
1729770 375
1729780 375
1729790 375
1729800 374
1729810 374
1729820 372
1729830 371
1729840 371
1729850 371
1729860 371
1729870 367
1729880 367
1729890 365
1729900 364
1729910 364
1729920 363
1729930 365
1729940 365
1729950 368
1729960 369
1729970 369
1729980 368
1729990 366
1730000 366
1730010 365
1730020 364
1730030 363
1730040 363
1730050 362
1730060 361
1730070 361
1730080 360
1730090 359
1730100 359
1730110 358
1730120 358
1730130 358
1730140 357
1730150 357
1730160 357
1730170 357
1730180 356
1730190 356
1730200 356
1730210 356
1730220 355
1730230 355
1730240 354
1730250 354
1730260 354
1730270 354
1730280 354
1730290 354
1730300 353
1730310 353
1730320 353
1730330 352
1730340 352
1730350 352
1730360 351
1730370 350
1730380 350
1730390 349
1730400 349
1730410 348
1730420 348
1730430 348
1730440 348
1730450 348
1730460 348
1730470 347
1730480 347
1730490 347
1730500 347
1730510 347
1730520 347
1730530 346
1730540 346
1730550 348
1730560 349
1730570 349
1730580 351
1730590 353
1730600 353
1730610 354
1730620 355
1730630 357
1730640 357
1730650 358
1730660 360
1730670 360
1730680 361
1730690 362
1730700 362
1730710 364
1730720 366
1730730 366
1730740 369
1730750 369
1730760 369
1730770 368
1730780 371
1730790 371
1730800 367
1730810 369
1730820 370
1730830 370
1730840 372
1730850 373
1730860 373
1730870 373
1730880 373
1730890 373
1730900 373
1730910 371
1730920 371
1730930 364
1730940 362
1730950 362
1730960 364
1730970 367
1730980 367
1730990 371
1731000 377
1731010 384
1731020 384
1731030 391
1731040 394
1731050 394
1731060 397
1731070 399
1731080 399
1731090 401
1731100 401
1731110 401
1731120 401
1731130 400
1731140 400
1731150 399
1731160 396
1731170 396
1731180 392
1731190 390
1731200 387
1731210 387
1731220 383
1731230 380
1731240 380
1731250 375
1731260 372
1731270 372
1731280 371
1731290 371
1731300 371
1731310 371
1731320 371
1731330 371
1731340 371
1731350 371
1731360 371
1731370 374
1731380 377
1731390 377
1731400 380
1731410 383
1731420 388
1731430 388
1731440 392
1731450 395
1731460 395
1731470 396
1731480 400
1731490 400
1731500 402
1731510 404
1731520 404
1731530 406
1731540 408
1731550 408
1731560 409
1731570 411
1731580 411
1731590 413
1731600 414
1731610 415
1731620 415
1731630 415
1731640 415
1731650 415
1731660 414
1731670 413
1731680 413
1731690 412
1731700 411
1731710 411
1731720 409
1731730 408
1731740 408
1731750 407
1731760 407
1731770 407
1731780 408
1731790 408
1731800 409
1731810 409
1731820 410
1731830 411
1731840 411
1731850 412
1731860 416
1731870 416
1731880 416
1731890 417
1731900 417
1731910 417
1731920 416
1731930 416
1731940 414
1731950 413
1731960 413
1731970 412
1731980 412
1731990 412
1732000 412
1732010 412
1732020 412
1732030 412
1732040 413
1732050 414
1732060 414
1732070 415
1732080 416
1732090 416
1732100 417
1732110 416
1732120 416
1732130 414
1732140 413
1732150 413
1732160 411
1732170 411
1732180 410
1732190 410
1732200 409
1732210 407
1732220 407
1732230 406
1732240 404
1732250 404
1732260 404
1732270 402
1732280 402
1732290 401
1732300 400
1732310 400
1732320 400
1732330 399
1732340 399
1732350 399
1732360 398
1732370 398
1732380 397
1732390 396
1732400 396
1732410 396
1732420 396
1732430 396
1732440 396
1732450 394
1732460 393
1732470 393
1732480 392
1732490 392
1732500 392
1732510 391
1732520 390
1732530 390
1732540 389
1732550 388
1732560 388
1732570 389
1732580 389
1732590 388
1732600 388
1732610 386
1732620 385
1732630 385
1732640 385
1732650 385
1732660 385
1732670 384
1732680 383
1732690 383
1732700 382
1732710 381
1732720 381
1732730 381
1732740 381
1732750 381
1732760 380
1732770 378
1732780 378
1732790 378
1732800 376
1732810 374
1732820 374
1732830 373
1732840 373
1732850 373
1732860 370
1732870 370
1732880 370
1732890 370
1732900 370
1732910 370
1732920 369
1732930 368
1732940 368
1732950 368
1732960 366
1732970 366
1732980 366
1732990 366
1733000 365
1733010 365
1733020 364
1733030 364
1733040 364
1733050 363
1733060 363
1733070 363
1733080 362
1733090 362
1733100 362
1733110 361
1733120 361
1733130 361
1733140 361
1733150 360
1733160 359
1733170 359
1733180 358
1733190 357
1733200 357
1733210 357
1733220 356
1733230 356
1733240 356
1733250 355
1733260 355
1733270 355
1733280 355
1733290 355
1733300 355
1733310 355
1733320 355
1733330 355
1733340 354
1733350 354
1733360 354
1733370 354
1733380 354
1733390 354
1733400 354
1733410 354
1733420 354
1733430 354
1733440 355
1733450 355
1733460 356
1733470 357
1733480 357
1733490 358
1733500 360
1733510 360
1733520 361
1733530 362
1733540 362
1733550 363
1733560 364
1733570 365
1733580 365
1733590 366
1733600 367
1733610 367
1733620 370
1733630 371
1733640 371
1733650 373
1733660 374
1733670 374
1733680 376
1733690 377
1733700 377
1733710 379
1733720 380
1733730 380
1733740 382
1733750 384
1733760 387
1733770 387
1733780 390
1733790 390
1733800 390
1733810 391
1733820 391
1733830 391
1733840 391
1733850 391
1733860 391
1733870 390
1733880 389
1733890 389
1733900 389
1733910 389
1733920 389
1733930 388
1733940 387
1733950 387
1733960 387
1733970 386
1733980 385
1733990 385
1734000 385
1734010 384
1734020 384
1734030 383
1734040 382
1734050 382
1734060 381
1734070 380
1734080 380
1734090 379
1734100 378
1734110 378
1734120 378
1734130 377
1734140 377
1734150 374
1734160 371
1734170 371
1734180 371
1734190 369
1734200 368
1734210 368
1734220 366
1734230 366
1734240 366
1734250 364
1734260 363
1734270 363
1734280 362
1734290 357
1734300 357
1734310 354
1734320 357
1734330 357
1734340 357
1734350 356
1734360 355
1734370 355
1734380 355
1734390 354
1734400 354
1734410 353
1734420 353
1734430 353
1734440 353
1734450 353
1734460 353
1734470 353
1734480 352
1734490 352
1734500 351
1734510 350
1734520 350
1734530 349
1734540 348
1734550 347
1734560 347
1734570 346
1734580 345
1734590 345
1734600 344
1734610 344
1734620 344
1734630 343
1734640 343
1734650 343
1734660 342
1734670 342
1734680 342
1734690 341
1734700 341
1734710 341
1734720 341
1734730 341
1734740 340
1734750 340
1734760 340
1734770 340
1734780 340
1734790 340
1734800 339
1734810 339
1734820 339
1734830 339
1734840 339
1734850 337
1734860 337
1734870 337
1734880 335
1734890 334
1734900 334
1734910 337
1734920 334
1734930 333
1734940 333
1734950 333
1734960 333
1734970 333
1734980 334
1734990 335
1735000 335
1735010 335
1735020 336
1735030 336
1735040 337
1735050 338
1735060 338
1735070 338
1735080 338
1735090 338
1735100 337
1735110 337
1735120 337
1735130 337
1735140 337
1735150 336
1735160 336
1735170 336
1735180 336
1735190 336
1735200 335
1735210 335
1735220 335
1735230 334
1735240 334
1735250 334
1735260 334
1735270 333
1735280 333
1735290 333
1735300 333
1735310 333
1735320 332
1735330 332
1735340 332
1735350 332
1735360 331
1735370 330
1735380 330
1735390 330
1735400 331
1735410 331
1735420 331
1735430 332
1735440 332
1735450 332
1735460 332
1735470 332
1735480 331
1735490 331
1735500 331
1735510 331
1735520 331
1735530 330
1735540 330
1735550 330
1735560 329
1735570 329
1735580 328
1735590 327
1735600 327
1735610 326
1735620 325
1735630 325
1735640 324
1735650 323
1735660 323
1735670 322
1735680 322
1735690 322
1735700 322
1735710 322
1735720 321
1735730 321
1735740 320
1735750 320
1735760 320
1735770 319
1735780 319
1735790 319
1735800 319
1735810 319
1735820 319
1735830 318
1735840 318
1735850 318
1735860 318
1735870 318
1735880 318
1735890 318
1735900 318
1735910 318
1735920 318
1735930 317
1735940 317
1735950 317
1735960 317
1735970 317
1735980 317
1735990 317
1736000 318
1736010 318
1736020 317
1736030 317
1736040 317
1736050 318
1736060 317
1736070 317
1736080 317
1736090 315
1736100 315
1736110 318
1736120 318
1736130 318
1736140 318
1736150 318
1736160 318
1736170 318
1736180 317
1736190 317
1736200 317
1736210 317
1736220 317
1736230 317
1736240 317
1736250 317
1736260 317
1736270 318
1736280 317
1736290 317
1736300 317
1736310 317
1736320 317
1736330 317
1736340 317
1736350 317
1736360 317
1736370 317
1736380 317
1736390 317
1736400 317
1736410 317
1736420 317
1736430 316
1736440 316
1736450 316
1736460 317
1736470 316
1736480 316
1736490 317
1736500 317
1736510 317
1736520 317
1736530 317
1736540 318
1736550 318
1736560 318
1736570 319
1736580 319
1736590 321
1736600 324
1736610 324
1736620 326
1736630 328
1736640 328
1736650 329
1736660 332
1736670 332
1736680 333
1736690 333
1736700 335
1736710 335
1736720 337
1736730 338
1736740 338
1736750 340
1736760 343
1736770 343
1736780 346
1736790 349
1736800 349
1736810 350
1736820 355
1736830 355
1736840 359
1736850 363
1736860 363
1736870 368
1736880 371
1736890 371
1736900 375
1736910 378
1736920 383
1736930 383
1736940 387
1736950 391
1736960 391
1736970 393
1736980 394
1736990 394
1737000 393
1737010 392
1737020 392
1737030 392
1737040 391
1737050 391
1737060 390
1737070 389
1737080 389
1737090 389
1737100 388
1737110 387
1737120 387
1737130 386
1737140 385
1737150 385
1737160 384
1737170 381
1737180 381
1737190 379
1737200 376
1737210 376
1737220 372
1737230 372
1737240 372
1737250 370
1737260 368
1737270 368
1737280 365
1737290 364
1737300 363
1737310 363
1737320 361
1737330 359
1737340 359
1737350 356
1737360 354
1737370 354
1737380 353
1737390 351
1737400 351
1737410 350
1737420 351
1737430 351
1737440 351
1737450 351
1737460 351
1737470 351
1737480 352
1737490 352
1737500 352
1737510 353
1737520 355
1737530 355
1737540 355
1737550 357
1737560 357
1737570 359
1737580 361
1737590 361
1737600 362
1737610 363
1737620 363
1737630 365
1737640 367
1737650 367
1737660 370
1737670 374
1737680 376
1737690 376
1737700 376
1737710 377
1737720 377
1737730 380
1737740 386
1737750 386
1737760 389
1737770 392
1737780 392
1737790 395
1737800 397
1737810 397
1737820 399
1737830 403
1737840 403
1737850 405
1737860 407
1737870 407
1737880 411
1737890 411
1737900 413
1737910 413
1737920 414
1737930 415
1737940 415
1737950 414
1737960 411
1737970 411
1737980 408
1737990 406
1738000 406
1738010 404
1738020 402
1738030 402
1738040 400
1738050 399
1738060 399
1738070 397
1738080 395
1738090 394
1738100 394
1738110 390
1738120 386
1738130 386
1738140 385
1738150 386
1738160 386
1738170 384
1738180 383
1738190 383
1738200 381
1738210 382
1738220 382
1738230 385
1738240 388
1738250 388
1738260 390
1738270 392
1738280 394
1738290 394
1738300 396
1738310 399
1738320 399
1738330 401
1738340 403
1738350 403
1738360 407
1738370 411
1738380 411
1738390 413
1738400 414
1738410 414
1738420 416
1738430 418
1738440 418
1738450 420
1738460 422
1738470 424
1738480 424
1738490 424
1738500 423
1738510 423
1738520 422
1738530 420
1738540 420
1738550 419
1738560 417
1738570 417
1738580 413
1738590 411
1738600 411
1738610 409
1738620 407
1738630 407
1738640 404
1738650 401
1738660 401
1738670 398
1738680 396
1738690 394
1738700 394
1738710 393
1738720 393
1738730 393
1738740 393
1738750 394
1738760 394
1738770 393
1738780 391
1738790 391
1738800 391
1738810 390
1738820 390
1738830 388
1738840 384
1738850 384
1738860 386
1738870 384
1738880 382
1738890 382
1738900 379
1738910 378
1738920 378
1738930 378
1738940 377
1738950 377
1738960 378
1738970 380
1738980 380
1738990 383
1739000 384
1739010 384
1739020 383
1739030 382
1739040 382
1739050 381
1739060 379
1739070 376
1739080 376
1739090 373
1739100 371
1739110 371
1739120 369
1739130 366
1739140 366
1739150 363
1739160 362
1739170 362
1739180 359
1739190 357
1739200 357
1739210 356
1739220 356
1739230 356
1739240 355
1739250 354
1739260 354
1739270 354
1739280 354
1739290 352
1739300 352
1739310 352
1739320 351
1739330 351
1739340 350
1739350 348
1739360 348
1739370 348
1739380 347
1739390 347
1739400 347
1739410 345
1739420 345
1739430 345
1739440 346
1739450 346
1739460 346
1739470 348
1739480 348
1739490 348
1739500 348
1739510 347
1739520 347
1739530 347
1739540 347
1739550 347
1739560 346
1739570 345
1739580 345
1739590 344
1739600 343
1739610 343
1739620 343
1739630 342
1739640 342
1739650 341
1739660 341
1739670 340
1739680 340
1739690 340
1739700 341
1739710 341
1739720 342
1739730 343
1739740 343
1739750 344
1739760 344
1739770 344
1739780 345
1739790 346
1739800 346
1739810 348
1739820 349
1739830 349
1739840 350
1739850 352
1739860 353
1739870 353
1739880 355
1739890 357
1739900 357
1739910 359
1739920 361
1739930 361
1739940 363
1739950 365
1739960 365
1739970 367
1739980 369
1739990 369
