1720000 322
1720010 322
1720020 322
1720030 322
1720040 322
1720050 322
1720060 322
1720070 322
1720080 322
1720090 322
1720100 322
1720110 322
1720120 322
1720130 322
1720140 322
1720150 322
1720160 323
1720170 323
1720180 322
1720190 322
1720200 322
1720210 322
1720220 322
1720230 322
1720240 322
1720250 322
1720260 322
1720270 322
1720280 322
1720290 322
1720300 322
1720310 322
1720320 322
1720330 322
1720340 322
1720350 322
1720360 322
1720370 322
1720380 322
1720390 322
1720400 322
1720410 322
1720420 322
1720430 322
1720440 322
1720450 322
1720460 322
1720470 322
1720480 322
1720490 322
1720500 321
1720510 321
1720520 321
1720530 321
1720540 321
1720550 321
1720560 321
1720570 321
1720580 321
1720590 321
1720600 321
1720610 321
1720620 321
1720630 321
1720640 321
1720650 321
1720660 321
1720670 321
1720680 321
1720690 321
1720700 321
1720710 321
1720720 321
1720730 321
1720740 321
1720750 321
1720760 321
1720770 321
1720780 321
1720790 321
1720800 321
1720810 321
1720820 321
1720830 321
1720840 321
1720850 321
1720860 321
1720870 321
1720880 321
1720890 321
1720900 321
1720910 321
1720920 321
1720930 321
1720940 321
1720950 321
1720960 321
1720970 320
1720980 320
1720990 320
1721000 320
1721010 320
1721020 320
1721030 320
1721040 321
1721050 321
1721060 321
1721070 321
1721080 321
1721090 321
1721100 321
1721110 321
1721120 321
1721130 320
1721140 321
1721150 321
1721160 321
1721170 321
1721180 321
1721190 321
1721200 321
1721210 321
1721220 321
1721230 321
1721240 321
1721250 321
1721260 321
1721270 321
1721280 321
1721290 321
1721300 321
1721310 321
1721320 321
1721330 321
1721340 321
1721350 321
1721360 321
1721370 321
1721380 321
1721390 321
1721400 321
1721410 321
1721420 321
1721430 321
1721440 321
1721450 321
1721460 321
1721470 321
1721480 321
1721490 321
1721500 321
1721510 321
1721520 321
1721530 321
1721540 321
1721550 321
1721560 321
1721570 321
1721580 321
1721590 321
1721600 321
1721610 321
1721620 321
1721630 321
1721640 320
1721650 320
1721660 320
1721670 320
1721680 320
1721690 320
1721700 320
1721710 319
1721720 319
1721730 319
1721740 319
1721750 319
1721760 320
1721770 320
1721780 320
1721790 320
1721800 320
1721810 320
1721820 320
1721830 320
1721840 320
1721850 320
1721860 320
1721870 320
1721880 320
1721890 320
1721900 320
1721910 320
1721920 320
1721930 320
1721940 320
1721950 320
1721960 320
1721970 320
1721980 320
1721990 320
1722000 320
1722010 320
1722020 320
1722030 320
1722040 320
1722050 320
1722060 320
1722070 320
1722080 320
1722090 320
1722100 320
1722110 320
1722120 320
1722130 320
1722140 320
1722150 320
1722160 320
1722170 320
1722180 320
1722190 320
1722200 320
1722210 320
1722220 320
1722230 320
1722240 320
1722250 320
1722260 320
1722270 320
1722280 320
1722290 320
1722300 320
1722310 320
1722320 320
1722330 320
1722340 320
1722350 320
1722360 320
1722370 320
1722380 320
1722390 320
1722400 320
1722410 320
1722420 320
1722430 320
1722440 320
1722450 320
1722460 320
1722470 320
1722480 320
1722490 320
1722500 320
1722510 320
1722520 320
1722530 320
1722540 320
1722550 321
1722560 325
1722570 325
1722580 320
1722590 320
1722600 320
1722610 320
1722620 320
1722630 320
1722640 320
1722650 320
1722660 320
1722670 320
1722680 320
1722690 320
1722700 320
1722710 320
1722720 320
1722730 320
1722740 320
1722750 320
1722760 320
1722770 320
1722780 320
1722790 320
1722800 320
1722810 320
1722820 320
1722830 320
1722840 320
1722850 320
1722860 320
1722870 320
1722880 320
1722890 320
1722900 320
1722910 320
1722920 320
1722930 319
1722940 319
1722950 319
1722960 319
1722970 319
1722980 319
1722990 319
1723000 319
1723010 319
1723020 319
1723030 319
1723040 319
1723050 319
1723060 319
1723070 319
1723080 319
1723090 319
1723100 319
1723110 319
1723120 319
1723130 319
1723140 319
1723150 319
1723160 319
1723170 319
1723180 319
1723190 319
1723200 319
1723210 319
1723220 319
1723230 319
1723240 319
1723250 319
1723260 319
1723270 319
1723280 319
1723290 319
1723300 319
1723310 319
1723320 320
1723330 320
1723340 320
1723350 319
1723360 319
1723370 319
1723380 320
1723390 320
1723400 319
1723410 319
1723420 319
1723430 319
1723440 319
1723450 319
1723460 319
1723470 319
1723480 319
1723490 319
1723500 319
1723510 319
1723520 319
1723530 319
1723540 320
1723550 320
1723560 320
1723570 320
1723580 320
1723590 320
1723600 320
1723610 320
1723620 319
1723630 319
1723640 319
1723650 318
1723660 317
1723670 316
1723680 316
1723690 315
1723700 315
1723710 315
1723720 314
1723730 314
1723740 314
1723750 314
1723760 314
1723770 314
1723780 313
1723790 313
1723800 313
1723810 313
1723820 313
1723830 313
1723840 313
1723850 313
1723860 313
1723870 313
1723880 313
1723890 313
1723900 313
1723910 313
1723920 313
1723930 313
1723940 313
1723950 313
1723960 313
1723970 313
1723980 313
1723990 313
1724000 313
1724010 313
1724020 313
1724030 313
1724040 313
1724050 313
1724060 313
1724070 313
1724080 313
1724090 313
1724100 313
1724110 313
1724120 313
1724130 313
1724140 313
1724150 313
1724160 313
1724170 313
1724180 313
1724190 313
1724200 313
1724210 313
1724220 313
1724230 313
1724240 313
1724250 313
1724260 313
1724270 313
1724280 313
1724290 313
1724300 313
1724310 313
1724320 313
1724330 313
1724340 313
1724350 313
1724360 313
1724370 313
1724380 313
1724390 313
1724400 313
1724410 312
1724420 312
1724430 312
1724440 312
1724450 312
1724460 312
1724470 312
1724480 312
1724490 312
1724500 312
1724510 312
1724520 312
1724530 312
1724540 312
1724550 312
1724560 312
1724570 312
1724580 311
1724590 311
1724600 311
1724610 312
1724620 312
1724630 311
1724640 311
1724650 311
1724660 311
1724670 311
1724680 310
1724690 310
1724700 311
1724710 311
1724720 311
1724730 311
1724740 311
1724750 311
1724760 311
1724770 311
1724780 311
1724790 311
1724800 311
1724810 311
1724820 311
1724830 311
1724840 311
1724850 311
1724860 310
1724870 310
1724880 310
1724890 310
1724900 310
1724910 310
1724920 310
1724930 310
1724940 310
1724950 310
1724960 310
1724970 310
1724980 310
1724990 310
1725000 310
1725010 310
1725020 310
1725030 310
1725040 310
1725050 309
1725060 310
1725070 310
1725080 309
1725090 310
1725100 310
1725110 309
1725120 309
1725130 309
1725140 310
1725150 310
1725160 310
1725170 310
1725180 310
1725190 310
1725200 310
1725210 310
1725220 310
1725230 310
1725240 310
1725250 310
1725260 310
1725270 310
1725280 310
1725290 310
1725300 310
1725310 309
1725320 309
1725330 309
1725340 310
1725350 310
1725360 309
1725370 309
1725380 309
1725390 310
1725400 310
1725410 310
1725420 310
1725430 310
1725440 310
1725450 310
1725460 310
1725470 310
1725480 310
1725490 310
1725500 310
1725510 310
1725520 310
1725530 310
1725540 310
1725550 310
1725560 310
1725570 310
1725580 310
1725590 310
1725600 310
1725610 310
1725620 310
1725630 310
1725640 310
1725650 311
1725660 309
1725670 309
1725680 309
1725690 309
1725700 309
1725710 309
1725720 309
1725730 309
1725740 309
1725750 309
1725760 309
1725770 311
1725780 310
1725790 310
1725800 310
1725810 310
1725820 310
1725830 310
1725840 310
1725850 310
1725860 310
1725870 310
1725880 310
1725890 310
1725900 310
1725910 310
1725920 310
1725930 309
1725940 309
1725950 309
1725960 309
1725970 309
1725980 309
1725990 308
1726000 309
1726010 309
1726020 309
1726030 309
1726040 309
1726050 309
1726060 309
1726070 309
1726080 309
1726090 309
1726100 309
1726110 309
1726120 310
1726130 309
1726140 309
1726150 309
1726160 309
1726170 309
1726180 309
1726190 309
1726200 309
1726210 309
1726220 309
1726230 309
1726240 309
1726250 309
1726260 309
1726270 309
1726280 309
1726290 309
1726300 309
1726310 309
1726320 309
1726330 309
1726340 308
1726350 309
1726360 309
1726370 310
1726380 310
1726390 310
1726400 310
1726410 309
1726420 309
1726430 309
1726440 309
1726450 309
1726460 309
1726470 309
1726480 309
1726490 309
1726500 309
1726510 309
1726520 309
1726530 308
1726540 310
1726550 310
1726560 317
1726570 318
1726580 318
1726590 320
1726600 323
1726610 323
1726620 324
1726630 326
1726640 327
1726650 327
1726660 331
1726670 336
1726680 336
1726690 342
1726700 345
1726710 345
1726720 350
1726730 356
1726740 356
1726750 362
1726760 367
1726770 367
1726780 369
1726790 369
1726800 369
1726810 374
1726820 376
1726830 376
1726840 378
1726850 376
1726860 375
1726870 375
1726880 372
1726890 372
1726900 372
1726910 371
1726920 372
1726930 372
1726940 374
1726950 374
1726960 374
1726970 373
1726980 373
1726990 373
1727000 374
1727010 376
1727020 376
1727030 374
1727040 374
1727050 373
1727060 373
1727070 369
1727080 370
1727090 370
1727100 370
1727110 367
1727120 367
1727130 361
1727140 357
1727150 357
1727160 357
1727170 356
1727180 356
1727190 356
1727200 355
1727210 355
1727220 355
1727230 354
1727240 353
1727250 353
1727260 351
1727270 350
1727280 350
1727290 349
1727300 348
1727310 348
1727320 348
1727330 350
1727340 350
1727350 352
1727360 357
1727370 357
1727380 357
1727390 356
1727400 356
1727410 354
1727420 346
1727430 348
1727440 348
1727450 352
1727460 355
1727470 355
1727480 355
1727490 355
1727500 355
1727510 354
1727520 354
1727530 354
1727540 353
1727550 353
1727560 353
1727570 352
1727580 353
1727590 353
1727600 353
1727610 356
1727620 355
1727630 355
1727640 354
1727650 352
1727660 352
1727670 352
1727680 353
1727690 353
1727700 353
1727710 352
1727720 352
1727730 350
1727740 348
1727750 348
1727760 348
1727770 348
1727780 348
1727790 348
1727800 347
1727810 347
1727820 345
1727830 344
1727840 343
1727850 343
1727860 339
1727870 337
1727880 337
1727890 336
1727900 334
1727910 334
1727920 334
1727930 333
1727940 333
1727950 333
1727960 330
1727970 330
1727980 328
1727990 327
1728000 327
1728010 330
1728020 334
1728030 337
1728040 337
1728050 338
1728060 341
1728070 341
1728080 343
1728090 345
1728100 345
1728110 347
1728120 349
1728130 349
1728140 350
1728150 350
1728160 350
1728170 350
1728180 353
1728190 353
1728200 354
1728210 355
1728220 355
1728230 355
1728240 356
1728250 357
1728260 357
1728270 357
1728280 358
1728290 358
1728300 357
1728310 358
1728320 358
1728330 358
1728340 358
1728350 358
1728360 357
1728370 357
1728380 357
1728390 358
1728400 360
1728410 362
1728420 362
1728430 363
1728440 363
1728450 363
1728460 366
1728470 370
1728480 370
1728490 370
1728500 371
1728510 371
1728520 371
1728530 373
1728540 373
1728550 373
1728560 374
1728570 374
1728580 377
1728590 381
1728600 381
1728610 383
1728620 389
1728630 393
1728640 393
1728650 395
1728660 396
1728670 396
1728680 398
1728690 401
1728700 401
1728710 402
1728720 404
1728730 404
1728740 404
1728750 402
1728760 402
1728770 400
1728780 399
1728790 399
1728800 395
1728810 393
1728820 391
1728830 391
1728840 386
1728850 383
1728860 383
1728870 382
1728880 381
1728890 381
1728900 380
1728910 379
1728920 379
1728930 378
1728940 376
1728950 376
1728960 375
1728970 374
1728980 374
1728990 373
1729000 373
1729010 370
1729020 370
1729030 369
1729040 367
1729050 367
1729060 366
1729070 363
1729080 363
1729090 363
1729100 361
1729110 361
1729120 360
1729130 359
1729140 359
1729150 361
1729160 361
1729170 361
1729180 363
1729190 362
1729200 363
1729210 363
1729220 362
1729230 361
1729240 361
1729250 360
1729260 360
1729270 360
1729280 358
1729290 357
1729300 357
1729310 356
1729320 355
1729330 355
1729340 354
1729350 352
1729360 352
1729370 351
1729380 350
1729390 350
1729400 349
1729410 348
1729420 348
1729430 348
1729440 348
1729450 349
1729460 349
1729470 349
1729480 350
1729490 350
1729500 352
1729510 356
1729520 356
1729530 358
1729540 363
1729550 363
1729560 366
1729570 367
1729580 367
1729590 368
1729600 369
1729610 371
1729620 371
1729630 372
1729640 374
1729650 374
1729660 376
1729670 377
1729680 377
1729690 378
1729700 379
1729710 379
1729720 383
1729730 386
1729740 386
1729750 388
1729760 389
1729770 389
1729780 390
1729790 394
1729800 398
1729810 398
1729820 400
1729830 402
1729840 402
1729850 403
1729860 406
1729870 406
1729880 407
1729890 409
1729900 409
1729910 409
1729920 409
1729930 409
1729940 408
1729950 407
1729960 407
1729970 406
1729980 404
1729990 403
1730000 403
1730010 401
1730020 400
1730030 400
1730040 400
1730050 400
1730060 400
1730070 400
1730080 400
1730090 400
1730100 399
1730110 400
1730120 400
1730130 401
1730140 402
1730150 402
1730160 403
1730170 404
1730180 404
1730190 402
1730200 401
1730210 400
1730220 400
1730230 400
1730240 399
1730250 399
1730260 397
1730270 393
1730280 393
1730290 391
1730300 392
1730310 392
1730320 391
1730330 389
1730340 389
1730350 387
1730360 385
1730370 385
1730380 384
1730390 382
1730400 375
1730410 375
1730420 371
1730430 372
1730440 372
1730450 371
1730460 370
1730470 370
1730480 369
1730490 368
1730500 368
1730510 366
1730520 365
1730530 365
1730540 363
1730550 362
1730560 362
1730570 361
1730580 361
1730590 360
1730600 360
1730610 359
1730620 359
1730630 359
1730640 358
1730650 357
1730660 357
1730670 358
1730680 357
1730690 357
1730700 357
1730710 358
1730720 358
1730730 358
1730740 359
1730750 359
1730760 360
1730770 361
1730780 361
1730790 361
1730800 361
1730810 361
1730820 361
1730830 360
1730840 360
1730850 360
1730860 360
1730870 360
1730880 360
1730890 359
1730900 358
1730910 358
1730920 357
1730930 356
1730940 356
1730950 355
1730960 355
1730970 354
1730980 354
1730990 354
1731000 354
1731010 354
1731020 354
1731030 354
1731040 354
1731050 354
1731060 353
1731070 353
1731080 354
1731090 356
1731100 356
1731110 357
1731120 360
1731130 360
1731140 361
1731150 364
1731160 364
1731170 367
1731180 369
1731190 372
1731200 372
1731210 375
1731220 378
1731230 378
1731240 381
1731250 384
1731260 384
1731270 387
1731280 390
1731290 390
1731300 393
1731310 395
1731320 395
1731330 397
1731340 397
1731350 397
1731360 398
1731370 398
1731380 398
1731390 398
1731400 398
1731410 398
1731420 398
1731430 397
1731440 398
1731450 398
1731460 399
1731470 400
1731480 400
1731490 401
1731500 403
1731510 403
1731520 404
1731530 405
1731540 405
1731550 406
1731560 407
1731570 407
1731580 407
1731590 408
1731600 410
1731610 410
1731620 411
1731630 413
1731640 413
1731650 413
1731660 412
1731670 412
1731680 412
1731690 413
1731700 413
1731710 414
1731720 415
1731730 415
1731740 417
1731750 418
1731760 420
1731770 420
1731780 423
1731790 425
1731800 425
1731810 427
1731820 430
1731830 430
1731840 433
1731850 436
1731860 436
1731870 439
1731880 442
1731890 442
1731900 446
1731910 449
1731920 449
1731930 450
1731940 453
1731950 453
1731960 453
1731970 453
1731980 452
1731990 452
1732000 450
1732010 448
1732020 448
1732030 446
1732040 446
1732050 446
1732060 445
1732070 445
1732080 445
1732090 445
1732100 445
1732110 445
1732120 445
1732130 445
1732140 445
1732150 444
1732160 444
1732170 444
1732180 444
1732190 444
1732200 444
1732210 444
1732220 443
1732230 442
1732240 442
1732250 441
1732260 441
1732270 441
1732280 440
1732290 439
1732300 439
1732310 438
1732320 437
1732330 437
1732340 436
1732350 435
1732360 435
1732370 435
1732380 435
1732390 433
1732400 433
1732410 432
1732420 432
1732430 432
1732440 430
1732450 429
1732460 429
1732470 429
1732480 428
1732490 428
1732500 427
1732510 426
1732520 426
1732530 425
1732540 424
1732550 423
1732560 423
1732570 422
1732580 420
1732590 420
1732600 419
1732610 418
1732620 418
1732630 417
1732640 417
1732650 417
1732660 416
1732670 415
1732680 415
1732690 414
1732700 413
1732710 413
1732720 412
1732730 410
1732740 410
1732750 409
1732760 407
1732770 406
1732780 406
1732790 405
1732800 404
1732810 404
1732820 404
1732830 403
1732840 403
1732850 402
1732860 402
1732870 402
1732880 401
1732890 400
1732900 400
1732910 400
1732920 399
1732930 399
1732940 399
1732950 398
1732960 398
1732970 398
1732980 397
1732990 396
1733000 396
1733010 395
1733020 394
1733030 394
1733040 393
1733050 391
1733060 391
1733070 388
1733080 387
1733090 387
1733100 384
1733110 385
1733120 385
1733130 389
1733140 389
1733150 388
1733160 388
1733170 387
1733180 385
1733190 385
1733200 385
1733210 382
1733220 382
1733230 381
1733240 380
1733250 380
1733260 379
1733270 377
1733280 377
1733290 374
1733300 373
1733310 373
1733320 373
1733330 373
1733340 372
1733350 372
1733360 371
1733370 371
1733380 371
1733390 369
1733400 365
1733410 365
1733420 362
1733430 361
1733440 361
1733450 359
1733460 358
1733470 358
1733480 358
1733490 358
1733500 358
1733510 358
1733520 358
1733530 358
1733540 358
1733550 358
1733560 357
1733570 357
1733580 357
1733590 357
1733600 357
1733610 357
1733620 357
1733630 357
1733640 357
1733650 357
1733660 357
1733670 358
1733680 358
1733690 358
1733700 358
1733710 357
1733720 357
1733730 357
1733740 357
1733750 357
1733760 357
1733770 357
1733780 357
1733790 357
1733800 357
1733810 358
1733820 358
1733830 358
1733840 358
1733850 358
1733860 358
1733870 359
1733880 359
1733890 359
1733900 360
1733910 360
1733920 360
1733930 360
1733940 361
1733950 361
1733960 361
1733970 362
1733980 362
1733990 362
1734000 362
1734010 362
1734020 363
1734030 363
1734040 363
1734050 363
1734060 364
1734070 364
1734080 364
1734090 364
1734100 364
1734110 365
1734120 365
1734130 366
1734140 366
1734150 366
1734160 367
1734170 367
1734180 368
1734190 368
1734200 368
1734210 369
1734220 370
1734230 370
1734240 370
1734250 372
1734260 372
1734270 374
1734280 374
1734290 374
1734300 375
1734310 378
1734320 378
1734330 378
1734340 379
1734350 380
1734360 380
1734370 380
1734380 380
1734390 380
1734400 380
1734410 380
1734420 380
1734430 379
1734440 378
1734450 378
1734460 377
1734470 376
1734480 376
1734490 375
1734500 373
1734510 373
1734520 373
1734530 371
1734540 370
1734550 370
1734560 369
1734570 368
1734580 368
1734590 368
1734600 367
1734610 367
1734620 366
1734630 365
1734640 365
1734650 364
1734660 363
1734670 363
1734680 361
1734690 358
1734700 358
1734710 358
1734720 356
1734730 355
1734740 355
1734750 355
1734760 355
1734770 355
1734780 354
1734790 353
1734800 353
1734810 352
1734820 351
1734830 351
1734840 350
1734850 348
1734860 348
1734870 347
1734880 345
1734890 345
1734900 344
1734910 344
1734920 343
1734930 343
1734940 343
1734950 342
1734960 342
1734970 341
1734980 340
1734990 340
1735000 339
1735010 338
1735020 338
1735030 338
1735040 337
1735050 337
1735060 337
1735070 336
1735080 336
1735090 335
1735100 334
1735110 334
1735120 334
1735130 333
1735140 332
1735150 332
1735160 331
1735170 330
1735180 330
1735190 329
1735200 328
1735210 328
1735220 328
1735230 327
1735240 327
1735250 326
1735260 326
1735270 326
1735280 326
1735290 325
1735300 325
1735310 325
1735320 324
1735330 322
1735340 322
1735350 322
1735360 321
1735370 321
1735380 320
1735390 319
1735400 319
1735410 319
1735420 319
1735430 319
1735440 319
1735450 319
1735460 319
1735470 319
1735480 319
1735490 319
1735500 319
1735510 319
1735520 319
1735530 319
1735540 319
1735550 319
1735560 319
1735570 319
1735580 319
1735590 319
1735600 319
1735610 319
1735620 319
1735630 319
1735640 319
1735650 319
1735660 319
1735670 318
1735680 318
1735690 319
1735700 319
1735710 319
1735720 319
1735730 319
1735740 319
1735750 319
1735760 319
1735770 319
1735780 319
1735790 319
1735800 319
1735810 319
1735820 319
1735830 319
1735840 319
1735850 318
1735860 319
1735870 319
1735880 319
1735890 319
1735900 319
1735910 319
1735920 319
1735930 319
1735940 319
1735950 319
1735960 318
1735970 318
1735980 318
1735990 318
1736000 318
1736010 318
1736020 318
1736030 318
1736040 318
1736050 318
1736060 318
1736070 318
1736080 318
1736090 318
1736100 318
1736110 318
1736120 318
1736130 318
1736140 318
1736150 318
1736160 318
1736170 318
1736180 318
1736190 318
1736200 318
1736210 319
1736220 319
1736230 319
1736240 319
1736250 319
1736260 320
1736270 320
1736280 320
1736290 321
1736300 321
1736310 321
1736320 321
1736330 322
1736340 323
1736350 323
1736360 323
1736370 324
1736380 324
1736390 326
1736400 327
1736410 327
1736420 328
1736430 330
1736440 330
1736450 331
1736460 333
1736470 333
1736480 335
1736490 337
1736500 338
1736510 338
1736520 340
1736530 343
1736540 343
1736550 344
1736560 347
1736570 347
1736580 350
1736590 352
1736600 352
1736610 353
1736620 355
1736630 355
1736640 356
1736650 359
1736660 359
1736670 361
1736680 364
1736690 367
1736700 367
1736710 371
1736720 375
1736730 375
1736740 380
1736750 384
1736760 384
1736770 387
1736780 391
1736790 391
1736800 394
1736810 395
1736820 395
1736830 399
1736840 402
1736850 402
1736860 403
1736870 407
1736880 410
1736890 410
1736900 411
1736910 411
1736920 411
1736930 410
1736940 408
1736950 408
1736960 407
1736970 404
1736980 404
1736990 403
1737000 401
1737010 401
1737020 401
1737030 400
1737040 400
1737050 399
1737060 399
1737070 399
1737080 398
1737090 397
1737100 397
1737110 397
1737120 392
1737130 389
1737140 389
1737150 388
1737160 387
1737170 387
1737180 386
1737190 384
1737200 384
1737210 382
1737220 376
1737230 376
1737240 375
1737250 374
1737260 374
1737270 371
1737280 366
1737290 361
1737300 361
1737310 359
1737320 358
1737330 358
1737340 358
1737350 357
1737360 357
1737370 357
1737380 357
1737390 357
1737400 355
1737410 356
1737420 356
1737430 357
1737440 357
1737450 357
1737460 357
1737470 358
1737480 359
1737490 359
1737500 361
1737510 362
1737520 362
1737530 364
1737540 367
1737550 367
1737560 370
1737570 372
1737580 372
1737590 374
1737600 377
1737610 377
1737620 381
1737630 383
1737640 383
1737650 386
1737660 388
1737670 391
1737680 391
1737690 392
1737700 394
1737710 394
1737720 395
1737730 399
1737740 399
1737750 403
1737760 406
1737770 406
1737780 409
1737790 412
1737800 412
1737810 416
1737820 419
1737830 419
1737840 421
1737850 424
1737860 424
1737870 427
1737880 431
1737890 434
1737900 434
1737910 437
1737920 440
1737930 440
1737940 443
1737950 445
1737960 445
1737970 447
1737980 449
1737990 449
1738000 449
1738010 450
1738020 450
1738030 450
1738040 448
1738050 448
1738060 447
1738070 446
1738080 444
1738090 444
1738100 442
1738110 438
1738120 438
1738130 436
1738140 433
1738150 433
1738160 429
1738170 426
1738180 426
1738190 424
1738200 421
1738210 421
1738220 419
1738230 417
1738240 417
1738250 415
1738260 414
1738270 412
1738280 411
1738290 410
1738300 409
1738310 409
1738320 405
1738330 401
1738340 401
1738350 396
1738360 391
1738370 391
1738380 390
1738390 392
1738400 392
1738410 389
1738420 391
1738430 391
1738440 391
1738450 391
1738460 388
1738470 388
1738480 387
1738490 387
1738500 387
1738510 387
1738520 387
1738530 387
1738540 386
1738550 385
1738560 385
1738570 385
1738580 384
1738590 384
1738600 384
1738610 382
1738620 382
1738630 382
1738640 380
1738650 380
1738660 378
1738670 377
1738680 375
1738690 375
1738700 372
1738710 369
1738720 369
1738730 368
1738740 364
1738750 364
1738760 364
1738770 364
1738780 364
1738790 364
1738800 363
1738810 363
1738820 362
1738830 362
1738840 362
1738850 361
1738860 361
1738870 360
1738880 360
1738890 359
1738900 359
1738910 359
1738920 358
1738930 358
1738940 358
1738950 357
1738960 357
1738970 357
1738980 356
1738990 356
1739000 356
1739010 355
1739020 355
1739030 355
1739040 354
1739050 354
1739060 353
1739070 353
1739080 352
1739090 350
1739100 350
1739110 349
1739120 347
1739130 347
1739140 344
1739150 345
1739160 345
1739170 346
1739180 346
1739190 346
1739200 346
1739210 346
1739220 346
1739230 347
1739240 348
1739250 349
1739260 349
1739270 349
1739280 350
1739290 350
1739300 351
1739310 352
1739320 352
1739330 353
1739340 354
1739350 354
1739360 355
1739370 355
1739380 355
1739390 356
1739400 356
1739410 356
1739420 356
1739430 357
1739440 358
1739450 358
1739460 357
1739470 356
1739480 356
1739490 356
1739500 354
1739510 354
1739520 352
1739530 352
1739540 352
1739550 352
1739560 353
1739570 353
1739580 355
1739590 357
1739600 357
1739610 358
1739620 361
1739630 361
1739640 363
1739650 365
1739660 366
1739670 366
1739680 368
1739690 373
1739700 373
1739710 377
1739720 379
1739730 379
1739740 381
1739750 383
1739760 383
1739770 384
1739780 385
1739790 385
1739800 386
1739810 387
1739820 387
1739830 389
1739840 393
1739850 397
1739860 397
1739870 400
1739880 403
1739890 403
1739900 406
1739910 408
1739920 408
1739930 411
1739940 415
1739950 415
1739960 418
1739970 422
1739980 422
1739990 426
