1720000 329
1720010 329
1720020 329
1720030 329
1720040 329
1720050 329
1720060 329
1720070 329
1720080 329
1720090 329
1720100 329
1720110 329
1720120 329
1720130 329
1720140 329
1720150 329
1720160 329
1720170 329
1720180 329
1720190 328
1720200 328
1720210 328
1720220 328
1720230 328
1720240 328
1720250 328
1720260 328
1720270 328
1720280 328
1720290 328
1720300 328
1720310 328
1720320 328
1720330 328
1720340 328
1720350 328
1720360 328
1720370 328
1720380 328
1720390 328
1720400 328
1720410 328
1720420 328
1720430 328
1720440 328
1720450 328
1720460 328
1720470 328
1720480 328
1720490 328
1720500 328
1720510 328
1720520 328
1720530 328
1720540 328
1720550 328
1720560 328
1720570 328
1720580 328
1720590 328
1720600 328
1720610 328
1720620 328
1720630 328
1720640 328
1720650 328
1720660 328
1720670 328
1720680 328
1720690 328
1720700 328
1720710 328
1720720 328
1720730 328
1720740 328
1720750 328
1720760 328
1720770 328
1720780 328
1720790 329
1720800 328
1720810 328
1720820 328
1720830 328
1720840 328
1720850 328
1720860 328
1720870 327
1720880 327
1720890 328
1720900 328
1720910 328
1720920 328
1720930 328
1720940 328
1720950 328
1720960 328
1720970 328
1720980 328
1720990 328
1721000 328
1721010 328
1721020 328
1721030 328
1721040 328
1721050 328
1721060 328
1721070 328
1721080 328
1721090 328
1721100 328
1721110 327
1721120 327
1721130 327
1721140 327
1721150 327
1721160 327
1721170 328
1721180 328
1721190 328
1721200 328
1721210 329
1721220 329
1721230 328
1721240 329
1721250 328
1721260 328
1721270 328
1721280 327
1721290 327
1721300 327
1721310 327
1721320 327
1721330 327
1721340 327
1721350 327
1721360 327
1721370 328
1721380 328
1721390 328
1721400 328
1721410 328
1721420 328
1721430 328
1721440 328
1721450 328
1721460 329
1721470 329
1721480 329
1721490 328
1721500 328
1721510 328
1721520 329
1721530 328
1721540 328
1721550 328
1721560 328
1721570 328
1721580 328
1721590 328
1721600 328
1721610 328
1721620 328
1721630 328
1721640 328
1721650 328
1721660 328
1721670 328
1721680 328
1721690 328
1721700 328
1721710 328
1721720 328
1721730 328
1721740 328
1721750 328
1721760 328
1721770 328
1721780 328
1721790 328
1721800 328
1721810 328
1721820 328
1721830 328
1721840 328
1721850 328
1721860 328
1721870 328
1721880 328
1721890 328
1721900 328
1721910 328
1721920 328
1721930 328
1721940 328
1721950 328
1721960 327
1721970 328
1721980 328
1721990 328
1722000 328
1722010 328
1722020 328
1722030 328
1722040 328
1722050 328
1722060 328
1722070 328
1722080 328
1722090 328
1722100 328
1722110 328
1722120 328
1722130 328
1722140 328
1722150 328
1722160 328
1722170 328
1722180 328
1722190 328
1722200 328
1722210 328
1722220 328
1722230 328
1722240 328
1722250 328
1722260 328
1722270 328
1722280 328
1722290 327
1722300 327
1722310 328
1722320 328
1722330 328
1722340 328
1722350 328
1722360 328
1722370 327
1722380 327
1722390 327
1722400 327
1722410 323
1722420 323
1722430 323
1722440 320
1722450 319
1722460 319
1722470 318
1722480 318
1722490 318
1722500 318
1722510 318
1722520 318
1722530 318
1722540 318
1722550 318
1722560 318
1722570 318
1722580 318
1722590 318
1722600 318
1722610 318
1722620 318
1722630 319
1722640 320
1722650 320
1722660 320
1722670 320
1722680 320
1722690 320
1722700 319
1722710 319
1722720 319
1722730 319
1722740 319
1722750 318
1722760 318
1722770 318
1722780 318
1722790 318
1722800 318
1722810 318
1722820 318
1722830 318
1722840 318
1722850 318
1722860 318
1722870 318
1722880 318
1722890 317
1722900 317
1722910 317
1722920 318
1722930 318
1722940 318
1722950 318
1722960 318
1722970 318
1722980 317
1722990 317
1723000 318
1723010 317
1723020 317
1723030 317
1723040 317
1723050 317
1723060 317
1723070 317
1723080 317
1723090 317
1723100 317
1723110 317
1723120 317
1723130 317
1723140 317
1723150 317
1723160 317
1723170 317
1723180 317
1723190 317
1723200 317
1723210 317
1723220 317
1723230 317
1723240 317
1723250 317
1723260 317
1723270 317
1723280 317
1723290 317
1723300 317
1723310 317
1723320 317
1723330 317
1723340 317
1723350 317
1723360 316
1723370 316
1723380 317
1723390 317
1723400 317
1723410 317
1723420 317
1723430 317
1723440 317
1723450 317
1723460 317
1723470 317
1723480 317
1723490 317
1723500 317
1723510 317
1723520 317
1723530 317
1723540 317
1723550 317
1723560 317
1723570 317
1723580 317
1723590 317
1723600 317
1723610 317
1723620 317
1723630 317
1723640 318
1723650 318
1723660 318
1723670 318
1723680 318
1723690 318
1723700 318
1723710 318
1723720 318
1723730 316
1723740 316
1723750 316
1723760 316
1723770 316
1723780 316
1723790 316
1723800 316
1723810 316
1723820 316
1723830 316
1723840 316
1723850 318
1723860 318
1723870 318
1723880 318
1723890 317
1723900 317
1723910 317
1723920 317
1723930 317
1723940 317
1723950 317
1723960 317
1723970 317
1723980 317
1723990 317
1724000 317
1724010 317
1724020 317
1724030 317
1724040 316
1724050 317
1724060 317
1724070 317
1724080 317
1724090 316
1724100 316
1724110 316
1724120 317
1724130 317
1724140 317
1724150 317
1724160 317
1724170 316
1724180 316
1724190 316
1724200 317
1724210 316
1724220 316
1724230 317
1724240 316
1724250 316
1724260 316
1724270 316
1724280 316
1724290 316
1724300 316
1724310 316
1724320 316
1724330 316
1724340 316
1724350 316
1724360 316
1724370 316
1724380 316
1724390 316
1724400 316
1724410 316
1724420 316
1724430 316
1724440 316
1724450 316
1724460 316
1724470 316
1724480 316
1724490 316
1724500 315
1724510 315
1724520 316
1724530 316
1724540 316
1724550 316
1724560 316
1724570 316
1724580 316
1724590 316
1724600 316
1724610 316
1724620 316
1724630 316
1724640 316
1724650 316
1724660 316
1724670 316
1724680 316
1724690 316
1724700 316
1724710 316
1724720 316
1724730 316
1724740 316
1724750 316
1724760 316
1724770 316
1724780 316
1724790 316
1724800 316
1724810 316
1724820 316
1724830 316
1724840 316
1724850 316
1724860 316
1724870 316
1724880 316
1724890 316
1724900 316
1724910 316
1724920 316
1724930 316
1724940 316
1724950 316
1724960 316
1724970 316
1724980 316
1724990 316
1725000 316
1725010 316
1725020 316
1725030 316
1725040 316
1725050 316
1725060 316
1725070 316
1725080 316
1725090 317
1725100 317
1725110 317
1725120 317
1725130 316
1725140 316
1725150 316
1725160 317
1725170 317
1725180 317
1725190 317
1725200 317
1725210 317
1725220 317
1725230 317
1725240 317
1725250 317
1725260 317
1725270 317
1725280 317
1725290 317
1725300 317
1725310 317
1725320 317
1725330 317
1725340 317
1725350 317
1725360 317
1725370 317
1725380 317
1725390 317
1725400 318
1725410 318
1725420 318
1725430 318
1725440 319
1725450 319
1725460 319
1725470 319
1725480 320
1725490 320
1725500 320
1725510 320
1725520 320
1725530 320
1725540 320
1725550 320
1725560 320
1725570 319
1725580 319
1725590 319
1725600 319
1725610 319
1725620 319
1725630 319
1725640 319
1725650 319
1725660 319
1725670 319
1725680 319
1725690 319
1725700 319
1725710 319
1725720 319
1725730 319
1725740 319
1725750 319
1725760 319
1725770 319
1725780 319
1725790 318
1725800 318
1725810 317
1725820 318
1725830 318
1725840 319
1725850 318
1725860 318
1725870 318
1725880 319
1725890 319
1725900 319
1725910 319
1725920 319
1725930 319
1725940 319
1725950 319
1725960 319
1725970 319
1725980 319
1725990 319
1726000 319
1726010 319
1726020 319
1726030 319
1726040 319
1726050 319
1726060 319
1726070 319
1726080 319
1726090 319
1726100 320
1726110 320
1726120 320
1726130 320
1726140 320
1726150 320
1726160 320
1726170 320
1726180 320
1726190 320
1726200 320
1726210 320
1726220 321
1726230 321
1726240 321
1726250 320
1726260 321
1726270 321
1726280 321
1726290 321
1726300 322
1726310 322
1726320 324
1726330 325
1726340 325
1726350 325
1726360 326
1726370 326
1726380 327
1726390 329
1726400 329
1726410 330
1726420 332
1726430 332
1726440 333
1726450 334
1726460 335
1726470 335
1726480 337
1726490 337
1726500 337
1726510 338
1726520 339
1726530 339
1726540 341
1726550 341
1726560 341
1726570 342
1726580 344
1726590 344
1726600 344
1726610 345
1726620 345
1726630 346
1726640 347
1726650 348
1726660 348
1726670 348
1726680 349
1726690 349
1726700 350
1726710 351
1726720 351
1726730 352
1726740 355
1726750 355
1726760 361
1726770 368
1726780 368
1726790 375
1726800 382
1726810 382
1726820 383
1726830 380
1726840 380
1726850 377
1726860 373
1726870 368
1726880 368
1726890 364
1726900 360
1726910 360
1726920 359
1726930 358
1726940 358
1726950 358
1726960 357
1726970 357
1726980 356
1726990 354
1727000 354
1727010 354
1727020 353
1727030 353
1727040 352
1727050 351
1727060 350
1727070 350
1727080 349
1727090 348
1727100 348
1727110 347
1727120 346
1727130 346
1727140 344
1727150 342
1727160 342
1727170 340
1727180 339
1727190 339
1727200 337
1727210 334
1727220 334
1727230 332
1727240 335
1727250 335
1727260 337
1727270 338
1727280 339
1727290 339
1727300 341
1727310 344
1727320 344
1727330 349
1727340 349
1727350 349
1727360 350
1727370 351
1727380 351
1727390 352
1727400 353
1727410 353
1727420 355
1727430 356
1727440 356
1727450 358
1727460 360
1727470 360
1727480 360
1727490 360
1727500 361
1727510 361
1727520 362
1727530 366
1727540 366
1727550 374
1727560 381
1727570 381
1727580 386
1727590 388
1727600 388
1727610 391
1727620 395
1727630 395
1727640 399
1727650 402
1727660 404
1727670 404
1727680 403
1727690 402
1727700 402
1727710 401
1727720 399
1727730 399
1727740 398
1727750 397
1727760 397
1727770 396
1727780 395
1727790 395
1727800 393
1727810 392
1727820 392
1727830 387
1727840 387
1727850 387
1727860 386
1727870 384
1727880 382
1727890 382
1727900 379
1727910 374
1727920 374
1727930 373
1727940 371
1727950 371
1727960 368
1727970 366
1727980 366
1727990 364
1728000 364
1728010 364
1728020 363
1728030 361
1728040 361
1728050 361
1728060 361
1728070 359
1728080 359
1728090 357
1728100 356
1728110 356
1728120 355
1728130 357
1728140 357
1728150 357
1728160 359
1728170 359
1728180 360
1728190 361
1728200 361
1728210 363
1728220 366
1728230 366
1728240 368
1728250 370
1728260 372
1728270 372
1728280 377
1728290 378
1728300 378
1728310 378
1728320 378
1728330 378
1728340 378
1728350 378
1728360 378
1728370 379
1728380 381
1728390 381
1728400 386
1728410 388
1728420 388
1728430 390
1728440 391
1728450 391
1728460 393
1728470 395
1728480 397
1728490 397
1728500 399
1728510 401
1728520 401
1728530 403
1728540 405
1728550 405
1728560 407
1728570 410
1728580 410
1728590 412
1728600 415
1728610 415
1728620 417
1728630 419
1728640 419
1728650 421
1728660 424
1728670 426
1728680 426
1728690 429
1728700 431
1728710 431
1728720 434
1728730 437
1728740 437
1728750 438
1728760 439
1728770 439
1728780 440
1728790 442
1728800 442
1728810 442
1728820 438
1728830 438
1728840 435
1728850 434
1728860 433
1728870 433
1728880 432
1728890 432
1728900 432
1728910 430
1728920 425
1728930 425
1728940 425
1728950 426
1728960 426
1728970 425
1728980 425
1728990 425
1729000 424
1729010 422
1729020 422
1729030 421
1729040 421
1729050 421
1729060 420
1729070 419
1729080 418
1729090 418
1729100 417
1729110 411
1729120 411
1729130 404
1729140 403
1729150 403
1729160 402
1729170 401
1729180 401
1729190 400
1729200 400
1729210 400
1729220 399
1729230 398
1729240 398
1729250 397
1729260 397
1729270 397
1729280 397
1729290 397
1729300 396
1729310 396
1729320 393
1729330 390
1729340 390
1729350 388
1729360 387
1729370 387
1729380 385
1729390 383
1729400 383
1729410 382
1729420 380
1729430 380
1729440 377
1729450 373
1729460 371
1729470 371
1729480 367
1729490 364
1729500 364
1729510 363
1729520 363
1729530 363
1729540 361
1729550 359
1729560 359
1729570 358
1729580 357
1729590 357
1729600 357
1729610 356
1729620 356
1729630 356
1729640 353
1729650 353
1729660 351
1729670 353
1729680 355
1729690 355
1729700 356
1729710 356
1729720 356
1729730 357
1729740 359
1729750 359
1729760 360
1729770 363
1729780 363
1729790 366
1729800 367
1729810 367
1729820 370
1729830 372
1729840 372
1729850 375
1729860 376
1729870 377
1729880 377
1729890 378
1729900 378
1729910 378
1729920 381
1729930 385
1729940 385
1729950 386
1729960 387
1729970 387
1729980 388
1729990 388
1730000 388
1730010 389
1730020 389
1730030 389
1730040 391
1730050 391
1730060 393
1730070 393
1730080 393
1730090 394
1730100 394
1730110 396
1730120 399
1730130 399
1730140 402
1730150 404
1730160 404
1730170 407
1730180 410
1730190 410
1730200 414
1730210 418
1730220 418
1730230 419
1730240 422
1730250 422
1730260 426
1730270 428
1730280 430
1730290 430
1730300 433
1730310 435
1730320 435
1730330 436
1730340 439
1730350 439
1730360 443
1730370 442
1730380 442
1730390 443
1730400 444
1730410 444
1730420 443
1730430 440
1730440 440
1730450 439
1730460 438
1730470 437
1730480 437
1730490 436
1730500 435
1730510 435
1730520 434
1730530 433
1730540 433
1730550 432
1730560 430
1730570 430
1730580 429
1730590 427
1730600 427
1730610 425
1730620 423
1730630 423
1730640 420
1730650 419
1730660 419
1730670 419
1730680 418
1730690 417
1730700 417
1730710 415
1730720 413
1730730 413
1730740 412
1730750 411
1730760 411
1730770 410
1730780 407
1730790 407
1730800 405
1730810 404
1730820 404
1730830 403
1730840 402
1730850 402
1730860 401
1730870 400
1730880 400
1730890 400
1730900 399
1730910 398
1730920 398
1730930 398
1730940 398
1730950 398
1730960 398
1730970 399
1730980 399
1730990 399
1731000 399
1731010 399
1731020 399
1731030 399
1731040 399
1731050 399
1731060 399
1731070 400
1731080 400
1731090 400
1731100 399
1731110 399
1731120 399
1731130 399
1731140 399
1731150 399
1731160 399
1731170 399
1731180 398
1731190 398
1731200 398
1731210 397
1731220 397
1731230 397
1731240 396
1731250 395
1731260 395
1731270 395
1731280 394
1731290 393
1731300 393
1731310 393
1731320 391
1731330 391
1731340 390
1731350 388
1731360 388
1731370 387
1731380 385
1731390 385
1731400 385
1731410 384
1731420 384
1731430 383
1731440 382
1731450 382
1731460 382
1731470 381
1731480 380
1731490 380
1731500 379
1731510 379
1731520 379
1731530 379
1731540 378
1731550 378
1731560 378
1731570 377
1731580 377
1731590 377
1731600 377
1731610 377
1731620 376
1731630 376
1731640 376
1731650 374
1731660 374
1731670 373
1731680 373
1731690 372
1731700 371
1731710 371
1731720 369
1731730 369
1731740 369
1731750 367
1731760 366
1731770 366
1731780 365
1731790 363
1731800 363
1731810 363
1731820 360
1731830 360
1731840 357
1731850 356
1731860 356
1731870 355
1731880 354
1731890 352
1731900 352
1731910 351
1731920 351
1731930 351
1731940 349
1731950 348
1731960 348
1731970 351
1731980 350
1731990 350
1732000 350
1732010 350
1732020 350
1732030 350
1732040 350
1732050 350
1732060 351
1732070 353
1732080 355
1732090 355
1732100 360
1732110 363
1732120 363
1732130 365
1732140 368
1732150 368
1732160 370
1732170 373
1732180 373
1732190 375
1732200 377
1732210 377
1732220 378
1732230 378
1732240 378
1732250 377
1732260 377
1732270 375
1732280 375
1732290 375
1732300 373
1732310 373
1732320 371
1732330 375
1732340 375
1732350 376
1732360 378
1732370 378
1732380 379
1732390 380
1732400 380
1732410 382
1732420 385
1732430 385
1732440 388
1732450 392
1732460 392
1732470 393
1732480 395
1732490 397
1732500 397
1732510 400
1732520 402
1732530 402
1732540 405
1732550 407
1732560 407
1732570 409
1732580 411
1732590 411
1732600 413
1732610 414
1732620 414
1732630 415
1732640 416
1732650 416
1732660 414
1732670 409
1732680 406
1732690 406
1732700 406
1732710 406
1732720 406
1732730 404
1732740 403
1732750 403
1732760 403
1732770 401
1732780 401
1732790 396
1732800 395
1732810 395
1732820 394
1732830 393
1732840 393
1732850 392
1732860 392
1732870 391
1732880 391
1732890 390
1732900 389
1732910 389
1732920 389
1732930 389
1732940 389
1732950 388
1732960 386
1732970 386
1732980 385
1732990 385
1733000 385
1733010 384
1733020 384
1733030 384
1733040 384
1733050 384
1733060 384
1733070 384
1733080 384
1733090 385
1733100 385
1733110 384
1733120 384
1733130 384
1733140 385
1733150 384
1733160 384
1733170 384
1733180 384
1733190 384
1733200 385
1733210 385
1733220 385
1733230 385
1733240 384
1733250 384
1733260 384
1733270 384
1733280 383
1733290 383
1733300 381
1733310 381
1733320 381
1733330 379
1733340 378
1733350 378
1733360 377
1733370 375
1733380 375
1733390 374
1733400 371
1733410 371
1733420 369
1733430 367
1733440 367
1733450 367
1733460 366
1733470 365
1733480 365
1733490 364
1733500 363
1733510 363
1733520 363
1733530 362
1733540 362
1733550 361
1733560 357
1733570 357
1733580 356
1733590 353
1733600 353
1733610 351
1733620 350
1733630 350
1733640 349
1733650 349
1733660 349
1733670 349
1733680 349
1733690 348
1733700 348
1733710 348
1733720 348
1733730 348
1733740 348
1733750 348
1733760 348
1733770 348
1733780 347
1733790 347
1733800 348
1733810 352
1733820 352
1733830 355
1733840 355
1733850 355
1733860 356
1733870 357
1733880 358
1733890 358
1733900 359
1733910 359
1733920 359
1733930 359
1733940 359
1733950 359
1733960 358
1733970 357
1733980 357
1733990 356
1734000 354
1734010 354
1734020 353
1734030 352
1734040 352
1734050 351
1734060 350
1734070 348
1734080 348
1734090 347
1734100 345
1734110 345
1734120 343
1734130 342
1734140 342
1734150 341
1734160 339
1734170 339
1734180 338
1734190 337
1734200 337
1734210 336
1734220 336
1734230 336
1734240 334
1734250 332
1734260 332
1734270 332
1734280 332
1734290 332
1734300 332
1734310 332
1734320 331
1734330 331
1734340 330
1734350 330
1734360 330
1734370 330
1734380 330
1734390 330
1734400 330
1734410 330
1734420 330
1734430 330
1734440 329
1734450 329
1734460 330
1734470 330
1734480 330
1734490 330
1734500 330
1734510 330
1734520 330
1734530 330
1734540 330
1734550 330
1734560 330
1734570 330
1734580 330
1734590 330
1734600 330
1734610 330
1734620 330
1734630 330
1734640 330
1734650 330
1734660 328
1734670 330
1734680 330
1734690 330
1734700 330
1734710 330
1734720 330
1734730 331
1734740 331
1734750 331
1734760 332
1734770 332
1734780 332
1734790 333
1734800 333
1734810 334
1734820 334
1734830 334
1734840 333
1734850 333
1734860 333
1734870 334
1734880 335
1734890 334
1734900 334
1734910 334
1734920 334
1734930 334
1734940 333
1734950 333
1734960 333
1734970 333
1734980 333
1734990 333
1735000 333
1735010 333
1735020 333
1735030 333
1735040 332
1735050 332
1735060 332
1735070 332
1735080 331
1735090 331
1735100 331
1735110 330
1735120 330
1735130 330
1735140 330
1735150 330
1735160 329
1735170 329
1735180 329
1735190 328
1735200 328
1735210 328
1735220 328
1735230 328
1735240 328
1735250 328
1735260 328
1735270 328
1735280 328
1735290 328
1735300 328
1735310 328
1735320 328
1735330 328
1735340 328
1735350 328
1735360 328
1735370 328
1735380 328
1735390 328
1735400 328
1735410 328
1735420 328
1735430 328
1735440 328
1735450 328
1735460 328
1735470 328
1735480 328
1735490 328
1735500 328
1735510 328
1735520 329
1735530 329
1735540 329
1735550 329
1735560 329
1735570 329
1735580 329
1735590 329
1735600 329
1735610 329
1735620 329
1735630 329
1735640 329
1735650 329
1735660 329
1735670 329
1735680 329
1735690 329
1735700 330
1735710 330
1735720 330
1735730 330
1735740 330
1735750 330
1735760 330
1735770 330
1735780 330
1735790 331
1735800 329
1735810 329
1735820 331
1735830 330
1735840 330
1735850 330
1735860 330
1735870 330
1735880 330
1735890 330
1735900 330
1735910 330
1735920 330
1735930 331
1735940 331
1735950 332
1735960 333
1735970 333
1735980 335
1735990 336
1736000 336
1736010 338
1736020 339
1736030 339
1736040 341
1736050 343
1736060 343
1736070 345
1736080 346
1736090 348
1736100 348
1736110 353
1736120 357
1736130 357
1736140 362
1736150 369
1736160 369
1736170 369
1736180 367
1736190 367
1736200 364
1736210 360
1736220 360
1736230 360
1736240 359
1736250 359
1736260 358
1736270 355
1736280 353
1736290 353
1736300 350
1736310 348
1736320 348
1736330 347
1736340 346
1736350 346
1736360 345
1736370 343
1736380 343
1736390 342
1736400 342
1736410 342
1736420 341
1736430 341
1736440 341
1736450 341
1736460 340
1736470 340
1736480 340
1736490 339
1736500 340
1736510 340
1736520 340
1736530 340
1736540 340
1736550 340
1736560 341
1736570 341
1736580 341
1736590 342
1736600 342
1736610 343
1736620 344
1736630 344
1736640 345
1736650 347
1736660 347
1736670 350
1736680 352
1736690 353
1736700 353
1736710 353
1736720 353
1736730 353
1736740 353
1736750 354
1736760 354
1736770 354
1736780 354
1736790 354
1736800 357
1736810 358
1736820 358
1736830 358
1736840 360
1736850 360
1736860 358
1736870 362
1736880 364
1736890 364
1736900 368
1736910 366
1736920 366
1736930 369
1736940 367
1736950 367
1736960 362
1736970 365
1736980 365
1736990 370
1737000 376
1737010 376
1737020 378
1737030 379
1737040 379
1737050 380
1737060 381
1737070 381
1737080 381
1737090 381
1737100 383
1737110 383
1737120 384
1737130 384
1737140 384
1737150 383
1737160 384
1737170 384
1737180 387
1737190 390
1737200 385
1737210 388
1737220 391
1737230 391
1737240 393
1737250 393
1737260 393
1737270 392
1737280 390
1737290 388
1737300 388
1737310 387
1737320 385
1737330 385
1737340 386
1737350 386
1737360 386
1737370 386
1737380 386
1737390 386
1737400 384
1737410 382
1737420 382
1737430 381
1737440 379
1737450 379
1737460 377
1737470 376
1737480 375
1737490 375
1737500 374
1737510 373
1737520 373
1737530 373
1737540 372
1737550 372
1737560 372
1737570 372
1737580 372
1737590 374
1737600 376
1737610 376
1737620 378
1737630 380
1737640 380
1737650 382
1737660 384
1737670 384
1737680 386
1737690 388
1737700 390
1737710 390
1737720 391
1737730 395
1737740 395
1737750 399
1737760 402
1737770 402
1737780 404
1737790 406
1737800 406
1737810 408
1737820 410
1737830 410
1737840 413
1737850 416
1737860 416
1737870 420
1737880 423
1737890 425
1737900 425
1737910 429
1737920 431
1737930 431
1737940 433
1737950 436
1737960 436
1737970 438
1737980 440
1737990 440
1738000 442
1738010 444
1738020 444
1738030 446
1738040 448
1738050 448
1738060 450
1738070 454
1738080 457
1738090 457
1738100 458
1738110 456
1738120 456
1738130 456
1738140 456
1738150 456
1738160 456
1738170 456
1738180 456
1738190 456
1738200 454
1738210 454
1738220 451
1738230 448
1738240 448
1738250 447
1738260 444
1738270 444
1738280 442
1738290 440
1738300 438
1738310 438
1738320 435
1738330 432
1738340 432
1738350 430
1738360 429
1738370 429
1738380 427
1738390 425
1738400 425
1738410 421
1738420 419
1738430 419
1738440 418
1738450 416
1738460 416
1738470 413
1738480 407
1738490 402
1738500 402
1738510 408
1738520 403
1738530 403
1738540 403
1738550 409
1738560 409
1738570 417
1738580 420
1738590 420
1738600 423
1738610 426
1738620 426
1738630 428
1738640 428
1738650 428
1738660 427
1738670 424
1738680 421
1738690 421
1738700 413
1738710 412
1738720 412
1738730 415
1738740 421
1738750 421
1738760 426
1738770 429
1738780 429
1738790 431
1738800 432
1738810 432
1738820 435
1738830 440
1738840 440
1738850 440
1738860 438
1738870 438
1738880 441
1738890 446
1738900 449
1738910 449
1738920 451
1738930 453
1738940 453
1738950 455
1738960 457
1738970 457
1738980 460
1738990 462
1739000 462
1739010 466
1739020 466
1739030 466
1739040 467
1739050 468
1739060 468
1739070 470
1739080 471
1739090 472
1739100 472
1739110 473
1739120 474
1739130 474
1739140 474
1739150 474
1739160 474
1739170 473
1739180 472
1739190 472
1739200 470
1739210 468
1739220 468
1739230 465
1739240 463
1739250 463
1739260 461
1739270 459
1739280 459
1739290 457
1739300 453
1739310 451
1739320 451
1739330 449
1739340 448
1739350 448
1739360 446
1739370 446
1739380 446
1739390 444
1739400 443
1739410 443
1739420 442
1739430 440
1739440 440
1739450 438
1739460 437
1739470 437
1739480 436
1739490 434
1739500 429
1739510 429
1739520 429
1739530 426
1739540 426
1739550 422
1739560 419
1739570 419
1739580 416
1739590 414
1739600 414
1739610 413
1739620 411
1739630 411
1739640 408
1739650 403
1739660 403
1739670 402
1739680 400
1739690 398
1739700 398
1739710 394
1739720 393
1739730 393
1739740 392
1739750 392
1739760 392
1739770 392
1739780 393
1739790 393
1739800 393
1739810 394
1739820 394
1739830 395
1739840 396
1739850 396
1739860 399
1739870 401
1739880 401
1739890 403
1739900 405
1739910 408
1739920 408
1739930 411
1739940 414
1739950 414
1739960 417
1739970 421
1739980 421
1739990 424
