1720000 335
1720010 334
1720020 334
1720030 335
1720040 335
1720050 335
1720060 335
1720070 335
1720080 335
1720090 334
1720100 334
1720110 334
1720120 334
1720130 334
1720140 334
1720150 334
1720160 334
1720170 334
1720180 334
1720190 334
1720200 334
1720210 334
1720220 334
1720230 334
1720240 334
1720250 334
1720260 334
1720270 334
1720280 334
1720290 335
1720300 335
1720310 334
1720320 333
1720330 333
1720340 333
1720350 333
1720360 333
1720370 333
1720380 333
1720390 333
1720400 333
1720410 333
1720420 333
1720430 333
1720440 333
1720450 333
1720460 333
1720470 333
1720480 333
1720490 333
1720500 333
1720510 333
1720520 333
1720530 334
1720540 334
1720550 334
1720560 334
1720570 334
1720580 334
1720590 334
1720600 334
1720610 334
1720620 334
1720630 334
1720640 334
1720650 334
1720660 334
1720670 334
1720680 334
1720690 334
1720700 334
1720710 334
1720720 333
1720730 333
1720740 333
1720750 333
1720760 333
1720770 333
1720780 333
1720790 333
1720800 333
1720810 333
1720820 333
1720830 333
1720840 333
1720850 332
1720860 334
1720870 334
1720880 334
1720890 333
1720900 333
1720910 333
1720920 333
1720930 333
1720940 333
1720950 333
1720960 333
1720970 333
1720980 333
1720990 333
1721000 333
1721010 333
1721020 333
1721030 333
1721040 333
1721050 333
1721060 333
1721070 332
1721080 332
1721090 332
1721100 332
1721110 332
1721120 332
1721130 332
1721140 329
1721150 326
1721160 326
1721170 325
1721180 325
1721190 325
1721200 325
1721210 325
1721220 325
1721230 325
1721240 325
1721250 325
1721260 325
1721270 325
1721280 325
1721290 325
1721300 325
1721310 325
1721320 325
1721330 324
1721340 324
1721350 324
1721360 324
1721370 324
1721380 324
1721390 324
1721400 324
1721410 324
1721420 323
1721430 323
1721440 323
1721450 324
1721460 323
1721470 323
1721480 323
1721490 323
1721500 323
1721510 323
1721520 323
1721530 323
1721540 323
1721550 323
1721560 323
1721570 323
1721580 323
1721590 323
1721600 323
1721610 323
1721620 323
1721630 323
1721640 323
1721650 323
1721660 323
1721670 323
1721680 323
1721690 323
1721700 323
1721710 323
1721720 323
1721730 323
1721740 323
1721750 323
1721760 323
1721770 323
1721780 323
1721790 323
1721800 323
1721810 323
1721820 323
1721830 323
1721840 323
1721850 323
1721860 323
1721870 323
1721880 323
1721890 323
1721900 323
1721910 323
1721920 322
1721930 322
1721940 322
1721950 323
1721960 322
1721970 323
1721980 323
1721990 323
1722000 323
1722010 323
1722020 323
1722030 323
1722040 323
1722050 323
1722060 323
1722070 323
1722080 323
1722090 323
1722100 323
1722110 323
1722120 322
1722130 322
1722140 322
1722150 322
1722160 322
1722170 322
1722180 322
1722190 322
1722200 322
1722210 322
1722220 322
1722230 322
1722240 322
1722250 323
1722260 323
1722270 323
1722280 323
1722290 323
1722300 322
1722310 323
1722320 323
1722330 323
1722340 323
1722350 323
1722360 323
1722370 323
1722380 323
1722390 323
1722400 323
1722410 320
1722420 320
1722430 320
1722440 320
1722450 320
1722460 320
1722470 320
1722480 320
1722490 320
1722500 320
1722510 320
1722520 322
1722530 323
1722540 323
1722550 323
1722560 323
1722570 323
1722580 323
1722590 323
1722600 323
1722610 323
1722620 323
1722630 323
1722640 323
1722650 323
1722660 323
1722670 323
1722680 323
1722690 323
1722700 323
1722710 323
1722720 323
1722730 323
1722740 323
1722750 323
1722760 323
1722770 321
1722780 321
1722790 322
1722800 322
1722810 322
1722820 322
1722830 322
1722840 322
1722850 322
1722860 322
1722870 322
1722880 322
1722890 322
1722900 322
1722910 322
1722920 322
1722930 322
1722940 322
1722950 322
1722960 322
1722970 322
1722980 322
1722990 322
1723000 322
1723010 322
1723020 322
1723030 322
1723040 321
1723050 321
1723060 322
1723070 322
1723080 322
1723090 322
1723100 322
1723110 322
1723120 322
1723130 322
1723140 322
1723150 322
1723160 322
1723170 322
1723180 322
1723190 322
1723200 322
1723210 322
1723220 322
1723230 322
1723240 322
1723250 322
1723260 322
1723270 322
1723280 322
1723290 322
1723300 322
1723310 322
1723320 322
1723330 322
1723340 322
1723350 323
1723360 323
1723370 323
1723380 323
1723390 323
1723400 323
1723410 323
1723420 323
1723430 323
1723440 323
1723450 324
1723460 324
1723470 324
1723480 323
1723490 323
1723500 323
1723510 323
1723520 323
1723530 323
1723540 323
1723550 323
1723560 323
1723570 323
1723580 323
1723590 323
1723600 323
1723610 323
1723620 323
1723630 324
1723640 324
1723650 324
1723660 324
1723670 323
1723680 323
1723690 323
1723700 322
1723710 322
1723720 322
1723730 322
1723740 322
1723750 322
1723760 322
1723770 322
1723780 322
1723790 322
1723800 322
1723810 322
1723820 322
1723830 322
1723840 322
1723850 322
1723860 323
1723870 323
1723880 323
1723890 323
1723900 323
1723910 323
1723920 323
1723930 323
1723940 323
1723950 323
1723960 323
1723970 323
1723980 323
1723990 323
1724000 323
1724010 322
1724020 323
1724030 323
1724040 323
1724050 323
1724060 323
1724070 322
1724080 323
1724090 323
1724100 324
1724110 324
1724120 324
1724130 325
1724140 325
1724150 325
1724160 325
1724170 325
1724180 325
1724190 325
1724200 325
1724210 326
1724220 326
1724230 326
1724240 326
1724250 326
1724260 326
1724270 327
1724280 327
1724290 326
1724300 326
1724310 326
1724320 327
1724330 327
1724340 327
1724350 327
1724360 327
1724370 327
1724380 327
1724390 327
1724400 327
1724410 327
1724420 326
1724430 326
1724440 326
1724450 326
1724460 326
1724470 326
1724480 326
1724490 326
1724500 326
1724510 326
1724520 326
1724530 326
1724540 326
1724550 326
1724560 326
1724570 326
1724580 326
1724590 326
1724600 326
1724610 326
1724620 326
1724630 326
1724640 327
1724650 327
1724660 327
1724670 327
1724680 327
1724690 327
1724700 327
1724710 327
1724720 327
1724730 327
1724740 327
1724750 327
1724760 327
1724770 328
1724780 328
1724790 327
1724800 327
1724810 328
1724820 328
1724830 328
1724840 327
1724850 327
1724860 328
1724870 327
1724880 327
1724890 328
1724900 327
1724910 327
1724920 327
1724930 327
1724940 327
1724950 327
1724960 327
1724970 327
1724980 327
1724990 327
1725000 327
1725010 327
1725020 327
1725030 327
1725040 327
1725050 327
1725060 327
1725070 327
1725080 327
1725090 327
1725100 327
1725110 327
1725120 327
1725130 327
1725140 327
1725150 327
1725160 327
1725170 327
1725180 327
1725190 327
1725200 327
1725210 327
1725220 327
1725230 327
1725240 327
1725250 327
1725260 327
1725270 327
1725280 327
1725290 327
1725300 327
1725310 327
1725320 327
1725330 328
1725340 327
1725350 327
1725360 327
1725370 327
1725380 327
1725390 327
1725400 327
1725410 327
1725420 327
1725430 327
1725440 327
1725450 327
1725460 327
1725470 327
1725480 327
1725490 327
1725500 327
1725510 327
1725520 327
1725530 327
1725540 327
1725550 327
1725560 327
1725570 327
1725580 327
1725590 327
1725600 327
1725610 327
1725620 327
1725630 327
1725640 327
1725650 327
1725660 327
1725670 327
1725680 327
1725690 327
1725700 327
1725710 327
1725720 327
1725730 327
1725740 327
1725750 327
1725760 327
1725770 327
1725780 327
1725790 327
1725800 327
1725810 327
1725820 327
1725830 327
1725840 327
1725850 327
1725860 327
1725870 327
1725880 327
1725890 327
1725900 327
1725910 327
1725920 327
1725930 327
1725940 327
1725950 327
1725960 327
1725970 327
1725980 327
1725990 327
1726000 327
1726010 327
1726020 327
1726030 327
1726040 327
1726050 327
1726060 328
1726070 328
1726080 328
1726090 328
1726100 328
1726110 328
1726120 328
1726130 328
1726140 328
1726150 328
1726160 328
1726170 328
1726180 329
1726190 329
1726200 329
1726210 329
1726220 328
1726230 328
1726240 328
1726250 328
1726260 328
1726270 328
1726280 328
1726290 329
1726300 329
1726310 329
1726320 328
1726330 328
1726340 328
1726350 329
1726360 329
1726370 330
1726380 330
1726390 330
1726400 332
1726410 331
1726420 331
1726430 332
1726440 332
1726450 332
1726460 332
1726470 334
1726480 336
1726490 336
1726500 338
1726510 340
1726520 340
1726530 344
1726540 347
1726550 347
1726560 348
1726570 348
1726580 348
1726590 348
1726600 348
1726610 348
1726620 348
1726630 348
1726640 348
1726650 348
1726660 350
1726670 348
1726680 348
1726690 348
1726700 348
1726710 348
1726720 348
1726730 347
1726740 347
1726750 346
1726760 346
1726770 346
1726780 344
1726790 343
1726800 343
1726810 343
1726820 343
1726830 343
1726840 342
1726850 341
1726860 340
1726870 340
1726880 338
1726890 338
1726900 338
1726910 337
1726920 337
1726930 337
1726940 338
1726950 338
1726960 338
1726970 338
1726980 338
1726990 338
1727000 338
1727010 338
1727020 338
1727030 338
1727040 338
1727050 338
1727060 338
1727070 338
1727080 338
1727090 338
1727100 337
1727110 337
1727120 337
1727130 336
1727140 337
1727150 337
1727160 336
1727170 336
1727180 336
1727190 335
1727200 335
1727210 335
1727220 335
1727230 334
1727240 334
1727250 334
1727260 334
1727270 334
1727280 334
1727290 334
1727300 334
1727310 334
1727320 331
1727330 330
1727340 330
1727350 330
1727360 330
1727370 330
1727380 330
1727390 330
1727400 330
1727410 330
1727420 330
1727430 330
1727440 330
1727450 330
1727460 330
1727470 330
1727480 331
1727490 331
1727500 331
1727510 330
1727520 329
1727530 329
1727540 329
1727550 330
1727560 330
1727570 330
1727580 330
1727590 330
1727600 330
1727610 331
1727620 331
1727630 331
1727640 331
1727650 332
1727660 332
1727670 331
1727680 331
1727690 331
1727700 331
1727710 332
1727720 332
1727730 332
1727740 332
1727750 332
1727760 332
1727770 332
1727780 332
1727790 332
1727800 332
1727810 332
1727820 332
1727830 332
1727840 332
1727850 332
1727860 332
1727870 332
1727880 332
1727890 333
1727900 334
1727910 334
1727920 334
1727930 334
1727940 334
1727950 335
1727960 335
1727970 335
1727980 334
1727990 334
1728000 334
1728010 335
1728020 334
1728030 334
1728040 334
1728050 334
1728060 334
1728070 334
1728080 336
1728090 335
1728100 335
1728110 335
1728120 335
1728130 335
1728140 336
1728150 336
1728160 336
1728170 337
1728180 337
1728190 337
1728200 337
1728210 338
1728220 338
1728230 338
1728240 338
1728250 338
1728260 339
1728270 339
1728280 340
1728290 340
1728300 340
1728310 341
1728320 341
1728330 342
1728340 342
1728350 342
1728360 343
1728370 343
1728380 343
1728390 343
1728400 343
1728410 343
1728420 344
1728430 345
1728440 345
1728450 345
1728460 345
1728470 345
1728480 345
1728490 346
1728500 346
1728510 346
1728520 347
1728530 347
1728540 347
1728550 347
1728560 348
1728570 348
1728580 349
1728590 350
1728600 350
1728610 350
1728620 351
1728630 351
1728640 352
1728650 353
1728660 353
1728670 354
1728680 355
1728690 356
1728700 356
1728710 357
1728720 358
1728730 358
1728740 360
1728750 361
1728760 361
1728770 362
1728780 363
1728790 363
1728800 361
1728810 361
1728820 361
1728830 361
1728840 361
1728850 361
1728860 362
1728870 363
1728880 364
1728890 364
1728900 365
1728910 365
1728920 365
1728930 366
1728940 366
1728950 366
1728960 366
1728970 367
1728980 367
1728990 367
1729000 366
1729010 366
1729020 366
1729030 365
1729040 365
1729050 365
1729060 365
1729070 364
1729080 364
1729090 364
1729100 365
1729110 365
1729120 367
1729130 370
1729140 370
1729150 373
1729160 377
1729170 377
1729180 381
1729190 379
1729200 379
1729210 374
1729220 373
1729230 373
1729240 372
1729250 370
1729260 370
1729270 371
1729280 371
1729290 373
1729300 373
1729310 374
1729320 374
1729330 374
1729340 374
1729350 376
1729360 376
1729370 377
1729380 377
1729390 377
1729400 378
1729410 378
1729420 378
1729430 379
1729440 379
1729450 379
1729460 378
1729470 378
1729480 378
1729490 378
1729500 378
1729510 377
1729520 377
1729530 377
1729540 377
1729550 377
1729560 378
1729570 378
1729580 378
1729590 379
1729600 379
1729610 379
1729620 379
1729630 379
1729640 379
1729650 381
1729660 383
1729670 383
1729680 384
1729690 389
1729700 394
1729710 394
1729720 396
1729730 399
1729740 399
1729750 400
1729760 400
1729770 400
1729780 401
1729790 403
1729800 403
1729810 405
1729820 407
1729830 407
1729840 410
1729850 413
1729860 413
1729870 413
1729880 414
1729890 418
1729900 418
1729910 423
1729920 427
1729930 427
1729940 430
1729950 432
1729960 432
1729970 432
1729980 433
1729990 433
1730000 434
1730010 435
1730020 435
1730030 435
1730040 435
1730050 435
1730060 435
1730070 435
1730080 435
1730090 435
1730100 435
1730110 435
1730120 435
1730130 434
1730140 434
1730150 434
1730160 432
1730170 431
1730180 431
1730190 430
1730200 429
1730210 429
1730220 428
1730230 427
1730240 427
1730250 426
1730260 425
1730270 425
1730280 421
1730290 416
1730300 413
1730310 413
1730320 412
1730330 410
1730340 410
1730350 409
1730360 409
1730370 409
1730380 407
1730390 404
1730400 404
1730410 400
1730420 397
1730430 397
1730440 396
1730450 395
1730460 395
1730470 393
1730480 391
1730490 391
1730500 388
1730510 387
1730520 385
1730530 385
1730540 381
1730550 378
1730560 378
1730570 376
1730580 372
1730590 372
1730600 371
1730610 370
1730620 370
1730630 369
1730640 368
1730650 368
1730660 367
1730670 367
1730680 367
1730690 366
1730700 367
1730710 368
1730720 368
1730730 369
1730740 371
1730750 371
1730760 373
1730770 374
1730780 374
1730790 375
1730800 377
1730810 377
1730820 380
1730830 382
1730840 382
1730850 384
1730860 387
1730870 387
1730880 388
1730890 389
1730900 391
1730910 391
1730920 392
1730930 395
1730940 395
1730950 396
1730960 400
1730970 400
1730980 402
1730990 405
1731000 405
1731010 408
1731020 409
1731030 409
1731040 412
1731050 416
1731060 416
1731070 419
1731080 422
1731090 422
1731100 423
1731110 427
1731120 428
1731130 428
1731140 429
1731150 430
1731160 430
1731170 431
1731180 432
1731190 432
1731200 433
1731210 433
1731220 433
1731230 436
1731240 437
1731250 437
1731260 438
1731270 440
1731280 440
1731290 442
1731300 444
1731310 447
1731320 447
1731330 450
1731340 452
1731350 452
1731360 453
1731370 453
1731380 453
1731390 454
1731400 454
1731410 454
1731420 454
1731430 454
1731440 454
1731450 453
1731460 453
1731470 453
1731480 453
1731490 453
1731500 453
1731510 452
1731520 452
1731530 451
1731540 451
1731550 450
1731560 450
1731570 450
1731580 449
1731590 447
1731600 447
1731610 444
1731620 442
1731630 442
1731640 441
1731650 438
1731660 438
1731670 436
1731680 434
1731690 434
1731700 432
1731710 431
1731720 430
1731730 430
1731740 428
1731750 427
1731760 427
1731770 426
1731780 425
1731790 425
1731800 424
1731810 423
1731820 423
1731830 422
1731840 421
1731850 421
1731860 421
1731870 420
1731880 420
1731890 418
1731900 416
1731910 416
1731920 414
1731930 414
1731940 413
1731950 413
1731960 412
1731970 412
1731980 412
1731990 411
1732000 411
1732010 411
1732020 410
1732030 410
1732040 410
1732050 409
1732060 408
1732070 408
1732080 406
1732090 403
1732100 403
1732110 402
1732120 401
1732130 401
1732140 401
1732150 399
1732160 399
1732170 399
1732180 396
1732190 390
1732200 390
1732210 389
1732220 388
1732230 388
1732240 388
1732250 387
1732260 387
1732270 386
1732280 384
1732290 384
1732300 384
1732310 384
1732320 384
1732330 384
1732340 384
1732350 383
1732360 383
1732370 383
1732380 382
1732390 382
1732400 381
1732410 381
1732420 381
1732430 380
1732440 380
1732450 380
1732460 379
1732470 379
1732480 379
1732490 379
1732500 378
1732510 378
1732520 378
1732530 377
1732540 376
1732550 376
1732560 376
1732570 375
1732580 375
1732590 374
1732600 373
1732610 373
1732620 373
1732630 371
1732640 371
1732650 369
1732660 368
1732670 368
1732680 366
1732690 365
1732700 365
1732710 364
1732720 363
1732730 361
1732740 361
1732750 360
1732760 358
1732770 358
1732780 357
1732790 355
1732800 355
1732810 353
1732820 351
1732830 351
1732840 349
1732850 346
1732860 346
1732870 345
1732880 345
1732890 345
1732900 344
1732910 343
1732920 343
1732930 342
1732940 341
1732950 343
1732960 343
1732970 343
1732980 343
1732990 343
1733000 343
1733010 341
1733020 341
1733030 344
1733040 344
1733050 344
1733060 344
1733070 346
1733080 346
1733090 347
1733100 347
1733110 347
1733120 348
1733130 350
1733140 352
1733150 352
1733160 354
1733170 356
1733180 356
1733190 357
1733200 361
1733210 361
1733220 364
1733230 365
1733240 365
1733250 369
1733260 370
1733270 370
1733280 371
1733290 374
1733300 374
1733310 377
1733320 380
1733330 380
1733340 385
1733350 386
1733360 388
1733370 388
1733380 392
1733390 395
1733400 395
1733410 397
1733420 402
1733430 402
1733440 406
1733450 409
1733460 409
1733470 411
1733480 415
1733490 415
1733500 419
1733510 422
1733520 422
1733530 426
1733540 428
1733550 430
1733560 430
1733570 431
1733580 433
1733590 433
1733600 436
1733610 437
1733620 437
1733630 435
1733640 433
1733650 433
1733660 431
1733670 428
1733680 428
1733690 426
1733700 424
1733710 424
1733720 421
1733730 418
1733740 418
1733750 417
1733760 415
1733770 412
1733780 412
1733790 411
1733800 408
1733810 408
1733820 407
1733830 405
1733840 405
1733850 404
1733860 403
1733870 403
1733880 402
1733890 401
1733900 401
1733910 401
1733920 399
1733930 399
1733940 398
1733950 396
1733960 394
1733970 394
1733980 392
1733990 391
1734000 391
1734010 389
1734020 387
1734030 387
1734040 385
1734050 382
1734060 382
1734070 380
1734080 379
1734090 379
1734100 377
1734110 372
1734120 372
1734130 374
1734140 377
1734150 377
1734160 377
1734170 377
1734180 378
1734190 378
1734200 378
1734210 380
1734220 380
1734230 381
1734240 383
1734250 383
1734260 385
1734270 388
1734280 388
1734290 391
1734300 393
1734310 393
1734320 394
1734330 395
1734340 395
1734350 399
1734360 401
1734370 403
1734380 403
1734390 405
1734400 408
1734410 408
1734420 412
1734430 415
1734440 415
1734450 418
1734460 420
1734470 420
1734480 422
1734490 423
1734500 423
1734510 423
1734520 423
1734530 423
1734540 422
1734550 421
1734560 417
1734570 417
1734580 414
1734590 411
1734600 411
1734610 408
1734620 406
1734630 406
1734640 405
1734650 404
1734660 404
1734670 402
1734680 401
1734690 401
1734700 400
1734710 398
1734720 398
1734730 397
1734740 395
1734750 395
1734760 394
1734770 392
1734780 390
1734790 390
1734800 388
1734810 387
1734820 387
1734830 385
1734840 383
1734850 383
1734860 382
1734870 381
1734880 381
1734890 379
1734900 377
1734910 377
1734920 373
1734930 375
1734940 375
1734950 376
1734960 376
1734970 376
1734980 376
1734990 378
1735000 379
1735010 379
1735020 380
1735030 380
1735040 380
1735050 380
1735060 379
1735070 379
1735080 380
1735090 379
1735100 379
1735110 377
1735120 376
1735130 376
1735140 374
1735150 374
1735160 374
1735170 372
1735180 371
1735190 370
1735200 370
1735210 369
1735220 368
1735230 368
1735240 367
1735250 365
1735260 365
1735270 364
1735280 364
1735290 364
1735300 362
1735310 361
1735320 361
1735330 361
1735340 361
1735350 361
1735360 358
1735370 357
1735380 357
1735390 357
1735400 357
1735410 357
1735420 357
1735430 356
1735440 355
1735450 355
1735460 355
1735470 354
1735480 354
1735490 353
1735500 352
1735510 352
1735520 347
1735530 344
1735540 344
1735550 344
1735560 344
1735570 344
1735580 344
1735590 344
1735600 343
1735610 343
1735620 344
1735630 344
1735640 344
1735650 344
1735660 344
1735670 344
1735680 344
1735690 343
1735700 343
1735710 344
1735720 344
1735730 344
1735740 344
1735750 344
1735760 344
1735770 344
1735780 344
1735790 344
1735800 344
1735810 344
1735820 344
1735830 344
1735840 345
1735850 345
1735860 345
1735870 345
1735880 346
1735890 346
1735900 345
1735910 345
1735920 345
1735930 344
1735940 343
1735950 343
1735960 342
1735970 342
1735980 342
1735990 341
1736000 340
1736010 340
1736020 340
1736030 340
1736040 340
1736050 340
1736060 340
1736070 340
1736080 340
1736090 339
1736100 339
1736110 339
1736120 339
1736130 339
1736140 339
1736150 339
1736160 339
1736170 339
1736180 339
1736190 339
1736200 339
1736210 339
1736220 339
1736230 339
1736240 339
1736250 339
1736260 339
1736270 339
1736280 339
1736290 339
1736300 339
1736310 339
1736320 339
1736330 339
1736340 339
1736350 339
1736360 339
1736370 339
1736380 339
1736390 339
1736400 339
1736410 339
1736420 339
1736430 339
1736440 339
1736450 339
1736460 339
1736470 339
1736480 339
1736490 339
1736500 339
1736510 339
1736520 339
1736530 340
1736540 340
1736550 340
1736560 340
1736570 340
1736580 340
1736590 340
1736600 340
1736610 340
1736620 340
1736630 340
1736640 340
1736650 340
1736660 340
1736670 340
1736680 340
1736690 340
1736700 340
1736710 340
1736720 340
1736730 341
1736740 341
1736750 341
1736760 341
1736770 341
1736780 341
1736790 341
1736800 341
1736810 341
1736820 341
1736830 341
1736840 341
1736850 341
1736860 342
1736870 342
1736880 342
1736890 342
1736900 342
1736910 344
1736920 345
1736930 345
1736940 346
1736950 348
1736960 348
1736970 350
1736980 352
1736990 352
1737000 352
1737010 352
1737020 354
1737030 354
1737040 359
1737050 364
1737060 364
1737070 370
1737080 373
1737090 373
1737100 376
1737110 380
1737120 380
1737130 384
1737140 388
1737150 388
1737160 391
1737170 396
1737180 396
1737190 398
1737200 400
1737210 401
1737220 401
1737230 403
1737240 405
1737250 405
1737260 406
1737270 406
1737280 406
1737290 407
1737300 407
1737310 407
1737320 407
1737330 407
1737340 407
1737350 406
1737360 406
1737370 406
1737380 406
1737390 406
1737400 406
1737410 405
1737420 405
1737430 404
1737440 404
1737450 404
1737460 403
1737470 403
1737480 403
1737490 400
1737500 400
1737510 400
1737520 399
1737530 399
1737540 398
1737550 397
1737560 397
1737570 396
1737580 394
1737590 394
1737600 392
1737610 390
1737620 388
1737630 388
1737640 386
1737650 384
1737660 384
1737670 380
1737680 377
1737690 377
1737700 374
1737710 373
1737720 373
1737730 371
1737740 368
1737750 368
1737760 367
1737770 366
1737780 366
1737790 363
1737800 360
1737810 360
1737820 358
1737830 360
1737840 361
1737850 361
1737860 361
1737870 360
1737880 360
1737890 360
1737900 359
1737910 359
1737920 359
1737930 357
1737940 357
1737950 356
1737960 355
1737970 355
1737980 354
1737990 354
1738000 354
1738010 353
1738020 352
1738030 351
1738040 351
1738050 351
1738060 352
1738070 352
1738080 352
1738090 351
1738100 351
1738110 350
1738120 349
1738130 349
1738140 349
1738150 348
1738160 348
1738170 348
1738180 348
1738190 348
1738200 349
1738210 348
1738220 348
1738230 348
1738240 347
1738250 345
1738260 345
1738270 344
1738280 344
1738290 344
1738300 344
1738310 344
1738320 344
1738330 343
1738340 344
1738350 344
1738360 344
1738370 345
1738380 345
1738390 345
1738400 345
1738410 345
1738420 346
1738430 346
1738440 346
1738450 346
1738460 347
1738470 347
1738480 347
1738490 348
1738500 349
1738510 349
1738520 351
1738530 353
1738540 353
1738550 354
1738560 355
1738570 355
1738580 356
1738590 356
1738600 356
1738610 357
1738620 357
1738630 358
1738640 358
1738650 358
1738660 358
1738670 358
1738680 359
1738690 360
1738700 360
1738710 360
1738720 361
1738730 361
1738740 361
1738750 362
1738760 362
1738770 362
1738780 363
1738790 363
1738800 363
1738810 363
1738820 363
1738830 363
1738840 363
1738850 363
1738860 363
1738870 363
1738880 362
1738890 362
1738900 361
1738910 360
1738920 360
1738930 360
1738940 359
1738950 359
1738960 358
1738970 358
1738980 358
1738990 359
1739000 359
1739010 359
1739020 358
1739030 358
1739040 358
1739050 358
1739060 358
1739070 358
1739080 358
1739090 358
1739100 358
1739110 358
1739120 358
1739130 358
1739140 358
1739150 358
1739160 358
1739170 358
1739180 358
1739190 358
1739200 358
1739210 357
1739220 357
1739230 357
1739240 358
1739250 359
1739260 360
1739270 360
1739280 361
1739290 362
1739300 362
1739310 363
1739320 364
1739330 364
1739340 365
1739350 366
1739360 366
1739370 363
1739380 363
1739390 363
1739400 363
1739410 363
1739420 363
1739430 366
1739440 369
1739450 371
1739460 371
1739470 374
1739480 377
1739490 377
1739500 379
1739510 382
1739520 382
1739530 384
1739540 386
1739550 386
1739560 389
1739570 391
1739580 391
1739590 393
1739600 395
1739610 395
1739620 396
1739630 397
1739640 397
1739650 398
1739660 398
1739670 394
1739680 394
1739690 391
1739700 389
1739710 389
1739720 388
1739730 388
1739740 388
1739750 388
1739760 388
1739770 388
1739780 387
1739790 387
1739800 387
1739810 387
1739820 389
1739830 389
1739840 393
1739850 395
1739860 399
1739870 399
1739880 401
1739890 403
1739900 402
1739910 402
1739920 404
1739930 404
1739940 406
1739950 406
1739960 406
1739970 408
1739980 410
1739990 410
