1720000 336
1720010 336
1720020 336
1720030 336
1720040 336
1720050 336
1720060 335
1720070 335
1720080 336
1720090 336
1720100 336
1720110 335
1720120 336
1720130 336
1720140 336
1720150 336
1720160 336
1720170 336
1720180 336
1720190 336
1720200 336
1720210 336
1720220 335
1720230 335
1720240 335
1720250 335
1720260 335
1720270 336
1720280 335
1720290 335
1720300 335
1720310 335
1720320 335
1720330 335
1720340 335
1720350 335
1720360 335
1720370 335
1720380 335
1720390 335
1720400 334
1720410 331
1720420 331
1720430 332
1720440 333
1720450 333
1720460 334
1720470 334
1720480 334
1720490 333
1720500 332
1720510 332
1720520 333
1720530 333
1720540 333
1720550 333
1720560 334
1720570 330
1720580 330
1720590 328
1720600 327
1720610 327
1720620 327
1720630 326
1720640 326
1720650 326
1720660 326
1720670 326
1720680 325
1720690 326
1720700 326
1720710 326
1720720 326
1720730 326
1720740 326
1720750 326
1720760 325
1720770 325
1720780 325
1720790 325
1720800 325
1720810 325
1720820 325
1720830 325
1720840 325
1720850 325
1720860 325
1720870 325
1720880 325
1720890 325
1720900 325
1720910 325
1720920 325
1720930 325
1720940 325
1720950 325
1720960 325
1720970 325
1720980 325
1720990 325
1721000 325
1721010 325
1721020 325
1721030 324
1721040 324
1721050 324
1721060 325
1721070 325
1721080 325
1721090 325
1721100 325
1721110 325
1721120 325
1721130 325
1721140 325
1721150 325
1721160 325
1721170 325
1721180 325
1721190 325
1721200 325
1721210 325
1721220 325
1721230 325
1721240 325
1721250 325
1721260 325
1721270 325
1721280 325
1721290 325
1721300 325
1721310 325
1721320 324
1721330 324
1721340 324
1721350 325
1721360 325
1721370 325
1721380 324
1721390 324
1721400 324
1721410 324
1721420 323
1721430 323
1721440 324
1721450 324
1721460 324
1721470 324
1721480 324
1721490 324
1721500 325
1721510 325
1721520 325
1721530 325
1721540 325
1721550 325
1721560 325
1721570 324
1721580 325
1721590 325
1721600 324
1721610 324
1721620 324
1721630 324
1721640 324
1721650 324
1721660 324
1721670 324
1721680 324
1721690 323
1721700 324
1721710 324
1721720 324
1721730 324
1721740 324
1721750 324
1721760 324
1721770 324
1721780 324
1721790 324
1721800 324
1721810 324
1721820 324
1721830 324
1721840 324
1721850 324
1721860 324
1721870 324
1721880 324
1721890 324
1721900 324
1721910 324
1721920 324
1721930 324
1721940 324
1721950 326
1721960 325
1721970 325
1721980 322
1721990 321
1722000 321
1722010 321
1722020 321
1722030 321
1722040 321
1722050 321
1722060 321
1722070 321
1722080 325
1722090 325
1722100 326
1722110 326
1722120 326
1722130 326
1722140 325
1722150 325
1722160 325
1722170 325
1722180 325
1722190 325
1722200 325
1722210 325
1722220 325
1722230 325
1722240 325
1722250 325
1722260 325
1722270 325
1722280 325
1722290 326
1722300 326
1722310 326
1722320 326
1722330 325
1722340 325
1722350 325
1722360 325
1722370 325
1722380 325
1722390 325
1722400 325
1722410 325
1722420 325
1722430 325
1722440 325
1722450 325
1722460 325
1722470 325
1722480 325
1722490 325
1722500 325
1722510 325
1722520 325
1722530 325
1722540 325
1722550 325
1722560 325
1722570 325
1722580 325
1722590 324
1722600 324
1722610 323
1722620 323
1722630 323
1722640 322
1722650 323
1722660 323
1722670 324
1722680 323
1722690 323
1722700 324
1722710 324
1722720 324
1722730 324
1722740 324
1722750 324
1722760 324
1722770 324
1722780 324
1722790 324
1722800 324
1722810 324
1722820 324
1722830 324
1722840 324
1722850 324
1722860 324
1722870 324
1722880 324
1722890 324
1722900 324
1722910 324
1722920 324
1722930 324
1722940 324
1722950 324
1722960 324
1722970 324
1722980 324
1722990 324
1723000 324
1723010 324
1723020 324
1723030 324
1723040 324
1723050 324
1723060 324
1723070 324
1723080 324
1723090 324
1723100 324
1723110 324
1723120 325
1723130 325
1723140 324
1723150 324
1723160 324
1723170 324
1723180 324
1723190 324
1723200 324
1723210 324
1723220 324
1723230 324
1723240 324
1723250 324
1723260 324
1723270 324
1723280 324
1723290 324
1723300 324
1723310 324
1723320 324
1723330 324
1723340 324
1723350 324
1723360 324
1723370 324
1723380 324
1723390 324
1723400 324
1723410 324
1723420 324
1723430 324
1723440 324
1723450 324
1723460 324
1723470 324
1723480 324
1723490 323
1723500 324
1723510 324
1723520 323
1723530 324
1723540 324
1723550 324
1723560 324
1723570 324
1723580 323
1723590 323
1723600 323
1723610 323
1723620 324
1723630 324
1723640 324
1723650 324
1723660 324
1723670 324
1723680 324
1723690 324
1723700 324
1723710 324
1723720 324
1723730 324
1723740 324
1723750 325
1723760 325
1723770 326
1723780 326
1723790 326
1723800 326
1723810 326
1723820 326
1723830 326
1723840 327
1723850 327
1723860 327
1723870 327
1723880 327
1723890 327
1723900 328
1723910 328
1723920 328
1723930 327
1723940 328
1723950 328
1723960 328
1723970 328
1723980 328
1723990 328
1724000 328
1724010 327
1724020 327
1724030 327
1724040 327
1724050 327
1724060 327
1724070 328
1724080 328
1724090 328
1724100 328
1724110 328
1724120 328
1724130 328
1724140 328
1724150 328
1724160 328
1724170 328
1724180 328
1724190 328
1724200 328
1724210 328
1724220 328
1724230 328
1724240 328
1724250 328
1724260 328
1724270 328
1724280 328
1724290 328
1724300 328
1724310 328
1724320 328
1724330 328
1724340 328
1724350 328
1724360 328
1724370 328
1724380 328
1724390 328
1724400 328
1724410 328
1724420 328
1724430 328
1724440 328
1724450 328
1724460 328
1724470 329
1724480 329
1724490 329
1724500 328
1724510 328
1724520 328
1724530 328
1724540 328
1724550 328
1724560 328
1724570 329
1724580 329
1724590 329
1724600 329
1724610 329
1724620 329
1724630 329
1724640 329
1724650 329
1724660 329
1724670 329
1724680 329
1724690 329
1724700 329
1724710 329
1724720 329
1724730 329
1724740 329
1724750 329
1724760 329
1724770 329
1724780 329
1724790 329
1724800 329
1724810 329
1724820 329
1724830 329
1724840 329
1724850 329
1724860 329
1724870 329
1724880 329
1724890 329
1724900 329
1724910 329
1724920 329
1724930 329
1724940 329
1724950 329
1724960 329
1724970 329
1724980 329
1724990 329
1725000 329
1725010 329
1725020 329
1725030 329
1725040 329
1725050 329
1725060 329
1725070 329
1725080 329
1725090 329
1725100 329
1725110 329
1725120 329
1725130 329
1725140 329
1725150 329
1725160 329
1725170 329
1725180 329
1725190 329
1725200 329
1725210 329
1725220 329
1725230 329
1725240 329
1725250 329
1725260 329
1725270 330
1725280 330
1725290 329
1725300 329
1725310 329
1725320 329
1725330 329
1725340 329
1725350 329
1725360 329
1725370 329
1725380 329
1725390 330
1725400 330
1725410 330
1725420 330
1725430 330
1725440 330
1725450 330
1725460 330
1725470 330
1725480 330
1725490 330
1725500 330
1725510 330
1725520 330
1725530 330
1725540 330
1725550 330
1725560 330
1725570 330
1725580 330
1725590 330
1725600 330
1725610 331
1725620 331
1725630 330
1725640 330
1725650 330
1725660 330
1725670 330
1725680 330
1725690 330
1725700 330
1725710 330
1725720 330
1725730 330
1725740 331
1725750 331
1725760 331
1725770 331
1725780 331
1725790 331
1725800 331
1725810 331
1725820 331
1725830 331
1725840 331
1725850 331
1725860 331
1725870 331
1725880 331
1725890 331
1725900 331
1725910 331
1725920 331
1725930 332
1725940 332
1725950 332
1725960 332
1725970 332
1725980 332
1725990 332
1726000 332
1726010 332
1726020 333
1726030 333
1726040 333
1726050 333
1726060 333
1726070 333
1726080 334
1726090 334
1726100 334
1726110 337
1726120 338
1726130 338
1726140 339
1726150 341
1726160 341
1726170 344
1726180 344
1726190 344
1726200 345
1726210 347
1726220 347
1726230 348
1726240 349
1726250 351
1726260 351
1726270 353
1726280 355
1726290 355
1726300 356
1726310 357
1726320 357
1726330 360
1726340 367
1726350 367
1726360 376
1726370 380
1726380 380
1726390 379
1726400 377
1726410 377
1726420 376
1726430 375
1726440 375
1726450 373
1726460 372
1726470 371
1726480 371
1726490 370
1726500 369
1726510 369
1726520 367
1726530 365
1726540 365
1726550 363
1726560 363
1726570 363
1726580 363
1726590 365
1726600 365
1726610 366
1726620 366
1726630 366
1726640 366
1726650 366
1726660 367
1726670 367
1726680 367
1726690 368
1726700 368
1726710 369
1726720 370
1726730 370
1726740 371
1726750 373
1726760 373
1726770 374
1726780 376
1726790 376
1726800 377
1726810 378
1726820 378
1726830 378
1726840 378
1726850 377
1726860 377
1726870 375
1726880 377
1726890 377
1726900 376
1726910 375
1726920 375
1726930 374
1726940 373
1726950 373
1726960 373
1726970 372
1726980 372
1726990 371
1727000 370
1727010 370
1727020 369
1727030 368
1727040 368
1727050 367
1727060 366
1727070 365
1727080 365
1727090 365
1727100 363
1727110 363
1727120 363
1727130 363
1727140 363
1727150 362
1727160 362
1727170 362
1727180 361
1727190 361
1727200 361
1727210 361
1727220 362
1727230 362
1727240 361
1727250 361
1727260 361
1727270 361
1727280 361
1727290 361
1727300 361
1727310 360
1727320 360
1727330 360
1727340 359
1727350 358
1727360 358
1727370 358
1727380 357
1727390 357
1727400 357
1727410 356
1727420 356
1727430 355
1727440 355
1727450 355
1727460 355
1727470 355
1727480 355
1727490 355
1727500 355
1727510 355
1727520 355
1727530 354
1727540 355
1727550 355
1727560 354
1727570 354
1727580 354
1727590 353
1727600 352
1727610 352
1727620 352
1727630 351
1727640 351
1727650 351
1727660 350
1727670 350
1727680 350
1727690 350
1727700 349
1727710 349
1727720 349
1727730 348
1727740 348
1727750 348
1727760 348
1727770 348
1727780 347
1727790 347
1727800 347
1727810 346
1727820 346
1727830 346
1727840 346
1727850 346
1727860 346
1727870 346
1727880 345
1727890 345
1727900 345
1727910 345
1727920 345
1727930 345
1727940 344
1727950 344
1727960 344
1727970 344
1727980 341
1727990 341
1728000 340
1728010 344
1728020 344
1728030 344
1728040 344
1728050 344
1728060 344
1728070 344
1728080 343
1728090 343
1728100 343
1728110 343
1728120 343
1728130 343
1728140 343
1728150 343
1728160 343
1728170 343
1728180 343
1728190 342
1728200 342
1728210 342
1728220 342
1728230 336
1728240 336
1728250 336
1728260 340
1728270 340
1728280 339
1728290 339
1728300 339
1728310 339
1728320 339
1728330 339
1728340 339
1728350 339
1728360 339
1728370 339
1728380 339
1728390 339
1728400 339
1728410 339
1728420 339
1728430 339
1728440 339
1728450 339
1728460 339
1728470 339
1728480 339
1728490 339
1728500 339
1728510 338
1728520 339
1728530 339
1728540 339
1728550 339
1728560 339
1728570 339
1728580 338
1728590 338
1728600 338
1728610 338
1728620 338
1728630 338
1728640 338
1728650 338
1728660 338
1728670 338
1728680 338
1728690 338
1728700 338
1728710 338
1728720 338
1728730 338
1728740 338
1728750 338
1728760 338
1728770 338
1728780 338
1728790 338
1728800 338
1728810 338
1728820 338
1728830 338
1728840 338
1728850 339
1728860 339
1728870 339
1728880 339
1728890 339
1728900 339
1728910 339
1728920 339
1728930 339
1728940 339
1728950 339
1728960 339
1728970 339
1728980 339
1728990 339
1729000 339
1729010 339
1729020 340
1729030 340
1729040 340
1729050 340
1729060 340
1729070 340
1729080 340
1729090 340
1729100 340
1729110 340
1729120 339
1729130 339
1729140 338
1729150 337
1729160 337
1729170 338
1729180 340
1729190 340
1729200 340
1729210 340
1729220 340
1729230 340
1729240 340
1729250 340
1729260 340
1729270 340
1729280 340
1729290 340
1729300 340
1729310 341
1729320 341
1729330 341
1729340 341
1729350 341
1729360 341
1729370 341
1729380 341
1729390 341
1729400 341
1729410 341
1729420 341
1729430 341
1729440 341
1729450 341
1729460 342
1729470 342
1729480 343
1729490 344
1729500 344
1729510 345
1729520 346
1729530 347
1729540 347
1729550 349
1729560 350
1729570 350
1729580 351
1729590 352
1729600 352
1729610 352
1729620 353
1729630 353
1729640 354
1729650 354
1729660 354
1729670 354
1729680 354
1729690 354
1729700 354
1729710 356
1729720 358
1729730 358
1729740 361
1729750 363
1729760 363
1729770 364
1729780 365
1729790 364
1729800 365
1729810 366
1729820 366
1729830 367
1729840 367
1729850 367
1729860 368
1729870 370
1729880 370
1729890 372
1729900 373
1729910 373
1729920 376
1729930 378
1729940 380
1729950 380
1729960 382
1729970 383
1729980 383
1729990 385
1730000 386
1730010 386
1730020 387
1730030 388
1730040 388
1730050 391
1730060 394
1730070 394
1730080 396
1730090 396
1730100 396
1730110 397
1730120 398
1730130 398
1730140 398
1730150 400
1730160 403
1730170 403
1730180 404
1730190 407
1730200 407
1730210 412
1730220 413
1730230 413
1730240 414
1730250 419
1730260 419
1730270 420
1730280 421
1730290 421
1730300 423
1730310 423
1730320 424
1730330 424
1730340 431
1730350 436
1730360 436
1730370 440
1730380 442
1730390 442
1730400 442
1730410 442
1730420 442
1730430 442
1730440 442
1730450 442
1730460 442
1730470 442
1730480 442
1730490 441
1730500 442
1730510 442
1730520 441
1730530 440
1730540 437
1730550 437
1730560 436
1730570 436
1730580 436
1730590 435
1730600 434
1730610 434
1730620 434
1730630 435
1730640 435
1730650 435
1730660 435
1730670 435
1730680 436
1730690 437
1730700 437
1730710 438
1730720 440
1730730 441
1730740 441
1730750 442
1730760 442
1730770 442
1730780 442
1730790 442
1730800 442
1730810 443
1730820 442
1730830 442
1730840 442
1730850 442
1730860 442
1730870 443
1730880 443
1730890 443
1730900 442
1730910 441
1730920 441
1730930 438
1730940 436
1730950 432
1730960 432
1730970 428
1730980 425
1730990 425
1731000 423
1731010 417
1731020 417
1731030 416
1731040 416
1731050 416
1731060 413
1731070 416
1731080 416
1731090 421
1731100 419
1731110 419
1731120 416
1731130 414
1731140 412
1731150 412
1731160 412
1731170 410
1731180 410
1731190 409
1731200 405
1731210 405
1731220 404
1731230 403
1731240 403
1731250 402
1731260 401
1731270 401
1731280 400
1731290 398
1731300 398
1731310 398
1731320 397
1731330 397
1731340 397
1731350 396
1731360 393
1731370 393
1731380 391
1731390 390
1731400 390
1731410 387
1731420 386
1731430 386
1731440 385
1731450 383
1731460 383
1731470 381
1731480 378
1731490 378
1731500 377
1731510 373
1731520 373
1731530 371
1731540 370
1731550 369
1731560 369
1731570 368
1731580 365
1731590 365
1731600 364
1731610 363
1731620 363
1731630 364
1731640 362
1731650 362
1731660 362
1731670 361
1731680 361
1731690 361
1731700 362
1731710 362
1731720 359
1731730 359
1731740 359
1731750 359
1731760 361
1731770 362
1731780 362
1731790 362
1731800 361
1731810 361
1731820 361
1731830 360
1731840 360
1731850 360
1731860 359
1731870 359
1731880 356
1731890 355
1731900 355
1731910 355
1731920 355
1731930 355
1731940 355
1731950 356
1731960 357
1731970 357
1731980 357
1731990 356
1732000 356
1732010 356
1732020 356
1732030 356
1732040 356
1732050 356
1732060 356
1732070 356
1732080 355
1732090 355
1732100 355
1732110 355
1732120 355
1732130 355
1732140 355
1732150 355
1732160 354
1732170 352
1732180 356
1732190 356
1732200 358
1732210 360
1732220 360
1732230 363
1732240 364
1732250 364
1732260 365
1732270 367
1732280 367
1732290 369
1732300 373
1732310 373
1732320 376
1732330 378
1732340 378
1732350 380
1732360 381
1732370 384
1732380 384
1732390 385
1732400 387
1732410 387
1732420 388
1732430 388
1732440 388
1732450 391
1732460 393
1732470 393
1732480 395
1732490 397
1732500 397
1732510 398
1732520 398
1732530 398
1732540 400
1732550 402
1732560 402
1732570 404
1732580 406
1732590 408
1732600 408
1732610 410
1732620 411
1732630 411
1732640 412
1732650 413
1732660 413
1732670 413
1732680 410
1732690 410
1732700 407
1732710 404
1732720 404
1732730 402
1732740 400
1732750 400
1732760 399
1732770 395
1732780 393
1732790 393
1732800 390
1732810 388
1732820 388
1732830 385
1732840 383
1732850 383
1732860 383
1732870 382
1732880 382
1732890 383
1732900 383
1732910 383
1732920 382
1732930 382
1732940 382
1732950 382
1732960 381
1732970 381
1732980 379
1732990 377
1733000 375
1733010 375
1733020 374
1733030 372
1733040 372
1733050 370
1733060 366
1733070 366
1733080 365
1733090 364
1733100 364
1733110 363
1733120 362
1733130 362
1733140 361
1733150 359
1733160 359
1733170 357
1733180 356
1733190 355
1733200 355
1733210 354
1733220 353
1733230 353
1733240 353
1733250 353
1733260 353
1733270 351
1733280 350
1733290 350
1733300 349
1733310 349
1733320 349
1733330 348
1733340 348
1733350 348
1733360 345
1733370 346
1733380 346
1733390 346
1733400 348
1733410 348
1733420 348
1733430 349
1733440 350
1733450 350
1733460 350
1733470 350
1733480 350
1733490 351
1733500 352
1733510 352
1733520 352
1733530 354
1733540 354
1733550 355
1733560 356
1733570 356
1733580 356
1733590 357
1733600 359
1733610 359
1733620 361
1733630 363
1733640 363
1733650 364
1733660 365
1733670 365
1733680 367
1733690 368
1733700 368
1733710 368
1733720 370
1733730 370
1733740 372
1733750 376
1733760 376
1733770 379
1733780 384
1733790 388
1733800 388
1733810 390
1733820 392
1733830 392
1733840 395
1733850 397
1733860 397
1733870 398
1733880 398
1733890 398
1733900 402
1733910 408
1733920 408
1733930 413
1733940 416
1733950 416
1733960 419
1733970 422
1733980 422
1733990 425
1734000 427
1734010 428
1734020 428
1734030 430
1734040 431
1734050 431
1734060 433
1734070 435
1734080 435
1734090 437
1734100 439
1734110 439
1734120 441
1734130 442
1734140 442
1734150 444
1734160 443
1734170 443
1734180 442
1734190 440
1734200 434
1734210 434
1734220 430
1734230 427
1734240 427
1734250 425
1734260 423
1734270 423
1734280 422
1734290 420
1734300 420
1734310 418
1734320 416
1734330 416
1734340 414
1734350 412
1734360 412
1734370 410
1734380 408
1734390 408
1734400 405
1734410 403
1734420 400
1734430 400
1734440 399
1734450 398
1734460 398
1734470 397
1734480 395
1734490 395
1734500 394
1734510 392
1734520 392
1734530 391
1734540 390
1734550 390
1734560 388
1734570 386
1734580 386
1734590 382
1734600 380
1734610 378
1734620 378
1734630 376
1734640 374
1734650 374
1734660 372
1734670 370
1734680 370
1734690 368
1734700 367
1734710 367
1734720 366
1734730 365
1734740 365
1734750 364
1734760 363
1734770 363
1734780 362
1734790 361
1734800 361
1734810 360
1734820 360
1734830 359
1734840 359
1734850 359
1734860 358
1734870 358
1734880 357
1734890 357
1734900 357
1734910 356
1734920 356
1734930 356
1734940 355
1734950 354
1734960 354
1734970 354
1734980 353
1734990 353
1735000 353
1735010 352
1735020 352
1735030 352
1735040 352
1735050 352
1735060 352
1735070 352
1735080 352
1735090 352
1735100 350
1735110 352
1735120 352
1735130 354
1735140 356
1735150 356
1735160 357
1735170 357
1735180 357
1735190 358
1735200 359
1735210 359
1735220 359
1735230 361
1735240 364
1735250 364
1735260 368
1735270 369
1735280 369
1735290 370
1735300 374
1735310 374
1735320 376
1735330 377
1735340 377
1735350 377
1735360 377
1735370 377
1735380 378
1735390 379
1735400 379
1735410 382
1735420 385
1735430 387
1735440 387
1735450 388
1735460 390
1735470 390
1735480 391
1735490 393
1735500 393
1735510 394
1735520 395
1735530 395
1735540 396
1735550 397
1735560 397
1735570 397
1735580 397
1735590 397
1735600 396
1735610 395
1735620 395
1735630 393
1735640 391
1735650 390
1735660 390
1735670 389
1735680 387
1735690 387
1735700 387
1735710 386
1735720 386
1735730 384
1735740 383
1735750 383
1735760 382
1735770 381
1735780 381
1735790 380
1735800 379
1735810 379
1735820 379
1735830 380
1735840 379
1735850 379
1735860 377
1735870 377
1735880 377
1735890 376
1735900 374
1735910 374
1735920 373
1735930 372
1735940 372
1735950 370
1735960 369
1735970 369
1735980 370
1735990 369
1736000 369
1736010 369
1736020 367
1736030 367
1736040 367
1736050 366
1736060 365
1736070 365
1736080 364
1736090 364
1736100 364
1736110 362
1736120 362
1736130 362
1736140 362
1736150 361
1736160 361
1736170 361
1736180 361
1736190 361
1736200 360
1736210 359
1736220 359
1736230 359
1736240 359
1736250 359
1736260 359
1736270 358
1736280 357
1736290 357
1736300 357
1736310 356
1736320 356
1736330 355
1736340 356
1736350 356
1736360 355
1736370 355
1736380 355
1736390 356
1736400 355
1736410 355
1736420 355
1736430 353
1736440 353
1736450 352
1736460 351
1736470 350
1736480 350
1736490 350
1736500 349
1736510 349
1736520 349
1736530 348
1736540 348
1736550 348
1736560 348
1736570 348
1736580 348
1736590 348
1736600 348
1736610 348
1736620 347
1736630 347
1736640 347
1736650 348
1736660 347
1736670 347
1736680 347
1736690 346
1736700 346
1736710 346
1736720 346
1736730 346
1736740 346
1736750 346
1736760 346
1736770 346
1736780 346
1736790 346
1736800 345
1736810 345
1736820 345
1736830 345
1736840 345
1736850 345
1736860 345
1736870 345
1736880 344
1736890 344
1736900 345
1736910 346
1736920 346
1736930 345
1736940 345
1736950 345
1736960 345
1736970 345
1736980 345
1736990 345
1737000 345
1737010 345
1737020 344
1737030 345
1737040 345
1737050 345
1737060 345
1737070 345
1737080 345
1737090 346
1737100 347
1737110 347
1737120 348
1737130 348
1737140 348
1737150 349
1737160 349
1737170 349
1737180 350
1737190 352
1737200 352
1737210 354
1737220 356
1737230 356
1737240 357
1737250 359
1737260 361
1737270 361
1737280 362
1737290 364
1737300 364
1737310 365
1737320 366
1737330 366
1737340 367
1737350 368
1737360 368
1737370 369
1737380 371
1737390 371
1737400 374
1737410 377
1737420 377
1737430 378
1737440 382
1737450 382
1737460 384
1737470 386
1737480 385
1737490 385
1737500 385
1737510 384
1737520 384
1737530 390
1737540 395
1737550 395
1737560 396
1737570 399
1737580 399
1737590 404
1737600 408
1737610 408
1737620 409
1737630 408
1737640 408
1737650 406
1737660 403
1737670 399
1737680 399
1737690 396
1737700 392
1737710 392
1737720 390
1737730 390
1737740 390
1737750 389
1737760 389
1737770 388
1737780 388
1737790 387
1737800 387
1737810 386
1737820 385
1737830 385
1737840 384
1737850 383
1737860 383
1737870 382
1737880 381
1737890 380
1737900 380
1737910 379
1737920 378
1737930 378
1737940 376
1737950 375
1737960 375
1737970 373
1737980 371
1737990 371
1738000 370
1738010 368
1738020 368
1738030 366
1738040 364
1738050 364
1738060 364
1738070 363
1738080 363
1738090 363
1738100 363
1738110 362
1738120 362
1738130 362
1738140 362
1738150 362
1738160 362
1738170 362
1738180 362
1738190 362
1738200 362
1738210 362
1738220 363
1738230 363
1738240 363
1738250 363
1738260 363
1738270 363
1738280 363
1738290 363
1738300 363
1738310 363
1738320 363
1738330 362
1738340 362
1738350 361
1738360 360
1738370 360
1738380 358
1738390 357
1738400 357
1738410 356
1738420 355
1738430 355
1738440 355
1738450 354
1738460 354
1738470 354
1738480 353
1738490 353
1738500 353
1738510 352
1738520 352
1738530 352
1738540 352
1738550 351
1738560 351
1738570 351
1738580 351
1738590 351
1738600 351
1738610 351
1738620 351
1738630 351
1738640 351
1738650 351
1738660 351
1738670 351
1738680 351
1738690 351
1738700 351
1738710 351
1738720 351
1738730 350
1738740 349
1738750 349
1738760 349
1738770 350
1738780 350
1738790 351
1738800 352
1738810 352
1738820 353
1738830 355
1738840 355
1738850 356
1738860 358
1738870 358
1738880 359
1738890 361
1738900 363
1738910 363
1738920 364
1738930 364
1738940 364
1738950 366
1738960 367
1738970 367
1738980 368
1738990 370
1739000 370
1739010 372
1739020 374
1739030 374
1739040 373
1739050 376
1739060 376
1739070 377
1739080 378
1739090 378
1739100 378
1739110 379
1739120 380
1739130 380
1739140 382
1739150 385
1739160 385
1739170 386
1739180 388
1739190 388
1739200 388
1739210 388
1739220 388
1739230 394
1739240 400
1739250 400
1739260 402
1739270 405
1739280 405
1739290 408
1739300 412
1739310 417
1739320 417
1739330 421
1739340 425
1739350 425
1739360 428
1739370 431
1739380 431
1739390 433
1739400 434
1739410 434
1739420 434
1739430 433
1739440 433
1739450 432
1739460 431
1739470 431
1739480 431
1739490 429
1739500 429
1739510 428
1739520 427
1739530 426
1739540 426
1739550 423
1739560 421
1739570 421
1739580 420
1739590 418
1739600 418
1739610 416
1739620 418
1739630 418
1739640 417
1739650 416
1739660 416
1739670 417
1739680 417
1739690 417
1739700 417
1739710 418
1739720 419
1739730 419
1739740 419
1739750 420
1739760 420
1739770 419
1739780 418
1739790 418
1739800 416
1739810 414
1739820 414
1739830 413
1739840 413
1739850 413
1739860 412
1739870 412
1739880 412
1739890 413
1739900 413
1739910 413
1739920 411
1739930 409
1739940 408
1739950 408
1739960 407
1739970 408
1739980 408
1739990 409
