1720000 336
1720010 336
1720020 336
1720030 336
1720040 336
1720050 336
1720060 336
1720070 336
1720080 336
1720090 336
1720100 336
1720110 336
1720120 336
1720130 336
1720140 336
1720150 336
1720160 336
1720170 336
1720180 336
1720190 336
1720200 336
1720210 336
1720220 335
1720230 335
1720240 334
1720250 334
1720260 334
1720270 333
1720280 330
1720290 330
1720300 330
1720310 330
1720320 330
1720330 330
1720340 329
1720350 329
1720360 329
1720370 329
1720380 329
1720390 329
1720400 329
1720410 329
1720420 329
1720430 328
1720440 328
1720450 328
1720460 328
1720470 329
1720480 329
1720490 329
1720500 328
1720510 328
1720520 325
1720530 326
1720540 326
1720550 326
1720560 326
1720570 326
1720580 326
1720590 325
1720600 326
1720610 326
1720620 326
1720630 326
1720640 326
1720650 326
1720660 326
1720670 326
1720680 326
1720690 326
1720700 326
1720710 326
1720720 326
1720730 326
1720740 326
1720750 326
1720760 326
1720770 326
1720780 326
1720790 326
1720800 326
1720810 326
1720820 326
1720830 326
1720840 326
1720850 326
1720860 326
1720870 326
1720880 325
1720890 325
1720900 325
1720910 325
1720920 325
1720930 325
1720940 325
1720950 325
1720960 326
1720970 325
1720980 325
1720990 325
1721000 325
1721010 325
1721020 325
1721030 325
1721040 325
1721050 325
1721060 325
1721070 325
1721080 325
1721090 325
1721100 325
1721110 325
1721120 325
1721130 325
1721140 325
1721150 325
1721160 325
1721170 325
1721180 325
1721190 325
1721200 325
1721210 325
1721220 325
1721230 325
1721240 325
1721250 325
1721260 325
1721270 325
1721280 325
1721290 325
1721300 325
1721310 325
1721320 325
1721330 325
1721340 325
1721350 325
1721360 325
1721370 325
1721380 325
1721390 325
1721400 325
1721410 325
1721420 325
1721430 325
1721440 325
1721450 325
1721460 325
1721470 324
1721480 323
1721490 323
1721500 325
1721510 325
1721520 325
1721530 325
1721540 325
1721550 325
1721560 325
1721570 324
1721580 324
1721590 325
1721600 325
1721610 325
1721620 325
1721630 325
1721640 324
1721650 324
1721660 324
1721670 324
1721680 324
1721690 325
1721700 325
1721710 325
1721720 325
1721730 325
1721740 325
1721750 325
1721760 325
1721770 325
1721780 325
1721790 325
1721800 325
1721810 325
1721820 325
1721830 325
1721840 325
1721850 323
1721860 322
1721870 322
1721880 322
1721890 322
1721900 322
1721910 322
1721920 322
1721930 322
1721940 322
1721950 324
1721960 324
1721970 325
1721980 325
1721990 325
1722000 325
1722010 324
1722020 324
1722030 324
1722040 325
1722050 325
1722060 325
1722070 325
1722080 325
1722090 325
1722100 325
1722110 325
1722120 325
1722130 324
1722140 324
1722150 324
1722160 325
1722170 325
1722180 325
1722190 325
1722200 325
1722210 325
1722220 326
1722230 326
1722240 326
1722250 326
1722260 326
1722270 326
1722280 326
1722290 327
1722300 327
1722310 327
1722320 326
1722330 326
1722340 326
1722350 325
1722360 325
1722370 325
1722380 325
1722390 325
1722400 325
1722410 325
1722420 325
1722430 326
1722440 326
1722450 326
1722460 326
1722470 326
1722480 326
1722490 325
1722500 325
1722510 325
1722520 325
1722530 325
1722540 325
1722550 325
1722560 325
1722570 325
1722580 324
1722590 324
1722600 324
1722610 324
1722620 324
1722630 324
1722640 324
1722650 325
1722660 325
1722670 324
1722680 325
1722690 325
1722700 325
1722710 325
1722720 325
1722730 325
1722740 325
1722750 325
1722760 324
1722770 325
1722780 325
1722790 324
1722800 324
1722810 324
1722820 325
1722830 325
1722840 325
1722850 325
1722860 325
1722870 325
1722880 325
1722890 325
1722900 325
1722910 325
1722920 325
1722930 325
1722940 325
1722950 325
1722960 325
1722970 325
1722980 325
1722990 324
1723000 324
1723010 324
1723020 325
1723030 325
1723040 324
1723050 324
1723060 324
1723070 324
1723080 324
1723090 324
1723100 324
1723110 324
1723120 324
1723130 324
1723140 324
1723150 324
1723160 324
1723170 325
1723180 325
1723190 325
1723200 325
1723210 325
1723220 325
1723230 325
1723240 324
1723250 324
1723260 324
1723270 324
1723280 324
1723290 324
1723300 324
1723310 324
1723320 324
1723330 324
1723340 324
1723350 324
1723360 324
1723370 324
1723380 324
1723390 324
1723400 324
1723410 324
1723420 324
1723430 324
1723440 324
1723450 324
1723460 324
1723470 324
1723480 324
1723490 324
1723500 324
1723510 324
1723520 324
1723530 324
1723540 324
1723550 324
1723560 324
1723570 324
1723580 324
1723590 324
1723600 324
1723610 324
1723620 324
1723630 324
1723640 324
1723650 324
1723660 324
1723670 324
1723680 325
1723690 326
1723700 326
1723710 326
1723720 326
1723730 326
1723740 326
1723750 326
1723760 326
1723770 327
1723780 327
1723790 327
1723800 327
1723810 327
1723820 327
1723830 327
1723840 327
1723850 327
1723860 327
1723870 327
1723880 327
1723890 327
1723900 327
1723910 328
1723920 328
1723930 328
1723940 328
1723950 328
1723960 328
1723970 328
1723980 328
1723990 328
1724000 328
1724010 328
1724020 328
1724030 328
1724040 328
1724050 328
1724060 328
1724070 328
1724080 328
1724090 328
1724100 328
1724110 328
1724120 328
1724130 328
1724140 328
1724150 328
1724160 328
1724170 328
1724180 328
1724190 328
1724200 328
1724210 328
1724220 328
1724230 328
1724240 328
1724250 328
1724260 328
1724270 328
1724280 328
1724290 328
1724300 328
1724310 328
1724320 329
1724330 329
1724340 329
1724350 329
1724360 329
1724370 329
1724380 329
1724390 329
1724400 329
1724410 329
1724420 329
1724430 329
1724440 329
1724450 329
1724460 329
1724470 329
1724480 329
1724490 329
1724500 329
1724510 329
1724520 329
1724530 330
1724540 331
1724550 331
1724560 329
1724570 330
1724580 332
1724590 329
1724600 328
1724610 328
1724620 331
1724630 327
1724640 327
1724650 329
1724660 329
1724670 329
1724680 329
1724690 329
1724700 329
1724710 329
1724720 330
1724730 328
1724740 328
1724750 329
1724760 329
1724770 329
1724780 329
1724790 329
1724800 329
1724810 329
1724820 329
1724830 329
1724840 329
1724850 329
1724860 329
1724870 329
1724880 329
1724890 329
1724900 329
1724910 330
1724920 330
1724930 330
1724940 330
1724950 330
1724960 330
1724970 330
1724980 330
1724990 330
1725000 330
1725010 330
1725020 330
1725030 330
1725040 330
1725050 330
1725060 330
1725070 330
1725080 330
1725090 330
1725100 330
1725110 330
1725120 330
1725130 329
1725140 330
1725150 330
1725160 330
1725170 330
1725180 330
1725190 330
1725200 330
1725210 330
1725220 330
1725230 329
1725240 329
1725250 329
1725260 329
1725270 329
1725280 329
1725290 329
1725300 329
1725310 329
1725320 329
1725330 329
1725340 329
1725350 330
1725360 330
1725370 330
1725380 330
1725390 330
1725400 330
1725410 330
1725420 330
1725430 330
1725440 330
1725450 330
1725460 330
1725470 330
1725480 330
1725490 330
1725500 330
1725510 330
1725520 330
1725530 330
1725540 330
1725550 330
1725560 330
1725570 330
1725580 330
1725590 330
1725600 330
1725610 330
1725620 330
1725630 330
1725640 330
1725650 330
1725660 330
1725670 330
1725680 330
1725690 331
1725700 330
1725710 330
1725720 330
1725730 329
1725740 329
1725750 329
1725760 330
1725770 331
1725780 331
1725790 332
1725800 333
1725810 333
1725820 333
1725830 334
1725840 334
1725850 333
1725860 334
1725870 334
1725880 334
1725890 334
1725900 334
1725910 334
1725920 335
1725930 335
1725940 335
1725950 336
1725960 336
1725970 336
1725980 336
1725990 337
1726000 337
1726010 337
1726020 338
1726030 338
1726040 338
1726050 339
1726060 339
1726070 340
1726080 341
1726090 341
1726100 342
1726110 343
1726120 345
1726130 345
1726140 346
1726150 346
1726160 346
1726170 349
1726180 353
1726190 353
1726200 361
1726210 360
1726220 360
1726230 360
1726240 360
1726250 360
1726260 360
1726270 361
1726280 361
1726290 362
1726300 363
1726310 363
1726320 363
1726330 365
1726340 369
1726350 369
1726360 368
1726370 369
1726380 369
1726390 373
1726400 375
1726410 375
1726420 376
1726430 377
1726440 377
1726450 372
1726460 372
1726470 372
1726480 373
1726490 376
1726500 376
1726510 381
1726520 383
1726530 384
1726540 384
1726550 386
1726560 385
1726570 385
1726580 387
1726590 390
1726600 390
1726610 392
1726620 391
1726630 391
1726640 393
1726650 395
1726660 395
1726670 396
1726680 398
1726690 398
1726700 398
1726710 399
1726720 399
1726730 399
1726740 397
1726750 400
1726760 400
1726770 402
1726780 403
1726790 403
1726800 403
1726810 402
1726820 402
1726830 401
1726840 401
1726850 401
1726860 401
1726870 399
1726880 399
1726890 398
1726900 397
1726910 397
1726920 397
1726930 395
1726940 394
1726950 394
1726960 393
1726970 391
1726980 391
1726990 390
1727000 389
1727010 389
1727020 388
1727030 384
1727040 384
1727050 382
1727060 381
1727070 381
1727080 380
1727090 379
1727100 379
1727110 377
1727120 376
1727130 376
1727140 376
1727150 375
1727160 374
1727170 374
1727180 373
1727190 372
1727200 372
1727210 371
1727220 371
1727230 371
1727240 369
1727250 368
1727260 368
1727270 367
1727280 366
1727290 366
1727300 365
1727310 364
1727320 364
1727330 364
1727340 363
1727350 363
1727360 363
1727370 362
1727380 362
1727390 362
1727400 362
1727410 363
1727420 363
1727430 363
1727440 363
1727450 363
1727460 363
1727470 363
1727480 363
1727490 363
1727500 363
1727510 363
1727520 363
1727530 363
1727540 363
1727550 363
1727560 362
1727570 362
1727580 362
1727590 361
1727600 361
1727610 361
1727620 360
1727630 359
1727640 359
1727650 358
1727660 357
1727670 357
1727680 356
1727690 355
1727700 355
1727710 353
1727720 352
1727730 352
1727740 352
1727750 351
1727760 349
1727770 349
1727780 346
1727790 344
1727800 344
1727810 344
1727820 344
1727830 344
1727840 344
1727850 346
1727860 346
1727870 349
1727880 351
1727890 351
1727900 352
1727910 352
1727920 352
1727930 352
1727940 351
1727950 351
1727960 351
1727970 351
1727980 350
1727990 350
1728000 350
1728010 349
1728020 349
1728030 349
1728040 349
1728050 349
1728060 349
1728070 347
1728080 347
1728090 347
1728100 347
1728110 347
1728120 347
1728130 347
1728140 347
1728150 347
1728160 345
1728170 345
1728180 345
1728190 345
1728200 344
1728210 344
1728220 342
1728230 342
1728240 342
1728250 342
1728260 341
1728270 341
1728280 341
1728290 338
1728300 338
1728310 341
1728320 341
1728330 341
1728340 341
1728350 341
1728360 341
1728370 341
1728380 341
1728390 342
1728400 342
1728410 343
1728420 343
1728430 343
1728440 343
1728450 344
1728460 344
1728470 344
1728480 344
1728490 344
1728500 343
1728510 343
1728520 343
1728530 342
1728540 342
1728550 342
1728560 342
1728570 341
1728580 340
1728590 340
1728600 340
1728610 340
1728620 340
1728630 340
1728640 340
1728650 340
1728660 339
1728670 339
1728680 339
1728690 339
1728700 339
1728710 339
1728720 339
1728730 339
1728740 339
1728750 339
1728760 339
1728770 339
1728780 339
1728790 339
1728800 339
1728810 339
1728820 339
1728830 339
1728840 339
1728850 339
1728860 339
1728870 339
1728880 339
1728890 339
1728900 339
1728910 339
1728920 339
1728930 339
1728940 339
1728950 340
1728960 340
1728970 340
1728980 340
1728990 340
1729000 340
1729010 340
1729020 340
1729030 340
1729040 340
1729050 340
1729060 340
1729070 340
1729080 341
1729090 341
1729100 341
1729110 341
1729120 341
1729130 341
1729140 341
1729150 341
1729160 341
1729170 341
1729180 341
1729190 341
1729200 341
1729210 341
1729220 341
1729230 341
1729240 341
1729250 341
1729260 341
1729270 340
1729280 340
1729290 339
1729300 339
1729310 339
1729320 339
1729330 339
1729340 339
1729350 338
1729360 337
1729370 339
1729380 339
1729390 342
1729400 342
1729410 342
1729420 342
1729430 342
1729440 342
1729450 342
1729460 342
1729470 342
1729480 342
1729490 342
1729500 342
1729510 342
1729520 342
1729530 342
1729540 342
1729550 342
1729560 342
1729570 343
1729580 343
1729590 343
1729600 343
1729610 343
1729620 344
1729630 344
1729640 344
1729650 347
1729660 347
1729670 348
1729680 349
1729690 349
1729700 350
1729710 351
1729720 351
1729730 353
1729740 354
1729750 354
1729760 357
1729770 357
1729780 359
1729790 359
1729800 360
1729810 361
1729820 361
1729830 362
1729840 363
1729850 363
1729860 363
1729870 364
1729880 364
1729890 364
1729900 365
1729910 365
1729920 365
1729930 366
1729940 366
1729950 367
1729960 367
1729970 367
1729980 368
1729990 369
1730000 370
1730010 370
1730020 372
1730030 373
1730040 373
1730050 376
1730060 377
1730070 377
1730080 379
1730090 379
1730100 379
1730110 381
1730120 383
1730130 383
1730140 384
1730150 385
1730160 385
1730170 388
1730180 389
1730190 390
1730200 390
1730210 390
1730220 391
1730230 391
1730240 395
1730250 397
1730260 397
1730270 399
1730280 401
1730290 401
1730300 403
1730310 405
1730320 405
1730330 406
1730340 408
1730350 408
1730360 409
1730370 412
1730380 412
1730390 410
1730400 410
1730410 408
1730420 408
1730430 407
1730440 406
1730450 406
1730460 406
1730470 406
1730480 406
1730490 405
1730500 405
1730510 405
1730520 405
1730530 405
1730540 405
1730550 405
1730560 404
1730570 404
1730580 405
1730590 404
1730600 404
1730610 404
1730620 403
1730630 404
1730640 404
1730650 404
1730660 404
1730670 404
1730680 405
1730690 405
1730700 405
1730710 405
1730720 407
1730730 407
1730740 408
1730750 409
1730760 409
1730770 411
1730780 414
1730790 414
1730800 417
1730810 420
1730820 421
1730830 421
1730840 423
1730850 425
1730860 425
1730870 426
1730880 427
1730890 427
1730900 430
1730910 434
1730920 434
1730930 434
1730940 434
1730950 434
1730960 433
1730970 431
1730980 431
1730990 429
1731000 426
1731010 425
1731020 425
1731030 423
1731040 422
1731050 422
1731060 421
1731070 418
1731080 418
1731090 415
1731100 412
1731110 412
1731120 410
1731130 408
1731140 408
1731150 407
1731160 405
1731170 405
1731180 402
1731190 400
1731200 400
1731210 398
1731220 397
1731230 396
1731240 396
1731250 393
1731260 390
1731270 390
1731280 388
1731290 385
1731300 385
1731310 383
1731320 381
1731330 381
1731340 379
1731350 377
1731360 377
1731370 375
1731380 374
1731390 374
1731400 374
1731410 374
1731420 374
1731430 374
1731440 373
1731450 373
1731460 373
1731470 373
1731480 373
1731490 373
1731500 374
1731510 376
1731520 376
1731530 376
1731540 377
1731550 377
1731560 378
1731570 378
1731580 378
1731590 379
1731600 379
1731610 379
1731620 380
1731630 381
1731640 382
1731650 382
1731660 383
1731670 384
1731680 384
1731690 385
1731700 387
1731710 387
1731720 388
1731730 388
1731740 388
1731750 389
1731760 389
1731770 389
1731780 388
1731790 388
1731800 388
1731810 389
1731820 388
1731830 387
1731840 387
1731850 386
1731860 386
1731870 386
1731880 386
1731890 386
1731900 386
1731910 385
1731920 383
1731930 383
1731940 382
1731950 379
1731960 379
1731970 377
1731980 374
1731990 374
1732000 371
1732010 369
1732020 369
1732030 368
1732040 366
1732050 364
1732060 364
1732070 363
1732080 361
1732090 361
1732100 359
1732110 358
1732120 358
1732130 356
1732140 358
1732150 358
1732160 360
1732170 361
1732180 361
1732190 362
1732200 363
1732210 363
1732220 364
1732230 365
1732240 367
1732250 367
1732260 370
1732270 372
1732280 372
1732290 374
1732300 376
1732310 376
1732320 378
1732330 380
1732340 380
1732350 383
1732360 384
1732370 384
1732380 386
1732390 386
1732400 386
1732410 389
1732420 395
1732430 395
1732440 399
1732450 400
1732460 402
1732470 402
1732480 403
1732490 405
1732500 405
1732510 406
1732520 408
1732530 408
1732540 413
1732550 417
1732560 417
1732570 421
1732580 424
1732590 424
1732600 428
1732610 430
1732620 430
1732630 432
1732640 433
1732650 433
1732660 433
1732670 431
1732680 430
1732690 430
1732700 428
1732710 427
1732720 427
1732730 425
1732740 423
1732750 423
1732760 422
1732770 420
1732780 420
1732790 419
1732800 417
1732810 417
1732820 416
1732830 415
1732840 415
1732850 414
1732860 413
1732870 411
1732880 411
1732890 409
1732900 407
1732910 407
1732920 405
1732930 402
1732940 402
1732950 401
1732960 399
1732970 399
1732980 397
1732990 395
1733000 395
1733010 393
1733020 391
1733030 391
1733040 390
1733050 387
1733060 385
1733070 385
1733080 384
1733090 383
1733100 383
1733110 381
1733120 381
1733130 381
1733140 380
1733150 379
1733160 379
1733170 378
1733180 376
1733190 376
1733200 374
1733210 372
1733220 373
1733230 371
1733240 370
1733250 369
1733260 369
1733270 367
1733280 367
1733290 367
1733300 366
1733310 365
1733320 365
1733330 363
1733340 361
1733350 361
1733360 358
1733370 355
1733380 355
1733390 354
1733400 353
1733410 353
1733420 352
1733430 350
1733440 350
1733450 350
1733460 348
1733470 349
1733480 349
1733490 350
1733500 350
1733510 350
1733520 349
1733530 346
1733540 346
1733550 349
1733560 350
1733570 350
1733580 351
1733590 351
1733600 351
1733610 352
1733620 354
1733630 354
1733640 355
1733650 357
1733660 359
1733670 359
1733680 361
1733690 363
1733700 363
1733710 368
1733720 371
1733730 371
1733740 374
1733750 375
1733760 375
1733770 379
1733780 381
1733790 381
1733800 383
1733810 385
1733820 385
1733830 386
1733840 387
1733850 387
1733860 389
1733870 390
1733880 391
1733890 391
1733900 392
1733910 392
1733920 392
1733930 394
1733940 394
1733950 394
1733960 395
1733970 397
1733980 397
1733990 398
1734000 400
1734010 400
1734020 402
1734030 404
1734040 404
1734050 407
1734060 409
1734070 411
1734080 411
1734090 413
1734100 415
1734110 415
1734120 416
1734130 420
1734140 420
1734150 422
1734160 425
1734170 425
1734180 429
1734190 432
1734200 432
1734210 435
1734220 436
1734230 436
1734240 437
1734250 436
1734260 436
1734270 435
1734280 432
1734290 428
1734300 428
1734310 425
1734320 422
1734330 422
1734340 419
1734350 417
1734360 417
1734370 414
1734380 412
1734390 412
1734400 410
1734410 409
1734420 409
1734430 407
1734440 406
1734450 406
1734460 402
1734470 397
1734480 397
1734490 397
1734500 395
1734510 392
1734520 392
1734530 390
1734540 388
1734550 388
1734560 387
1734570 386
1734580 386
1734590 385
1734600 383
1734610 383
1734620 380
1734630 378
1734640 378
1734650 376
1734660 375
1734670 375
1734680 373
1734690 371
1734700 369
1734710 369
1734720 367
1734730 366
1734740 366
1734750 364
1734760 362
1734770 362
1734780 361
1734790 360
1734800 360
1734810 360
1734820 359
1734830 359
1734840 358
1734850 358
1734860 358
1734870 357
1734880 357
1734890 356
1734900 356
1734910 356
1734920 356
1734930 356
1734940 355
1734950 355
1734960 355
1734970 354
1734980 354
1734990 354
1735000 354
1735010 355
1735020 355
1735030 356
1735040 359
1735050 359
1735060 360
1735070 364
1735080 364
1735090 368
1735100 371
1735110 374
1735120 374
1735130 376
1735140 377
1735150 377
1735160 378
1735170 380
1735180 380
1735190 383
1735200 386
1735210 386
1735220 388
1735230 390
1735240 390
1735250 393
1735260 395
1735270 395
1735280 398
1735290 401
1735300 404
1735310 404
1735320 406
1735330 411
1735340 411
1735350 415
1735360 418
1735370 418
1735380 420
1735390 422
1735400 422
1735410 424
1735420 425
1735430 425
1735440 426
1735450 427
1735460 427
1735470 429
1735480 429
1735490 429
1735500 429
1735510 429
1735520 429
1735530 429
1735540 429
1735550 427
1735560 427
1735570 426
1735580 424
1735590 424
1735600 422
1735610 420
1735620 420
1735630 418
1735640 416
1735650 416
1735660 414
1735670 412
1735680 412
1735690 410
1735700 409
1735710 406
1735720 406
1735730 405
1735740 404
1735750 404
1735760 403
1735770 401
1735780 401
1735790 400
1735800 398
1735810 398
1735820 397
1735830 396
1735840 396
1735850 395
1735860 393
1735870 393
1735880 393
1735890 392
1735900 392
1735910 390
1735920 389
1735930 388
1735940 388
1735950 387
1735960 386
1735970 386
1735980 385
1735990 384
1736000 384
1736010 383
1736020 382
1736030 382
1736040 381
1736050 380
1736060 380
1736070 379
1736080 378
1736090 378
1736100 377
1736110 376
1736120 375
1736130 375
1736140 375
1736150 374
1736160 374
1736170 373
1736180 373
1736190 373
1736200 372
1736210 370
1736220 370
1736230 369
1736240 368
1736250 368
1736260 366
1736270 365
1736280 365
1736290 363
1736300 361
1736310 361
1736320 357
1736330 354
1736340 355
1736350 355
1736360 355
1736370 355
1736380 355
1736390 355
1736400 355
1736410 355
1736420 356
1736430 357
1736440 357
1736450 358
1736460 359
1736470 359
1736480 360
1736490 361
1736500 361
1736510 361
1736520 361
1736530 361
1736540 361
1736550 361
1736560 360
1736570 360
1736580 360
1736590 360
1736600 360
1736610 360
1736620 359
1736630 359
1736640 359
1736650 356
1736660 356
1736670 356
1736680 355
1736690 355
1736700 354
1736710 353
1736720 353
1736730 352
1736740 351
1736750 350
1736760 350
1736770 349
1736780 348
1736790 348
1736800 348
1736810 348
1736820 348
1736830 348
1736840 348
1736850 348
1736860 347
1736870 346
1736880 346
1736890 346
1736900 346
1736910 346
1736920 347
1736930 347
1736940 347
1736950 347
1736960 347
1736970 344
1736980 344
1736990 346
1737000 347
1737010 347
1737020 347
1737030 346
1737040 346
1737050 346
1737060 346
1737070 346
1737080 346
1737090 346
1737100 346
1737110 346
1737120 346
1737130 346
1737140 346
1737150 346
1737160 346
1737170 346
1737180 346
1737190 346
1737200 346
1737210 346
1737220 347
1737230 347
1737240 347
1737250 347
1737260 347
1737270 347
1737280 347
1737290 347
1737300 348
1737310 348
1737320 348
1737330 348
1737340 349
1737350 349
1737360 349
1737370 350
1737380 351
1737390 351
1737400 351
1737410 352
1737420 352
1737430 353
1737440 354
1737450 354
1737460 356
1737470 358
1737480 358
1737490 359
1737500 361
1737510 361
1737520 361
1737530 363
1737540 364
1737550 364
1737560 367
1737570 368
1737580 368
1737590 369
1737600 371
1737610 371
1737620 373
1737630 371
1737640 371
1737650 373
1737660 377
1737670 377
1737680 381
1737690 384
1737700 384
1737710 386
1737720 389
1737730 389
1737740 397
1737750 403
1737760 405
1737770 405
1737780 404
1737790 403
1737800 403
1737810 400
1737820 394
1737830 394
1737840 393
1737850 391
1737860 391
1737870 388
1737880 387
1737890 387
1737900 386
1737910 385
1737920 385
1737930 385
1737940 385
1737950 385
1737960 385
1737970 386
1737980 387
1737990 387
1738000 388
1738010 390
1738020 390
1738030 392
1738040 394
1738050 394
1738060 396
1738070 397
1738080 397
1738090 400
1738100 403
1738110 403
1738120 406
1738130 407
1738140 407
1738150 409
1738160 410
1738170 409
1738180 409
1738190 407
1738200 406
1738210 406
1738220 404
1738230 401
1738240 401
1738250 397
1738260 394
1738270 394
1738280 394
1738290 391
1738300 391
1738310 389
1738320 386
1738330 386
1738340 383
1738350 380
1738360 379
1738370 379
1738380 378
1738390 377
1738400 377
1738410 376
1738420 374
1738430 374
1738440 373
1738450 371
1738460 371
1738470 369
1738480 367
1738490 367
1738500 365
1738510 363
1738520 363
1738530 362
1738540 361
1738550 361
1738560 359
1738570 358
1738580 358
1738590 358
1738600 357
1738610 357
1738620 357
1738630 356
1738640 356
1738650 356
1738660 356
1738670 356
1738680 356
1738690 355
1738700 355
1738710 355
1738720 354
1738730 354
1738740 354
1738750 353
1738760 353
1738770 353
1738780 353
1738790 353
1738800 353
1738810 353
1738820 353
1738830 353
1738840 353
1738850 352
1738860 352
1738870 352
1738880 351
1738890 350
1738900 350
1738910 352
1738920 353
1738930 353
1738940 354
1738950 355
1738960 355
1738970 356
1738980 357
1738990 358
1739000 358
1739010 360
1739020 361
1739030 361
1739040 363
1739050 366
1739060 366
1739070 369
1739080 371
1739090 371
1739100 374
1739110 377
1739120 377
1739130 379
1739140 382
1739150 382
1739160 383
1739170 384
1739180 388
1739190 388
1739200 393
1739210 396
1739220 396
1739230 398
1739240 401
1739250 401
1739260 404
1739270 405
1739280 405
1739290 404
1739300 406
1739310 406
1739320 406
1739330 406
1739340 406
1739350 405
1739360 406
1739370 406
1739380 406
1739390 400
1739400 399
1739410 399
1739420 403
1739430 411
1739440 411
1739450 413
1739460 414
1739470 414
1739480 416
1739490 418
1739500 418
1739510 420
1739520 422
1739530 422
1739540 424
1739550 425
1739560 425
1739570 426
1739580 427
1739590 427
1739600 427
1739610 427
1739620 427
1739630 427
1739640 426
1739650 425
1739660 425
1739670 425
1739680 425
1739690 425
1739700 424
1739710 424
1739720 424
1739730 423
1739740 423
1739750 423
1739760 423
1739770 423
1739780 423
1739790 423
1739800 424
1739810 425
1739820 425
1739830 427
1739840 428
1739850 428
1739860 429
1739870 431
1739880 431
1739890 432
1739900 432
1739910 432
1739920 431
1739930 430
1739940 430
1739950 429
1739960 428
1739970 428
1739980 427
1739990 426
