1720000 332
1720010 332
1720020 332
1720030 332
1720040 332
1720050 332
1720060 332
1720070 332
1720080 330
1720090 331
1720100 331
1720110 331
1720120 331
1720130 331
1720140 331
1720150 331
1720160 331
1720170 331
1720180 331
1720190 331
1720200 331
1720210 331
1720220 331
1720230 331
1720240 332
1720250 333
1720260 333
1720270 335
1720280 335
1720290 335
1720300 334
1720310 334
1720320 334
1720330 334
1720340 334
1720350 334
1720360 334
1720370 334
1720380 334
1720390 334
1720400 334
1720410 334
1720420 334
1720430 335
1720440 335
1720450 335
1720460 333
1720470 331
1720480 331
1720490 331
1720500 331
1720510 331
1720520 331
1720530 331
1720540 331
1720550 331
1720560 331
1720570 331
1720580 331
1720590 331
1720600 331
1720610 331
1720620 331
1720630 331
1720640 331
1720650 331
1720660 330
1720670 330
1720680 329
1720690 330
1720700 330
1720710 329
1720720 330
1720730 330
1720740 329
1720750 330
1720760 330
1720770 330
1720780 330
1720790 330
1720800 330
1720810 331
1720820 331
1720830 331
1720840 331
1720850 330
1720860 330
1720870 330
1720880 331
1720890 331
1720900 331
1720910 331
1720920 331
1720930 331
1720940 331
1720950 331
1720960 326
1720970 326
1720980 326
1720990 326
1721000 326
1721010 326
1721020 326
1721030 326
1721040 326
1721050 326
1721060 326
1721070 330
1721080 330
1721090 331
1721100 331
1721110 331
1721120 331
1721130 331
1721140 331
1721150 331
1721160 331
1721170 331
1721180 331
1721190 331
1721200 331
1721210 331
1721220 331
1721230 331
1721240 331
1721250 330
1721260 330
1721270 330
1721280 330
1721290 330
1721300 330
1721310 330
1721320 330
1721330 330
1721340 331
1721350 330
1721360 330
1721370 330
1721380 330
1721390 330
1721400 330
1721410 330
1721420 330
1721430 330
1721440 330
1721450 330
1721460 330
1721470 330
1721480 330
1721490 330
1721500 329
1721510 330
1721520 330
1721530 330
1721540 330
1721550 330
1721560 330
1721570 330
1721580 330
1721590 330
1721600 330
1721610 330
1721620 331
1721630 331
1721640 331
1721650 331
1721660 331
1721670 331
1721680 331
1721690 331
1721700 330
1721710 330
1721720 330
1721730 330
1721740 330
1721750 330
1721760 330
1721770 330
1721780 329
1721790 330
1721800 330
1721810 330
1721820 330
1721830 330
1721840 330
1721850 329
1721860 330
1721870 330
1721880 330
1721890 330
1721900 330
1721910 330
1721920 330
1721930 330
1721940 330
1721950 329
1721960 329
1721970 330
1721980 329
1721990 329
1722000 329
1722010 330
1722020 330
1722030 330
1722040 330
1722050 330
1722060 330
1722070 330
1722080 330
1722090 330
1722100 329
1722110 329
1722120 329
1722130 329
1722140 329
1722150 329
1722160 329
1722170 329
1722180 329
1722190 329
1722200 329
1722210 329
1722220 330
1722230 330
1722240 330
1722250 330
1722260 330
1722270 330
1722280 330
1722290 330
1722300 329
1722310 329
1722320 329
1722330 329
1722340 329
1722350 329
1722360 329
1722370 329
1722380 330
1722390 329
1722400 329
1722410 329
1722420 330
1722430 330
1722440 330
1722450 330
1722460 330
1722470 329
1722480 330
1722490 330
1722500 330
1722510 330
1722520 330
1722530 330
1722540 330
1722550 330
1722560 330
1722570 332
1722580 332
1722590 332
1722600 332
1722610 332
1722620 332
1722630 333
1722640 333
1722650 333
1722660 333
1722670 334
1722680 334
1722690 334
1722700 334
1722710 335
1722720 335
1722730 335
1722740 335
1722750 335
1722760 335
1722770 335
1722780 335
1722790 335
1722800 335
1722810 335
1722820 335
1722830 335
1722840 335
1722850 334
1722860 335
1722870 335
1722880 335
1722890 335
1722900 335
1722910 335
1722920 335
1722930 335
1722940 335
1722950 335
1722960 335
1722970 335
1722980 335
1722990 335
1723000 335
1723010 335
1723020 335
1723030 335
1723040 335
1723050 335
1723060 335
1723070 335
1723080 335
1723090 335
1723100 335
1723110 336
1723120 336
1723130 336
1723140 336
1723150 336
1723160 336
1723170 336
1723180 336
1723190 336
1723200 336
1723210 336
1723220 336
1723230 336
1723240 336
1723250 336
1723260 336
1723270 336
1723280 336
1723290 336
1723300 336
1723310 336
1723320 336
1723330 336
1723340 336
1723350 336
1723360 336
1723370 336
1723380 336
1723390 336
1723400 336
1723410 336
1723420 336
1723430 336
1723440 336
1723450 336
1723460 336
1723470 336
1723480 336
1723490 336
1723500 336
1723510 336
1723520 336
1723530 337
1723540 337
1723550 337
1723560 337
1723570 337
1723580 337
1723590 337
1723600 337
1723610 337
1723620 337
1723630 337
1723640 337
1723650 337
1723660 337
1723670 337
1723680 337
1723690 337
1723700 337
1723710 337
1723720 337
1723730 337
1723740 337
1723750 337
1723760 337
1723770 337
1723780 337
1723790 337
1723800 337
1723810 337
1723820 337
1723830 337
1723840 337
1723850 337
1723860 338
1723870 338
1723880 338
1723890 338
1723900 337
1723910 337
1723920 337
1723930 337
1723940 338
1723950 338
1723960 338
1723970 338
1723980 338
1723990 338
1724000 338
1724010 338
1724020 338
1724030 338
1724040 338
1724050 338
1724060 338
1724070 338
1724080 338
1724090 338
1724100 338
1724110 337
1724120 338
1724130 338
1724140 338
1724150 338
1724160 338
1724170 338
1724180 338
1724190 338
1724200 338
1724210 338
1724220 338
1724230 338
1724240 338
1724250 338
1724260 338
1724270 338
1724280 338
1724290 338
1724300 338
1724310 338
1724320 338
1724330 338
1724340 338
1724350 338
1724360 338
1724370 338
1724380 338
1724390 338
1724400 338
1724410 338
1724420 338
1724430 338
1724440 338
1724450 338
1724460 338
1724470 339
1724480 339
1724490 339
1724500 339
1724510 339
1724520 339
1724530 339
1724540 339
1724550 339
1724560 339
1724570 339
1724580 339
1724590 339
1724600 339
1724610 339
1724620 339
1724630 339
1724640 339
1724650 339
1724660 339
1724670 339
1724680 339
1724690 339
1724700 339
1724710 339
1724720 339
1724730 339
1724740 339
1724750 339
1724760 339
1724770 339
1724780 339
1724790 339
1724800 339
1724810 339
1724820 339
1724830 339
1724840 339
1724850 339
1724860 339
1724870 339
1724880 340
1724890 340
1724900 340
1724910 340
1724920 340
1724930 340
1724940 340
1724950 340
1724960 340
1724970 340
1724980 340
1724990 340
1725000 340
1725010 340
1725020 340
1725030 340
1725040 340
1725050 340
1725060 341
1725070 341
1725080 341
1725090 341
1725100 341
1725110 341
1725120 341
1725130 341
1725140 341
1725150 341
1725160 341
1725170 341
1725180 341
1725190 341
1725200 341
1725210 341
1725220 341
1725230 341
1725240 341
1725250 341
1725260 341
1725270 341
1725280 341
1725290 341
1725300 341
1725310 341
1725320 341
1725330 341
1725340 342
1725350 342
1725360 342
1725370 342
1725380 342
1725390 342
1725400 342
1725410 342
1725420 342
1725430 342
1725440 343
1725450 343
1725460 343
1725470 343
1725480 343
1725490 343
1725500 343
1725510 343
1725520 343
1725530 343
1725540 343
1725550 343
1725560 343
1725570 344
1725580 344
1725590 344
1725600 344
1725610 344
1725620 344
1725630 344
1725640 344
1725650 344
1725660 344
1725670 344
1725680 344
1725690 344
1725700 344
1725710 344
1725720 344
1725730 344
1725740 344
1725750 344
1725760 344
1725770 344
1725780 344
1725790 343
1725800 343
1725810 343
1725820 344
1725830 344
1725840 344
1725850 345
1725860 345
1725870 345
1725880 346
1725890 346
1725900 346
1725910 347
1725920 348
1725930 348
1725940 348
1725950 349
1725960 349
1725970 349
1725980 351
1725990 351
1726000 352
1726010 354
1726020 356
1726030 356
1726040 358
1726050 361
1726060 361
1726070 364
1726080 366
1726090 366
1726100 368
1726110 372
1726120 372
1726130 374
1726140 377
1726150 377
1726160 380
1726170 383
1726180 383
1726190 385
1726200 387
1726210 388
1726220 388
1726230 388
1726240 390
1726250 390
1726260 393
1726270 395
1726280 395
1726290 393
1726300 392
1726310 392
1726320 392
1726330 392
1726340 392
1726350 390
1726360 389
1726370 389
1726380 387
1726390 386
1726400 386
1726410 384
1726420 380
1726430 378
1726440 378
1726450 380
1726460 378
1726470 378
1726480 378
1726490 377
1726500 377
1726510 375
1726520 373
1726530 373
1726540 376
1726550 374
1726560 374
1726570 373
1726580 369
1726590 369
1726600 371
1726610 373
1726620 373
1726630 373
1726640 376
1726650 378
1726660 378
1726670 378
1726680 377
1726690 377
1726700 373
1726710 371
1726720 371
1726730 371
1726740 374
1726750 374
1726760 374
1726770 373
1726780 373
1726790 373
1726800 374
1726810 374
1726820 375
1726830 376
1726840 378
1726850 378
1726860 379
1726870 380
1726880 380
1726890 381
1726900 380
1726910 380
1726920 384
1726930 384
1726940 384
1726950 383
1726960 383
1726970 383
1726980 383
1726990 386
1727000 386
1727010 387
1727020 388
1727030 390
1727040 390
1727050 392
1727060 392
1727070 392
1727080 396
1727090 399
1727100 399
1727110 400
1727120 401
1727130 401
1727140 403
1727150 403
1727160 403
1727170 403
1727180 404
1727190 404
1727200 406
1727210 407
1727220 407
1727230 409
1727240 412
1727250 413
1727260 413
1727270 415
1727280 417
1727290 417
1727300 418
1727310 420
1727320 420
1727330 421
1727340 421
1727350 421
1727360 422
1727370 423
1727380 423
1727390 423
1727400 422
1727410 422
1727420 421
1727430 420
1727440 420
1727450 419
1727460 417
1727470 415
1727480 415
1727490 414
1727500 413
1727510 413
1727520 412
1727530 411
1727540 411
1727550 410
1727560 409
1727570 409
1727580 408
1727590 407
1727600 407
1727610 406
1727620 405
1727630 405
1727640 404
1727650 403
1727660 402
1727670 402
1727680 401
1727690 400
1727700 400
1727710 397
1727720 395
1727730 395
1727740 393
1727750 390
1727760 390
1727770 387
1727780 385
1727790 385
1727800 384
1727810 383
1727820 383
1727830 381
1727840 379
1727850 379
1727860 376
1727870 373
1727880 372
1727890 372
1727900 371
1727910 369
1727920 369
1727930 368
1727940 367
1727950 367
1727960 366
1727970 365
1727980 365
1727990 364
1728000 362
1728010 362
1728020 362
1728030 362
1728040 362
1728050 362
1728060 361
1728070 361
1728080 361
1728090 361
1728100 361
1728110 361
1728120 361
1728130 360
1728140 360
1728150 360
1728160 360
1728170 360
1728180 360
1728190 360
1728200 360
1728210 359
1728220 358
1728230 358
1728240 360
1728250 361
1728260 361
1728270 361
1728280 361
1728290 362
1728300 362
1728310 363
1728320 364
1728330 364
1728340 365
1728350 366
1728360 366
1728370 368
1728380 368
1728390 368
1728400 369
1728410 370
1728420 370
1728430 373
1728440 375
1728450 375
1728460 376
1728470 378
1728480 379
1728490 379
1728500 384
1728510 388
1728520 388
1728530 390
1728540 392
1728550 392
1728560 394
1728570 395
1728580 395
1728590 397
1728600 400
1728610 400
1728620 404
1728630 406
1728640 406
1728650 407
1728660 411
1728670 411
1728680 413
1728690 414
1728700 415
1728710 415
1728720 416
1728730 417
1728740 417
1728750 418
1728760 420
1728770 420
1728780 422
1728790 423
1728800 423
1728810 423
1728820 424
1728830 424
1728840 423
1728850 421
1728860 421
1728870 418
1728880 416
1728890 416
1728900 414
1728910 413
1728920 411
1728930 411
1728940 410
1728950 409
1728960 409
1728970 407
1728980 405
1728990 405
1729000 404
1729010 400
1729020 400
1729030 397
1729040 396
1729050 396
1729060 396
1729070 394
1729080 394
1729090 393
1729100 391
1729110 390
1729120 390
1729130 388
1729140 386
1729150 386
1729160 384
1729170 382
1729180 382
1729190 380
1729200 378
1729210 378
1729220 377
1729230 375
1729240 375
1729250 374
1729260 372
1729270 372
1729280 371
1729290 371
1729300 371
1729310 371
1729320 371
1729330 370
1729340 370
1729350 369
1729360 369
1729370 369
1729380 369
1729390 368
1729400 368
1729410 367
1729420 366
1729430 366
1729440 366
1729450 365
1729460 365
1729470 364
1729480 364
1729490 364
1729500 363
1729510 361
1729520 360
1729530 360
1729540 364
1729550 365
1729560 365
1729570 365
1729580 365
1729590 365
1729600 367
1729610 369
1729620 369
1729630 372
1729640 375
1729650 375
1729660 377
1729670 380
1729680 380
1729690 384
1729700 386
1729710 386
1729720 388
1729730 390
1729740 392
1729750 392
1729760 394
1729770 395
1729780 395
1729790 397
1729800 399
1729810 399
1729820 402
1729830 405
1729840 405
1729850 407
1729860 408
1729870 408
1729880 410
1729890 411
1729900 411
1729910 412
1729920 414
1729930 415
1729940 415
1729950 416
1729960 417
1729970 417
1729980 418
1729990 419
1730000 419
1730010 420
1730020 421
1730030 421
1730040 422
1730050 422
1730060 422
1730070 422
1730080 421
1730090 421
1730100 421
1730110 420
1730120 420
1730130 419
1730140 418
1730150 416
1730160 416
1730170 414
1730180 412
1730190 412
1730200 409
1730210 408
1730220 408
1730230 407
1730240 406
1730250 406
1730260 405
1730270 403
1730280 403
1730290 402
1730300 400
1730310 400
1730320 398
1730330 395
1730340 393
1730350 393
1730360 390
1730370 387
1730380 387
1730390 384
1730400 381
1730410 381
1730420 383
1730430 385
1730440 385
1730450 387
1730460 389
1730470 389
1730480 391
1730490 392
1730500 392
1730510 394
1730520 395
1730530 395
1730540 398
1730550 400
1730560 403
1730570 403
1730580 406
1730590 406
1730600 406
1730610 409
1730620 412
1730630 412
1730640 414
1730650 415
1730660 415
1730670 416
1730680 416
1730690 416
1730700 416
1730710 416
1730720 416
1730730 415
1730740 414
1730750 414
1730760 413
1730770 413
1730780 412
1730790 412
1730800 411
1730810 410
1730820 410
1730830 408
1730840 406
1730850 406
1730860 405
1730870 403
1730880 403
1730890 402
1730900 400
1730910 400
1730920 399
1730930 398
1730940 398
1730950 396
1730960 395
1730970 394
1730980 394
1730990 393
1731000 392
1731010 392
1731020 391
1731030 390
1731040 390
1731050 389
1731060 389
1731070 389
1731080 388
1731090 388
1731100 388
1731110 389
1731120 389
1731130 389
1731140 389
1731150 389
1731160 389
1731170 389
1731180 388
1731190 386
1731200 386
1731210 386
1731220 385
1731230 385
1731240 385
1731250 384
1731260 384
1731270 383
1731280 381
1731290 381
1731300 379
1731310 376
1731320 376
1731330 375
1731340 374
1731350 374
1731360 373
1731370 372
1731380 370
1731390 370
1731400 369
1731410 368
1731420 368
1731430 368
1731440 367
1731450 367
1731460 366
1731470 366
1731480 366
1731490 366
1731500 366
1731510 366
1731520 366
1731530 366
1731540 366
1731550 365
1731560 365
1731570 365
1731580 365
1731590 364
1731600 364
1731610 364
1731620 364
1731630 364
1731640 364
1731650 364
1731660 364
1731670 364
1731680 362
1731690 363
1731700 363
1731710 362
1731720 361
1731730 361
1731740 361
1731750 360
1731760 360
1731770 360
1731780 360
1731790 359
1731800 359
1731810 359
1731820 359
1731830 359
1731840 359
1731850 359
1731860 359
1731870 359
1731880 359
1731890 359
1731900 359
1731910 359
1731920 359
1731930 359
1731940 359
1731950 359
1731960 359
1731970 359
1731980 359
1731990 359
1732000 359
1732010 359
1732020 359
1732030 359
1732040 359
1732050 359
1732060 360
1732070 360
1732080 360
1732090 360
1732100 360
1732110 360
1732120 360
1732130 360
1732140 360
1732150 360
1732160 360
1732170 360
1732180 360
1732190 360
1732200 360
1732210 360
1732220 360
1732230 360
1732240 360
1732250 360
1732260 360
1732270 360
1732280 360
1732290 359
1732300 359
1732310 358
1732320 360
1732330 360
1732340 360
1732350 360
1732360 360
1732370 361
1732380 361
1732390 361
1732400 361
1732410 361
1732420 361
1732430 361
1732440 361
1732450 362
1732460 362
1732470 362
1732480 362
1732490 362
1732500 362
1732510 362
1732520 362
1732530 363
1732540 363
1732550 363
1732560 364
1732570 365
1732580 365
1732590 366
1732600 366
1732610 366
1732620 367
1732630 368
1732640 368
1732650 368
1732660 369
1732670 370
1732680 370
1732690 371
1732700 372
1732710 372
1732720 374
1732730 375
1732740 375
1732750 376
1732760 377
1732770 377
1732780 378
1732790 379
1732800 379
1732810 379
1732820 380
1732830 380
1732840 380
1732850 381
1732860 383
1732870 383
1732880 384
1732890 386
1732900 386
1732910 387
1732920 390
1732930 390
1732940 392
1732950 393
1732960 393
1732970 393
1732980 394
1732990 394
1733000 395
1733010 401
1733020 401
1733030 406
1733040 408
1733050 413
1733060 413
1733070 416
1733080 419
1733090 419
1733100 423
1733110 427
1733120 427
1733130 431
1733140 434
1733150 434
1733160 437
1733170 439
1733180 439
1733190 441
1733200 444
1733210 444
1733220 447
1733230 451
1733240 453
1733250 453
1733260 453
1733270 453
1733280 453
1733290 451
1733300 450
1733310 450
1733320 447
1733330 445
1733340 445
1733350 443
1733360 440
1733370 440
1733380 438
1733390 437
1733400 437
1733410 434
1733420 431
1733430 431
1733440 426
1733450 423
1733460 419
1733470 419
1733480 417
1733490 416
1733500 416
1733510 414
1733520 413
1733530 413
1733540 412
1733550 411
1733560 411
1733570 410
1733580 409
1733590 409
1733600 408
1733610 405
1733620 405
1733630 404
1733640 403
1733650 403
1733660 401
1733670 400
1733680 399
1733690 399
1733700 397
1733710 395
1733720 395
1733730 394
1733740 393
1733750 393
1733760 392
1733770 391
1733780 391
1733790 390
1733800 388
1733810 388
1733820 385
1733830 385
1733840 385
1733850 383
1733860 382
1733870 381
1733880 381
1733890 379
1733900 377
1733910 377
1733920 375
1733930 373
1733940 373
1733950 372
1733960 372
1733970 372
1733980 372
1733990 372
1734000 372
1734010 372
1734020 373
1734030 373
1734040 374
1734050 375
1734060 375
1734070 379
1734080 382
1734090 386
1734100 386
1734110 388
1734120 392
1734130 392
1734140 395
1734150 397
1734160 397
1734170 400
1734180 403
1734190 403
1734200 405
1734210 408
1734220 408
1734230 410
1734240 412
1734250 412
1734260 413
1734270 413
1734280 412
1734290 412
1734300 410
1734310 408
1734320 408
1734330 407
1734340 405
1734350 405
1734360 403
1734370 400
1734380 400
1734390 399
1734400 395
1734410 395
1734420 397
1734430 394
1734440 394
1734450 393
1734460 394
1734470 394
1734480 395
1734490 396
1734500 397
1734510 397
1734520 399
1734530 402
1734540 402
1734550 405
1734560 407
1734570 407
1734580 410
1734590 413
1734600 413
1734610 416
1734620 418
1734630 418
1734640 421
1734650 423
1734660 423
1734670 425
1734680 427
1734690 427
1734700 427
1734710 429
1734720 429
1734730 429
1734740 430
1734750 432
1734760 432
1734770 434
1734780 438
1734790 438
1734800 439
1734810 442
1734820 442
1734830 446
1734840 449
1734850 449
1734860 451
1734870 453
1734880 453
1734890 455
1734900 455
1734910 454
1734920 454
1734930 454
1734940 453
1734950 453
1734960 452
1734970 451
1734980 451
1734990 449
1735000 448
1735010 448
1735020 447
1735030 446
1735040 446
1735050 446
1735060 445
1735070 445
1735080 445
1735090 445
1735100 444
1735110 444
1735120 444
1735130 444
1735140 444
1735150 442
1735160 443
1735170 443
1735180 442
1735190 439
1735200 439
1735210 437
1735220 437
1735230 437
1735240 434
1735250 431
1735260 431
1735270 429
1735280 428
1735290 428
1735300 424
1735310 422
1735320 419
1735330 419
1735340 417
1735350 415
1735360 415
1735370 413
1735380 411
1735390 411
1735400 409
1735410 406
1735420 406
1735430 405
1735440 402
1735450 402
1735460 396
1735470 393
1735480 393
1735490 391
1735500 389
1735510 389
1735520 387
1735530 385
1735540 383
1735550 383
1735560 381
1735570 382
1735580 382
1735590 382
1735600 383
1735610 383
1735620 384
1735630 385
1735640 385
1735650 386
1735660 387
1735670 387
1735680 388
1735690 390
1735700 390
1735710 394
1735720 396
1735730 398
1735740 398
1735750 399
1735760 399
1735770 399
1735780 400
1735790 403
1735800 403
1735810 404
1735820 404
1735830 404
1735840 405
1735850 406
1735860 406
1735870 407
1735880 409
1735890 409
1735900 410
1735910 412
1735920 412
1735930 414
1735940 416
1735950 417
1735960 417
1735970 419
1735980 420
1735990 420
1736000 423
1736010 425
1736020 425
1736030 426
1736040 428
1736050 428
1736060 431
1736070 433
1736080 433
1736090 435
1736100 436
1736110 436
1736120 438
1736130 440
1736140 443
1736150 443
1736160 448
1736170 452
1736180 452
1736190 454
1736200 455
1736210 455
1736220 455
1736230 452
1736240 452
1736250 447
1736260 442
1736270 442
1736280 440
1736290 437
1736300 437
1736310 434
1736320 433
1736330 433
1736340 432
1736350 431
1736360 430
1736370 429
1736380 428
1736390 425
1736400 425
1736410 424
1736420 424
1736430 424
1736440 422
1736450 419
1736460 419
1736470 415
1736480 412
1736490 412
1736500 406
1736510 404
1736520 404
1736530 400
1736540 398
1736550 399
1736560 399
1736570 399
1736580 396
1736590 396
1736600 394
1736610 391
1736620 391
1736630 389
1736640 387
1736650 387
1736660 384
1736670 382
1736680 382
1736690 381
1736700 381
1736710 381
1736720 380
1736730 380
1736740 380
1736750 379
1736760 379
1736770 378
1736780 378
1736790 378
1736800 377
1736810 377
1736820 377
1736830 377
1736840 377
1736850 377
1736860 379
1736870 379
1736880 381
1736890 382
1736900 382
1736910 383
1736920 384
1736930 384
1736940 383
1736950 384
1736960 384
1736970 385
1736980 384
1736990 383
1737000 383
1737010 383
1737020 381
1737030 381
1737040 379
1737050 377
1737060 377
1737070 374
1737080 370
1737090 370
1737100 369
1737110 367
1737120 367
1737130 365
1737140 364
1737150 364
1737160 361
1737170 362
1737180 363
1737190 363
1737200 363
1737210 363
1737220 363
1737230 363
1737240 363
1737250 363
1737260 363
1737270 363
1737280 363
1737290 364
1737300 365
1737310 365
1737320 365
1737330 366
1737340 366
1737350 367
1737360 367
1737370 367
1737380 368
1737390 369
1737400 370
1737410 370
1737420 371
1737430 373
1737440 373
1737450 376
1737460 380
1737470 380
1737480 384
1737490 387
1737500 387
1737510 391
1737520 397
1737530 397
1737540 402
1737550 406
1737560 406
1737570 411
1737580 413
1737590 414
1737600 414
1737610 414
1737620 414
1737630 414
1737640 413
1737650 412
1737660 412
1737670 411
1737680 410
1737690 410
1737700 409
1737710 408
1737720 408
1737730 406
1737740 404
1737750 404
1737760 402
1737770 398
1737780 398
1737790 393
1737800 389
1737810 387
1737820 387
1737830 384
1737840 381
1737850 381
1737860 378
1737870 379
1737880 379
1737890 380
1737900 380
1737910 380
1737920 382
1737930 384
1737940 384
1737950 386
1737960 387
1737970 387
1737980 388
1737990 391
1738000 392
1738010 392
1738020 395
1738030 400
1738040 400
1738050 404
1738060 406
1738070 406
1738080 408
1738090 411
1738100 411
1738110 412
1738120 416
1738130 416
1738140 417
1738150 419
1738160 419
1738170 423
1738180 425
1738190 425
1738200 427
1738210 428
1738220 429
1738230 429
1738240 427
1738250 425
1738260 427
1738270 424
1738280 423
1738290 423
1738300 422
1738310 420
1738320 420
1738330 418
1738340 416
1738350 416
1738360 414
1738370 413
1738380 413
1738390 412
1738400 411
1738410 411
1738420 410
1738430 409
1738440 408
1738450 408
1738460 407
1738470 406
1738480 406
1738490 405
1738500 404
1738510 404
1738520 403
1738530 402
1738540 402
1738550 402
1738560 401
1738570 401
1738580 400
1738590 399
1738600 399
1738610 398
1738620 396
1738630 394
1738640 394
1738650 393
1738660 392
1738670 392
1738680 391
1738690 390
1738700 390
1738710 389
1738720 388
1738730 388
1738740 387
1738750 385
1738760 385
1738770 379
1738780 374
1738790 374
1738800 372
1738810 375
1738820 375
1738830 375
1738840 375
1738850 376
1738860 376
1738870 377
1738880 379
1738890 379
1738900 380
1738910 382
1738920 382
1738930 384
1738940 385
1738950 385
1738960 387
1738970 388
1738980 388
1738990 389
1739000 390
1739010 390
1739020 392
1739030 391
1739040 390
1739050 390
1739060 396
1739070 400
1739080 400
1739090 396
1739100 394
1739110 394
1739120 398
1739130 407
1739140 407
1739150 409
1739160 412
1739170 412
1739180 415
1739190 419
1739200 419
1739210 421
1739220 422
1739230 422
1739240 423
1739250 424
1739260 428
1739270 428
1739280 431
1739290 433
1739300 433
1739310 439
1739320 441
1739330 441
1739340 441
1739350 448
1739360 448
1739370 449
1739380 452
1739390 452
1739400 455
1739410 458
1739420 458
1739430 461
1739440 463
1739450 464
1739460 464
1739470 465
1739480 466
1739490 466
1739500 467
1739510 467
1739520 467
1739530 468
1739540 469
1739550 469
1739560 469
1739570 469
1739580 469
1739590 466
1739600 463
1739610 463
1739620 459
1739630 457
1739640 457
1739650 455
1739660 454
1739670 452
1739680 452
1739690 451
1739700 450
1739710 450
1739720 449
1739730 448
1739740 448
1739750 446
1739760 445
1739770 445
1739780 444
1739790 444
1739800 444
1739810 444
1739820 444
1739830 444
1739840 443
1739850 443
1739860 441
1739870 441
1739880 441
1739890 440
1739900 440
1739910 439
1739920 437
1739930 437
1739940 436
1739950 434
1739960 434
1739970 433
1739980 431
1739990 431
