1720000 340
1720010 340
1720020 340
1720030 340
1720040 340
1720050 341
1720060 340
1720070 340
1720080 341
1720090 341
1720100 341
1720110 341
1720120 341
1720130 341
1720140 340
1720150 340
1720160 340
1720170 340
1720180 341
1720190 341
1720200 341
1720210 340
1720220 340
1720230 340
1720240 340
1720250 340
1720260 340
1720270 340
1720280 340
1720290 340
1720300 340
1720310 340
1720320 340
1720330 340
1720340 340
1720350 340
1720360 340
1720370 340
1720380 340
1720390 340
1720400 341
1720410 341
1720420 341
1720430 341
1720440 341
1720450 341
1720460 341
1720470 341
1720480 341
1720490 342
1720500 344
1720510 344
1720520 341
1720530 341
1720540 341
1720550 342
1720560 342
1720570 342
1720580 342
1720590 343
1720600 343
1720610 343
1720620 343
1720630 343
1720640 343
1720650 343
1720660 343
1720670 343
1720680 343
1720690 343
1720700 343
1720710 343
1720720 343
1720730 343
1720740 343
1720750 343
1720760 343
1720770 343
1720780 343
1720790 343
1720800 343
1720810 343
1720820 343
1720830 343
1720840 343
1720850 343
1720860 343
1720870 345
1720880 347
1720890 347
1720900 347
1720910 347
1720920 347
1720930 347
1720940 347
1720950 347
1720960 347
1720970 347
1720980 347
1720990 347
1721000 347
1721010 347
1721020 347
1721030 347
1721040 347
1721050 347
1721060 347
1721070 347
1721080 347
1721090 347
1721100 347
1721110 347
1721120 347
1721130 347
1721140 347
1721150 347
1721160 347
1721170 347
1721180 347
1721190 347
1721200 347
1721210 347
1721220 346
1721230 347
1721240 347
1721250 347
1721260 347
1721270 347
1721280 347
1721290 347
1721300 347
1721310 347
1721320 347
1721330 347
1721340 347
1721350 347
1721360 347
1721370 346
1721380 350
1721390 350
1721400 350
1721410 350
1721420 350
1721430 350
1721440 350
1721450 350
1721460 350
1721470 350
1721480 347
1721490 347
1721500 349
1721510 347
1721520 347
1721530 347
1721540 347
1721550 347
1721560 346
1721570 347
1721580 347
1721590 347
1721600 347
1721610 347
1721620 347
1721630 347
1721640 347
1721650 347
1721660 347
1721670 347
1721680 347
1721690 347
1721700 347
1721710 347
1721720 347
1721730 347
1721740 347
1721750 348
1721760 348
1721770 348
1721780 348
1721790 348
1721800 348
1721810 348
1721820 348
1721830 348
1721840 348
1721850 348
1721860 348
1721870 348
1721880 348
1721890 349
1721900 349
1721910 349
1721920 350
1721930 350
1721940 350
1721950 350
1721960 350
1721970 351
1721980 351
1721990 351
1722000 350
1722010 350
1722020 350
1722030 350
1722040 350
1722050 350
1722060 350
1722070 350
1722080 350
1722090 350
1722100 350
1722110 350
1722120 350
1722130 350
1722140 351
1722150 351
1722160 350
1722170 350
1722180 350
1722190 350
1722200 350
1722210 350
1722220 350
1722230 350
1722240 350
1722250 350
1722260 350
1722270 350
1722280 350
1722290 351
1722300 350
1722310 350
1722320 350
1722330 350
1722340 350
1722350 350
1722360 350
1722370 350
1722380 350
1722390 350
1722400 350
1722410 350
1722420 350
1722430 350
1722440 350
1722450 350
1722460 350
1722470 350
1722480 350
1722490 350
1722500 350
1722510 350
1722520 350
1722530 350
1722540 350
1722550 350
1722560 350
1722570 350
1722580 350
1722590 350
1722600 350
1722610 349
1722620 349
1722630 349
1722640 349
1722650 349
1722660 349
1722670 349
1722680 349
1722690 349
1722700 349
1722710 349
1722720 349
1722730 349
1722740 349
1722750 349
1722760 349
1722770 349
1722780 349
1722790 349
1722800 349
1722810 349
1722820 349
1722830 349
1722840 349
1722850 349
1722860 349
1722870 349
1722880 349
1722890 349
1722900 349
1722910 349
1722920 349
1722930 349
1722940 349
1722950 349
1722960 349
1722970 349
1722980 349
1722990 349
1723000 349
1723010 349
1723020 349
1723030 349
1723040 349
1723050 349
1723060 349
1723070 349
1723080 349
1723090 349
1723100 349
1723110 349
1723120 349
1723130 349
1723140 349
1723150 349
1723160 349
1723170 349
1723180 349
1723190 349
1723200 349
1723210 349
1723220 349
1723230 349
1723240 349
1723250 349
1723260 349
1723270 349
1723280 349
1723290 349
1723300 349
1723310 349
1723320 349
1723330 349
1723340 349
1723350 349
1723360 349
1723370 349
1723380 349
1723390 349
1723400 349
1723410 349
1723420 349
1723430 349
1723440 349
1723450 350
1723460 350
1723470 350
1723480 349
1723490 350
1723500 350
1723510 350
1723520 350
1723530 350
1723540 350
1723550 350
1723560 350
1723570 350
1723580 350
1723590 350
1723600 350
1723610 350
1723620 350
1723630 350
1723640 350
1723650 350
1723660 350
1723670 350
1723680 351
1723690 351
1723700 351
1723710 351
1723720 351
1723730 351
1723740 352
1723750 353
1723760 353
1723770 353
1723780 353
1723790 353
1723800 353
1723810 352
1723820 352
1723830 352
1723840 353
1723850 353
1723860 353
1723870 354
1723880 354
1723890 354
1723900 354
1723910 354
1723920 354
1723930 355
1723940 355
1723950 355
1723960 355
1723970 356
1723980 356
1723990 362
1724000 362
1724010 362
1724020 362
1724030 362
1724040 362
1724050 362
1724060 364
1724070 364
1724080 364
1724090 364
1724100 364
1724110 366
1724120 367
1724130 367
1724140 368
1724150 369
1724160 369
1724170 370
1724180 371
1724190 373
1724200 373
1724210 373
1724220 374
1724230 374
1724240 375
1724250 377
1724260 377
1724270 381
1724280 384
1724290 384
1724300 385
1724310 387
1724320 387
1724330 389
1724340 393
1724350 393
1724360 395
1724370 397
1724380 397
1724390 397
1724400 399
1724410 399
1724420 399
1724430 400
1724440 401
1724450 401
1724460 402
1724470 403
1724480 403
1724490 405
1724500 405
1724510 405
1724520 406
1724530 405
1724540 405
1724550 406
1724560 406
1724570 406
1724580 405
1724590 403
1724600 403
1724610 403
1724620 402
1724630 402
1724640 402
1724650 401
1724660 401
1724670 401
1724680 400
1724690 399
1724700 399
1724710 397
1724720 396
1724730 396
1724740 395
1724750 394
1724760 394
1724770 393
1724780 391
1724790 391
1724800 390
1724810 388
1724820 387
1724830 387
1724840 386
1724850 384
1724860 384
1724870 382
1724880 382
1724890 382
1724900 383
1724910 387
1724920 387
1724930 387
1724940 387
1724950 387
1724960 387
1724970 387
1724980 387
1724990 387
1725000 388
1725010 388
1725020 389
1725030 390
1725040 391
1725050 391
1725060 392
1725070 394
1725080 394
1725090 395
1725100 398
1725110 398
1725120 399
1725130 399
1725140 399
1725150 400
1725160 401
1725170 401
1725180 401
1725190 401
1725200 401
1725210 401
1725220 401
1725230 401
1725240 400
1725250 402
1725260 402
1725270 402
1725280 403
1725290 404
1725300 404
1725310 404
1725320 404
1725330 404
1725340 405
1725350 406
1725360 406
1725370 406
1725380 406
1725390 406
1725400 404
1725410 404
1725420 404
1725430 404
1725440 405
1725450 406
1725460 406
1725470 405
1725480 405
1725490 405
1725500 404
1725510 404
1725520 404
1725530 403
1725540 402
1725550 402
1725560 401
1725570 401
1725580 401
1725590 400
1725600 399
1725610 399
1725620 398
1725630 397
1725640 397
1725650 396
1725660 395
1725670 394
1725680 394
1725690 393
1725700 392
1725710 392
1725720 391
1725730 390
1725740 390
1725750 390
1725760 389
1725770 389
1725780 389
1725790 389
1725800 389
1725810 388
1725820 387
1725830 387
1725840 387
1725850 387
1725860 387
1725870 387
1725880 386
1725890 385
1725900 385
1725910 385
1725920 384
1725930 384
1725940 383
1725950 382
1725960 382
1725970 381
1725980 380
1725990 380
1726000 380
1726010 379
1726020 379
1726030 379
1726040 378
1726050 378
1726060 377
1726070 378
1726080 378
1726090 378
1726100 379
1726110 379
1726120 379
1726130 380
1726140 380
1726150 380
1726160 380
1726170 380
1726180 380
1726190 380
1726200 380
1726210 380
1726220 381
1726230 380
1726240 380
1726250 380
1726260 378
1726270 378
1726280 378
1726290 377
1726300 377
1726310 377
1726320 378
1726330 378
1726340 378
1726350 377
1726360 377
1726370 377
1726380 377
1726390 377
1726400 377
1726410 375
1726420 374
1726430 374
1726440 374
1726450 373
1726460 373
1726470 373
1726480 373
1726490 373
1726500 372
1726510 372
1726520 372
1726530 372
1726540 372
1726550 371
1726560 371
1726570 370
1726580 370
1726590 370
1726600 369
1726610 368
1726620 368
1726630 368
1726640 368
1726650 368
1726660 367
1726670 367
1726680 367
1726690 367
1726700 367
1726710 367
1726720 367
1726730 367
1726740 367
1726750 367
1726760 367
1726770 367
1726780 367
1726790 367
1726800 367
1726810 367
1726820 367
1726830 367
1726840 367
1726850 367
1726860 367
1726870 367
1726880 367
1726890 367
1726900 367
1726910 367
1726920 367
1726930 366
1726940 366
1726950 367
1726960 367
1726970 367
1726980 367
1726990 367
1727000 367
1727010 367
1727020 366
1727030 366
1727040 366
1727050 366
1727060 366
1727070 367
1727080 367
1727090 367
1727100 367
1727110 367
1727120 367
1727130 366
1727140 367
1727150 366
1727160 366
1727170 366
1727180 366
1727190 366
1727200 366
1727210 366
1727220 366
1727230 366
1727240 366
1727250 366
1727260 366
1727270 366
1727280 366
1727290 366
1727300 366
1727310 366
1727320 366
1727330 366
1727340 366
1727350 366
1727360 367
1727370 367
1727380 367
1727390 367
1727400 366
1727410 366
1727420 366
1727430 366
1727440 366
1727450 366
1727460 366
1727470 366
1727480 366
1727490 367
1727500 367
1727510 367
1727520 367
1727530 367
1727540 367
1727550 367
1727560 367
1727570 367
1727580 367
1727590 367
1727600 367
1727610 367
1727620 368
1727630 368
1727640 368
1727650 368
1727660 368
1727670 368
1727680 368
1727690 368
1727700 367
1727710 367
1727720 367
1727730 367
1727740 367
1727750 367
1727760 368
1727770 367
1727780 367
1727790 367
1727800 367
1727810 368
1727820 368
1727830 368
1727840 368
1727850 368
1727860 369
1727870 369
1727880 369
1727890 369
1727900 369
1727910 369
1727920 369
1727930 369
1727940 369
1727950 368
1727960 368
1727970 368
1727980 368
1727990 369
1728000 368
1728010 368
1728020 368
1728030 369
1728040 369
1728050 369
1728060 369
1728070 369
1728080 369
1728090 370
1728100 370
1728110 370
1728120 370
1728130 370
1728140 370
1728150 370
1728160 370
1728170 369
1728180 369
1728190 369
1728200 369
1728210 369
1728220 367
1728230 367
1728240 369
1728250 369
1728260 369
1728270 369
1728280 369
1728290 369
1728300 369
1728310 370
1728320 370
1728330 370
1728340 371
1728350 371
1728360 371
1728370 372
1728380 372
1728390 373
1728400 375
1728410 375
1728420 377
1728430 377
1728440 377
1728450 377
1728460 378
1728470 378
1728480 378
1728490 377
1728500 378
1728510 378
1728520 378
1728530 378
1728540 378
1728550 376
1728560 374
1728570 374
1728580 373
1728590 373
1728600 373
1728610 373
1728620 374
1728630 374
1728640 374
1728650 375
1728660 375
1728670 375
1728680 375
1728690 375
1728700 375
1728710 376
1728720 376
1728730 376
1728740 376
1728750 376
1728760 376
1728770 377
1728780 378
1728790 378
1728800 378
1728810 379
1728820 379
1728830 379
1728840 379
1728850 379
1728860 379
1728870 379
1728880 379
1728890 379
1728900 379
1728910 379
1728920 379
1728930 380
1728940 380
1728950 380
1728960 380
1728970 380
1728980 380
1728990 380
1729000 380
1729010 380
1729020 380
1729030 380
1729040 380
1729050 380
1729060 380
1729070 381
1729080 381
1729090 381
1729100 381
1729110 381
1729120 381
1729130 381
1729140 381
1729150 381
1729160 382
1729170 382
1729180 382
1729190 382
1729200 382
1729210 383
1729220 383
1729230 383
1729240 384
1729250 384
1729260 385
1729270 385
1729280 385
1729290 386
1729300 386
1729310 387
1729320 388
1729330 388
1729340 389
1729350 391
1729360 391
1729370 392
1729380 397
1729390 397
1729400 400
1729410 403
1729420 403
1729430 406
1729440 408
1729450 408
1729460 409
1729470 410
1729480 412
1729490 412
1729500 413
1729510 413
1729520 413
1729530 418
1729540 417
1729550 417
1729560 420
1729570 421
1729580 421
1729590 422
1729600 425
1729610 425
1729620 425
1729630 424
1729640 424
1729650 419
1729660 420
1729670 420
1729680 415
1729690 415
1729700 413
1729710 413
1729720 414
1729730 415
1729740 415
1729750 416
1729760 417
1729770 417
1729780 418
1729790 421
1729800 421
1729810 424
1729820 426
1729830 426
1729840 428
1729850 429
1729860 429
1729870 430
1729880 431
1729890 431
1729900 432
1729910 432
1729920 433
1729930 433
1729940 433
1729950 433
1729960 433
1729970 432
1729980 431
1729990 431
1730000 430
1730010 428
1730020 428
1730030 429
1730040 430
1730050 430
1730060 431
1730070 433
1730080 433
1730090 435
1730100 435
1730110 435
1730120 435
1730130 438
1730140 438
1730150 438
1730160 438
1730170 440
1730180 440
1730190 442
1730200 445
1730210 445
1730220 449
1730230 451
1730240 451
1730250 453
1730260 456
1730270 456
1730280 459
1730290 461
1730300 461
1730310 465
1730320 468
1730330 471
1730340 471
1730350 473
1730360 474
1730370 474
1730380 476
1730390 477
1730400 477
1730410 479
1730420 480
1730430 480
1730440 481
1730450 483
1730460 483
1730470 485
1730480 487
1730490 487
1730500 488
1730510 490
1730520 490
1730530 492
1730540 493
1730550 493
1730560 493
1730570 494
1730580 494
1730590 494
1730600 493
1730610 492
1730620 492
1730630 493
1730640 493
1730650 493
1730660 492
1730670 492
1730680 492
1730690 494
1730700 493
1730710 493
1730720 492
1730730 492
1730740 492
1730750 488
1730760 492
1730770 491
1730780 491
1730790 491
1730800 490
1730810 490
1730820 489
1730830 488
1730840 488
1730850 487
1730860 485
1730870 485
1730880 485
1730890 485
1730900 485
1730910 486
1730920 485
1730930 485
1730940 483
1730950 483
1730960 482
1730970 482
1730980 481
1730990 481
1731000 481
1731010 477
1731020 481
1731030 481
1731040 483
1731050 483
1731060 483
1731070 484
1731080 484
1731090 484
1731100 485
1731110 484
1731120 484
1731130 488
1731140 489
1731150 489
1731160 489
1731170 493
1731180 496
1731190 496
1731200 496
1731210 497
1731220 497
1731230 497
1731240 496
1731250 496
1731260 493
1731270 490
1731280 490
1731290 488
1731300 487
1731310 487
1731320 485
1731330 483
1731340 483
1731350 482
1731360 479
1731370 479
1731380 476
1731390 473
1731400 469
1731410 469
1731420 465
1731430 464
1731440 464
1731450 463
1731460 462
1731470 462
1731480 461
1731490 457
1731500 457
1731510 455
1731520 454
1731530 454
1731540 452
1731550 450
1731560 450
1731570 449
1731580 447
1731590 447
1731600 446
1731610 445
1731620 443
1731630 443
1731640 442
1731650 441
1731660 441
1731670 440
1731680 440
1731690 440
1731700 442
1731710 444
1731720 444
1731730 444
1731740 444
1731750 444
1731760 444
1731770 444
1731780 444
1731790 444
1731800 444
1731810 443
1731820 443
1731830 443
1731840 443
1731850 443
1731860 443
1731870 443
1731880 443
1731890 443
1731900 443
1731910 443
1731920 442
1731930 442
1731940 442
1731950 441
1731960 440
1731970 440
1731980 439
1731990 438
1732000 438
1732010 432
1732020 427
1732030 424
1732040 424
1732050 421
1732060 424
1732070 424
1732080 424
1732090 425
1732100 425
1732110 424
1732120 423
1732130 423
1732140 422
1732150 422
1732160 422
1732170 421
1732180 421
1732190 421
1732200 419
1732210 415
1732220 415
1732230 413
1732240 415
1732250 417
1732260 417
1732270 419
1732280 420
1732290 420
1732300 423
1732310 426
1732320 426
1732330 429
1732340 431
1732350 431
1732360 433
1732370 435
1732380 435
1732390 438
1732400 440
1732410 440
1732420 443
1732430 446
1732440 448
1732450 448
1732460 450
1732470 452
1732480 452
1732490 455
1732500 456
1732510 456
1732520 457
1732530 458
1732540 458
1732550 458
1732560 460
1732570 460
1732580 461
1732590 459
1732600 459
1732610 458
1732620 463
1732630 463
1732640 466
1732650 467
1732660 466
1732670 466
1732680 468
1732690 471
1732700 471
1732710 473
1732720 476
1732730 476
1732740 477
1732750 479
1732760 479
1732770 482
1732780 484
1732790 484
1732800 486
1732810 488
1732820 488
1732830 490
1732840 493
1732850 493
1732860 493
1732870 495
1732880 496
1732890 496
1732900 496
1732910 498
1732920 498
1732930 497
1732940 496
1732950 496
1732960 495
1732970 493
1732980 493
1732990 492
1733000 491
1733010 491
1733020 488
1733030 485
1733040 485
1733050 484
1733060 482
1733070 482
1733080 479
1733090 475
1733100 474
1733110 474
1733120 473
1733130 472
1733140 472
1733150 470
1733160 469
1733170 469
1733180 467
1733190 465
1733200 465
1733210 461
1733220 461
1733230 461
1733240 458
1733250 457
1733260 457
1733270 456
1733280 455
1733290 454
1733300 454
1733310 452
1733320 451
1733330 451
1733340 449
1733350 447
1733360 447
1733370 445
1733380 445
1733390 445
1733400 444
1733410 442
1733420 442
1733430 441
1733440 439
1733450 439
1733460 437
1733470 436
1733480 436
1733490 430
1733500 427
1733510 425
1733520 425
1733530 423
1733540 422
1733550 422
1733560 421
1733570 420
1733580 420
1733590 419
1733600 418
1733610 418
1733620 414
1733630 415
1733640 415
1733650 417
1733660 418
1733670 418
1733680 419
1733690 420
1733700 420
1733710 421
1733720 422
1733730 424
1733740 424
1733750 425
1733760 426
1733770 426
1733780 428
1733790 430
1733800 430
1733810 431
1733820 433
1733830 433
1733840 435
1733850 438
1733860 438
1733870 440
1733880 443
1733890 443
1733900 445
1733910 447
1733920 447
1733930 449
1733940 453
1733950 456
1733960 456
1733970 460
1733980 461
1733990 461
1734000 463
1734010 465
1734020 465
1734030 467
1734040 471
1734050 471
1734060 475
1734070 477
1734080 477
1734090 479
1734100 481
1734110 481
1734120 484
1734130 487
1734140 490
1734150 490
1734160 492
1734170 495
1734180 495
1734190 497
1734200 497
1734210 497
1734220 495
1734230 491
1734240 491
1734250 489
1734260 487
1734270 487
1734280 485
1734290 483
1734300 483
1734310 482
1734320 480
1734330 480
1734340 477
1734350 475
1734360 473
1734370 473
1734380 472
1734390 470
1734400 470
1734410 467
1734420 463
1734430 463
1734440 462
1734450 460
1734460 460
1734470 458
1734480 457
1734490 457
1734500 456
1734510 455
1734520 455
1734530 454
1734540 453
1734550 453
1734560 453
1734570 452
1734580 451
1734590 451
1734600 448
1734610 445
1734620 445
1734630 443
1734640 438
1734650 438
1734660 431
1734670 427
1734680 427
1734690 426
1734700 424
1734710 424
1734720 421
1734730 418
1734740 418
1734750 417
1734760 416
1734770 413
1734780 413
1734790 412
1734800 410
1734810 410
1734820 409
1734830 407
1734840 407
1734850 406
1734860 405
1734870 405
1734880 404
1734890 403
1734900 403
1734910 402
1734920 404
1734930 404
1734940 405
1734950 405
1734960 405
1734970 406
1734980 407
1734990 410
1735000 410
1735010 412
1735020 414
1735030 414
1735040 417
1735050 421
1735060 421
1735070 424
1735080 428
1735090 428
1735100 432
1735110 435
1735120 435
1735130 436
1735140 438
1735150 438
1735160 440
1735170 442
1735180 442
1735190 444
1735200 444
1735210 446
1735220 446
1735230 448
1735240 453
1735250 453
1735260 456
1735270 458
1735280 458
1735290 460
1735300 462
1735310 462
1735320 464
1735330 466
1735340 466
1735350 468
1735360 470
1735370 470
1735380 473
1735390 475
1735400 475
1735410 478
1735420 478
1735430 478
1735440 478
1735450 476
1735460 475
1735470 475
1735480 474
1735490 475
1735500 475
1735510 475
1735520 475
1735530 475
1735540 474
1735550 472
1735560 472
1735570 472
1735580 470
1735590 470
1735600 467
1735610 466
1735620 465
1735630 465
1735640 465
1735650 464
1735660 464
1735670 462
1735680 460
1735690 460
1735700 459
1735710 457
1735720 457
1735730 454
1735740 450
1735750 450
1735760 448
1735770 446
1735780 446
1735790 445
1735800 442
1735810 442
1735820 441
1735830 439
1735840 438
1735850 438
1735860 437
1735870 436
1735880 436
1735890 434
1735900 432
1735910 432
1735920 429
1735930 427
1735940 427
1735950 423
1735960 420
1735970 420
1735980 418
1735990 416
1736000 416
1736010 414
1736020 414
1736030 414
1736040 414
1736050 416
1736060 418
1736070 418
1736080 420
1736090 424
1736100 424
1736110 427
1736120 429
1736130 429
1736140 432
1736150 432
1736160 432
1736170 433
1736180 435
1736190 435
1736200 436
1736210 438
1736220 438
1736230 440
1736240 441
1736250 441
1736260 443
1736270 444
1736280 445
1736290 445
1736300 445
1736310 446
1736320 446
1736330 447
1736340 449
1736350 449
1736360 452
1736370 453
1736380 453
1736390 453
1736400 455
1736410 455
1736420 458
1736430 459
1736440 459
1736450 461
1736460 463
1736470 465
1736480 465
1736490 468
1736500 471
1736510 471
1736520 473
1736530 476
1736540 476
1736550 478
1736560 482
1736570 482
1736580 485
1736590 489
1736600 489
1736610 491
1736620 492
1736630 492
1736640 493
1736650 493
1736660 493
1736670 492
1736680 490
1736690 486
1736700 486
1736710 479
1736720 476
1736730 476
1736740 475
1736750 474
1736760 474
1736770 472
1736780 469
1736790 469
1736800 466
1736810 465
1736820 465
1736830 464
1736840 463
1736850 463
1736860 461
1736870 460
1736880 460
1736890 458
1736900 456
1736910 454
1736920 454
1736930 452
1736940 449
1736950 449
1736960 448
1736970 444
1736980 444
1736990 442
1737000 440
1737010 440
1737020 438
1737030 437
1737040 437
1737050 434
1737060 432
1737070 432
1737080 431
1737090 430
1737100 430
1737110 428
1737120 427
1737130 426
1737140 426
1737150 424
1737160 421
1737170 421
1737180 417
1737190 417
1737200 417
1737210 417
1737220 421
1737230 421
1737240 421
1737250 420
1737260 420
1737270 419
1737280 417
1737290 417
1737300 415
1737310 413
1737320 412
1737330 412
1737340 412
1737350 411
1737360 411
1737370 413
1737380 414
1737390 414
1737400 416
1737410 418
1737420 418
1737430 420
1737440 424
1737450 424
1737460 426
1737470 427
1737480 427
1737490 429
1737500 432
1737510 432
1737520 437
1737530 439
1737540 443
1737550 442
1737560 444
1737570 447
1737580 447
1737590 449
1737600 453
1737610 453
1737620 455
1737630 455
1737640 455
1737650 456
1737660 457
1737670 457
1737680 460
1737690 465
1737700 465
1737710 471
1737720 473
1737730 473
1737740 474
1737750 475
1737760 475
1737770 475
1737780 475
1737790 476
1737800 476
1737810 476
1737820 477
1737830 477
1737840 477
1737850 478
1737860 478
1737870 478
1737880 479
1737890 479
1737900 480
1737910 481
1737920 481
1737930 482
1737940 483
1737950 485
1737960 485
1737970 487
1737980 488
1737990 488
1738000 491
1738010 493
1738020 493
1738030 494
1738040 494
1738050 494
1738060 497
1738070 499
1738080 499
1738090 499
1738100 500
1738110 500
1738120 500
1738130 500
1738140 500
1738150 499
1738160 494
1738170 494
1738180 494
1738190 492
1738200 492
1738210 492
1738220 486
1738230 482
1738240 482
1738250 482
1738260 481
1738270 481
1738280 481
1738290 479
1738300 479
1738310 478
1738320 478
1738330 478
1738340 477
1738350 475
1738360 475
1738370 475
1738380 474
1738390 472
1738400 472
1738410 470
1738420 465
1738430 465
1738440 465
1738450 462
1738460 462
1738470 463
1738480 464
1738490 464
1738500 462
1738510 460
1738520 460
1738530 457
1738540 457
1738550 457
1738560 457
1738570 456
1738580 456
1738590 455
1738600 454
1738610 453
1738620 453
1738630 451
1738640 452
1738650 452
1738660 453
1738670 452
1738680 452
1738690 452
1738700 452
1738710 452
1738720 451
1738730 451
1738740 451
1738750 450
1738760 449
1738770 449
1738780 448
1738790 447
1738800 445
1738810 445
1738820 444
1738830 443
1738840 443
1738850 440
1738860 439
1738870 439
1738880 436
1738890 436
1738900 436
1738910 436
1738920 435
1738930 435
1738940 434
1738950 433
1738960 433
1738970 432
1738980 431
1738990 431
1739000 430
1739010 431
1739020 430
1739030 430
1739040 429
1739050 427
1739060 427
1739070 426
1739080 423
1739090 423
1739100 422
1739110 420
1739120 420
1739130 420
1739140 419
1739150 419
1739160 418
1739170 418
1739180 418
1739190 417
1739200 416
1739210 416
1739220 415
1739230 414
1739240 411
1739250 411
1739260 409
1739270 406
1739280 406
1739290 402
1739300 402
1739310 402
1739320 403
1739330 404
1739340 404
1739350 404
1739360 404
1739370 404
1739380 405
1739390 407
1739400 407
1739410 408
1739420 411
1739430 411
1739440 413
1739450 414
1739460 417
1739470 417
1739480 419
1739490 422
1739500 422
1739510 425
1739520 427
1739530 427
1739540 428
1739550 430
1739560 430
1739570 431
1739580 433
1739590 433
1739600 436
1739610 438
1739620 438
1739630 440
1739640 442
1739650 446
1739660 446
1739670 453
1739680 456
1739690 456
1739700 458
1739710 460
1739720 460
1739730 462
1739740 464
1739750 464
1739760 466
1739770 467
1739780 467
1739790 469
1739800 470
1739810 470
1739820 472
1739830 474
1739840 474
1739850 475
1739860 476
1739870 477
1739880 477
1739890 478
1739900 479
1739910 479
1739920 479
1739930 479
1739940 479
1739950 478
1739960 476
1739970 476
1739980 474
1739990 472
