1720000 355
1720010 355
1720020 355
1720030 355
1720040 355
1720050 356
1720060 356
1720070 356
1720080 356
1720090 356
1720100 356
1720110 356
1720120 356
1720130 356
1720140 355
1720150 355
1720160 356
1720170 356
1720180 356
1720190 357
1720200 357
1720210 357
1720220 358
1720230 358
1720240 358
1720250 358
1720260 358
1720270 359
1720280 359
1720290 359
1720300 359
1720310 359
1720320 359
1720330 361
1720340 361
1720350 361
1720360 361
1720370 361
1720380 361
1720390 361
1720400 361
1720410 361
1720420 361
1720430 361
1720440 361
1720450 360
1720460 360
1720470 360
1720480 360
1720490 360
1720500 360
1720510 360
1720520 360
1720530 360
1720540 360
1720550 361
1720560 361
1720570 361
1720580 361
1720590 361
1720600 361
1720610 361
1720620 361
1720630 361
1720640 362
1720650 362
1720660 363
1720670 363
1720680 363
1720690 363
1720700 362
1720710 362
1720720 362
1720730 362
1720740 362
1720750 362
1720760 362
1720770 363
1720780 363
1720790 363
1720800 363
1720810 363
1720820 363
1720830 363
1720840 363
1720850 363
1720860 363
1720870 363
1720880 363
1720890 363
1720900 364
1720910 364
1720920 364
1720930 363
1720940 363
1720950 364
1720960 364
1720970 364
1720980 364
1720990 364
1721000 364
1721010 364
1721020 364
1721030 364
1721040 364
1721050 364
1721060 364
1721070 364
1721080 364
1721090 364
1721100 364
1721110 364
1721120 364
1721130 364
1721140 364
1721150 366
1721160 366
1721170 365
1721180 365
1721190 365
1721200 365
1721210 365
1721220 365
1721230 366
1721240 366
1721250 366
1721260 366
1721270 366
1721280 366
1721290 366
1721300 366
1721310 366
1721320 367
1721330 367
1721340 368
1721350 368
1721360 367
1721370 368
1721380 368
1721390 369
1721400 368
1721410 368
1721420 368
1721430 369
1721440 369
1721450 369
1721460 369
1721470 369
1721480 370
1721490 370
1721500 370
1721510 370
1721520 370
1721530 370
1721540 370
1721550 370
1721560 370
1721570 370
1721580 370
1721590 371
1721600 371
1721610 372
1721620 372
1721630 372
1721640 372
1721650 372
1721660 372
1721670 371
1721680 371
1721690 371
1721700 371
1721710 372
1721720 372
1721730 371
1721740 371
1721750 372
1721760 372
1721770 371
1721780 372
1721790 372
1721800 372
1721810 373
1721820 373
1721830 374
1721840 374
1721850 374
1721860 373
1721870 373
1721880 373
1721890 373
1721900 373
1721910 373
1721920 373
1721930 374
1721940 374
1721950 374
1721960 373
1721970 373
1721980 373
1721990 374
1722000 374
1722010 374
1722020 374
1722030 374
1722040 374
1722050 375
1722060 375
1722070 375
1722080 375
1722090 375
1722100 375
1722110 375
1722120 375
1722130 375
1722140 378
1722150 380
1722160 380
1722170 381
1722180 381
1722190 378
1722200 378
1722210 379
1722220 380
1722230 380
1722240 380
1722250 382
1722260 382
1722270 384
1722280 384
1722290 384
1722300 385
1722310 385
1722320 385
1722330 387
1722340 388
1722350 388
1722360 389
1722370 390
1722380 390
1722390 390
1722400 391
1722410 393
1722420 393
1722430 394
1722440 395
1722450 395
1722460 396
1722470 397
1722480 397
1722490 398
1722500 400
1722510 400
1722520 400
1722530 401
1722540 401
1722550 401
1722560 405
1722570 405
1722580 405
1722590 405
1722600 405
1722610 405
1722620 406
1722630 407
1722640 407
1722650 408
1722660 409
1722670 409
1722680 410
1722690 411
1722700 411
1722710 412
1722720 412
1722730 412
1722740 413
1722750 413
1722760 413
1722770 414
1722780 415
1722790 415
1722800 414
1722810 415
1722820 415
1722830 416
1722840 416
1722850 418
1722860 418
1722870 418
1722880 418
1722890 418
1722900 419
1722910 422
1722920 422
1722930 423
1722940 423
1722950 423
1722960 423
1722970 425
1722980 425
1722990 425
1723000 426
1723010 426
1723020 428
1723030 428
1723040 428
1723050 429
1723060 429
1723070 430
1723080 430
1723090 430
1723100 431
1723110 431
1723120 432
1723130 432
1723140 432
1723150 432
1723160 435
1723170 435
1723180 435
1723190 436
1723200 436
1723210 437
1723220 436
1723230 436
1723240 437
1723250 438
1723260 438
1723270 439
1723280 439
1723290 439
1723300 439
1723310 440
1723320 440
1723330 440
1723340 441
1723350 441
1723360 441
1723370 441
1723380 441
1723390 441
1723400 441
1723410 441
1723420 441
1723430 441
1723440 441
1723450 441
1723460 440
1723470 440
1723480 440
1723490 439
1723500 438
1723510 438
1723520 438
1723530 436
1723540 435
1723550 435
1723560 434
1723570 433
1723580 433
1723590 431
1723600 430
1723610 430
1723620 430
1723630 431
1723640 431
1723650 431
1723660 430
1723670 430
1723680 429
1723690 428
1723700 427
1723710 427
1723720 427
1723730 428
1723740 428
1723750 428
1723760 429
1723770 429
1723780 432
1723790 432
1723800 432
1723810 432
1723820 432
1723830 432
1723840 430
1723850 428
1723860 428
1723870 424
1723880 421
1723890 421
1723900 419
1723910 418
1723920 417
1723930 417
1723940 416
1723950 412
1723960 412
1723970 409
1723980 406
1723990 406
1724000 403
1724010 400
1724020 400
1724030 402
1724040 404
1724050 404
1724060 405
1724070 406
1724080 406
1724090 408
1724100 410
1724110 410
1724120 412
1724130 416
1724140 419
1724150 419
1724160 420
1724170 421
1724180 421
1724190 423
1724200 425
1724210 425
1724220 426
1724230 428
1724240 428
1724250 430
1724260 432
1724270 432
1724280 433
1724290 434
1724300 434
1724310 436
1724320 437
1724330 437
1724340 438
1724350 439
1724360 440
1724370 440
1724380 443
1724390 443
1724400 443
1724410 444
1724420 445
1724430 445
1724440 446
1724450 447
1724460 447
1724470 448
1724480 450
1724490 450
1724500 451
1724510 453
1724520 453
1724530 454
1724540 455
1724550 455
1724560 455
1724570 458
1724580 460
1724590 460
1724600 462
1724610 466
1724620 466
1724630 471
1724640 473
1724650 473
1724660 473
1724670 474
1724680 474
1724690 474
1724700 475
1724710 475
1724720 475
1724730 475
1724740 475
1724750 475
1724760 474
1724770 474
1724780 474
1724790 473
1724800 472
1724810 472
1724820 472
1724830 471
1724840 471
1724850 470
1724860 469
1724870 469
1724880 467
1724890 466
1724900 466
1724910 464
1724920 463
1724930 463
1724940 462
1724950 460
1724960 460
1724970 459
1724980 457
1724990 457
1725000 455
1725010 453
1725020 452
1725030 452
1725040 447
1725050 445
1725060 445
1725070 443
1725080 442
1725090 442
1725100 439
1725110 438
1725120 438
1725130 439
1725140 437
1725150 437
1725160 436
1725170 434
1725180 434
1725190 432
1725200 430
1725210 429
1725220 429
1725230 429
1725240 427
1725250 427
1725260 426
1725270 423
1725280 423
1725290 419
1725300 417
1725310 417
1725320 416
1725330 415
1725340 415
1725350 416
1725360 418
1725370 418
1725380 418
1725390 418
1725400 418
1725410 419
1725420 421
1725430 423
1725440 423
1725450 426
1725460 428
1725470 428
1725480 431
1725490 433
1725500 433
1725510 435
1725520 436
1725530 436
1725540 437
1725550 438
1725560 438
1725570 439
1725580 440
1725590 440
1725600 441
1725610 442
1725620 442
1725630 442
1725640 443
1725650 445
1725660 445
1725670 446
1725680 447
1725690 447
1725700 449
1725710 450
1725720 450
1725730 451
1725740 453
1725750 453
1725760 454
1725770 456
1725780 456
1725790 458
1725800 460
1725810 460
1725820 462
1725830 463
1725840 463
1725850 464
1725860 466
1725870 467
1725880 467
1725890 469
1725900 471
1725910 471
1725920 475
1725930 480
1725940 480
1725950 484
1725960 485
1725970 485
1725980 485
1725990 483
1726000 483
1726010 482
1726020 481
1726030 481
1726040 479
1726050 476
1726060 476
1726070 474
1726080 472
1726090 471
1726100 471
1726110 469
1726120 468
1726130 468
1726140 467
1726150 466
1726160 466
1726170 465
1726180 463
1726190 463
1726200 461
1726210 460
1726220 460
1726230 459
1726240 458
1726250 458
1726260 457
1726270 457
1726280 457
1726290 456
1726300 456
1726310 456
1726320 456
1726330 457
1726340 458
1726350 458
1726360 462
1726370 465
1726380 465
1726390 466
1726400 465
1726410 465
1726420 465
1726430 464
1726440 464
1726450 466
1726460 465
1726470 465
1726480 464
1726490 463
1726500 463
1726510 460
1726520 458
1726530 455
1726540 455
1726550 455
1726560 456
1726570 456
1726580 459
1726590 461
1726600 461
1726610 463
1726620 465
1726630 465
1726640 466
1726650 468
1726660 468
1726670 469
1726680 471
1726690 471
1726700 473
1726710 477
1726720 477
1726730 478
1726740 481
1726750 483
1726760 483
1726770 486
1726780 491
1726790 491
1726800 494
1726810 497
1726820 497
1726830 498
1726840 498
1726850 498
1726860 498
1726870 498
1726880 498
1726890 498
1726900 498
1726910 498
1726920 497
1726930 496
1726940 493
1726950 493
1726960 491
1726970 490
1726980 490
1726990 488
1727000 488
1727010 488
1727020 488
1727030 487
1727040 487
1727050 488
1727060 488
1727070 488
1727080 488
1727090 489
1727100 489
1727110 489
1727120 490
1727130 490
1727140 493
1727150 495
1727160 496
1727170 496
1727180 499
1727190 500
1727200 500
1727210 501
1727220 502
1727230 502
1727240 502
1727250 502
1727260 502
1727270 503
1727280 502
1727290 502
1727300 502
1727310 501
1727320 501
1727330 499
1727340 498
1727350 498
1727360 498
1727370 498
1727380 497
1727390 497
1727400 496
1727410 496
1727420 496
1727430 495
1727440 495
1727450 495
1727460 495
1727470 495
1727480 495
1727490 495
1727500 496
1727510 496
1727520 497
1727530 497
1727540 497
1727550 497
1727560 497
1727570 497
1727580 497
1727590 498
1727600 498
1727610 498
1727620 499
1727630 500
1727640 500
1727650 500
1727660 501
1727670 501
1727680 500
1727690 499
1727700 499
1727710 498
1727720 495
1727730 495
1727740 492
1727750 484
1727760 484
1727770 479
1727780 476
1727790 476
1727800 472
1727810 471
1727820 471
1727830 471
1727840 470
1727850 467
1727860 467
1727870 465
1727880 462
1727890 462
1727900 459
1727910 456
1727920 456
1727930 454
1727940 452
1727950 452
1727960 450
1727970 448
1727980 448
1727990 445
1728000 440
1728010 440
1728020 438
1728030 437
1728040 436
1728050 436
1728060 435
1728070 435
1728080 435
1728090 434
1728100 433
1728110 433
1728120 433
1728130 435
1728140 435
1728150 435
1728160 435
1728170 435
1728180 437
1728190 438
1728200 438
1728210 435
1728220 433
1728230 433
1728240 433
1728250 439
1728260 441
1728270 441
1728280 442
1728290 440
1728300 440
1728310 440
1728320 436
1728330 436
1728340 432
1728350 434
1728360 434
1728370 437
1728380 438
1728390 438
1728400 436
1728410 434
1728420 434
1728430 435
1728440 437
1728450 441
1728460 441
1728470 449
1728480 452
1728490 452
1728500 454
1728510 457
1728520 457
1728530 461
1728540 463
1728550 463
1728560 465
1728570 467
1728580 467
1728590 469
1728600 471
1728610 471
1728620 473
1728630 475
1728640 475
1728650 476
1728660 476
1728670 474
1728680 474
1728690 473
1728700 470
1728710 470
1728720 468
1728730 467
1728740 467
1728750 465
1728760 464
1728770 464
1728780 462
1728790 459
1728800 459
1728810 459
1728820 458
1728830 458
1728840 457
1728850 455
1728860 455
1728870 453
1728880 452
1728890 449
1728900 449
1728910 446
1728920 445
1728930 445
1728940 443
1728950 443
1728960 443
1728970 442
1728980 440
1728990 440
1729000 436
1729010 432
1729020 432
1729030 429
1729040 426
1729050 426
1729060 426
1729070 424
1729080 424
1729090 423
1729100 422
1729110 420
1729120 420
1729130 418
1729140 416
1729150 416
1729160 416
1729170 416
1729180 416
1729190 416
1729200 416
1729210 416
1729220 417
1729230 418
1729240 418
1729250 419
1729260 420
1729270 420
1729280 421
1729290 422
1729300 422
1729310 423
1729320 423
1729330 422
1729340 422
1729350 423
1729360 422
1729370 422
1729380 420
1729390 419
1729400 419
1729410 417
1729420 416
1729430 416
1729440 415
1729450 415
1729460 415
1729470 414
1729480 414
1729490 414
1729500 413
1729510 413
1729520 413
1729530 413
1729540 413
1729550 413
1729560 413
1729570 411
1729580 411
1729590 411
1729600 411
1729610 412
1729620 412
1729630 412
1729640 413
1729650 413
1729660 416
1729670 416
1729680 416
1729690 418
1729700 419
1729710 419
1729720 421
1729730 422
1729740 422
1729750 423
1729760 423
1729770 423
1729780 423
1729790 423
1729800 424
1729810 424
1729820 424
1729830 425
1729840 425
1729850 425
1729860 428
1729870 428
1729880 432
1729890 436
1729900 436
1729910 438
1729920 439
1729930 439
1729940 440
1729950 441
1729960 441
1729970 443
1729980 446
1729990 448
1730000 448
1730010 450
1730020 452
1730030 452
1730040 453
1730050 455
1730060 455
1730070 456
1730080 458
1730090 458
1730100 460
1730110 462
1730120 462
1730130 465
1730140 466
1730150 466
1730160 468
1730170 472
1730180 475
1730190 475
1730200 477
1730210 477
1730220 477
1730230 478
1730240 479
1730250 479
1730260 480
1730270 480
1730280 480
1730290 480
1730300 480
1730310 480
1730320 479
1730330 479
1730340 479
1730350 479
1730360 478
1730370 478
1730380 477
1730390 476
1730400 474
1730410 474
1730420 471
1730430 468
1730440 468
1730450 466
1730460 464
1730470 464
1730480 463
1730490 462
1730500 462
1730510 461
1730520 460
1730530 460
1730540 457
1730550 457
1730560 457
1730570 456
1730580 454
1730590 454
1730600 452
1730610 449
1730620 448
1730630 448
1730640 446
1730650 445
1730660 445
1730670 444
1730680 443
1730690 443
1730700 442
1730710 441
1730720 441
1730730 440
1730740 441
1730750 441
1730760 440
1730770 437
1730780 437
1730790 435
1730800 434
1730810 434
1730820 432
1730830 430
1730840 428
1730850 428
1730860 426
1730870 424
1730880 424
1730890 421
1730900 428
1730910 428
1730920 434
1730930 439
1730940 439
1730950 441
1730960 443
1730970 443
1730980 445
1730990 447
1731000 447
1731010 450
1731020 451
1731030 451
1731040 455
1731050 458
1731060 462
1731070 462
1731080 467
1731090 470
1731100 470
1731110 473
1731120 475
1731130 475
1731140 477
1731150 478
1731160 478
1731170 480
1731180 481
1731190 481
1731200 483
1731210 484
1731220 484
1731230 485
1731240 486
1731250 486
1731260 486
1731270 486
1731280 485
1731290 485
1731300 484
1731310 483
1731320 483
1731330 483
1731340 482
1731350 482
1731360 482
1731370 481
1731380 481
1731390 481
1731400 481
1731410 481
1731420 481
1731430 481
1731440 481
1731450 481
1731460 481
1731470 481
1731480 481
1731490 481
1731500 482
1731510 482
1731520 482
1731530 482
1731540 482
1731550 482
1731560 482
1731570 482
1731580 482
1731590 482
1731600 482
1731610 482
1731620 482
1731630 482
1731640 483
1731650 480
1731660 480
1731670 479
1731680 479
1731690 479
1731700 479
1731710 478
1731720 477
1731730 477
1731740 477
1731750 476
1731760 476
1731770 475
1731780 474
1731790 474
1731800 473
1731810 472
1731820 472
1731830 470
1731840 470
1731850 470
1731860 469
1731870 468
1731880 468
1731890 467
1731900 465
1731910 464
1731920 464
1731930 463
1731940 461
1731950 461
1731960 460
1731970 459
1731980 459
1731990 457
1732000 456
1732010 456
1732020 455
1732030 454
1732040 454
1732050 453
1732060 452
1732070 452
1732080 451
1732090 450
1732100 450
1732110 448
1732120 446
1732130 440
1732140 440
1732150 437
1732160 436
1732170 436
1732180 434
1732190 431
1732200 431
1732210 429
1732220 428
1732230 428
1732240 427
1732250 426
1732260 426
1732270 425
1732280 424
1732290 424
1732300 423
1732310 423
1732320 423
1732330 422
1732340 422
1732350 421
1732360 421
1732370 421
1732380 420
1732390 420
1732400 420
1732410 419
1732420 419
1732430 419
1732440 419
1732450 419
1732460 418
1732470 418
1732480 418
1732490 417
1732500 417
1732510 417
1732520 416
1732530 416
1732540 416
1732550 416
1732560 416
1732570 416
1732580 416
1732590 416
1732600 416
1732610 416
1732620 418
1732630 423
1732640 423
1732650 428
1732660 436
1732670 436
1732680 441
1732690 445
1732700 445
1732710 450
1732720 453
1732730 453
1732740 455
1732750 457
1732760 457
1732770 459
1732780 459
1732790 459
1732800 459
1732810 458
1732820 458
1732830 458
1732840 459
1732850 458
1732860 458
1732870 459
1732880 459
1732890 459
1732900 460
1732910 460
1732920 460
1732930 462
1732940 467
1732950 467
1732960 471
1732970 474
1732980 474
1732990 475
1733000 476
1733010 477
1733020 477
1733030 478
1733040 479
1733050 479
1733060 480
1733070 481
1733080 481
1733090 482
1733100 482
1733110 482
1733120 482
1733130 482
1733140 482
1733150 481
1733160 480
1733170 480
1733180 479
1733190 479
1733200 479
1733210 478
1733220 478
1733230 478
1733240 478
1733250 478
1733260 478
1733270 478
1733280 478
1733290 477
1733300 477
1733310 476
1733320 475
1733330 475
1733340 474
1733350 474
1733360 474
1733370 473
1733380 473
1733390 473
1733400 472
1733410 470
1733420 467
1733430 467
1733440 463
1733450 461
1733460 461
1733470 460
1733480 460
1733490 460
1733500 459
1733510 459
1733520 459
1733530 458
1733540 457
1733550 457
1733560 457
1733570 456
1733580 456
1733590 456
1733600 456
1733610 456
1733620 455
1733630 455
1733640 455
1733650 455
1733660 455
1733670 455
1733680 455
1733690 454
1733700 454
1733710 454
1733720 453
1733730 452
1733740 452
1733750 452
1733760 451
1733770 451
1733780 450
1733790 449
1733800 449
1733810 449
1733820 449
1733830 449
1733840 448
1733850 448
1733860 448
1733870 448
1733880 447
1733890 446
1733900 446
1733910 445
1733920 445
1733930 445
1733940 444
1733950 442
1733960 442
1733970 442
1733980 442
1733990 442
1734000 441
1734010 442
1734020 442
1734030 442
1734040 442
1734050 442
1734060 442
1734070 442
1734080 442
1734090 442
1734100 442
1734110 442
1734120 442
1734130 441
1734140 441
1734150 441
1734160 441
1734170 442
1734180 442
1734190 443
1734200 443
1734210 443
1734220 443
1734230 442
1734240 442
1734250 441
1734260 440
1734270 440
1734280 438
1734290 437
1734300 440
1734310 440
1734320 440
1734330 441
1734340 441
1734350 441
1734360 442
1734370 442
1734380 442
1734390 442
1734400 442
1734410 443
1734420 443
1734430 443
1734440 442
1734450 444
1734460 444
1734470 445
1734480 445
1734490 445
1734500 446
1734510 446
1734520 447
1734530 447
1734540 447
1734550 448
1734560 448
1734570 449
1734580 450
1734590 450
1734600 452
1734610 453
1734620 453
1734630 454
1734640 456
1734650 456
1734660 457
1734670 459
1734680 459
1734690 461
1734700 464
1734710 464
1734720 466
1734730 468
1734740 473
1734750 473
1734760 475
1734770 477
1734780 477
1734790 478
1734800 479
1734810 479
1734820 482
1734830 483
1734840 483
1734850 486
1734860 486
1734870 486
1734880 484
1734890 484
1734900 484
1734910 484
1734920 485
1734930 486
1734940 486
1734950 486
1734960 489
1734970 489
1734980 490
1734990 492
1735000 492
1735010 493
1735020 494
1735030 494
1735040 499
1735050 501
1735060 501
1735070 503
1735080 503
1735090 503
1735100 505
1735110 506
1735120 506
1735130 509
1735140 511
1735150 513
1735160 513
1735170 514
1735180 516
1735190 516
1735200 516
1735210 518
1735220 518
1735230 520
1735240 521
1735250 521
1735260 522
1735270 522
1735280 522
1735290 523
1735300 523
1735310 523
1735320 522
1735330 520
1735340 520
1735350 519
1735360 516
1735370 514
1735380 514
1735390 511
1735400 508
1735410 508
1735420 507
1735430 505
1735440 505
1735450 503
1735460 500
1735470 500
1735480 498
1735490 497
1735500 497
1735510 496
1735520 494
1735530 494
1735540 492
1735550 491
1735560 491
1735570 490
1735580 488
1735590 485
1735600 485
1735610 483
1735620 480
1735630 480
1735640 478
1735650 476
1735660 476
1735670 476
1735680 473
1735690 473
1735700 471
1735710 469
1735720 469
1735730 468
1735740 467
1735750 467
1735760 469
1735770 472
1735780 472
1735790 473
1735800 473
1735810 474
1735820 474
1735830 475
1735840 477
1735850 477
1735860 478
1735870 479
1735880 479
1735890 483
1735900 486
1735910 486
1735920 490
1735930 493
1735940 493
1735950 496
1735960 499
1735970 499
1735980 501
1735990 503
1736000 503
1736010 506
1736020 508
1736030 509
1736040 509
1736050 507
1736060 504
1736070 504
1736080 501
1736090 498
1736100 498
1736110 495
1736120 492
1736130 492
1736140 489
1736150 487
1736160 487
1736170 485
1736180 485
1736190 485
1736200 483
1736210 480
1736220 480
1736230 478
1736240 475
1736250 469
1736260 469
1736270 465
1736280 463
1736290 463
1736300 461
1736310 458
1736320 458
1736330 457
1736340 455
1736350 455
1736360 458
1736370 459
1736380 459
1736390 459
1736400 461
1736410 461
1736420 462
1736430 465
1736440 465
1736450 469
1736460 472
1736470 474
1736480 474
1736490 475
1736500 476
1736510 476
1736520 477
1736530 479
1736540 479
1736550 480
1736560 481
1736570 481
1736580 483
1736590 484
1736600 484
1736610 486
1736620 487
1736630 487
1736640 489
1736650 489
1736660 490
1736670 490
1736680 490
1736690 491
1736700 491
1736710 491
1736720 491
1736730 491
1736740 491
1736750 491
1736760 491
1736770 492
1736780 495
1736790 495
1736800 493
1736810 492
1736820 492
1736830 492
1736840 491
1736850 491
1736860 489
1736870 489
1736880 488
1736890 488
1736900 487
1736910 485
1736920 485
1736930 483
1736940 481
1736950 481
1736960 479
1736970 477
1736980 477
1736990 476
1737000 474
1737010 474
1737020 473
1737030 471
1737040 471
1737050 469
1737060 467
1737070 467
1737080 464
1737090 461
1737100 459
1737110 459
1737120 456
1737130 454
1737140 454
1737150 452
1737160 450
1737170 450
1737180 448
1737190 447
1737200 447
1737210 446
1737220 446
1737230 446
1737240 445
1737250 449
1737260 449
1737270 452
1737280 455
1737290 455
1737300 456
1737310 457
1737320 460
1737330 460
1737340 464
1737350 466
1737360 466
1737370 468
1737380 470
1737390 470
1737400 471
1737410 473
1737420 473
1737430 476
1737440 478
1737450 478
1737460 480
1737470 482
1737480 482
1737490 483
1737500 485
1737510 485
1737520 487
1737530 488
1737540 490
1737550 490
1737560 492
1737570 495
1737580 495
1737590 499
1737600 503
1737610 503
1737620 506
1737630 506
1737640 506
1737650 504
1737660 502
1737670 502
1737680 500
1737690 498
1737700 498
1737710 497
1737720 495
1737730 495
1737740 493
1737750 491
1737760 490
1737770 490
1737780 489
1737790 489
1737800 489
1737810 488
1737820 486
1737830 486
1737840 485
1737850 484
1737860 484
1737870 482
1737880 481
1737890 481
1737900 480
1737910 479
1737920 479
1737930 477
1737940 475
1737950 475
1737960 472
1737970 471
1737980 470
1737990 470
1738000 469
1738010 468
1738020 468
1738030 466
1738040 465
1738050 465
1738060 464
1738070 463
1738080 463
1738090 461
1738100 459
1738110 459
1738120 456
1738130 454
1738140 454
1738150 452
1738160 451
1738170 448
1738180 448
1738190 445
1738200 442
1738210 442
1738220 441
1738230 439
1738240 439
1738250 438
1738260 436
1738270 436
1738280 433
1738290 431
1738300 431
1738310 430
1738320 429
1738330 429
1738340 428
1738350 427
1738360 427
1738370 429
1738380 434
1738390 436
1738400 436
1738410 437
1738420 438
1738430 438
1738440 439
1738450 439
1738460 439
1738470 438
1738480 437
1738490 437
1738500 435
1738510 434
1738520 434
1738530 434
1738540 434
1738550 434
1738560 433
1738570 433
1738580 433
1738590 434
1738600 434
1738610 433
1738620 433
1738630 433
1738640 433
1738650 433
1738660 433
1738670 433
1738680 433
1738690 431
1738700 423
1738710 423
1738720 422
1738730 428
1738740 428
1738750 426
1738760 424
1738770 424
1738780 423
1738790 422
1738800 422
1738810 422
1738820 420
1738830 420
1738840 420
1738850 420
1738860 420
1738870 420
1738880 420
1738890 419
1738900 419
1738910 419
1738920 419
1738930 419
1738940 419
1738950 419
1738960 419
1738970 418
1738980 418
1738990 418
1739000 418
1739010 418
1739020 418
1739030 417
1739040 417
1739050 417
1739060 417
1739070 417
1739080 417
1739090 417
1739100 416
1739110 416
1739120 416
1739130 416
1739140 416
1739150 416
1739160 416
1739170 416
1739180 416
1739190 416
1739200 416
1739210 416
1739220 415
1739230 415
1739240 415
1739250 415
1739260 415
1739270 415
1739280 415
1739290 415
1739300 414
1739310 414
1739320 414
1739330 415
1739340 415
1739350 415
1739360 416
1739370 416
1739380 416
1739390 416
1739400 416
1739410 417
1739420 418
1739430 418
1739440 419
1739450 421
1739460 421
1739470 422
1739480 424
1739490 428
1739500 428
1739510 431
1739520 435
1739530 435
1739540 437
1739550 438
1739560 438
1739570 439
1739580 440
1739590 440
1739600 440
1739610 443
1739620 443
1739630 446
1739640 451
1739650 451
1739660 453
1739670 456
1739680 456
1739690 459
1739700 462
1739710 462
1739720 462
1739730 460
1739740 458
1739750 458
1739760 455
1739770 454
1739780 454
1739790 453
1739800 454
1739810 454
1739820 455
1739830 455
1739840 455
1739850 454
1739860 452
1739870 452
1739880 450
1739890 448
1739900 446
1739910 446
1739920 443
1739930 441
1739940 441
1739950 439
1739960 436
1739970 436
1739980 432
1739990 430
