1720000 362
1720010 362
1720020 362
1720030 362
1720040 362
1720050 362
1720060 362
1720070 362
1720080 363
1720090 363
1720100 363
1720110 363
1720120 363
1720130 363
1720140 363
1720150 363
1720160 363
1720170 363
1720180 364
1720190 365
1720200 365
1720210 364
1720220 364
1720230 364
1720240 364
1720250 364
1720260 364
1720270 364
1720280 364
1720290 364
1720300 364
1720310 364
1720320 364
1720330 364
1720340 364
1720350 364
1720360 364
1720370 364
1720380 364
1720390 364
1720400 364
1720410 364
1720420 364
1720430 364
1720440 364
1720450 364
1720460 364
1720470 363
1720480 363
1720490 363
1720500 364
1720510 364
1720520 366
1720530 365
1720540 365
1720550 364
1720560 364
1720570 364
1720580 364
1720590 365
1720600 365
1720610 365
1720620 365
1720630 365
1720640 365
1720650 365
1720660 365
1720670 365
1720680 365
1720690 364
1720700 364
1720710 364
1720720 364
1720730 364
1720740 364
1720750 364
1720760 364
1720770 364
1720780 364
1720790 364
1720800 364
1720810 364
1720820 364
1720830 364
1720840 364
1720850 364
1720860 364
1720870 364
1720880 364
1720890 364
1720900 365
1720910 365
1720920 365
1720930 364
1720940 365
1720950 365
1720960 365
1720970 365
1720980 361
1720990 361
1721000 364
1721010 366
1721020 366
1721030 368
1721040 370
1721050 370
1721060 370
1721070 372
1721080 372
1721090 372
1721100 372
1721110 372
1721120 372
1721130 375
1721140 375
1721150 377
1721160 377
1721170 377
1721180 378
1721190 379
1721200 381
1721210 381
1721220 384
1721230 387
1721240 387
1721250 390
1721260 391
1721270 391
1721280 393
1721290 396
1721300 396
1721310 397
1721320 397
1721330 397
1721340 396
1721350 398
1721360 398
1721370 400
1721380 402
1721390 402
1721400 404
1721410 404
1721420 405
1721430 405
1721440 406
1721450 406
1721460 406
1721470 407
1721480 409
1721490 409
1721500 411
1721510 412
1721520 412
1721530 413
1721540 413
1721550 413
1721560 413
1721570 414
1721580 414
1721590 415
1721600 416
1721610 416
1721620 414
1721630 413
1721640 416
1721650 416
1721660 418
1721670 420
1721680 420
1721690 422
1721700 424
1721710 424
1721720 424
1721730 424
1721740 424
1721750 424
1721760 425
1721770 425
1721780 425
1721790 426
1721800 426
1721810 426
1721820 427
1721830 427
1721840 427
1721850 427
1721860 428
1721870 428
1721880 429
1721890 429
1721900 429
1721910 429
1721920 427
1721930 427
1721940 427
1721950 425
1721960 425
1721970 424
1721980 427
1721990 427
1722000 426
1722010 425
1722020 425
1722030 427
1722040 426
1722050 426
1722060 426
1722070 426
1722080 426
1722090 426
1722100 427
1722110 427
1722120 427
1722130 427
1722140 427
1722150 427
1722160 427
1722170 427
1722180 427
1722190 426
1722200 426
1722210 426
1722220 426
1722230 426
1722240 426
1722250 426
1722260 426
1722270 426
1722280 426
1722290 427
1722300 427
1722310 427
1722320 428
1722330 428
1722340 428
1722350 428
1722360 428
1722370 428
1722380 429
1722390 429
1722400 429
1722410 430
1722420 430
1722430 430
1722440 430
1722450 431
1722460 431
1722470 432
1722480 432
1722490 432
1722500 433
1722510 433
1722520 432
1722530 432
1722540 432
1722550 432
1722560 432
1722570 432
1722580 433
1722590 433
1722600 434
1722610 434
1722620 434
1722630 434
1722640 434
1722650 434
1722660 434
1722670 434
1722680 434
1722690 434
1722700 434
1722710 434
1722720 435
1722730 434
1722740 435
1722750 435
1722760 435
1722770 434
1722780 434
1722790 433
1722800 433
1722810 433
1722820 432
1722830 431
1722840 429
1722850 428
1722860 427
1722870 427
1722880 426
1722890 426
1722900 426
1722910 425
1722920 423
1722930 423
1722940 422
1722950 422
1722960 421
1722970 421
1722980 421
1722990 421
1723000 421
1723010 420
1723020 420
1723030 420
1723040 419
1723050 420
1723060 420
1723070 420
1723080 420
1723090 420
1723100 420
1723110 420
1723120 420
1723130 421
1723140 422
1723150 422
1723160 422
1723170 423
1723180 424
1723190 424
1723200 425
1723210 426
1723220 426
1723230 426
1723240 427
1723250 427
1723260 428
1723270 428
1723280 428
1723290 427
1723300 427
1723310 427
1723320 426
1723330 426
1723340 426
1723350 425
1723360 426
1723370 426
1723380 426
1723390 426
1723400 426
1723410 426
1723420 426
1723430 425
1723440 425
1723450 425
1723460 425
1723470 425
1723480 425
1723490 425
1723500 425
1723510 424
1723520 424
1723530 424
1723540 424
1723550 425
1723560 425
1723570 424
1723580 424
1723590 423
1723600 423
1723610 423
1723620 423
1723630 423
1723640 422
1723650 422
1723660 422
1723670 422
1723680 422
1723690 422
1723700 422
1723710 422
1723720 422
1723730 422
1723740 421
1723750 421
1723760 421
1723770 421
1723780 421
1723790 420
1723800 420
1723810 420
1723820 420
1723830 420
1723840 420
1723850 420
1723860 420
1723870 420
1723880 420
1723890 420
1723900 420
1723910 420
1723920 420
1723930 420
1723940 420
1723950 420
1723960 420
1723970 420
1723980 420
1723990 420
1724000 420
1724010 420
1724020 420
1724030 420
1724040 420
1724050 420
1724060 420
1724070 420
1724080 420
1724090 420
1724100 420
1724110 420
1724120 420
1724130 420
1724140 420
1724150 420
1724160 420
1724170 420
1724180 420
1724190 420
1724200 420
1724210 420
1724220 420
1724230 420
1724240 420
1724250 420
1724260 420
1724270 419
1724280 419
1724290 419
1724300 419
1724310 419
1724320 419
1724330 418
1724340 418
1724350 418
1724360 418
1724370 419
1724380 419
1724390 419
1724400 419
1724410 419
1724420 417
1724430 417
1724440 417
1724450 416
1724460 414
1724470 413
1724480 413
1724490 412
1724500 410
1724510 410
1724520 411
1724530 412
1724540 412
1724550 413
1724560 414
1724570 414
1724580 415
1724590 414
1724600 414
1724610 413
1724620 412
1724630 412
1724640 411
1724650 410
1724660 410
1724670 410
1724680 409
1724690 413
1724700 413
1724710 415
1724720 415
1724730 415
1724740 415
1724750 417
1724760 417
1724770 419
1724780 420
1724790 420
1724800 421
1724810 421
1724820 421
1724830 422
1724840 423
1724850 423
1724860 423
1724870 423
1724880 423
1724890 422
1724900 423
1724910 424
1724920 424
1724930 425
1724940 425
1724950 425
1724960 425
1724970 424
1724980 424
1724990 423
1725000 421
1725010 421
1725020 421
1725030 420
1725040 420
1725050 420
1725060 419
1725070 419
1725080 419
1725090 418
1725100 418
1725110 416
1725120 416
1725130 415
1725140 415
1725150 414
1725160 414
1725170 414
1725180 414
1725190 414
1725200 413
1725210 412
1725220 411
1725230 411
1725240 411
1725250 410
1725260 410
1725270 409
1725280 409
1725290 409
1725300 409
1725310 407
1725320 407
1725330 407
1725340 407
1725350 408
1725360 408
1725370 409
1725380 408
1725390 408
1725400 409
1725410 409
1725420 409
1725430 408
1725440 408
1725450 408
1725460 407
1725470 407
1725480 407
1725490 406
1725500 405
1725510 405
1725520 405
1725530 405
1725540 404
1725550 404
1725560 405
1725570 404
1725580 404
1725590 404
1725600 404
1725610 404
1725620 403
1725630 403
1725640 403
1725650 403
1725660 403
1725670 403
1725680 403
1725690 402
1725700 402
1725710 402
1725720 402
1725730 402
1725740 402
1725750 402
1725760 402
1725770 402
1725780 401
1725790 401
1725800 401
1725810 401
1725820 401
1725830 401
1725840 400
1725850 401
1725860 401
1725870 401
1725880 401
1725890 401
1725900 401
1725910 401
1725920 401
1725930 402
1725940 401
1725950 401
1725960 401
1725970 402
1725980 401
1725990 401
1726000 401
1726010 401
1726020 401
1726030 401
1726040 402
1726050 402
1726060 401
1726070 400
1726080 400
1726090 400
1726100 402
1726110 402
1726120 402
1726130 402
1726140 402
1726150 402
1726160 402
1726170 402
1726180 402
1726190 400
1726200 402
1726210 402
1726220 403
1726230 403
1726240 403
1726250 404
1726260 404
1726270 404
1726280 403
1726290 403
1726300 403
1726310 402
1726320 403
1726330 403
1726340 403
1726350 404
1726360 404
1726370 404
1726380 404
1726390 404
1726400 404
1726410 404
1726420 404
1726430 404
1726440 405
1726450 405
1726460 405
1726470 405
1726480 405
1726490 405
1726500 405
1726510 405
1726520 405
1726530 406
1726540 407
1726550 407
1726560 406
1726570 406
1726580 406
1726590 405
1726600 403
1726610 403
1726620 402
1726630 404
1726640 404
1726650 404
1726660 405
1726670 405
1726680 405
1726690 405
1726700 405
1726710 405
1726720 404
1726730 408
1726740 408
1726750 408
1726760 408
1726770 408
1726780 408
1726790 405
1726800 405
1726810 405
1726820 405
1726830 405
1726840 405
1726850 406
1726860 408
1726870 408
1726880 409
1726890 409
1726900 409
1726910 409
1726920 409
1726930 409
1726940 409
1726950 410
1726960 410
1726970 410
1726980 410
1726990 410
1727000 411
1727010 411
1727020 411
1727030 411
1727040 411
1727050 411
1727060 411
1727070 412
1727080 412
1727090 412
1727100 413
1727110 413
1727120 413
1727130 413
1727140 413
1727150 413
1727160 413
1727170 413
1727180 413
1727190 413
1727200 414
1727210 414
1727220 414
1727230 414
1727240 414
1727250 414
1727260 414
1727270 414
1727280 414
1727290 414
1727300 414
1727310 414
1727320 415
1727330 416
1727340 416
1727350 417
1727360 417
1727370 417
1727380 418
1727390 418
1727400 418
1727410 419
1727420 420
1727430 420
1727440 421
1727450 423
1727460 420
1727470 421
1727480 424
1727490 424
1727500 424
1727510 428
1727520 432
1727530 432
1727540 437
1727550 439
1727560 439
1727570 440
1727580 441
1727590 441
1727600 441
1727610 442
1727620 442
1727630 442
1727640 442
1727650 442
1727660 443
1727670 442
1727680 442
1727690 443
1727700 443
1727710 443
1727720 443
1727730 442
1727740 440
1727750 440
1727760 437
1727770 435
1727780 435
1727790 432
1727800 432
1727810 432
1727820 436
1727830 438
1727840 438
1727850 439
1727860 438
1727870 438
1727880 438
1727890 438
1727900 438
1727910 438
1727920 436
1727930 435
1727940 435
1727950 435
1727960 433
1727970 433
1727980 432
1727990 429
1728000 429
1728010 426
1728020 425
1728030 425
1728040 424
1728050 423
1728060 423
1728070 423
1728080 422
1728090 422
1728100 421
1728110 421
1728120 421
1728130 422
1728140 422
1728150 422
1728160 422
1728170 422
1728180 423
1728190 423
1728200 423
1728210 423
1728220 423
1728230 423
1728240 424
1728250 424
1728260 424
1728270 424
1728280 424
1728290 424
1728300 424
1728310 424
1728320 424
1728330 425
1728340 425
1728350 425
1728360 425
1728370 425
1728380 425
1728390 425
1728400 426
1728410 426
1728420 426
1728430 426
1728440 426
1728450 426
1728460 426
1728470 426
1728480 427
1728490 427
1728500 427
1728510 427
1728520 427
1728530 427
1728540 427
1728550 427
1728560 427
1728570 427
1728580 427
1728590 428
1728600 428
1728610 428
1728620 428
1728630 428
1728640 428
1728650 428
1728660 428
1728670 430
1728680 431
1728690 431
1728700 434
1728710 436
1728720 436
1728730 437
1728740 436
1728750 436
1728760 437
1728770 438
1728780 438
1728790 444
1728800 446
1728810 445
1728820 445
1728830 445
1728840 446
1728850 446
1728860 447
1728870 449
1728880 449
1728890 449
1728900 447
1728910 447
1728920 447
1728930 448
1728940 448
1728950 445
1728960 444
1728970 444
1728980 446
1728990 449
1729000 449
1729010 451
1729020 454
1729030 456
1729040 456
1729050 458
1729060 461
1729070 461
1729080 462
1729090 463
1729100 463
1729110 465
1729120 466
1729130 466
1729140 468
1729150 468
1729160 468
1729170 470
1729180 470
1729190 470
1729200 471
1729210 471
1729220 471
1729230 472
1729240 472
1729250 473
1729260 473
1729270 473
1729280 470
1729290 470
1729300 465
1729310 465
1729320 465
1729330 472
1729340 476
1729350 476
1729360 478
1729370 479
1729380 479
1729390 481
1729400 483
1729410 483
1729420 480
1729430 480
1729440 480
1729450 481
1729460 483
1729470 488
1729480 488
1729490 491
1729500 490
1729510 490
1729520 490
1729530 488
1729540 488
1729550 492
1729560 496
1729570 496
1729580 498
1729590 499
1729600 499
1729610 500
1729620 500
1729630 500
1729640 501
1729650 502
1729660 502
1729670 504
1729680 505
1729690 507
1729700 507
1729710 507
1729720 507
1729730 507
1729740 507
1729750 507
1729760 507
1729770 505
1729780 503
1729790 503
1729800 501
1729810 499
1729820 499
1729830 498
1729840 496
1729850 496
1729860 494
1729870 492
1729880 492
1729890 491
1729900 488
1729910 483
1729920 483
1729930 480
1729940 478
1729950 478
1729960 475
1729970 473
1729980 473
1729990 471
1730000 469
1730010 469
1730020 467
1730030 465
1730040 465
1730050 463
1730060 460
1730070 460
1730080 455
1730090 454
1730100 454
1730110 453
1730120 453
1730130 454
1730140 454
1730150 454
1730160 454
1730170 454
1730180 453
1730190 454
1730200 454
1730210 456
1730220 457
1730230 457
1730240 458
1730250 460
1730260 460
1730270 461
1730280 463
1730290 463
1730300 464
1730310 465
1730320 467
1730330 467
1730340 469
1730350 474
1730360 474
1730370 477
1730380 473
1730390 473
1730400 468
1730410 462
1730420 462
1730430 460
1730440 459
1730450 459
1730460 457
1730470 455
1730480 455
1730490 453
1730500 450
1730510 450
1730520 448
1730530 447
1730540 445
1730550 445
1730560 444
1730570 443
1730580 443
1730590 442
1730600 443
1730610 443
1730620 443
1730630 444
1730640 444
1730650 444
1730660 446
1730670 446
1730680 446
1730690 446
1730700 446
1730710 445
1730720 445
1730730 445
1730740 445
1730750 445
1730760 445
1730770 445
1730780 445
1730790 445
1730800 445
1730810 445
1730820 444
1730830 444
1730840 443
1730850 443
1730860 443
1730870 443
1730880 444
1730890 444
1730900 444
1730910 444
1730920 444
1730930 445
1730940 445
1730950 445
1730960 445
1730970 446
1730980 446
1730990 446
1731000 446
1731010 446
1731020 446
1731030 446
1731040 446
1731050 446
1731060 448
1731070 449
1731080 449
1731090 452
1731100 453
1731110 453
1731120 450
1731130 450
1731140 450
1731150 451
1731160 455
1731170 455
1731180 459
1731190 463
1731200 465
1731210 465
1731220 467
1731230 468
1731240 468
1731250 469
1731260 471
1731270 471
1731280 472
1731290 473
1731300 473
1731310 475
1731320 475
1731330 475
1731340 476
1731350 476
1731360 476
1731370 477
1731380 477
1731390 477
1731400 477
1731410 477
1731420 477
1731430 477
1731440 477
1731450 477
1731460 477
1731470 477
1731480 475
1731490 475
1731500 476
1731510 477
1731520 477
1731530 479
1731540 480
1731550 480
1731560 480
1731570 480
1731580 480
1731590 482
1731600 483
1731610 483
1731620 484
1731630 485
1731640 487
1731650 487
1731660 488
1731670 489
1731680 489
1731690 491
1731700 493
1731710 493
1731720 495
1731730 496
1731740 496
1731750 497
1731760 498
1731770 498
1731780 499
1731790 501
1731800 501
1731810 502
1731820 501
1731830 501
1731840 499
1731850 497
1731860 496
1731870 496
1731880 495
1731890 492
1731900 492
1731910 488
1731920 486
1731930 486
1731940 485
1731950 484
1731960 484
1731970 483
1731980 480
1731990 480
1732000 476
1732010 472
1732020 472
1732030 471
1732040 471
1732050 471
1732060 470
1732070 469
1732080 469
1732090 469
1732100 467
1732110 466
1732120 466
1732130 465
1732140 463
1732150 463
1732160 461
1732170 461
1732180 461
1732190 460
1732200 460
1732210 460
1732220 459
1732230 457
1732240 457
1732250 450
1732260 447
1732270 447
1732280 449
1732290 452
1732300 450
1732310 450
1732320 447
1732330 445
1732340 445
1732350 443
1732360 442
1732370 442
1732380 441
1732390 440
1732400 440
1732410 437
1732420 438
1732430 438
1732440 438
1732450 438
1732460 438
1732470 437
1732480 437
1732490 437
1732500 440
1732510 440
1732520 445
1732530 445
1732540 448
1732550 443
1732560 443
1732570 440
1732580 438
1732590 438
1732600 438
1732610 436
1732620 436
1732630 434
1732640 433
1732650 433
1732660 433
1732670 432
1732680 432
1732690 432
1732700 432
1732710 432
1732720 432
1732730 432
1732740 431
1732750 431
1732760 432
1732770 430
1732780 430
1732790 431
1732800 435
1732810 435
1732820 441
1732830 443
1732840 443
1732850 444
1732860 445
1732870 445
1732880 447
1732890 449
1732900 449
1732910 450
1732920 452
1732930 453
1732940 453
1732950 454
1732960 455
1732970 455
1732980 456
1732990 458
1733000 458
1733010 460
1733020 462
1733030 462
1733040 463
1733050 465
1733060 465
1733070 465
1733080 466
1733090 466
1733100 466
1733110 467
1733120 467
1733130 468
1733140 466
1733150 466
1733160 466
1733170 466
1733180 468
1733190 468
1733200 471
1733210 471
1733220 471
1733230 472
1733240 473
1733250 473
1733260 474
1733270 476
1733280 476
1733290 478
1733300 481
1733310 481
1733320 481
1733330 484
1733340 484
1733350 488
1733360 491
1733370 494
1733380 494
1733390 495
1733400 496
1733410 496
1733420 497
1733430 498
1733440 498
1733450 499
1733460 499
1733470 499
1733480 498
1733490 497
1733500 497
1733510 496
1733520 494
1733530 494
1733540 492
1733550 487
1733560 487
1733570 485
1733580 482
1733590 479
1733600 479
1733610 475
1733620 474
1733630 474
1733640 474
1733650 474
1733660 474
1733670 471
1733680 472
1733690 472
1733700 475
1733710 478
1733720 478
1733730 480
1733740 481
1733750 481
1733760 484
1733770 488
1733780 488
1733790 491
1733800 492
1733810 494
1733820 494
1733830 495
1733840 497
1733850 497
1733860 499
1733870 502
1733880 502
1733890 506
1733900 509
1733910 509
1733920 512
1733930 513
1733940 513
1733950 515
1733960 517
1733970 517
1733980 518
1733990 518
1734000 518
1734010 518
1734020 518
1734030 517
1734040 517
1734050 516
1734060 513
1734070 513
1734080 510
1734090 508
1734100 508
1734110 508
1734120 507
1734130 507
1734140 504
1734150 502
1734160 502
1734170 501
1734180 501
1734190 501
1734200 499
1734210 500
1734220 500
1734230 500
1734240 500
1734250 499
1734260 499
1734270 498
1734280 498
1734290 498
1734300 497
1734310 496
1734320 496
1734330 496
1734340 497
1734350 497
1734360 497
1734370 496
1734380 496
1734390 496
1734400 496
1734410 496
1734420 496
1734430 498
1734440 498
1734450 497
1734460 498
1734470 498
1734480 498
1734490 497
1734500 496
1734510 496
1734520 495
1734530 495
1734540 495
1734550 494
1734560 493
1734570 493
1734580 490
1734590 489
1734600 489
1734610 486
1734620 484
1734630 484
1734640 482
1734650 480
1734660 480
1734670 479
1734680 477
1734690 475
1734700 475
1734710 474
1734720 473
1734730 473
1734740 474
1734750 476
1734760 476
1734770 480
1734780 484
1734790 484
1734800 486
1734810 487
1734820 487
1734830 488
1734840 488
1734850 488
1734860 488
1734870 487
1734880 487
1734890 486
1734900 486
1734910 486
1734920 486
1734930 487
1734940 486
1734950 486
1734960 487
1734970 490
1734980 490
1734990 493
1735000 495
1735010 495
1735020 497
1735030 500
1735040 500
1735050 500
1735060 502
1735070 502
1735080 502
1735090 504
1735100 507
1735110 507
1735120 508
1735130 510
1735140 510
1735150 511
1735160 513
1735170 513
1735180 517
1735190 517
1735200 517
1735210 516
1735220 519
1735230 519
1735240 521
1735250 520
1735260 520
1735270 520
1735280 518
1735290 518
1735300 515
1735310 515
1735320 512
1735330 512
1735340 509
1735350 506
1735360 506
1735370 504
1735380 500
1735390 500
1735400 496
1735410 493
1735420 493
1735430 491
1735440 490
1735450 490
1735460 492
1735470 496
1735480 496
1735490 497
1735500 502
1735510 502
1735520 508
1735530 509
1735540 512
1735550 512
1735560 514
1735570 515
1735580 515
1735590 517
1735600 519
1735610 519
1735620 521
1735630 524
1735640 524
1735650 526
1735660 529
1735670 529
1735680 529
1735690 530
1735700 530
1735710 530
1735720 530
1735730 530
1735740 528
1735750 527
1735760 525
1735770 525
1735780 521
1735790 518
1735800 518
1735810 515
1735820 512
1735830 512
1735840 510
1735850 507
1735860 507
1735870 505
1735880 504
1735890 504
1735900 503
1735910 502
1735920 502
1735930 498
1735940 493
1735950 493
1735960 492
1735970 493
1735980 493
1735990 493
1736000 495
1736010 495
1736020 495
1736030 496
1736040 495
1736050 495
1736060 494
1736070 495
1736080 495
1736090 499
1736100 499
1736110 499
1736120 499
1736130 500
1736140 500
1736150 500
1736160 500
1736170 500
1736180 501
1736190 500
1736200 500
1736210 500
1736220 499
1736230 498
1736240 498
1736250 495
1736260 493
1736270 493
1736280 492
1736290 490
1736300 490
1736310 490
1736320 490
1736330 490
1736340 490
1736350 489
1736360 489
1736370 490
1736380 493
1736390 493
1736400 496
1736410 499
1736420 499
1736430 499
1736440 503
1736450 506
1736460 506
1736470 508
1736480 511
1736490 511
1736500 513
1736510 514
1736520 514
1736530 515
1736540 517
1736550 517
1736560 520
1736570 524
1736580 524
1736590 525
1736600 526
1736610 526
1736620 526
1736630 527
1736640 527
1736650 527
1736660 527
1736670 526
1736680 526
1736690 526
1736700 525
1736710 525
1736720 525
1736730 524
1736740 524
1736750 524
1736760 523
1736770 523
1736780 522
1736790 521
1736800 521
1736810 521
1736820 521
1736830 521
1736840 521
1736850 520
1736860 520
1736870 520
1736880 520
1736890 520
1736900 520
1736910 520
1736920 519
1736930 519
1736940 518
1736950 517
1736960 517
1736970 516
1736980 515
1736990 515
1737000 514
1737010 513
1737020 513
1737030 512
1737040 512
1737050 512
1737060 511
1737070 511
1737080 511
1737090 511
1737100 511
1737110 510
1737120 510
1737130 509
1737140 509
1737150 509
1737160 506
1737170 505
1737180 505
1737190 504
1737200 503
1737210 503
1737220 502
1737230 501
1737240 501
1737250 501
1737260 500
1737270 500
1737280 499
1737290 499
1737300 497
1737310 497
1737320 497
1737330 498
1737340 498
1737350 499
1737360 499
1737370 499
1737380 500
1737390 501
1737400 501
1737410 501
1737420 502
1737430 502
1737440 504
1737450 506
1737460 506
1737470 507
1737480 508
1737490 509
1737500 509
1737510 509
1737520 509
1737530 509
1737540 511
1737550 512
1737560 512
1737570 512
1737580 513
1737590 513
1737600 513
1737610 514
1737620 514
1737630 514
1737640 514
1737650 514
1737660 514
1737670 513
1737680 513
1737690 512
1737700 512
1737710 511
1737720 511
1737730 510
1737740 509
1737750 509
1737760 507
1737770 502
1737780 502
1737790 499
1737800 498
1737810 498
1737820 497
1737830 498
1737840 498
1737850 500
1737860 502
1737870 502
1737880 503
1737890 504
1737900 504
1737910 505
1737920 506
1737930 505
1737940 505
1737950 503
1737960 501
1737970 501
1737980 499
1737990 497
1738000 497
1738010 495
1738020 495
1738030 495
1738040 496
1738050 493
1738060 493
1738070 493
1738080 492
1738090 492
1738100 489
1738110 488
1738120 488
1738130 490
1738140 487
1738150 482
1738160 482
1738170 483
1738180 483
1738190 483
1738200 482
1738210 486
1738220 486
1738230 492
1738240 494
1738250 494
1738260 495
1738270 497
1738280 497
1738290 498
1738300 500
1738310 500
1738320 501
1738330 502
1738340 502
1738350 503
1738360 503
1738370 504
1738380 504
1738390 504
1738400 505
1738410 505
1738420 505
1738430 504
1738440 504
1738450 503
1738460 502
1738470 502
1738480 501
1738490 498
1738500 498
1738510 496
1738520 493
1738530 493
1738540 491
1738550 489
1738560 489
1738570 487
1738580 485
1738590 484
1738600 484
1738610 482
1738620 481
1738630 481
1738640 480
1738650 479
1738660 479
1738670 479
1738680 478
1738690 478
1738700 477
1738710 476
1738720 476
1738730 476
1738740 475
1738750 475
1738760 474
1738770 473
1738780 473
1738790 472
1738800 470
1738810 470
1738820 470
1738830 472
1738840 470
1738850 470
1738860 468
1738870 464
1738880 464
1738890 462
1738900 461
1738910 461
1738920 460
1738930 459
1738940 459
1738950 460
1738960 459
1738970 459
1738980 458
1738990 459
1739000 459
1739010 459
1739020 460
1739030 463
1739040 463
1739050 466
1739060 467
1739070 467
1739080 466
1739090 469
1739100 469
1739110 473
1739120 477
1739130 477
1739140 481
1739150 483
1739160 483
1739170 484
1739180 486
1739190 486
1739200 490
1739210 493
1739220 493
1739230 496
1739240 497
1739250 499
1739260 499
1739270 501
1739280 501
1739290 501
1739300 501
1739310 501
1739320 501
1739330 498
1739340 496
1739350 496
1739360 493
1739370 491
1739380 491
1739390 489
1739400 487
1739410 487
1739420 487
1739430 485
1739440 485
1739450 482
1739460 479
1739470 476
1739480 476
1739490 471
1739500 467
1739510 467
1739520 465
1739530 464
1739540 464
1739550 461
1739560 453
1739570 453
1739580 449
1739590 449
1739600 449
1739610 449
1739620 449
1739630 449
1739640 447
1739650 449
1739660 449
1739670 446
1739680 447
1739690 448
1739700 448
1739710 453
1739720 455
1739730 455
1739740 456
1739750 456
1739760 456
1739770 458
1739780 462
1739790 462
1739800 466
1739810 468
1739820 468
1739830 469
1739840 469
1739850 469
1739860 470
1739870 471
1739880 472
1739890 472
1739900 473
1739910 473
1739920 473
1739930 473
1739940 472
1739950 472
1739960 471
1739970 468
1739980 468
1739990 464
