1720000 370
1720010 369
1720020 370
1720030 370
1720040 370
1720050 370
1720060 370
1720070 371
1720080 373
1720090 373
1720100 374
1720110 374
1720120 374
1720130 374
1720140 375
1720150 375
1720160 375
1720170 375
1720180 375
1720190 375
1720200 375
1720210 379
1720220 379
1720230 379
1720240 380
1720250 380
1720260 380
1720270 379
1720280 379
1720290 379
1720300 379
1720310 379
1720320 380
1720330 380
1720340 380
1720350 380
1720360 380
1720370 380
1720380 380
1720390 379
1720400 379
1720410 379
1720420 379
1720430 378
1720440 378
1720450 377
1720460 375
1720470 375
1720480 375
1720490 375
1720500 375
1720510 374
1720520 374
1720530 374
1720540 373
1720550 373
1720560 373
1720570 373
1720580 372
1720590 372
1720600 372
1720610 372
1720620 372
1720630 372
1720640 372
1720650 372
1720660 372
1720670 372
1720680 372
1720690 372
1720700 372
1720710 372
1720720 372
1720730 372
1720740 372
1720750 372
1720760 371
1720770 371
1720780 371
1720790 371
1720800 371
1720810 371
1720820 371
1720830 371
1720840 371
1720850 371
1720860 371
1720870 371
1720880 371
1720890 371
1720900 371
1720910 371
1720920 371
1720930 371
1720940 371
1720950 371
1720960 371
1720970 371
1720980 370
1720990 371
1721000 371
1721010 371
1721020 371
1721030 371
1721040 372
1721050 373
1721060 375
1721070 375
1721080 376
1721090 377
1721100 377
1721110 379
1721120 379
1721130 379
1721140 379
1721150 379
1721160 379
1721170 381
1721180 384
1721190 384
1721200 385
1721210 384
1721220 384
1721230 384
1721240 384
1721250 384
1721260 384
1721270 384
1721280 385
1721290 385
1721300 384
1721310 385
1721320 385
1721330 384
1721340 385
1721350 385
1721360 384
1721370 384
1721380 384
1721390 384
1721400 383
1721410 383
1721420 384
1721430 383
1721440 383
1721450 383
1721460 383
1721470 383
1721480 386
1721490 386
1721500 386
1721510 386
1721520 386
1721530 386
1721540 386
1721550 386
1721560 386
1721570 386
1721580 386
1721590 386
1721600 386
1721610 386
1721620 386
1721630 386
1721640 387
1721650 387
1721660 387
1721670 386
1721680 386
1721690 386
1721700 386
1721710 386
1721720 386
1721730 386
1721740 386
1721750 386
1721760 386
1721770 386
1721780 386
1721790 386
1721800 383
1721810 380
1721820 380
1721830 377
1721840 377
1721850 377
1721860 377
1721870 377
1721880 377
1721890 377
1721900 377
1721910 377
1721920 376
1721930 373
1721940 372
1721950 372
1721960 372
1721970 374
1721980 374
1721990 376
1722000 378
1722010 378
1722020 378
1722030 378
1722040 378
1722050 377
1722060 374
1722070 374
1722080 377
1722090 379
1722100 379
1722110 379
1722120 380
1722130 380
1722140 381
1722150 381
1722160 382
1722170 382
1722180 383
1722190 383
1722200 383
1722210 384
1722220 385
1722230 385
1722240 386
1722250 388
1722260 388
1722270 388
1722280 389
1722290 389
1722300 389
1722310 390
1722320 390
1722330 391
1722340 392
1722350 392
1722360 393
1722370 394
1722380 397
1722390 397
1722400 397
1722410 398
1722420 398
1722430 399
1722440 400
1722450 400
1722460 402
1722470 403
1722480 403
1722490 404
1722500 406
1722510 406
1722520 407
1722530 409
1722540 409
1722550 410
1722560 411
1722570 411
1722580 412
1722590 413
1722600 414
1722610 414
1722620 415
1722630 416
1722640 416
1722650 416
1722660 417
1722670 417
1722680 418
1722690 417
1722700 417
1722710 413
1722720 412
1722730 412
1722740 411
1722750 411
1722760 411
1722770 410
1722780 409
1722790 409
1722800 409
1722810 408
1722820 406
1722830 406
1722840 407
1722850 408
1722860 408
1722870 411
1722880 414
1722890 414
1722900 418
1722910 421
1722920 421
1722930 423
1722940 426
1722950 426
1722960 427
1722970 427
1722980 427
1722990 427
1723000 426
1723010 426
1723020 426
1723030 425
1723040 423
1723050 423
1723060 420
1723070 418
1723080 418
1723090 416
1723100 416
1723110 416
1723120 416
1723130 415
1723140 415
1723150 414
1723160 414
1723170 414
1723180 413
1723190 411
1723200 411
1723210 409
1723220 409
1723230 409
1723240 408
1723250 407
1723260 406
1723270 406
1723280 407
1723290 413
1723300 413
1723310 418
1723320 421
1723330 421
1723340 422
1723350 423
1723360 423
1723370 424
1723380 425
1723390 425
1723400 426
1723410 426
1723420 426
1723430 427
1723440 427
1723450 427
1723460 428
1723470 428
1723480 428
1723490 428
1723500 427
1723510 427
1723520 427
1723530 427
1723540 426
1723550 426
1723560 426
1723570 425
1723580 425
1723590 424
1723600 423
1723610 423
1723620 421
1723630 419
1723640 419
1723650 419
1723660 418
1723670 418
1723680 415
1723690 413
1723700 413
1723710 413
1723720 412
1723730 409
1723740 409
1723750 408
1723760 409
1723770 409
1723780 409
1723790 410
1723800 410
1723810 412
1723820 414
1723830 414
1723840 415
1723850 417
1723860 417
1723870 418
1723880 421
1723890 421
1723900 422
1723910 424
1723920 426
1723930 426
1723940 428
1723950 430
1723960 430
1723970 431
1723980 432
1723990 432
1724000 433
1724010 433
1724020 433
1724030 433
1724040 434
1724050 434
1724060 434
1724070 434
1724080 434
1724090 434
1724100 434
1724110 434
1724120 433
1724130 433
1724140 433
1724150 433
1724160 433
1724170 433
1724180 433
1724190 434
1724200 434
1724210 434
1724220 434
1724230 432
1724240 432
1724250 432
1724260 431
1724270 431
1724280 430
1724290 428
1724300 428
1724310 428
1724320 428
1724330 428
1724340 428
1724350 427
1724360 427
1724370 427
1724380 427
1724390 427
1724400 427
1724410 426
1724420 425
1724430 425
1724440 424
1724450 423
1724460 423
1724470 422
1724480 420
1724490 420
1724500 419
1724510 417
1724520 417
1724530 416
1724540 414
1724550 414
1724560 414
1724570 413
1724580 412
1724590 412
1724600 410
1724610 409
1724620 409
1724630 409
1724640 407
1724650 407
1724660 407
1724670 407
1724680 407
1724690 408
1724700 409
1724710 409
1724720 410
1724730 411
1724740 411
1724750 411
1724760 412
1724770 412
1724780 412
1724790 412
1724800 412
1724810 412
1724820 411
1724830 411
1724840 411
1724850 411
1724860 410
1724870 410
1724880 410
1724890 410
1724900 410
1724910 410
1724920 409
1724930 409
1724940 409
1724950 408
1724960 408
1724970 408
1724980 407
1724990 407
1725000 406
1725010 406
1725020 405
1725030 405
1725040 405
1725050 404
1725060 404
1725070 404
1725080 403
1725090 403
1725100 403
1725110 403
1725120 403
1725130 401
1725140 399
1725150 399
1725160 402
1725170 403
1725180 403
1725190 405
1725200 406
1725210 407
1725220 407
1725230 407
1725240 408
1725250 408
1725260 409
1725270 410
1725280 410
1725290 410
1725300 411
1725310 411
1725320 412
1725330 412
1725340 412
1725350 413
1725360 414
1725370 414
1725380 415
1725390 416
1725400 416
1725410 417
1725420 418
1725430 419
1725440 419
1725450 420
1725460 421
1725470 421
1725480 422
1725490 423
1725500 423
1725510 424
1725520 425
1725530 425
1725540 425
1725550 426
1725560 426
1725570 427
1725580 428
1725590 428
1725600 430
1725610 431
1725620 431
1725630 431
1725640 432
1725650 432
1725660 432
1725670 432
1725680 432
1725690 432
1725700 433
1725710 433
1725720 433
1725730 434
1725740 434
1725750 434
1725760 435
1725770 435
1725780 435
1725790 435
1725800 435
1725810 435
1725820 436
1725830 437
1725840 437
1725850 439
1725860 439
1725870 441
1725880 441
1725890 440
1725900 440
1725910 440
1725920 441
1725930 442
1725940 442
1725950 444
1725960 447
1725970 447
1725980 448
1725990 451
1726000 451
1726010 456
1726020 461
1726030 461
1726040 465
1726050 466
1726060 466
1726070 466
1726080 463
1726090 464
1726100 464
1726110 464
1726120 463
1726130 463
1726140 462
1726150 459
1726160 459
1726170 454
1726180 454
1726190 454
1726200 451
1726210 450
1726220 450
1726230 452
1726240 456
1726250 456
1726260 458
1726270 455
1726280 455
1726290 461
1726300 467
1726310 471
1726320 471
1726330 476
1726340 476
1726350 476
1726360 476
1726370 472
1726380 472
1726390 472
1726400 473
1726410 473
1726420 475
1726430 473
1726440 473
1726450 477
1726460 475
1726470 475
1726480 478
1726490 478
1726500 478
1726510 478
1726520 482
1726530 482
1726540 482
1726550 484
1726560 487
1726570 487
1726580 489
1726590 491
1726600 491
1726610 493
1726620 494
1726630 494
1726640 495
1726650 495
1726660 495
1726670 496
1726680 496
1726690 496
1726700 496
1726710 495
1726720 495
1726730 494
1726740 493
1726750 492
1726760 492
1726770 490
1726780 487
1726790 487
1726800 483
1726810 481
1726820 481
1726830 479
1726840 481
1726850 481
1726860 479
1726870 478
1726880 478
1726890 481
1726900 482
1726910 482
1726920 482
1726930 482
1726940 482
1726950 484
1726960 488
1726970 490
1726980 490
1726990 492
1727000 495
1727010 495
1727020 497
1727030 498
1727040 498
1727050 501
1727060 503
1727070 503
1727080 505
1727090 507
1727100 507
1727110 509
1727120 510
1727130 510
1727140 512
1727150 512
1727160 512
1727170 513
1727180 511
1727190 509
1727200 509
1727210 507
1727220 505
1727230 505
1727240 504
1727250 503
1727260 503
1727270 501
1727280 499
1727290 499
1727300 497
1727310 495
1727320 495
1727330 493
1727340 491
1727350 491
1727360 491
1727370 491
1727380 491
1727390 490
1727400 488
1727410 484
1727420 484
1727430 482
1727440 481
1727450 481
1727460 479
1727470 477
1727480 477
1727490 473
1727500 468
1727510 468
1727520 464
1727530 462
1727540 462
1727550 461
1727560 460
1727570 460
1727580 458
1727590 457
1727600 457
1727610 456
1727620 452
1727630 450
1727640 450
1727650 447
1727660 444
1727670 444
1727680 442
1727690 440
1727700 440
1727710 440
1727720 439
1727730 439
1727740 437
1727750 436
1727760 436
1727770 435
1727780 434
1727790 434
1727800 433
1727810 431
1727820 431
1727830 429
1727840 428
1727850 427
1727860 427
1727870 427
1727880 426
1727890 426
1727900 425
1727910 425
1727920 425
1727930 425
1727940 425
1727950 425
1727960 426
1727970 427
1727980 427
1727990 428
1728000 429
1728010 429
1728020 428
1728030 428
1728040 428
1728050 428
1728060 428
1728070 429
1728080 429
1728090 427
1728100 428
1728110 428
1728120 426
1728130 426
1728140 426
1728150 425
1728160 426
1728170 426
1728180 426
1728190 426
1728200 426
1728210 425
1728220 426
1728230 426
1728240 426
1728250 426
1728260 426
1728270 426
1728280 426
1728290 426
1728300 426
1728310 426
1728320 427
1728330 427
1728340 427
1728350 427
1728360 427
1728370 427
1728380 426
1728390 426
1728400 427
1728410 428
1728420 428
1728430 429
1728440 429
1728450 429
1728460 430
1728470 433
1728480 433
1728490 435
1728500 437
1728510 438
1728520 438
1728530 442
1728540 446
1728550 444
1728560 447
1728570 447
1728580 447
1728590 448
1728600 449
1728610 449
1728620 450
1728630 449
1728640 449
1728650 449
1728660 449
1728670 449
1728680 448
1728690 450
1728700 450
1728710 450
1728720 451
1728730 451
1728740 451
1728750 448
1728760 450
1728770 450
1728780 452
1728790 450
1728800 450
1728810 451
1728820 453
1728830 453
1728840 455
1728850 458
1728860 458
1728870 458
1728880 459
1728890 459
1728900 459
1728910 456
1728920 456
1728930 458
1728940 462
1728950 467
1728960 467
1728970 468
1728980 472
1728990 472
1729000 473
1729010 476
1729020 476
1729030 480
1729040 486
1729050 486
1729060 490
1729070 495
1729080 495
1729090 499
1729100 502
1729110 502
1729120 504
1729130 505
1729140 505
1729150 506
1729160 506
1729170 506
1729180 506
1729190 506
1729200 506
1729210 506
1729220 506
1729230 506
1729240 506
1729250 506
1729260 506
1729270 506
1729280 506
1729290 506
1729300 506
1729310 506
1729320 507
1729330 507
1729340 507
1729350 507
1729360 507
1729370 509
1729380 509
1729390 510
1729400 510
1729410 512
1729420 513
1729430 513
1729440 515
1729450 516
1729460 516
1729470 517
1729480 518
1729490 518
1729500 518
1729510 518
1729520 518
1729530 516
1729540 515
1729550 515
1729560 513
1729570 510
1729580 507
1729590 507
1729600 504
1729610 501
1729620 501
1729630 497
1729640 494
1729650 494
1729660 492
1729670 490
1729680 490
1729690 484
1729700 481
1729710 481
1729720 480
1729730 479
1729740 479
1729750 477
1729760 474
1729770 474
1729780 472
1729790 470
1729800 468
1729810 468
1729820 466
1729830 464
1729840 464
1729850 463
1729860 462
1729870 462
1729880 461
1729890 461
1729900 461
1729910 462
1729920 463
1729930 463
1729940 465
1729950 466
1729960 466
1729970 467
1729980 468
1729990 468
1730000 469
1730010 470
1730020 470
1730030 470
1730040 471
1730050 471
1730060 471
1730070 471
1730080 471
1730090 471
1730100 472
1730110 471
1730120 471
1730130 471
1730140 470
1730150 470
1730160 470
1730170 470
1730180 470
1730190 469
1730200 469
1730210 469
1730220 468
1730230 468
1730240 467
1730250 467
1730260 467
1730270 466
1730280 466
1730290 466
1730300 465
1730310 465
1730320 465
1730330 464
1730340 464
1730350 464
1730360 463
1730370 463
1730380 462
1730390 462
1730400 462
1730410 461
1730420 460
1730430 460
1730440 460
1730450 459
1730460 458
1730470 458
1730480 458
1730490 458
1730500 458
1730510 458
1730520 457
1730530 457
1730540 455
1730550 457
1730560 457
1730570 457
1730580 459
1730590 459
1730600 459
1730610 460
1730620 460
1730630 461
1730640 462
1730650 462
1730660 463
1730670 463
1730680 462
1730690 462
1730700 462
1730710 464
1730720 464
1730730 465
1730740 465
1730750 465
1730760 465
1730770 465
1730780 465
1730790 465
1730800 466
1730810 466
1730820 466
1730830 467
1730840 467
1730850 468
1730860 469
1730870 469
1730880 469
1730890 471
1730900 471
1730910 471
1730920 473
1730930 473
1730940 473
1730950 474
1730960 475
1730970 475
1730980 475
1730990 475
1731000 475
1731010 475
1731020 475
1731030 475
1731040 475
1731050 475
1731060 475
1731070 476
1731080 476
1731090 476
1731100 477
1731110 476
1731120 477
1731130 477
1731140 477
1731150 479
1731160 479
1731170 480
1731180 481
1731190 481
1731200 482
1731210 482
1731220 482
1731230 484
1731240 486
1731250 486
1731260 487
1731270 489
1731280 489
1731290 491
1731300 491
1731310 491
1731320 493
1731330 496
1731340 497
1731350 497
1731360 498
1731370 498
1731380 498
1731390 498
1731400 499
1731410 499
1731420 500
1731430 500
1731440 500
1731450 501
1731460 502
1731470 502
1731480 503
1731490 504
1731500 504
1731510 505
1731520 506
1731530 506
1731540 506
1731550 507
1731560 507
1731570 507
1731580 509
1731590 511
1731600 511
1731610 511
1731620 512
1731630 512
1731640 513
1731650 514
1731660 514
1731670 516
1731680 517
1731690 517
1731700 518
1731710 520
1731720 520
1731730 521
1731740 524
1731750 524
1731760 526
1731770 528
1731780 529
1731790 529
1731800 531
1731810 533
1731820 533
1731830 537
1731840 539
1731850 539
1731860 540
1731870 541
1731880 541
1731890 541
1731900 542
1731910 542
1731920 542
1731930 541
1731940 541
1731950 538
1731960 535
1731970 535
1731980 532
1731990 529
1732000 527
1732010 527
1732020 525
1732030 524
1732040 524
1732050 522
1732060 521
1732070 521
1732080 520
1732090 518
1732100 518
1732110 515
1732120 513
1732130 513
1732140 510
1732150 508
1732160 508
1732170 506
1732180 503
1732190 503
1732200 499
1732210 496
1732220 493
1732230 493
1732240 493
1732250 490
1732260 490
1732270 488
1732280 486
1732290 486
1732300 484
1732310 480
1732320 480
1732330 478
1732340 476
1732350 476
1732360 474
1732370 472
1732380 472
1732390 470
1732400 469
1732410 469
1732420 468
1732430 470
1732440 468
1732450 468
1732460 464
1732470 462
1732480 462
1732490 464
1732500 464
1732510 464
1732520 465
1732530 466
1732540 466
1732550 469
1732560 471
1732570 471
1732580 473
1732590 473
1732600 473
1732610 474
1732620 476
1732630 476
1732640 478
1732650 482
1732660 485
1732670 485
1732680 487
1732690 488
1732700 488
1732710 490
1732720 491
1732730 491
1732740 493
1732750 495
1732760 495
1732770 497
1732780 498
1732790 498
1732800 499
1732810 499
1732820 499
1732830 499
1732840 496
1732850 496
1732860 492
1732870 488
1732880 486
1732890 486
1732900 486
1732910 484
1732920 484
1732930 483
1732940 482
1732950 482
1732960 481
1732970 480
1732980 480
1732990 479
1733000 478
1733010 478
1733020 476
1733030 475
1733040 475
1733050 473
1733060 473
1733070 473
1733080 473
1733090 474
1733100 475
1733110 475
1733120 475
1733130 475
1733140 475
1733150 473
1733160 471
1733170 471
1733180 469
1733190 467
1733200 467
1733210 464
1733220 461
1733230 461
1733240 459
1733250 458
1733260 458
1733270 456
1733280 454
1733290 454
1733300 454
1733310 453
1733320 453
1733330 453
1733340 452
1733350 453
1733360 453
1733370 453
1733380 454
1733390 454
1733400 454
1733410 457
1733420 457
1733430 461
1733440 464
1733450 464
1733460 468
1733470 471
1733480 471
1733490 473
1733500 475
1733510 475
1733520 476
1733530 478
1733540 479
1733550 479
1733560 477
1733570 476
1733580 476
1733590 475
1733600 474
1733610 474
1733620 474
1733630 474
1733640 474
1733650 474
1733660 473
1733670 473
1733680 476
1733690 481
1733700 481
1733710 485
1733720 490
1733730 490
1733740 493
1733750 494
1733760 494
1733770 494
1733780 495
1733790 496
1733800 496
1733810 497
1733820 496
1733830 496
1733840 496
1733850 495
1733860 495
1733870 495
1733880 493
1733890 493
1733900 489
1733910 488
1733920 488
1733930 490
1733940 491
1733950 491
1733960 490
1733970 488
1733980 484
1733990 484
1734000 484
1734010 482
1734020 482
1734030 487
1734040 492
1734050 492
1734060 495
1734070 500
1734080 500
1734090 500
1734100 505
1734110 505
1734120 512
1734130 521
1734140 521
1734150 526
1734160 529
1734170 531
1734180 531
1734190 534
1734200 537
1734210 537
1734220 538
1734230 539
1734240 539
1734250 539
1734260 540
1734270 540
1734280 540
1734290 540
1734300 540
1734310 539
1734320 539
1734330 539
1734340 538
1734350 538
1734360 538
1734370 537
1734380 537
1734390 535
1734400 535
1734410 532
1734420 532
1734430 532
1734440 528
1734450 526
1734460 526
1734470 524
1734480 521
1734490 521
1734500 518
1734510 517
1734520 517
1734530 516
1734540 514
1734550 514
1734560 512
1734570 510
1734580 510
1734590 508
1734600 506
1734610 504
1734620 504
1734630 502
1734640 500
1734650 500
1734660 497
1734670 495
1734680 495
1734690 494
1734700 498
1734710 498
1734720 502
1734730 503
1734740 506
1734750 507
1734760 508
1734770 508
1734780 510
1734790 510
1734800 510
1734810 508
1734820 503
1734830 500
1734840 500
1734850 497
1734860 494
1734870 494
1734880 493
1734890 492
1734900 492
1734910 491
1734920 491
1734930 491
1734940 491
1734950 495
1734960 495
1734970 499
1734980 503
1734990 503
1735000 506
1735010 509
1735020 509
1735030 511
1735040 513
1735050 515
1735060 515
1735070 517
1735080 520
1735090 520
1735100 523
1735110 526
1735120 526
1735130 529
1735140 530
1735150 530
1735160 530
1735170 530
1735180 530
1735190 531
1735200 531
1735210 531
1735220 531
1735230 532
1735240 532
1735250 532
1735260 532
1735270 531
1735280 531
1735290 529
1735300 523
1735310 523
1735320 518
1735330 514
1735340 514
1735350 510
1735360 504
1735370 504
1735380 500
1735390 495
1735400 495
1735410 493
1735420 491
1735430 491
1735440 492
1735450 492
1735460 492
1735470 491
1735480 492
1735490 497
1735500 497
1735510 500
1735520 505
1735530 505
1735540 502
1735550 495
1735560 495
1735570 492
1735580 491
1735590 491
1735600 488
1735610 487
1735620 487
1735630 484
1735640 480
1735650 480
1735660 478
1735670 477
1735680 477
1735690 476
1735700 474
1735710 472
1735720 472
1735730 471
1735740 470
1735750 470
1735760 469
1735770 470
1735780 470
1735790 471
1735800 471
1735810 471
1735820 466
1735830 465
1735840 465
1735850 463
1735860 463
1735870 463
1735880 462
1735890 462
1735900 462
1735910 462
1735920 462
1735930 461
1735940 461
1735950 462
1735960 462
1735970 462
1735980 462
1735990 462
1736000 462
1736010 462
1736020 462
1736030 462
1736040 461
1736050 461
1736060 461
1736070 460
1736080 460
1736090 460
1736100 460
1736110 460
1736120 460
1736130 459
1736140 459
1736150 459
1736160 459
1736170 459
1736180 460
1736190 460
1736200 461
1736210 462
1736220 462
1736230 462
1736240 462
1736250 462
1736260 462
1736270 462
1736280 462
1736290 463
1736300 463
1736310 463
1736320 463
1736330 463
1736340 463
1736350 463
1736360 464
1736370 465
1736380 465
1736390 465
1736400 465
1736410 465
1736420 465
1736430 466
1736440 466
1736450 466
1736460 465
1736470 465
1736480 464
1736490 463
1736500 463
1736510 462
1736520 460
1736530 460
1736540 459
1736550 458
1736560 458
1736570 457
1736580 456
1736590 455
1736600 455
1736610 453
1736620 451
1736630 451
1736640 449
1736650 448
1736660 448
1736670 447
1736680 449
1736690 449
1736700 447
1736710 446
1736720 446
1736730 446
1736740 447
1736750 447
1736760 447
1736770 445
1736780 445
1736790 444
1736800 444
1736810 443
1736820 443
1736830 443
1736840 443
1736850 443
1736860 443
1736870 442
1736880 442
1736890 441
1736900 442
1736910 442
1736920 441
1736930 442
1736940 442
1736950 442
1736960 442
1736970 442
1736980 441
1736990 441
1737000 441
1737010 441
1737020 441
1737030 441
1737040 441
1737050 441
1737060 441
1737070 441
1737080 441
1737090 441
1737100 441
1737110 441
1737120 441
1737130 441
1737140 440
1737150 440
1737160 440
1737170 440
1737180 440
1737190 440
1737200 440
1737210 438
1737220 438
1737230 437
1737240 437
1737250 437
1737260 437
1737270 439
1737280 437
1737290 437
1737300 436
1737310 438
1737320 438
1737330 440
1737340 440
1737350 440
1737360 440
1737370 442
1737380 442
1737390 441
1737400 441
1737410 441
1737420 442
1737430 443
1737440 443
1737450 447
1737460 449
1737470 451
1737480 451
1737490 452
1737500 453
1737510 453
1737520 454
1737530 456
1737540 456
1737550 458
1737560 460
1737570 460
1737580 461
1737590 462
1737600 462
1737610 463
1737620 461
1737630 461
1737640 462
1737650 461
1737660 461
1737670 459
1737680 456
1737690 455
1737700 455
1737710 457
1737720 458
1737730 458
1737740 457
1737750 457
1737760 457
1737770 456
1737780 455
1737790 455
1737800 454
1737810 452
1737820 452
1737830 449
1737840 447
1737850 447
1737860 446
1737870 445
1737880 445
1737890 445
1737900 445
1737910 446
1737920 446
1737930 446
1737940 446
1737950 446
1737960 449
1737970 451
1737980 451
1737990 454
1738000 454
1738010 454
1738020 455
1738030 458
1738040 458
1738050 459
1738060 461
1738070 461
1738080 466
1738090 469
1738100 469
1738110 469
1738120 468
1738130 469
1738140 469
1738150 469
1738160 469
1738170 469
1738180 469
1738190 470
1738200 470
1738210 471
1738220 471
1738230 471
1738240 469
1738250 472
1738260 472
1738270 473
1738280 474
1738290 474
1738300 475
1738310 476
1738320 476
1738330 476
1738340 477
1738350 478
1738360 478
1738370 478
1738380 480
1738390 480
1738400 480
1738410 482
1738420 482
1738430 483
1738440 487
1738450 487
1738460 489
1738470 490
1738480 490
1738490 491
1738500 492
1738510 492
1738520 491
1738530 490
1738540 490
1738550 488
1738560 485
1738570 483
1738580 483
1738590 482
1738600 481
1738610 481
1738620 478
1738630 477
1738640 477
1738650 474
1738660 473
1738670 473
1738680 473
1738690 472
1738700 472
1738710 470
1738720 475
1738730 475
1738740 475
1738750 476
1738760 476
1738770 476
1738780 476
1738790 477
1738800 477
1738810 479
1738820 479
1738830 479
1738840 480
1738850 482
1738860 482
1738870 483
1738880 485
1738890 485
1738900 486
1738910 486
1738920 486
1738930 486
1738940 484
1738950 484
1738960 483
1738970 483
1738980 481
1738990 481
1739000 480
1739010 479
1739020 479
1739030 478
1739040 477
1739050 477
1739060 475
1739070 474
1739080 474
1739090 471
1739100 468
1739110 468
1739120 464
1739130 462
1739140 462
1739150 460
1739160 459
1739170 459
1739180 457
1739190 457
1739200 456
1739210 456
1739220 455
1739230 454
1739240 454
1739250 452
1739260 451
1739270 451
1739280 450
1739290 448
1739300 448
1739310 447
1739320 446
1739330 446
1739340 445
1739350 443
1739360 443
1739370 442
1739380 441
1739390 441
1739400 439
1739410 438
1739420 435
1739430 435
1739440 433
1739450 431
1739460 431
1739470 429
1739480 427
1739490 427
1739500 425
1739510 423
1739520 423
1739530 421
1739540 419
1739550 419
1739560 417
1739570 415
1739580 415
1739590 414
1739600 412
1739610 412
1739620 411
1739630 410
1739640 407
1739650 407
1739660 410
1739670 410
1739680 410
1739690 410
1739700 410
1739710 410
1739720 410
1739730 410
1739740 410
1739750 410
1739760 410
1739770 410
1739780 411
1739790 411
1739800 411
1739810 411
1739820 411
1739830 411
1739840 411
1739850 411
1739860 410
1739870 410
1739880 412
1739890 413
1739900 413
1739910 415
1739920 417
1739930 417
1739940 419
1739950 420
1739960 420
1739970 422
1739980 423
1739990 423
