1720000 509
1720010 504
1720020 500
1720030 500
1720040 497
1720050 495
1720060 495
1720070 491
1720080 483
1720090 483
1720100 485
1720110 489
1720120 489
1720130 490
1720140 489
1720150 488
1720160 488
1720170 492
1720180 499
1720190 499
1720200 500
1720210 502
1720220 502
1720230 503
1720240 504
1720250 504
1720260 506
1720270 509
1720280 509
1720290 510
1720300 512
1720310 512
1720320 512
1720330 512
1720340 512
1720350 513
1720360 517
1720370 517
1720380 517
1720390 518
1720400 519
1720410 519
1720420 519
1720430 521
1720440 521
1720450 522
1720460 523
1720470 523
1720480 524
1720490 526
1720500 526
1720510 527
1720520 529
1720530 529
1720540 531
1720550 532
1720560 532
1720570 534
1720580 536
1720590 537
1720600 537
1720610 539
1720620 539
1720630 539
1720640 538
1720650 541
1720660 541
1720670 542
1720680 543
1720690 543
1720700 544
1720710 542
1720720 542
1720730 546
1720740 545
1720750 545
1720760 545
1720770 544
1720780 544
1720790 543
1720800 542
1720810 541
1720820 541
1720830 540
1720840 545
1720850 545
1720860 549
1720870 551
1720880 551
1720890 551
1720900 552
1720910 552
1720920 553
1720930 555
1720940 555
1720950 556
1720960 557
1720970 557
1720980 559
1720990 559
1721000 559
1721010 560
1721020 560
1721030 560
1721040 560
1721050 561
1721060 564
1721070 564
1721080 565
1721090 566
1721100 566
1721110 566
1721120 568
1721130 568
1721140 570
1721150 572
1721160 572
1721170 573
1721180 574
1721190 574
1721200 571
1721210 571
1721220 571
1721230 572
1721240 574
1721250 574
1721260 578
1721270 580
1721280 581
1721290 581
1721300 583
1721310 582
1721320 582
1721330 580
1721340 576
1721350 576
1721360 575
1721370 573
1721380 573
1721390 572
1721400 571
1721410 571
1721420 572
1721430 577
1721440 577
1721450 577
1721460 574
1721470 574
1721480 568
1721490 562
1721500 571
1721510 571
1721520 577
1721530 582
1721540 582
1721550 587
1721560 590
1721570 590
1721580 596
1721590 601
1721600 601
1721610 605
1721620 608
1721630 608
1721640 612
1721650 614
1721660 614
1721670 617
1721680 620
1721690 620
1721700 621
1721710 623
1721720 626
1721730 626
1721740 628
1721750 630
1721760 630
1721770 632
1721780 634
1721790 634
1721800 636
1721810 638
1721820 638
1721830 640
1721840 642
1721850 642
1721860 644
1721870 645
1721880 645
1721890 646
1721900 646
1721910 646
1721920 647
1721930 647
1721940 648
1721950 648
1721960 648
1721970 649
1721980 649
1721990 650
1722000 651
1722010 651
1722020 654
1722030 654
1722040 654
1722050 654
1722060 654
1722070 654
1722080 654
1722090 654
1722100 654
1722110 652
1722120 653
1722130 653
1722140 652
1722150 652
1722160 652
1722170 651
1722180 650
1722190 649
1722200 649
1722210 647
1722220 645
1722230 645
1722240 642
1722250 638
1722260 638
1722270 634
1722280 632
1722290 632
1722300 631
1722310 630
1722320 630
1722330 631
1722340 635
1722350 635
1722360 638
1722370 640
1722380 640
1722390 641
1722400 643
1722410 645
1722420 645
1722430 647
1722440 649
1722450 649
1722460 650
1722470 652
1722480 652
1722490 653
1722500 654
1722510 654
1722520 654
1722530 654
1722540 654
1722550 655
1722560 657
1722570 657
1722580 658
1722590 658
1722600 658
1722610 658
1722620 659
1722630 659
1722640 659
1722650 660
1722660 660
1722670 660
1722680 660
1722690 661
1722700 661
1722710 660
1722720 660
1722730 660
1722740 660
1722750 661
1722760 661
1722770 661
1722780 660
1722790 660
1722800 660
1722810 660
1722820 660
1722830 659
1722840 659
1722850 659
1722860 659
1722870 658
1722880 657
1722890 657
1722900 656
1722910 655
1722920 655
1722930 653
1722940 652
1722950 652
1722960 650
1722970 649
1722980 649
1722990 647
1723000 646
1723010 646
1723020 638
1723030 637
1723040 637
1723050 637
1723060 637
1723070 637
1723080 637
1723090 638
1723100 638
1723110 638
1723120 637
1723130 636
1723140 636
1723150 635
1723160 635
1723170 635
1723180 634
1723190 633
1723200 633
1723210 632
1723220 630
1723230 630
1723240 629
1723250 628
1723260 628
1723270 626
1723280 625
1723290 625
1723300 623
1723310 622
1723320 621
1723330 621
1723340 621
1723350 620
1723360 620
1723370 621
1723380 622
1723390 622
1723400 622
1723410 624
1723420 624
1723430 625
1723440 628
1723450 628
1723460 630
1723470 631
1723480 631
1723490 632
1723500 632
1723510 632
1723520 633
1723530 634
1723540 635
1723550 635
1723560 635
1723570 635
1723580 635
1723590 635
1723600 636
1723610 636
1723620 636
1723630 636
1723640 636
1723650 636
1723660 636
1723670 636
1723680 637
1723690 640
1723700 640
1723710 643
1723720 646
1723730 646
1723740 647
1723750 645
1723760 644
1723770 644
1723780 645
1723790 643
1723800 643
1723810 639
1723820 637
1723830 637
1723840 633
1723850 628
1723860 628
1723870 625
1723880 626
1723890 626
1723900 628
1723910 629
1723920 629
1723930 630
1723940 628
1723950 628
1723960 626
1723970 624
1723980 624
1723990 620
1724000 617
1724010 614
1724020 614
1724030 613
1724040 614
1724050 614
1724060 614
1724070 611
1724080 611
1724090 608
1724100 604
1724110 604
1724120 596
1724130 591
1724140 591
1724150 587
1724160 584
1724170 584
1724180 580
1724190 578
1724200 578
1724210 576
1724220 573
1724230 571
1724240 571
1724250 568
1724260 568
1724270 568
1724280 567
1724290 566
1724300 566
1724310 566
1724320 565
1724330 565
1724340 564
1724350 563
1724360 563
1724370 562
1724380 560
1724390 560
1724400 557
1724410 554
1724420 554
1724430 550
1724440 546
1724450 542
1724460 542
1724470 539
1724480 538
1724490 538
1724500 537
1724510 536
1724520 536
1724530 535
1724540 534
1724550 534
1724560 532
1724570 529
1724580 529
1724590 529
1724600 529
1724610 529
1724620 526
1724630 526
1724640 526
1724650 525
1724660 525
1724670 523
1724680 523
1724690 523
1724700 522
1724710 522
1724720 522
1724730 522
1724740 522
1724750 521
1724760 521
1724770 521
1724780 520
1724790 520
1724800 520
1724810 520
1724820 519
1724830 519
1724840 518
1724850 518
1724860 518
1724870 517
1724880 517
1724890 517
1724900 516
1724910 515
1724920 514
1724930 514
1724940 513
1724950 513
1724960 513
1724970 512
1724980 511
1724990 511
1725000 511
1725010 511
1725020 511
1725030 510
1725040 510
1725050 510
1725060 510
1725070 510
1725080 510
1725090 510
1725100 509
1725110 509
1725120 510
1725130 510
1725140 511
1725150 511
1725160 511
1725170 512
1725180 512
1725190 511
1725200 511
1725210 511
1725220 510
1725230 510
1725240 510
1725250 510
1725260 509
1725270 509
1725280 508
1725290 507
1725300 507
1725310 506
1725320 505
1725330 505
1725340 504
1725350 503
1725360 502
1725370 502
1725380 501
1725390 500
1725400 500
1725410 499
1725420 498
1725430 498
1725440 497
1725450 495
1725460 495
1725470 494
1725480 492
1725490 492
1725500 490
1725510 488
1725520 488
1725530 487
1725540 485
1725550 485
1725560 482
1725570 481
1725580 484
1725590 484
1725600 486
1725610 487
1725620 487
1725630 488
1725640 490
1725650 490
1725660 491
1725670 493
1725680 493
1725690 494
1725700 496
1725710 496
1725720 497
1725730 498
1725740 498
1725750 499
1725760 501
1725770 501
1725780 500
1725790 503
1725800 503
1725810 503
1725820 504
1725830 507
1725840 507
1725850 508
1725860 510
1725870 510
1725880 512
1725890 514
1725900 514
1725910 515
1725920 515
1725930 515
1725940 516
1725950 518
1725960 518
1725970 520
1725980 523
1725990 523
1726000 527
1726010 528
1726020 528
1726030 529
1726040 529
1726050 529
1726060 529
1726070 529
1726080 529
1726090 529
1726100 528
1726110 528
1726120 528
1726130 527
1726140 526
1726150 526
1726160 524
1726170 521
1726180 521
1726190 518
1726200 517
1726210 517
1726220 515
1726230 513
1726240 513
1726250 511
1726260 509
1726270 507
1726280 507
1726290 506
1726300 505
1726310 505
1726320 501
1726330 500
1726340 500
1726350 498
1726360 497
1726370 497
1726380 495
1726390 493
1726400 493
1726410 491
1726420 490
1726430 490
1726440 488
1726450 487
1726460 487
1726470 488
1726480 488
1726490 486
1726500 486
1726510 484
1726520 485
1726530 485
1726540 489
1726550 491
1726560 491
1726570 493
1726580 495
1726590 495
1726600 497
1726610 498
1726620 498
1726630 498
1726640 500
1726650 500
1726660 501
1726670 502
1726680 502
1726690 503
1726700 505
1726710 506
1726720 506
1726730 506
1726740 507
1726750 507
1726760 505
1726770 504
1726780 504
1726790 503
1726800 503
1726810 503
1726820 501
1726830 500
1726840 500
1726850 498
1726860 497
1726870 497
1726880 496
1726890 494
1726900 494
1726910 493
1726920 491
1726930 491
1726940 490
1726950 489
1726960 488
1726970 488
1726980 486
1726990 485
1727000 485
1727010 484
1727020 483
1727030 483
1727040 482
1727050 481
1727060 481
1727070 479
1727080 478
1727090 478
1727100 477
1727110 476
1727120 476
1727130 474
1727140 474
1727150 474
1727160 474
1727170 471
1727180 470
1727190 470
1727200 471
1727210 472
1727220 472
1727230 470
1727240 470
1727250 470
1727260 471
1727270 471
1727280 471
1727290 472
1727300 473
1727310 473
1727320 472
1727330 473
1727340 473
1727350 473
1727360 473
1727370 473
1727380 473
1727390 473
1727400 473
1727410 473
1727420 473
1727430 473
1727440 473
1727450 473
1727460 475
1727470 475
1727480 476
1727490 477
1727500 477
1727510 479
1727520 480
1727530 480
1727540 481
1727550 481
1727560 481
1727570 481
1727580 482
1727590 482
1727600 483
1727610 483
1727620 484
1727630 484
1727640 484
1727650 485
1727660 485
1727670 487
1727680 488
1727690 488
1727700 489
1727710 491
1727720 491
1727730 493
1727740 495
1727750 495
1727760 496
1727770 497
1727780 497
1727790 499
1727800 500
1727810 500
1727820 501
1727830 502
1727840 502
1727850 503
1727860 505
1727870 506
1727880 506
1727890 507
1727900 507
1727910 507
1727920 508
1727930 510
1727940 510
1727950 512
1727960 513
1727970 513
1727980 515
1727990 515
1728000 515
1728010 517
1728020 517
1728030 517
1728040 518
1728050 519
1728060 519
1728070 519
1728080 520
1728090 521
1728100 521
1728110 521
1728120 522
1728130 522
1728140 524
1728150 526
1728160 526
1728170 527
1728180 527
1728190 527
1728200 526
1728210 526
1728220 526
1728230 526
1728240 525
1728250 525
1728260 523
1728270 522
1728280 522
1728290 522
1728300 522
1728310 521
1728320 521
1728330 520
1728340 519
1728350 519
1728360 519
1728370 520
1728380 520
1728390 520
1728400 519
1728410 519
1728420 520
1728430 520
1728440 520
1728450 520
1728460 520
1728470 520
1728480 520
1728490 520
1728500 520
1728510 520
1728520 520
1728530 520
1728540 520
1728550 520
1728560 521
1728570 521
1728580 520
1728590 520
1728600 520
1728610 520
1728620 520
1728630 520
1728640 520
1728650 521
1728660 521
1728670 522
1728680 523
1728690 523
1728700 523
1728710 524
1728720 524
1728730 525
1728740 527
1728750 527
1728760 528
1728770 529
1728780 531
1728790 531
1728800 532
1728810 533
1728820 533
1728830 534
1728840 536
1728850 536
1728860 539
1728870 542
1728880 542
1728890 544
1728900 544
1728910 544
1728920 547
1728930 551
1728940 551
1728950 555
1728960 558
1728970 558
1728980 561
1728990 566
1729000 569
1729010 569
1729020 571
1729030 575
1729040 575
1729050 578
1729060 578
1729070 578
1729080 579
1729090 580
1729100 580
1729110 580
1729120 579
1729130 579
1729140 578
1729150 576
1729160 576
1729170 574
1729180 572
1729190 572
1729200 569
1729210 568
1729220 566
1729230 566
1729240 564
1729250 562
1729260 562
1729270 560
1729280 556
1729290 556
1729300 554
1729310 550
1729320 550
1729330 544
1729340 542
1729350 542
1729360 540
1729370 539
1729380 539
1729390 537
1729400 535
1729410 535
1729420 533
1729430 531
1729440 528
1729450 528
1729460 526
1729470 525
1729480 525
1729490 523
1729500 521
1729510 521
1729520 519
1729530 518
1729540 518
1729550 516
1729560 516
1729570 516
1729580 515
1729590 515
1729600 515
1729610 513
1729620 511
1729630 511
1729640 511
1729650 512
1729660 512
1729670 512
1729680 513
1729690 513
1729700 513
1729710 514
1729720 515
1729730 515
1729740 516
1729750 517
1729760 517
1729770 518
1729780 519
1729790 519
1729800 520
1729810 520
1729820 520
1729830 520
1729840 519
1729850 519
1729860 517
1729870 513
1729880 513
1729890 513
1729900 513
1729910 513
1729920 513
1729930 513
1729940 513
1729950 513
1729960 514
1729970 514
1729980 514
1729990 513
1730000 512
1730010 512
1730020 512
1730030 512
1730040 512
1730050 513
1730060 514
1730070 514
1730080 515
1730090 516
1730100 516
1730110 520
1730120 522
1730130 523
1730140 523
1730150 524
1730160 526
1730170 526
1730180 527
1730190 529
1730200 529
1730210 534
1730220 536
1730230 536
1730240 538
1730250 540
1730260 540
1730270 543
1730280 545
1730290 545
1730300 549
1730310 553
1730320 553
1730330 557
1730340 559
1730350 558
1730360 558
1730370 556
1730380 553
1730390 553
1730400 548
1730410 544
1730420 544
1730430 541
1730440 538
1730450 538
1730460 535
1730470 532
1730480 532
1730490 530
1730500 527
1730510 527
1730520 525
1730530 521
1730540 521
1730550 519
1730560 518
1730570 516
1730580 516
1730590 513
1730600 510
1730610 510
1730620 508
1730630 506
1730640 506
1730650 506
1730660 502
1730670 502
1730680 503
1730690 501
1730700 501
1730710 501
1730720 500
1730730 500
1730740 498
1730750 497
1730760 497
1730770 495
1730780 493
1730790 493
1730800 490
1730810 488
1730820 489
1730830 489
1730840 490
1730850 491
1730860 491
1730870 492
1730880 493
1730890 493
1730900 494
1730910 495
1730920 495
1730930 495
1730940 495
1730950 495
1730960 495
1730970 495
1730980 495
1730990 496
1731000 499
1731010 499
1731020 502
1731030 505
1731040 508
1731050 508
1731060 511
1731070 512
1731080 512
1731090 513
1731100 512
1731110 512
1731120 510
1731130 508
1731140 508
1731150 507
1731160 503
1731170 503
1731180 501
1731190 499
1731200 499
1731210 498
1731220 496
1731230 496
1731240 494
1731250 492
1731260 491
1731270 491
1731280 490
1731290 489
1731300 489
1731310 488
1731320 486
1731330 486
1731340 484
1731350 483
1731360 483
1731370 482
1731380 480
1731390 480
1731400 479
1731410 478
1731420 478
1731430 476
1731440 475
1731450 475
1731460 472
1731470 471
1731480 468
1731490 468
1731500 466
1731510 464
1731520 464
1731530 463
1731540 463
1731550 463
1731560 463
1731570 464
1731580 464
1731590 464
1731600 464
1731610 464
1731620 463
1731630 462
1731640 462
1731650 461
1731660 461
1731670 461
1731680 460
1731690 459
1731700 459
1731710 459
1731720 458
1731730 457
1731740 457
1731750 456
1731760 456
1731770 456
1731780 455
1731790 454
1731800 454
1731810 454
1731820 454
1731830 454
1731840 454
1731850 453
1731860 453
1731870 453
1731880 453
1731890 453
1731900 453
1731910 453
1731920 453
1731930 453
1731940 453
1731950 453
1731960 453
1731970 452
1731980 450
1731990 450
1732000 450
1732010 450
1732020 450
1732030 450
1732040 450
1732050 450
1732060 451
1732070 450
1732080 450
1732090 450
1732100 450
1732110 450
1732120 449
1732130 450
1732140 450
1732150 450
1732160 450
1732170 450
1732180 450
1732190 450
1732200 449
1732210 449
1732220 449
1732230 449
1732240 449
1732250 449
1732260 449
1732270 449
1732280 449
1732290 449
1732300 449
1732310 448
1732320 446
1732330 446
1732340 446
1732350 448
1732360 448
1732370 449
1732380 449
1732390 448
1732400 448
1732410 448
1732420 449
1732430 449
1732440 449
1732450 449
1732460 449
1732470 450
1732480 452
1732490 452
1732500 453
1732510 454
1732520 454
1732530 456
1732540 458
1732550 458
1732560 459
1732570 458
1732580 458
1732590 459
1732600 460
1732610 460
1732620 461
1732630 462
1732640 463
1732650 463
1732660 465
1732670 465
1732680 465
1732690 466
1732700 466
1732710 466
1732720 466
1732730 467
1732740 467
1732750 468
1732760 471
1732770 471
1732780 472
1732790 474
1732800 474
1732810 476
1732820 477
1732830 477
1732840 478
1732850 480
1732860 482
1732870 482
1732880 483
1732890 485
1732900 485
1732910 486
1732920 486
1732930 486
1732940 485
1732950 489
1732960 489
1732970 491
1732980 493
1732990 493
1733000 495
1733010 496
1733020 496
1733030 497
1733040 497
1733050 497
1733060 499
1733070 502
1733080 499
1733090 499
1733100 500
1733110 502
1733120 502
1733130 502
1733140 503
1733150 503
1733160 504
1733170 506
1733180 506
1733190 507
1733200 509
1733210 509
1733220 510
1733230 510
1733240 510
1733250 509
1733260 506
1733270 506
1733280 504
1733290 501
1733300 499
1733310 499
1733320 497
1733330 496
1733340 496
1733350 493
1733360 491
1733370 491
1733380 490
1733390 490
1733400 490
1733410 489
1733420 487
1733430 487
1733440 486
1733450 485
1733460 485
1733470 483
1733480 482
1733490 482
1733500 480
1733510 479
1733520 479
1733530 478
1733540 477
1733550 476
1733560 476
1733570 474
1733580 473
1733590 473
1733600 470
1733610 469
1733620 469
1733630 466
1733640 465
1733650 465
1733660 464
1733670 463
1733680 463
1733690 463
1733700 462
1733710 462
1733720 461
1733730 460
1733740 460
1733750 459
1733760 458
1733770 457
1733780 457
1733790 456
1733800 454
1733810 454
1733820 452
1733830 451
1733840 451
1733850 449
1733860 448
1733870 448
1733880 447
1733890 446
1733900 446
1733910 445
1733920 443
1733930 443
1733940 442
1733950 441
1733960 441
1733970 440
1733980 438
1733990 437
1734000 437
1734010 436
1734020 435
1734030 435
1734040 430
1734050 429
1734060 429
1734070 429
1734080 430
1734090 430
1734100 428
1734110 428
1734120 428
1734130 428
1734140 428
1734150 428
1734160 427
1734170 427
1734180 427
1734190 427
1734200 428
1734210 429
1734220 429
1734230 430
1734240 430
1734250 430
1734260 430
1734270 430
1734280 430
1734290 429
1734300 429
1734310 429
1734320 429
1734330 429
1734340 429
1734350 429
1734360 429
1734370 429
1734380 429
1734390 429
1734400 429
1734410 429
1734420 429
1734430 429
1734440 429
1734450 428
1734460 428
1734470 428
1734480 427
1734490 427
1734500 427
1734510 426
1734520 426
1734530 426
1734540 425
1734550 424
1734560 424
1734570 423
1734580 423
1734590 423
1734600 422
1734610 422
1734620 422
1734630 421
1734640 421
1734650 421
1734660 420
1734670 420
1734680 420
1734690 420
1734700 419
1734710 418
1734720 418
1734730 417
1734740 417
1734750 417
1734760 415
1734770 417
1734780 417
1734790 417
1734800 417
1734810 417
1734820 417
1734830 416
1734840 416
1734850 416
1734860 416
1734870 416
1734880 416
1734890 415
1734900 415
1734910 415
1734920 415
1734930 415
1734940 415
1734950 415
1734960 414
1734970 414
1734980 414
1734990 414
1735000 414
1735010 414
1735020 415
1735030 415
1735040 415
1735050 415
1735060 415
1735070 414
1735080 415
1735090 415
1735100 415
1735110 415
1735120 414
1735130 414
1735140 413
1735150 413
1735160 413
1735170 413
1735180 413
1735190 413
1735200 412
1735210 412
1735220 412
1735230 412
1735240 411
1735250 411
1735260 411
1735270 411
1735280 411
1735290 410
1735300 409
1735310 409
1735320 409
1735330 408
1735340 408
1735350 408
1735360 408
1735370 408
1735380 408
1735390 408
1735400 408
1735410 408
1735420 408
1735430 408
1735440 408
1735450 408
1735460 408
1735470 408
1735480 407
1735490 407
1735500 407
1735510 407
1735520 407
1735530 407
1735540 407
1735550 407
1735560 407
1735570 407
1735580 407
1735590 407
1735600 407
1735610 407
1735620 407
1735630 407
1735640 408
1735650 408
1735660 408
1735670 408
1735680 409
1735690 409
1735700 408
1735710 407
1735720 407
1735730 407
1735740 406
1735750 406
1735760 406
1735770 406
1735780 406
1735790 406
1735800 406
1735810 405
1735820 405
1735830 405
1735840 405
1735850 405
1735860 405
1735870 405
1735880 405
1735890 405
1735900 405
1735910 405
1735920 405
1735930 405
1735940 405
1735950 405
1735960 405
1735970 405
1735980 405
1735990 405
1736000 405
1736010 405
1736020 404
1736030 404
1736040 404
1736050 404
1736060 401
1736070 401
1736080 405
1736090 405
1736100 405
1736110 406
1736120 406
1736130 406
1736140 405
1736150 405
1736160 405
1736170 405
1736180 405
1736190 405
1736200 405
1736210 405
1736220 405
1736230 405
1736240 404
1736250 404
1736260 404
1736270 404
1736280 404
1736290 404
1736300 404
1736310 406
1736320 406
1736330 404
1736340 404
1736350 404
1736360 404
1736370 404
1736380 404
1736390 403
1736400 403
1736410 403
1736420 403
1736430 403
1736440 403
1736450 403
1736460 403
1736470 403
1736480 403
1736490 402
1736500 402
1736510 402
1736520 402
1736530 402
1736540 402
1736550 402
1736560 402
1736570 402
1736580 402
1736590 402
1736600 402
1736610 402
1736620 402
1736630 402
1736640 401
1736650 401
1736660 401
1736670 401
1736680 401
1736690 401
1736700 401
1736710 401
1736720 402
1736730 402
1736740 401
1736750 401
1736760 401
1736770 401
1736780 402
1736790 402
1736800 402
1736810 402
1736820 402
1736830 401
1736840 400
1736850 400
1736860 401
1736870 401
1736880 401
1736890 400
1736900 400
1736910 400
1736920 400
1736930 400
1736940 399
1736950 399
1736960 399
1736970 399
1736980 399
1736990 399
1737000 399
1737010 399
1737020 399
1737030 399
1737040 399
1737050 399
1737060 400
1737070 400
1737080 400
1737090 400
1737100 400
1737110 400
1737120 401
1737130 401
1737140 400
1737150 400
1737160 399
1737170 399
1737180 399
1737190 399
1737200 399
1737210 400
1737220 399
1737230 399
1737240 399
1737250 398
1737260 398
1737270 398
1737280 398
1737290 398
1737300 398
1737310 398
1737320 398
1737330 399
1737340 399
1737350 399
1737360 399
1737370 399
1737380 399
1737390 399
1737400 399
1737410 399
1737420 399
1737430 399
1737440 399
1737450 399
1737460 399
1737470 399
1737480 399
1737490 399
1737500 399
1737510 399
1737520 399
1737530 399
1737540 399
1737550 399
1737560 399
1737570 399
1737580 399
1737590 400
1737600 400
1737610 401
1737620 402
1737630 401
1737640 401
1737650 401
1737660 401
1737670 401
1737680 401
1737690 402
1737700 402
1737710 402
1737720 403
1737730 403
1737740 403
1737750 403
1737760 403
1737770 404
1737780 403
1737790 403
1737800 404
1737810 405
1737820 405
1737830 407
1737840 409
1737850 409
1737860 409
1737870 410
1737880 412
1737890 412
1737900 413
1737910 413
1737920 413
1737930 414
1737940 418
1737950 418
1737960 421
1737970 423
1737980 423
1737990 423
1738000 423
1738010 423
1738020 424
1738030 424
1738040 424
1738050 425
1738060 426
1738070 431
1738080 431
1738090 436
1738100 441
1738110 441
1738120 445
1738130 445
1738140 445
1738150 445
1738160 444
1738170 444
1738180 443
1738190 443
1738200 443
1738210 442
1738220 441
1738230 441
1738240 440
1738250 439
1738260 439
1738270 438
1738280 437
1738290 437
1738300 436
1738310 434
1738320 431
1738330 431
1738340 429
1738350 427
1738360 427
1738370 425
1738380 424
1738390 424
1738400 423
1738410 419
1738420 419
1738430 417
1738440 412
1738450 412
1738460 413
1738470 412
1738480 412
1738490 411
1738500 411
1738510 411
1738520 410
1738530 409
1738540 408
1738550 408
1738560 405
1738570 401
1738580 401
1738590 399
1738600 398
1738610 398
1738620 398
1738630 397
1738640 397
1738650 395
1738660 395
1738670 395
1738680 397
1738690 397
1738700 397
1738710 396
1738720 396
1738730 396
1738740 395
1738750 394
1738760 393
1738770 393
1738780 393
1738790 393
1738800 393
1738810 394
1738820 395
1738830 395
1738840 396
1738850 395
1738860 395
1738870 396
1738880 396
1738890 396
1738900 395
1738910 395
1738920 395
1738930 395
1738940 395
1738950 395
1738960 395
1738970 395
1738980 398
1738990 398
1739000 399
1739010 399
1739020 399
1739030 399
1739040 399
1739050 399
1739060 400
1739070 400
1739080 400
1739090 401
1739100 401
1739110 401
1739120 403
1739130 404
1739140 404
1739150 406
1739160 407
1739170 407
1739180 408
1739190 409
1739200 409
1739210 409
1739220 410
1739230 411
1739240 411
1739250 412
1739260 413
1739270 413
1739280 414
1739290 417
1739300 417
1739310 419
1739320 420
1739330 420
1739340 421
1739350 424
1739360 424
1739370 426
1739380 431
1739390 431
1739400 433
1739410 436
1739420 436
1739430 437
1739440 439
1739450 440
1739460 440
1739470 441
1739480 441
1739490 441
1739500 440
1739510 440
1739520 440
1739530 440
1739540 439
1739550 439
1739560 437
1739570 434
1739580 434
1739590 431
1739600 430
1739610 430
1739620 428
1739630 425
1739640 425
1739650 422
1739660 420
1739670 418
1739680 418
1739690 416
1739700 414
1739710 414
1739720 412
1739730 411
1739740 411
1739750 410
1739760 408
1739770 408
1739780 407
1739790 406
1739800 406
1739810 406
1739820 403
1739830 403
1739840 403
1739850 405
1739860 405
1739870 406
1739880 410
1739890 411
1739900 411
1739910 412
1739920 414
1739930 414
1739940 418
1739950 420
1739960 420
1739970 421
1739980 424
1739990 424
