1720000 623
1720010 621
1720020 620
1720030 620
1720040 619
1720050 618
1720060 618
1720070 618
1720080 617
1720090 616
1720100 616
1720110 616
1720120 615
1720130 615
1720140 614
1720150 612
1720160 612
1720170 610
1720180 607
1720190 607
1720200 603
1720210 600
1720220 600
1720230 598
1720240 596
1720250 596
1720260 594
1720270 593
1720280 593
1720290 592
1720300 589
1720310 585
1720320 585
1720330 579
1720340 572
1720350 572
1720360 566
1720370 561
1720380 561
1720390 556
1720400 553
1720410 553
1720420 550
1720430 547
1720440 547
1720450 544
1720460 543
1720470 543
1720480 543
1720490 545
1720500 545
1720510 542
1720520 536
1720530 536
1720540 528
1720550 531
1720560 538
1720570 538
1720580 543
1720590 549
1720600 549
1720610 554
1720620 559
1720630 559
1720640 564
1720650 569
1720660 569
1720670 574
1720680 579
1720690 579
1720700 584
1720710 588
1720720 588
1720730 592
1720740 595
1720750 595
1720760 597
1720770 599
1720780 600
1720790 600
1720800 601
1720810 602
1720820 602
1720830 603
1720840 603
1720850 603
1720860 604
1720870 604
1720880 604
1720890 604
1720900 605
1720910 605
1720920 604
1720930 603
1720940 603
1720950 603
1720960 604
1720970 604
1720980 604
1720990 606
1721000 606
1721010 606
1721020 607
1721030 607
1721040 607
1721050 608
1721060 607
1721070 607
1721080 606
1721090 605
1721100 605
1721110 604
1721120 602
1721130 602
1721140 601
1721150 602
1721160 602
1721170 603
1721180 604
1721190 604
1721200 605
1721210 606
1721220 606
1721230 607
1721240 608
1721250 609
1721260 609
1721270 610
1721280 610
1721290 610
1721300 609
1721310 607
1721320 607
1721330 604
1721340 601
1721350 601
1721360 598
1721370 594
1721380 594
1721390 589
1721400 582
1721410 582
1721420 574
1721430 568
1721440 568
1721450 563
1721460 557
1721470 553
1721480 553
1721490 549
1721500 547
1721510 547
1721520 547
1721530 545
1721540 545
1721550 545
1721560 544
1721570 544
1721580 542
1721590 541
1721600 541
1721610 538
1721620 534
1721630 534
1721640 530
1721650 526
1721660 526
1721670 521
1721680 516
1721690 513
1721700 513
1721710 510
1721720 503
1721730 503
1721740 500
1721750 501
1721760 501
1721770 496
1721780 494
1721790 494
1721800 496
1721810 497
1721820 497
1721830 497
1721840 496
1721850 496
1721860 495
1721870 494
1721880 494
1721890 494
1721900 493
1721910 493
1721920 493
1721930 492
1721940 492
1721950 492
1721960 491
1721970 490
1721980 490
1721990 489
1722000 489
1722010 489
1722020 489
1722030 490
1722040 490
1722050 490
1722060 491
1722070 491
1722080 490
1722090 490
1722100 490
1722110 492
1722120 493
1722130 489
1722140 489
1722150 489
1722160 488
1722170 488
1722180 487
1722190 486
1722200 486
1722210 485
1722220 484
1722230 484
1722240 481
1722250 478
1722260 478
1722270 477
1722280 475
1722290 475
1722300 474
1722310 471
1722320 471
1722330 469
1722340 466
1722350 466
1722360 463
1722370 461
1722380 458
1722390 458
1722400 456
1722410 453
1722420 453
1722430 450
1722440 446
1722450 446
1722460 445
1722470 444
1722480 444
1722490 444
1722500 444
1722510 444
1722520 444
1722530 444
1722540 444
1722550 444
1722560 443
1722570 443
1722580 445
1722590 444
1722600 444
1722610 445
1722620 445
1722630 445
1722640 445
1722650 444
1722660 444
1722670 444
1722680 444
1722690 445
1722700 445
1722710 443
1722720 443
1722730 443
1722740 443
1722750 443
1722760 443
1722770 444
1722780 444
1722790 444
1722800 444
1722810 444
1722820 444
1722830 443
1722840 443
1722850 443
1722860 443
1722870 444
1722880 447
1722890 447
1722900 447
1722910 447
1722920 447
1722930 448
1722940 449
1722950 449
1722960 450
1722970 451
1722980 451
1722990 452
1723000 453
1723010 453
1723020 454
1723030 455
1723040 455
1723050 456
1723060 458
1723070 458
1723080 458
1723090 459
1723100 460
1723110 460
1723120 461
1723130 462
1723140 462
1723150 462
1723160 463
1723170 463
1723180 464
1723190 465
1723200 465
1723210 466
1723220 466
1723230 466
1723240 466
1723250 466
1723260 466
1723270 465
1723280 465
1723290 465
1723300 464
1723310 463
1723320 462
1723330 462
1723340 461
1723350 460
1723360 460
1723370 459
1723380 458
1723390 458
1723400 457
1723410 455
1723420 455
1723430 454
1723440 454
1723450 454
1723460 453
1723470 452
1723480 452
1723490 451
1723500 450
1723510 450
1723520 450
1723530 450
1723540 450
1723550 450
1723560 450
1723570 450
1723580 450
1723590 450
1723600 450
1723610 450
1723620 450
1723630 447
1723640 447
1723650 450
1723660 452
1723670 452
1723680 454
1723690 455
1723700 455
1723710 456
1723720 457
1723730 457
1723740 458
1723750 459
1723760 460
1723770 460
1723780 461
1723790 462
1723800 462
1723810 463
1723820 465
1723830 465
1723840 465
1723850 466
1723860 466
1723870 467
1723880 468
1723890 468
1723900 469
1723910 470
1723920 470
1723930 470
1723940 471
1723950 471
1723960 472
1723970 472
1723980 472
1723990 473
1724000 475
1724010 476
1724020 476
1724030 477
1724040 479
1724050 479
1724060 480
1724070 481
1724080 481
1724090 482
1724100 483
1724110 483
1724120 484
1724130 485
1724140 485
1724150 487
1724160 488
1724170 488
1724180 489
1724190 490
1724200 490
1724210 491
1724220 491
1724230 492
1724240 492
1724250 493
1724260 493
1724270 493
1724280 494
1724290 495
1724300 495
1724310 495
1724320 495
1724330 495
1724340 495
1724350 495
1724360 495
1724370 494
1724380 494
1724390 494
1724400 493
1724410 493
1724420 493
1724430 491
1724440 492
1724450 493
1724460 493
1724470 491
1724480 488
1724490 488
1724500 488
1724510 488
1724520 488
1724530 488
1724540 488
1724550 488
1724560 487
1724570 484
1724580 484
1724590 483
1724600 482
1724610 482
1724620 481
1724630 480
1724640 480
1724650 479
1724660 478
1724670 478
1724680 477
1724690 476
1724700 475
1724710 475
1724720 474
1724730 473
1724740 473
1724750 473
1724760 472
1724770 472
1724780 469
1724790 469
1724800 469
1724810 467
1724820 466
1724830 466
1724840 465
1724850 465
1724860 465
1724870 466
1724880 464
1724890 464
1724900 464
1724910 464
1724920 464
1724930 464
1724940 464
1724950 464
1724960 464
1724970 463
1724980 464
1724990 464
1725000 465
1725010 466
1725020 466
1725030 467
1725040 468
1725050 468
1725060 469
1725070 471
1725080 471
1725090 472
1725100 473
1725110 473
1725120 474
1725130 476
1725140 478
1725150 478
1725160 479
1725170 480
1725180 480
1725190 481
1725200 483
1725210 483
1725220 484
1725230 485
1725240 485
1725250 486
1725260 487
1725270 487
1725280 488
1725290 488
1725300 488
1725310 489
1725320 489
1725330 489
1725340 490
1725350 490
1725360 490
1725370 490
1725380 490
1725390 490
1725400 490
1725410 491
1725420 491
1725430 491
1725440 491
1725450 492
1725460 492
1725470 492
1725480 492
1725490 492
1725500 492
1725510 492
1725520 492
1725530 492
1725540 492
1725550 492
1725560 492
1725570 492
1725580 492
1725590 492
1725600 492
1725610 492
1725620 492
1725630 492
1725640 492
1725650 492
1725660 491
1725670 491
1725680 491
1725690 491
1725700 491
1725710 491
1725720 491
1725730 490
1725740 490
1725750 489
1725760 489
1725770 489
1725780 489
1725790 489
1725800 489
1725810 489
1725820 490
1725830 490
1725840 490
1725850 490
1725860 490
1725870 490
1725880 490
1725890 490
1725900 490
1725910 491
1725920 491
1725930 491
1725940 491
1725950 491
1725960 491
1725970 491
1725980 490
1725990 490
1726000 489
1726010 489
1726020 489
1726030 489
1726040 489
1726050 489
1726060 489
1726070 488
1726080 488
1726090 488
1726100 487
1726110 486
1726120 486
1726130 485
1726140 484
1726150 484
1726160 484
1726170 483
1726180 483
1726190 482
1726200 481
1726210 481
1726220 480
1726230 479
1726240 479
1726250 478
1726260 477
1726270 477
1726280 476
1726290 475
1726300 474
1726310 474
1726320 473
1726330 472
1726340 472
1726350 471
1726360 469
1726370 469
1726380 469
1726390 468
1726400 468
1726410 468
1726420 467
1726430 467
1726440 468
1726450 468
1726460 468
1726470 469
1726480 468
1726490 468
1726500 469
1726510 469
1726520 469
1726530 469
1726540 469
1726550 469
1726560 469
1726570 469
1726580 469
1726590 469
1726600 469
1726610 470
1726620 470
1726630 470
1726640 468
1726650 468
1726660 469
1726670 469
1726680 469
1726690 469
1726700 470
1726710 470
1726720 472
1726730 473
1726740 473
1726750 475
1726760 477
1726770 478
1726780 478
1726790 478
1726800 479
1726810 476
1726820 479
1726830 479
1726840 479
1726850 480
1726860 480
1726870 480
1726880 481
1726890 481
1726900 481
1726910 482
1726920 483
1726930 483
1726940 483
1726950 484
1726960 484
1726970 484
1726980 485
1726990 485
1727000 485
1727010 484
1727020 486
1727030 486
1727040 486
1727050 486
1727060 486
1727070 487
1727080 487
1727090 487
1727100 487
1727110 488
1727120 488
1727130 487
1727140 488
1727150 488
1727160 488
1727170 487
1727180 487
1727190 487
1727200 487
1727210 487
1727220 487
1727230 487
1727240 488
1727250 488
1727260 489
1727270 491
1727280 491
1727290 492
1727300 494
1727310 494
1727320 496
1727330 498
1727340 498
1727350 501
1727360 502
1727370 502
1727380 504
1727390 505
1727400 505
1727410 506
1727420 507
1727430 507
1727440 507
1727450 507
1727460 507
1727470 507
1727480 506
1727490 506
1727500 506
1727510 505
1727520 504
1727530 504
1727540 504
1727550 503
1727560 503
1727570 502
1727580 502
1727590 502
1727600 501
1727610 501
1727620 501
1727630 500
1727640 498
1727650 498
1727660 497
1727670 497
1727680 497
1727690 497
1727700 501
1727710 502
1727720 502
1727730 503
1727740 504
1727750 504
1727760 506
1727770 507
1727780 507
1727790 509
1727800 511
1727810 511
1727820 512
1727830 514
1727840 514
1727850 516
1727860 517
1727870 517
1727880 519
1727890 520
1727900 521
1727910 521
1727920 523
1727930 525
1727940 525
1727950 526
1727960 528
1727970 528
1727980 529
1727990 531
1728000 531
1728010 532
1728020 533
1728030 533
1728040 534
1728050 536
1728060 536
1728070 537
1728080 539
1728090 539
1728100 541
1728110 542
1728120 542
1728130 544
1728140 544
1728150 546
1728160 546
1728170 549
1728180 549
1728190 549
1728200 549
1728210 546
1728220 546
1728230 542
1728240 537
1728250 537
1728260 535
1728270 534
1728280 534
1728290 532
1728300 530
1728310 530
1728320 528
1728330 526
1728340 526
1728350 525
1728360 524
1728370 524
1728380 524
1728390 522
1728400 521
1728410 521
1728420 520
1728430 517
1728440 517
1728450 515
1728460 512
1728470 512
1728480 511
1728490 510
1728500 510
1728510 509
1728520 510
1728530 510
1728540 509
1728550 508
1728560 508
1728570 508
1728580 507
1728590 506
1728600 506
1728610 505
1728620 504
1728630 504
1728640 503
1728650 502
1728660 502
1728670 501
1728680 500
1728690 500
1728700 499
1728710 497
1728720 497
1728730 496
1728740 495
1728750 495
1728760 494
1728770 493
1728780 493
1728790 492
1728800 491
1728810 491
1728820 490
1728830 489
1728840 488
1728850 488
1728860 487
1728870 486
1728880 486
1728890 485
1728900 484
1728910 484
1728920 483
1728930 482
1728940 482
1728950 481
1728960 481
1728970 481
1728980 480
1728990 479
1729000 479
1729010 478
1729020 477
1729030 477
1729040 473
1729050 472
1729060 474
1729070 474
1729080 474
1729090 474
1729100 474
1729110 473
1729120 473
1729130 473
1729140 472
1729150 466
1729160 466
1729170 466
1729180 468
1729190 468
1729200 471
1729210 471
1729220 471
1729230 471
1729240 469
1729250 469
1729260 467
1729270 468
1729280 471
1729290 471
1729300 473
1729310 475
1729320 475
1729330 476
1729340 475
1729350 475
1729360 473
1729370 475
1729380 475
1729390 473
1729400 472
1729410 472
1729420 477
1729430 472
1729440 472
1729450 477
1729460 479
1729470 479
1729480 480
1729490 480
1729500 480
1729510 480
1729520 481
1729530 481
1729540 481
1729550 481
1729560 482
1729570 482
1729580 481
1729590 475
1729600 475
1729610 472
1729620 476
1729630 476
1729640 478
1729650 478
1729660 478
1729670 481
1729680 482
1729690 482
1729700 481
1729710 480
1729720 480
1729730 481
1729740 482
1729750 484
1729760 484
1729770 481
1729780 482
1729790 482
1729800 479
1729810 482
1729820 482
1729830 489
1729840 484
1729850 484
1729860 483
1729870 485
1729880 485
1729890 484
1729900 484
1729910 484
1729920 484
1729930 485
1729940 485
1729950 487
1729960 488
1729970 488
1729980 488
1729990 488
1730000 488
1730010 488
1730020 489
1730030 489
1730040 489
1730050 489
1730060 489
1730070 489
1730080 488
1730090 488
1730100 488
1730110 489
1730120 489
1730130 489
1730140 490
1730150 490
1730160 490
1730170 490
1730180 489
1730190 489
1730200 489
1730210 488
1730220 487
1730230 487
1730240 486
1730250 485
1730260 485
1730270 483
1730280 483
1730290 483
1730300 482
1730310 482
1730320 482
1730330 481
1730340 480
1730350 480
1730360 479
1730370 479
1730380 479
1730390 478
1730400 477
1730410 477
1730420 475
1730430 475
1730440 474
1730450 474
1730460 474
1730470 473
1730480 473
1730490 471
1730500 467
1730510 467
1730520 467
1730530 466
1730540 466
1730550 467
1730560 466
1730570 466
1730580 467
1730590 467
1730600 467
1730610 466
1730620 467
1730630 467
1730640 464
1730650 466
1730660 465
1730670 465
1730680 464
1730690 464
1730700 464
1730710 464
1730720 463
1730730 463
1730740 463
1730750 463
1730760 463
1730770 463
1730780 462
1730790 462
1730800 461
1730810 460
1730820 460
1730830 459
1730840 458
1730850 458
1730860 457
1730870 457
1730880 457
1730890 456
1730900 456
1730910 455
1730920 455
1730930 454
1730940 454
1730950 454
1730960 454
1730970 453
1730980 453
1730990 452
1731000 450
1731010 450
1731020 450
1731030 449
1731040 449
1731050 448
1731060 447
1731070 447
1731080 446
1731090 445
1731100 445
1731110 445
1731120 444
1731130 444
1731140 444
1731150 444
1731160 443
1731170 443
1731180 443
1731190 442
1731200 442
1731210 442
1731220 442
1731230 442
1731240 441
1731250 440
1731260 440
1731270 440
1731280 441
1731290 441
1731300 441
1731310 441
1731320 441
1731330 442
1731340 442
1731350 442
1731360 442
1731370 441
1731380 441
1731390 441
1731400 441
1731410 440
1731420 440
1731430 439
1731440 439
1731450 439
1731460 438
1731470 438
1731480 438
1731490 437
1731500 435
1731510 435
1731520 434
1731530 434
1731540 434
1731550 434
1731560 433
1731570 433
1731580 433
1731590 434
1731600 434
1731610 434
1731620 434
1731630 434
1731640 434
1731650 433
1731660 433
1731670 433
1731680 433
1731690 433
1731700 433
1731710 433
1731720 433
1731730 433
1731740 433
1731750 433
1731760 433
1731770 433
1731780 433
1731790 433
1731800 433
1731810 432
1731820 432
1731830 432
1731840 432
1731850 432
1731860 432
1731870 432
1731880 432
1731890 432
1731900 432
1731910 432
1731920 432
1731930 432
1731940 432
1731950 432
1731960 432
1731970 432
1731980 432
1731990 432
1732000 432
1732010 432
1732020 432
1732030 432
1732040 432
1732050 432
1732060 432
1732070 432
1732080 432
1732090 433
1732100 433
1732110 433
1732120 433
1732130 433
1732140 433
1732150 433
1732160 433
1732170 433
1732180 433
1732190 433
1732200 433
1732210 433
1732220 434
1732230 434
1732240 434
1732250 434
1732260 434
1732270 435
1732280 436
1732290 436
1732300 436
1732310 437
1732320 438
1732330 438
1732340 439
1732350 439
1732360 439
1732370 440
1732380 440
1732390 440
1732400 441
1732410 440
1732420 440
1732430 441
1732440 442
1732450 442
1732460 443
1732470 444
1732480 444
1732490 445
1732500 446
1732510 447
1732520 447
1732530 449
1732540 451
1732550 451
1732560 452
1732570 455
1732580 455
1732590 456
1732600 456
1732610 456
1732620 457
1732630 458
1732640 458
1732650 460
1732660 462
1732670 462
1732680 463
1732690 464
1732700 464
1732710 470
1732720 478
1732730 480
1732740 480
1732750 483
1732760 485
1732770 485
1732780 486
1732790 487
1732800 487
1732810 488
1732820 487
1732830 487
1732840 486
1732850 484
1732860 484
1732870 482
1732880 477
1732890 477
1732900 468
1732910 465
1732920 465
1732930 465
1732940 464
1732950 464
1732960 461
1732970 460
1732980 460
1732990 460
1733000 459
1733010 457
1733020 457
1733030 454
1733040 451
1733050 451
1733060 447
1733070 442
1733080 442
1733090 440
1733100 440
1733110 440
1733120 439
1733130 440
1733140 440
1733150 440
1733160 441
1733170 442
1733180 443
1733190 445
1733200 447
1733210 447
1733220 448
1733230 449
1733240 449
1733250 450
1733260 450
1733270 450
1733280 450
1733290 449
1733300 449
1733310 448
1733320 447
1733330 447
1733340 451
1733350 457
1733360 457
1733370 459
1733380 460
1733390 460
1733400 461
1733410 462
1733420 465
1733430 465
1733440 468
1733450 470
1733460 470
1733470 472
1733480 473
1733490 473
1733500 477
1733510 482
1733520 482
1733530 485
1733540 487
1733550 487
1733560 488
1733570 489
1733580 489
1733590 492
1733600 493
1733610 493
1733620 497
1733630 498
1733640 498
1733650 499
1733660 500
1733670 501
1733680 501
1733690 503
1733700 505
1733710 505
1733720 506
1733730 507
1733740 507
1733750 509
1733760 509
1733770 509
1733780 508
1733790 505
1733800 505
1733810 503
1733820 501
1733830 501
1733840 500
1733850 499
1733860 499
1733870 497
1733880 495
1733890 494
1733900 494
1733910 493
1733920 490
1733930 490
1733940 488
1733950 485
1733960 485
1733970 483
1733980 479
1733990 479
1734000 476
1734010 474
1734020 474
1734030 473
1734040 471
1734050 471
1734060 470
1734070 469
1734080 469
1734090 467
1734100 464
1734110 462
1734120 462
1734130 461
1734140 460
1734150 460
1734160 457
1734170 457
1734180 457
1734190 454
1734200 453
1734210 453
1734220 455
1734230 454
1734240 454
1734250 454
1734260 455
1734270 455
1734280 455
1734290 454
1734300 454
1734310 453
1734320 452
1734330 452
1734340 451
1734350 450
1734360 449
1734370 449
1734380 449
1734390 449
1734400 449
1734410 448
1734420 446
1734430 446
1734440 446
1734450 446
1734460 446
1734470 445
1734480 443
1734490 443
1734500 442
1734510 442
1734520 442
1734530 442
1734540 442
1734550 442
1734560 441
1734570 441
1734580 439
1734590 439
1734600 437
1734610 436
1734620 436
1734630 435
1734640 434
1734650 434
1734660 434
1734670 433
1734680 433
1734690 432
1734700 432
1734710 432
1734720 429
1734730 431
1734740 431
1734750 431
1734760 431
1734770 431
1734780 431
1734790 431
1734800 434
1734810 434
1734820 436
1734830 438
1734840 438
1734850 441
1734860 442
1734870 442
1734880 442
1734890 443
1734900 443
1734910 444
1734920 446
1734930 446
1734940 448
1734950 450
1734960 450
1734970 452
1734980 454
1734990 454
1735000 456
1735010 458
1735020 458
1735030 464
1735040 468
1735050 471
1735060 471
1735070 474
1735080 476
1735090 476
1735100 479
1735110 484
1735120 484
1735130 488
1735140 489
1735150 489
1735160 490
1735170 491
1735180 491
1735190 493
1735200 494
1735210 494
1735220 495
1735230 497
1735240 497
1735250 498
1735260 500
1735270 501
1735280 501
1735290 503
1735300 504
1735310 504
1735320 507
1735330 509
1735340 509
1735350 511
1735360 513
1735370 513
1735380 515
1735390 517
1735400 517
1735410 519
1735420 521
1735430 521
1735440 522
1735450 526
1735460 526
1735470 528
1735480 528
1735490 527
1735500 527
1735510 524
1735520 522
1735530 522
1735540 521
1735550 519
1735560 519
1735570 517
1735580 515
1735590 515
1735600 514
1735610 511
1735620 511
1735630 510
1735640 508
1735650 508
1735660 506
1735670 503
1735680 503
1735690 502
1735700 500
1735710 500
1735720 499
1735730 497
1735740 495
1735750 495
1735760 493
1735770 491
1735780 491
1735790 489
1735800 487
1735810 487
1735820 485
1735830 483
1735840 483
1735850 480
1735860 478
1735870 478
1735880 475
1735890 472
1735900 472
1735910 470
1735920 468
1735930 468
1735940 464
1735950 459
1735960 459
1735970 459
1735980 459
1735990 459
1736000 459
1736010 457
1736020 456
1736030 456
1736040 454
1736050 452
1736060 452
1736070 449
1736080 448
1736090 448
1736100 448
1736110 449
1736120 449
1736130 448
1736140 447
1736150 447
1736160 447
1736170 447
1736180 446
1736190 446
1736200 445
1736210 445
1736220 445
1736230 444
1736240 443
1736250 443
1736260 442
1736270 442
1736280 442
1736290 441
1736300 440
1736310 440
1736320 439
1736330 436
1736340 436
1736350 434
1736360 430
1736370 430
1736380 434
1736390 435
1736400 435
1736410 435
1736420 434
1736430 434
1736440 434
1736450 434
1736460 433
1736470 433
1736480 433
1736490 431
1736500 431
1736510 430
1736520 432
1736530 432
1736540 433
1736550 433
1736560 433
1736570 433
1736580 433
1736590 433
1736600 432
1736610 431
1736620 431
1736630 430
1736640 430
1736650 429
1736660 429
1736670 428
1736680 426
1736690 426
1736700 426
1736710 422
1736720 422
1736730 421
1736740 420
1736750 420
1736760 420
1736770 419
1736780 419
1736790 420
1736800 420
1736810 420
1736820 419
1736830 419
1736840 419
1736850 419
1736860 418
1736870 418
1736880 418
1736890 418
1736900 417
1736910 417
1736920 417
1736930 417
1736940 417
1736950 417
1736960 419
1736970 419
1736980 418
1736990 417
1737000 417
1737010 416
1737020 416
1737030 416
1737040 417
1737050 419
1737060 419
1737070 422
1737080 422
1737090 422
1737100 423
1737110 423
1737120 423
1737130 423
1737140 423
1737150 423
1737160 423
1737170 424
1737180 425
1737190 425
1737200 426
1737210 427
1737220 427
1737230 428
1737240 429
1737250 429
1737260 431
1737270 433
1737280 433
1737290 434
1737300 434
1737310 434
1737320 434
1737330 432
1737340 432
1737350 432
1737360 435
1737370 438
1737380 438
1737390 441
1737400 443
1737410 443
1737420 444
1737430 446
1737440 446
1737450 448
1737460 451
1737470 451
1737480 446
1737490 447
1737500 447
1737510 448
1737520 451
1737530 451
1737540 457
1737550 463
1737560 465
1737570 465
1737580 467
1737590 469
1737600 469
1737610 470
1737620 471
1737630 471
1737640 470
1737650 471
1737660 471
1737670 474
1737680 478
1737690 478
1737700 479
1737710 480
1737720 480
1737730 481
1737740 482
1737750 482
1737760 483
1737770 484
1737780 484
1737790 485
1737800 485
1737810 485
1737820 485
1737830 484
1737840 484
1737850 484
1737860 482
1737870 479
1737880 479
1737890 478
1737900 477
1737910 477
1737920 475
1737930 474
1737940 474
1737950 469
1737960 467
1737970 467
1737980 466
1737990 464
1738000 464
1738010 462
1738020 461
1738030 460
1738040 460
1738050 459
1738060 457
1738070 457
1738080 455
1738090 453
1738100 453
1738110 450
1738120 448
1738130 448
1738140 445
1738150 442
1738160 442
1738170 440
1738180 438
1738190 438
1738200 436
1738210 434
1738220 434
1738230 431
1738240 429
1738250 426
1738260 426
1738270 428
1738280 430
1738290 430
1738300 432
1738310 433
1738320 433
1738330 434
1738340 437
1738350 437
1738360 437
1738370 438
1738380 438
1738390 439
1738400 440
1738410 440
1738420 442
1738430 442
1738440 442
1738450 443
1738460 443
1738470 443
1738480 443
1738490 442
1738500 438
1738510 438
1738520 434
1738530 437
1738540 437
1738550 438
1738560 441
1738570 441
1738580 442
1738590 445
1738600 445
1738610 448
1738620 449
1738630 449
1738640 452
1738650 454
1738660 454
1738670 455
1738680 457
1738690 457
1738700 460
1738710 462
1738720 463
1738730 463
1738740 463
1738750 463
1738760 463
1738770 463
1738780 463
1738790 463
1738800 463
1738810 464
1738820 464
1738830 466
1738840 469
1738850 469
1738860 471
1738870 471
1738880 471
1738890 472
1738900 473
1738910 473
1738920 474
1738930 475
1738940 476
1738950 476
1738960 480
1738970 482
1738980 482
1738990 484
1739000 485
1739010 485
1739020 486
1739030 487
1739040 487
1739050 490
1739060 491
1739070 491
1739080 494
1739090 497
1739100 497
1739110 499
1739120 501
1739130 501
1739140 502
1739150 503
1739160 503
1739170 504
1739180 504
1739190 506
1739200 506
1739210 509
1739220 512
1739230 512
1739240 516
1739250 518
1739260 518
1739270 520
1739280 521
1739290 521
1739300 522
1739310 524
1739320 524
1739330 525
1739340 526
1739350 526
1739360 528
1739370 529
1739380 529
1739390 530
1739400 529
1739410 528
1739420 528
1739430 527
1739440 526
1739450 526
1739460 524
1739470 516
1739480 516
1739490 513
1739500 509
1739510 509
1739520 509
1739530 508
1739540 508
1739550 508
1739560 506
1739570 506
1739580 505
1739590 504
1739600 504
1739610 504
1739620 503
1739630 503
1739640 503
1739650 502
1739660 501
1739670 501
1739680 500
1739690 498
1739700 498
1739710 494
1739720 494
1739730 494
1739740 493
1739750 492
1739760 492
1739770 492
1739780 489
1739790 489
1739800 488
1739810 487
1739820 487
1739830 486
1739840 485
1739850 485
1739860 482
1739870 479
1739880 480
1739890 480
1739900 479
1739910 480
1739920 480
1739930 480
1739940 480
1739950 480
1739960 479
1739970 478
1739980 478
1739990 477
