1720000 618
1720010 620
1720020 618
1720030 618
1720040 617
1720050 617
1720060 617
1720070 616
1720080 616
1720090 615
1720100 615
1720110 614
1720120 613
1720130 613
1720140 612
1720150 611
1720160 611
1720170 609
1720180 607
1720190 607
1720200 605
1720210 602
1720220 602
1720230 600
1720240 596
1720250 596
1720260 595
1720270 594
1720280 594
1720290 593
1720300 588
1720310 588
1720320 584
1720330 578
1720340 570
1720350 570
1720360 572
1720370 569
1720380 569
1720390 567
1720400 564
1720410 564
1720420 560
1720430 556
1720440 556
1720450 552
1720460 548
1720470 548
1720480 543
1720490 538
1720500 538
1720510 533
1720520 532
1720530 532
1720540 538
1720550 543
1720560 548
1720570 548
1720580 552
1720590 557
1720600 557
1720610 562
1720620 567
1720630 567
1720640 572
1720650 577
1720660 577
1720670 582
1720680 586
1720690 586
1720700 590
1720710 594
1720720 594
1720730 598
1720740 602
1720750 602
1720760 604
1720770 605
1720780 604
1720790 604
1720800 603
1720810 603
1720820 603
1720830 603
1720840 603
1720850 603
1720860 603
1720870 602
1720880 602
1720890 601
1720900 601
1720910 601
1720920 600
1720930 599
1720940 599
1720950 598
1720960 597
1720970 597
1720980 596
1720990 595
1721000 595
1721010 597
1721020 598
1721030 599
1721040 599
1721050 599
1721060 601
1721070 601
1721080 602
1721090 600
1721100 600
1721110 599
1721120 597
1721130 597
1721140 596
1721150 594
1721160 594
1721170 595
1721180 596
1721190 596
1721200 597
1721210 598
1721220 598
1721230 599
1721240 601
1721250 602
1721260 602
1721270 602
1721280 602
1721290 602
1721300 601
1721310 600
1721320 600
1721330 598
1721340 595
1721350 595
1721360 593
1721370 590
1721380 590
1721390 586
1721400 580
1721410 580
1721420 571
1721430 563
1721440 563
1721450 558
1721460 553
1721470 549
1721480 549
1721490 545
1721500 541
1721510 541
1721520 540
1721530 539
1721540 539
1721550 537
1721560 536
1721570 536
1721580 535
1721590 534
1721600 534
1721610 534
1721620 532
1721630 532
1721640 531
1721650 527
1721660 527
1721670 522
1721680 518
1721690 518
1721700 514
1721710 511
1721720 508
1721730 508
1721740 503
1721750 500
1721760 500
1721770 494
1721780 489
1721790 489
1721800 491
1721810 493
1721820 493
1721830 492
1721840 491
1721850 491
1721860 490
1721870 489
1721880 489
1721890 489
1721900 488
1721910 488
1721920 488
1721930 487
1721940 487
1721950 487
1721960 486
1721970 485
1721980 485
1721990 484
1722000 483
1722010 483
1722020 483
1722030 483
1722040 483
1722050 484
1722060 484
1722070 484
1722080 483
1722090 484
1722100 484
1722110 483
1722120 481
1722130 481
1722140 480
1722150 479
1722160 478
1722170 478
1722180 477
1722190 477
1722200 477
1722210 476
1722220 474
1722230 474
1722240 472
1722250 470
1722260 470
1722270 468
1722280 467
1722290 467
1722300 466
1722310 464
1722320 464
1722330 462
1722340 460
1722350 460
1722360 458
1722370 456
1722380 456
1722390 454
1722400 452
1722410 450
1722420 450
1722430 447
1722440 446
1722450 446
1722460 444
1722470 445
1722480 445
1722490 446
1722500 445
1722510 445
1722520 445
1722530 444
1722540 444
1722550 444
1722560 445
1722570 445
1722580 446
1722590 446
1722600 446
1722610 446
1722620 446
1722630 447
1722640 447
1722650 447
1722660 447
1722670 447
1722680 447
1722690 448
1722700 448
1722710 448
1722720 449
1722730 449
1722740 450
1722750 449
1722760 449
1722770 445
1722780 444
1722790 444
1722800 445
1722810 445
1722820 445
1722830 446
1722840 445
1722850 445
1722860 445
1722870 445
1722880 446
1722890 446
1722900 447
1722910 448
1722920 448
1722930 450
1722940 450
1722950 450
1722960 451
1722970 452
1722980 452
1722990 453
1723000 454
1723010 454
1723020 455
1723030 456
1723040 456
1723050 457
1723060 457
1723070 457
1723080 458
1723090 460
1723100 460
1723110 460
1723120 461
1723130 462
1723140 462
1723150 463
1723160 464
1723170 464
1723180 465
1723190 465
1723200 465
1723210 465
1723220 465
1723230 465
1723240 465
1723250 465
1723260 465
1723270 464
1723280 464
1723290 464
1723300 463
1723310 462
1723320 461
1723330 461
1723340 460
1723350 459
1723360 459
1723370 458
1723380 457
1723390 457
1723400 456
1723410 455
1723420 455
1723430 454
1723440 453
1723450 453
1723460 452
1723470 451
1723480 451
1723490 451
1723500 451
1723510 451
1723520 450
1723530 450
1723540 450
1723550 450
1723560 450
1723570 450
1723580 450
1723590 450
1723600 450
1723610 450
1723620 450
1723630 448
1723640 448
1723650 449
1723660 453
1723670 453
1723680 454
1723690 455
1723700 455
1723710 456
1723720 457
1723730 457
1723740 457
1723750 458
1723760 458
1723770 460
1723780 461
1723790 463
1723800 463
1723810 464
1723820 465
1723830 465
1723840 466
1723850 467
1723860 467
1723870 468
1723880 469
1723890 469
1723900 469
1723910 470
1723920 470
1723930 471
1723940 472
1723950 472
1723960 473
1723970 474
1723980 474
1723990 475
1724000 476
1724010 477
1724020 477
1724030 478
1724040 480
1724050 480
1724060 481
1724070 482
1724080 482
1724090 483
1724100 484
1724110 484
1724120 485
1724130 487
1724140 487
1724150 488
1724160 489
1724170 489
1724180 490
1724190 491
1724200 491
1724210 492
1724220 492
1724230 493
1724240 493
1724250 494
1724260 495
1724270 495
1724280 495
1724290 495
1724300 495
1724310 495
1724320 495
1724330 495
1724340 495
1724350 495
1724360 495
1724370 494
1724380 494
1724390 494
1724400 494
1724410 494
1724420 494
1724430 493
1724440 492
1724450 492
1724460 492
1724470 491
1724480 490
1724490 490
1724500 489
1724510 489
1724520 489
1724530 488
1724540 487
1724550 487
1724560 485
1724570 484
1724580 484
1724590 483
1724600 482
1724610 482
1724620 481
1724630 480
1724640 480
1724650 479
1724660 478
1724670 478
1724680 477
1724690 476
1724700 476
1724710 476
1724720 475
1724730 473
1724740 473
1724750 472
1724760 471
1724770 471
1724780 470
1724790 469
1724800 469
1724810 468
1724820 465
1724830 465
1724840 465
1724850 466
1724860 466
1724870 465
1724880 465
1724890 465
1724900 465
1724910 465
1724920 465
1724930 465
1724940 465
1724950 465
1724960 465
1724970 464
1724980 465
1724990 465
1725000 465
1725010 466
1725020 466
1725030 467
1725040 468
1725050 468
1725060 469
1725070 471
1725080 471
1725090 472
1725100 473
1725110 473
1725120 474
1725130 476
1725140 476
1725150 477
1725160 479
1725170 480
1725180 480
1725190 482
1725200 484
1725210 484
1725220 485
1725230 487
1725240 487
1725250 488
1725260 489
1725270 489
1725280 489
1725290 490
1725300 490
1725310 491
1725320 491
1725330 491
1725340 492
1725350 492
1725360 492
1725370 493
1725380 493
1725390 493
1725400 493
1725410 493
1725420 493
1725430 493
1725440 493
1725450 493
1725460 493
1725470 493
1725480 493
1725490 493
1725500 493
1725510 493
1725520 493
1725530 493
1725540 493
1725550 493
1725560 493
1725570 493
1725580 493
1725590 492
1725600 492
1725610 492
1725620 492
1725630 492
1725640 492
1725650 492
1725660 492
1725670 492
1725680 492
1725690 492
1725700 492
1725710 492
1725720 492
1725730 492
1725740 492
1725750 491
1725760 491
1725770 491
1725780 491
1725790 491
1725800 491
1725810 491
1725820 491
1725830 491
1725840 492
1725850 492
1725860 492
1725870 492
1725880 492
1725890 492
1725900 492
1725910 492
1725920 492
1725930 492
1725940 492
1725950 491
1725960 491
1725970 491
1725980 491
1725990 491
1726000 491
1726010 491
1726020 491
1726030 491
1726040 491
1726050 491
1726060 490
1726070 489
1726080 489
1726090 489
1726100 488
1726110 487
1726120 487
1726130 486
1726140 485
1726150 485
1726160 484
1726170 483
1726180 483
1726190 482
1726200 481
1726210 481
1726220 481
1726230 479
1726240 479
1726250 478
1726260 477
1726270 477
1726280 476
1726290 475
1726300 474
1726310 474
1726320 473
1726330 472
1726340 472
1726350 471
1726360 469
1726370 469
1726380 468
1726390 468
1726400 468
1726410 468
1726420 469
1726430 469
1726440 469
1726450 469
1726460 469
1726470 469
1726480 469
1726490 469
1726500 469
1726510 469
1726520 469
1726530 470
1726540 470
1726550 470
1726560 470
1726570 470
1726580 470
1726590 470
1726600 470
1726610 470
1726620 470
1726630 470
1726640 471
1726650 471
1726660 471
1726670 471
1726680 471
1726690 471
1726700 471
1726710 471
1726720 472
1726730 471
1726740 471
1726750 472
1726760 471
1726770 471
1726780 471
1726790 471
1726800 471
1726810 471
1726820 471
1726830 474
1726840 474
1726850 476
1726860 477
1726870 477
1726880 478
1726890 479
1726900 479
1726910 479
1726920 480
1726930 480
1726940 481
1726950 481
1726960 481
1726970 482
1726980 482
1726990 482
1727000 482
1727010 483
1727020 483
1727030 483
1727040 484
1727050 484
1727060 484
1727070 484
1727080 484
1727090 484
1727100 485
1727110 485
1727120 485
1727130 485
1727140 485
1727150 485
1727160 485
1727170 485
1727180 485
1727190 486
1727200 487
1727210 487
1727220 488
1727230 489
1727240 490
1727250 490
1727260 491
1727270 492
1727280 492
1727290 494
1727300 495
1727310 495
1727320 497
1727330 501
1727340 501
1727350 503
1727360 504
1727370 504
1727380 505
1727390 506
1727400 506
1727410 505
1727420 505
1727430 505
1727440 504
1727450 503
1727460 503
1727470 503
1727480 502
1727490 502
1727500 502
1727510 501
1727520 501
1727530 501
1727540 500
1727550 499
1727560 499
1727570 499
1727580 498
1727590 498
1727600 497
1727610 496
1727620 496
1727630 495
1727640 497
1727650 497
1727660 498
1727670 500
1727680 500
1727690 500
1727700 500
1727710 501
1727720 501
1727730 502
1727740 504
1727750 504
1727760 506
1727770 507
1727780 507
1727790 509
1727800 511
1727810 511
1727820 513
1727830 514
1727840 514
1727850 516
1727860 517
1727870 517
1727880 520
1727890 521
1727900 521
1727910 523
1727920 523
1727930 524
1727940 524
1727950 526
1727960 527
1727970 527
1727980 529
1727990 530
1728000 530
1728010 531
1728020 533
1728030 533
1728040 534
1728050 536
1728060 536
1728070 538
1728080 539
1728090 539
1728100 541
1728110 543
1728120 543
1728130 543
1728140 545
1728150 546
1728160 546
1728170 547
1728180 546
1728190 546
1728200 545
1728210 543
1728220 543
1728230 539
1728240 537
1728250 537
1728260 534
1728270 532
1728280 532
1728290 531
1728300 529
1728310 529
1728320 527
1728330 526
1728340 526
1728350 524
1728360 523
1728370 522
1728380 522
1728390 521
1728400 519
1728410 519
1728420 516
1728430 512
1728440 512
1728450 512
1728460 511
1728470 511
1728480 509
1728490 508
1728500 508
1728510 507
1728520 506
1728530 506
1728540 506
1728550 505
1728560 505
1728570 505
1728580 504
1728590 504
1728600 503
1728610 503
1728620 501
1728630 501
1728640 500
1728650 499
1728660 499
1728670 497
1728680 496
1728690 496
1728700 495
1728710 494
1728720 494
1728730 494
1728740 493
1728750 493
1728760 492
1728770 491
1728780 491
1728790 490
1728800 490
1728810 490
1728820 489
1728830 488
1728840 487
1728850 487
1728860 486
1728870 485
1728880 485
1728890 484
1728900 483
1728910 483
1728920 482
1728930 481
1728940 481
1728950 480
1728960 480
1728970 480
1728980 479
1728990 478
1729000 478
1729010 478
1729020 478
1729030 478
1729040 477
1729050 475
1729060 477
1729070 477
1729080 476
1729090 475
1729100 475
1729110 475
1729120 474
1729130 474
1729140 474
1729150 470
1729160 470
1729170 467
1729180 465
1729190 465
1729200 465
1729210 465
1729220 465
1729230 464
1729240 464
1729250 464
1729260 464
1729270 463
1729280 463
1729290 467
1729300 469
1729310 468
1729320 468
1729330 469
1729340 468
1729350 468
1729360 470
1729370 472
1729380 472
1729390 469
1729400 474
1729410 474
1729420 470
1729430 469
1729440 469
1729450 474
1729460 476
1729470 476
1729480 476
1729490 473
1729500 473
1729510 477
1729520 478
1729530 478
1729540 478
1729550 478
1729560 478
1729570 478
1729580 475
1729590 470
1729600 470
1729610 468
1729620 472
1729630 472
1729640 474
1729650 476
1729660 476
1729670 477
1729680 475
1729690 475
1729700 473
1729710 477
1729720 477
1729730 479
1729740 475
1729750 474
1729760 474
1729770 473
1729780 476
1729790 476
1729800 480
1729810 485
1729820 485
1729830 485
1729840 481
1729850 481
1729860 474
1729870 477
1729880 477
1729890 478
1729900 478
1729910 478
1729920 478
1729930 478
1729940 478
1729950 480
1729960 482
1729970 482
1729980 483
1729990 484
1730000 483
1730010 483
1730020 483
1730030 483
1730040 483
1730050 482
1730060 483
1730070 483
1730080 481
1730090 486
1730100 486
1730110 486
1730120 486
1730130 486
1730140 486
1730150 488
1730160 488
1730170 487
1730180 486
1730190 486
1730200 485
1730210 483
1730220 483
1730230 483
1730240 482
1730250 481
1730260 481
1730270 480
1730280 480
1730290 480
1730300 479
1730310 479
1730320 479
1730330 478
1730340 477
1730350 477
1730360 477
1730370 475
1730380 475
1730390 473
1730400 473
1730410 473
1730420 473
1730430 473
1730440 473
1730450 473
1730460 471
1730470 471
1730480 471
1730490 471
1730500 470
1730510 470
1730520 469
1730530 467
1730540 467
1730550 462
1730560 458
1730570 458
1730580 456
1730590 459
1730600 459
1730610 458
1730620 463
1730630 463
1730640 462
1730650 462
1730660 462
1730670 460
1730680 461
1730690 461
1730700 461
1730710 461
1730720 457
1730730 457
1730740 460
1730750 460
1730760 460
1730770 458
1730780 458
1730790 458
1730800 458
1730810 458
1730820 458
1730830 457
1730840 457
1730850 457
1730860 457
1730870 457
1730880 457
1730890 456
1730900 456
1730910 455
1730920 455
1730930 454
1730940 454
1730950 454
1730960 453
1730970 452
1730980 452
1730990 451
1731000 451
1731010 451
1731020 450
1731030 449
1731040 449
1731050 448
1731060 447
1731070 447
1731080 446
1731090 445
1731100 445
1731110 444
1731120 444
1731130 443
1731140 443
1731150 443
1731160 443
1731170 443
1731180 442
1731190 442
1731200 442
1731210 442
1731220 442
1731230 442
1731240 441
1731250 441
1731260 441
1731270 440
1731280 439
1731290 439
1731300 440
1731310 440
1731320 440
1731330 440
1731340 440
1731350 440
1731360 440
1731370 440
1731380 440
1731390 440
1731400 439
1731410 439
1731420 439
1731430 438
1731440 437
1731450 437
1731460 437
1731470 436
1731480 436
1731490 436
1731500 435
1731510 435
1731520 434
1731530 434
1731540 434
1731550 434
1731560 434
1731570 434
1731580 434
1731590 434
1731600 434
1731610 434
1731620 434
1731630 432
1731640 432
1731650 433
1731660 434
1731670 434
1731680 434
1731690 433
1731700 433
1731710 433
1731720 433
1731730 433
1731740 433
1731750 433
1731760 433
1731770 433
1731780 433
1731790 433
1731800 433
1731810 433
1731820 433
1731830 433
1731840 432
1731850 432
1731860 432
1731870 433
1731880 433
1731890 433
1731900 433
1731910 433
1731920 433
1731930 433
1731940 433
1731950 433
1731960 433
1731970 433
1731980 433
1731990 433
1732000 433
1732010 433
1732020 433
1732030 433
1732040 433
1732050 434
1732060 434
1732070 434
1732080 434
1732090 434
1732100 434
1732110 434
1732120 435
1732130 435
1732140 435
1732150 435
1732160 435
1732170 435
1732180 435
1732190 435
1732200 435
1732210 436
1732220 436
1732230 436
1732240 437
1732250 437
1732260 437
1732270 438
1732280 439
1732290 440
1732300 440
1732310 441
1732320 442
1732330 442
1732340 444
1732350 445
1732360 445
1732370 445
1732380 445
1732390 445
1732400 446
1732410 446
1732420 446
1732430 445
1732440 445
1732450 445
1732460 444
1732470 444
1732480 444
1732490 444
1732500 447
1732510 449
1732520 449
1732530 451
1732540 453
1732550 453
1732560 454
1732570 455
1732580 455
1732590 456
1732600 457
1732610 457
1732620 459
1732630 460
1732640 460
1732650 462
1732660 463
1732670 463
1732680 464
1732690 465
1732700 465
1732710 469
1732720 475
1732730 475
1732740 482
1732750 487
1732760 488
1732770 488
1732780 488
1732790 488
1732800 488
1732810 488
1732820 487
1732830 487
1732840 486
1732850 484
1732860 484
1732870 482
1732880 476
1732890 476
1732900 468
1732910 467
1732920 467
1732930 467
1732940 465
1732950 465
1732960 462
1732970 461
1732980 460
1732990 460
1733000 459
1733010 458
1733020 458
1733030 455
1733040 454
1733050 454
1733060 450
1733070 445
1733080 445
1733090 441
1733100 441
1733110 441
1733120 442
1733130 441
1733140 441
1733150 443
1733160 445
1733170 445
1733180 446
1733190 447
1733200 447
1733210 447
1733220 449
1733230 450
1733240 450
1733250 451
1733260 451
1733270 451
1733280 452
1733290 453
1733300 453
1733310 453
1733320 452
1733330 452
1733340 449
1733350 454
1733360 454
1733370 458
1733380 459
1733390 459
1733400 461
1733410 462
1733420 462
1733430 464
1733440 468
1733450 469
1733460 469
1733470 472
1733480 474
1733490 474
1733500 478
1733510 483
1733520 483
1733530 487
1733540 491
1733550 491
1733560 492
1733570 494
1733580 494
1733590 496
1733600 497
1733610 497
1733620 498
1733630 499
1733640 499
1733650 501
1733660 502
1733670 503
1733680 503
1733690 505
1733700 507
1733710 507
1733720 508
1733730 509
1733740 509
1733750 510
1733760 509
1733770 509
1733780 506
1733790 504
1733800 504
1733810 502
1733820 501
1733830 501
1733840 500
1733850 498
1733860 498
1733870 496
1733880 494
1733890 494
1733900 492
1733910 490
1733920 487
1733930 487
1733940 484
1733950 482
1733960 482
1733970 480
1733980 477
1733990 477
1734000 477
1734010 475
1734020 475
1734030 473
1734040 471
1734050 471
1734060 469
1734070 468
1734080 468
1734090 468
1734100 467
1734110 467
1734120 466
1734130 465
1734140 464
1734150 464
1734160 461
1734170 461
1734180 461
1734190 461
1734200 460
1734210 460
1734220 460
1734230 460
1734240 460
1734250 459
1734260 459
1734270 459
1734280 457
1734290 456
1734300 456
1734310 456
1734320 456
1734330 456
1734340 455
1734350 456
1734360 456
1734370 456
1734380 455
1734390 454
1734400 454
1734410 453
1734420 452
1734430 452
1734440 452
1734450 448
1734460 448
1734470 449
1734480 450
1734490 450
1734500 447
1734510 448
1734520 448
1734530 446
1734540 446
1734550 446
1734560 444
1734570 443
1734580 443
1734590 442
1734600 440
1734610 438
1734620 438
1734630 437
1734640 436
1734650 436
1734660 435
1734670 435
1734680 435
1734690 434
1734700 433
1734710 433
1734720 432
1734730 430
1734740 430
1734750 431
1734760 432
1734770 432
1734780 432
1734790 433
1734800 433
1734810 433
1734820 435
1734830 437
1734840 437
1734850 438
1734860 440
1734870 440
1734880 442
1734890 443
1734900 443
1734910 444
1734920 445
1734930 445
1734940 447
1734950 449
1734960 449
1734970 450
1734980 454
1734990 454
1735000 456
1735010 458
1735020 458
1735030 459
1735040 463
1735050 470
1735060 470
1735070 473
1735080 477
1735090 477
1735100 482
1735110 483
1735120 483
1735130 484
1735140 487
1735150 487
1735160 489
1735170 491
1735180 491
1735190 492
1735200 493
1735210 493
1735220 495
1735230 497
1735240 497
1735250 498
1735260 500
1735270 500
1735280 502
1735290 504
1735300 506
1735310 506
1735320 508
1735330 510
1735340 510
1735350 513
1735360 515
1735370 515
1735380 517
1735390 520
1735400 520
1735410 521
1735420 523
1735430 523
1735440 525
1735450 526
1735460 526
1735470 526
1735480 526
1735490 526
1735500 525
1735510 523
1735520 521
1735530 521
1735540 520
1735550 518
1735560 518
1735570 516
1735580 514
1735590 514
1735600 512
1735610 511
1735620 511
1735630 509
1735640 506
1735650 506
1735660 504
1735670 502
1735680 502
1735690 500
1735700 498
1735710 498
1735720 497
1735730 495
1735740 493
1735750 493
1735760 491
1735770 490
1735780 490
1735790 488
1735800 485
1735810 485
1735820 483
1735830 481
1735840 481
1735850 479
1735860 476
1735870 476
1735880 474
1735890 472
1735900 472
1735910 470
1735920 467
1735930 467
1735940 466
1735950 464
1735960 464
1735970 463
1735980 462
1735990 461
1736000 461
1736010 459
1736020 457
1736030 457
1736040 456
1736050 454
1736060 454
1736070 452
1736080 451
1736090 451
1736100 450
1736110 448
1736120 448
1736130 448
1736140 446
1736150 446
1736160 444
1736170 441
1736180 441
1736190 439
1736200 443
1736210 442
1736220 442
1736230 442
1736240 440
1736250 440
1736260 440
1736270 440
1736280 440
1736290 439
1736300 437
1736310 437
1736320 435
1736330 432
1736340 432
1736350 428
1736360 429
1736370 429
1736380 431
1736390 428
1736400 428
1736410 427
1736420 427
1736430 427
1736440 427
1736450 428
1736460 430
1736470 430
1736480 429
1736490 427
1736500 427
1736510 428
1736520 428
1736530 428
1736540 428
1736550 428
1736560 428
1736570 428
1736580 428
1736590 428
1736600 427
1736610 427
1736620 427
1736630 427
1736640 427
1736650 427
1736660 425
1736670 424
1736680 422
1736690 422
1736700 421
1736710 422
1736720 422
1736730 422
1736740 422
1736750 422
1736760 422
1736770 420
1736780 420
1736790 420
1736800 419
1736810 419
1736820 422
1736830 422
1736840 422
1736850 422
1736860 422
1736870 422
1736880 422
1736890 422
1736900 422
1736910 422
1736920 421
1736930 420
1736940 420
1736950 418
1736960 418
1736970 418
1736980 420
1736990 421
1737000 421
1737010 422
1737020 423
1737030 423
1737040 423
1737050 423
1737060 423
1737070 423
1737080 423
1737090 423
1737100 423
1737110 424
1737120 424
1737130 424
1737140 424
1737150 425
1737160 425
1737170 426
1737180 427
1737190 427
1737200 429
1737210 430
1737220 430
1737230 432
1737240 433
1737250 433
1737260 434
1737270 436
1737280 436
1737290 437
1737300 438
1737310 438
1737320 438
1737330 437
1737340 437
1737350 438
1737360 435
1737370 438
1737380 438
1737390 444
1737400 446
1737410 446
1737420 448
1737430 451
1737440 451
1737450 455
1737460 458
1737470 458
1737480 459
1737490 459
1737500 459
1737510 459
1737520 459
1737530 459
1737540 461
1737550 461
1737560 461
1737570 461
1737580 464
1737590 467
1737600 467
1737610 472
1737620 475
1737630 475
1737640 477
1737650 479
1737660 479
1737670 480
1737680 480
1737690 480
1737700 481
1737710 483
1737720 483
1737730 484
1737740 485
1737750 485
1737760 486
1737770 487
1737780 487
1737790 487
1737800 487
1737810 486
1737820 486
1737830 484
1737840 482
1737850 482
1737860 481
1737870 479
1737880 479
1737890 478
1737900 477
1737910 477
1737920 476
1737930 474
1737940 474
1737950 469
1737960 466
1737970 466
1737980 465
1737990 463
1738000 463
1738010 462
1738020 460
1738030 460
1738040 459
1738050 458
1738060 456
1738070 456
1738080 455
1738090 453
1738100 453
1738110 450
1738120 449
1738130 449
1738140 446
1738150 443
1738160 443
1738170 439
1738180 436
1738190 436
1738200 434
1738210 431
1738220 431
1738230 431
1738240 430
1738250 430
1738260 428
1738270 428
1738280 431
1738290 431
1738300 433
1738310 434
1738320 434
1738330 437
1738340 437
1738350 437
1738360 437
1738370 440
1738380 440
1738390 442
1738400 443
1738410 443
1738420 445
1738430 448
1738440 448
1738450 449
1738460 449
1738470 449
1738480 448
1738490 449
1738500 450
1738510 450
1738520 450
1738530 441
1738540 441
1738550 444
1738560 446
1738570 446
1738580 447
1738590 447
1738600 447
1738610 448
1738620 451
1738630 451
1738640 454
1738650 456
1738660 456
1738670 458
1738680 460
1738690 460
1738700 461
1738710 463
1738720 463
1738730 464
1738740 464
1738750 465
1738760 465
1738770 466
1738780 466
1738790 466
1738800 467
1738810 468
1738820 468
1738830 470
1738840 473
1738850 473
1738860 474
1738870 476
1738880 476
1738890 478
1738900 480
1738910 480
1738920 481
1738930 483
1738940 483
1738950 484
1738960 485
1738970 486
1738980 486
1738990 486
1739000 488
1739010 488
1739020 487
1739030 490
1739040 490
1739050 493
1739060 496
1739070 496
1739080 498
1739090 500
1739100 500
1739110 501
1739120 502
1739130 502
1739140 503
1739150 503
1739160 503
1739170 505
1739180 506
1739190 508
1739200 508
1739210 510
1739220 511
1739230 511
1739240 515
1739250 519
1739260 519
1739270 521
1739280 523
1739290 523
1739300 525
1739310 526
1739320 526
1739330 528
1739340 529
1739350 529
1739360 530
1739370 531
1739380 531
1739390 530
1739400 528
1739410 528
1739420 528
1739430 526
1739440 522
1739450 522
1739460 516
1739470 511
1739480 510
1739490 509
1739500 508
1739510 508
1739520 508
1739530 507
1739540 507
1739550 506
1739560 505
1739570 505
1739580 503
1739590 503
1739600 503
1739610 502
1739620 501
1739630 501
1739640 500
1739650 500
1739660 499
1739670 499
1739680 496
1739690 493
1739700 493
1739710 493
1739720 492
1739730 492
1739740 491
1739750 489
1739760 489
1739770 487
1739780 487
1739790 487
1739800 485
1739810 484
1739820 484
1739830 481
1739840 479
1739850 479
1739860 478
1739870 477
1739880 475
1739890 475
1739900 474
1739910 473
1739920 473
1739930 471
1739940 471
1739950 471
1739960 470
1739970 470
1739980 470
1739990 469
