1720000 1034
1720010 1036
1720020 1036
1720030 1037
1720040 1038
1720050 1038
1720060 1039
1720070 1040
1720080 1040
1720090 1041
1720100 1041
1720110 1041
1720120 1042
1720130 1043
1720140 1043
1720150 1043
1720160 1044
1720170 1044
1720180 1044
1720190 1043
1720200 1043
1720210 1044
1720220 1044
1720230 1044
1720240 1045
1720250 1045
1720260 1046
1720270 1046
1720280 1046
1720290 1046
1720300 1046
1720310 1046
1720320 1047
1720330 1047
1720340 1047
1720350 1046
1720360 1046
1720370 1046
1720380 1045
1720390 1045
1720400 1043
1720410 1041
1720420 1041
1720430 1039
1720440 1036
1720450 1036
1720460 1034
1720470 1032
1720480 1028
1720490 1028
1720500 1026
1720510 1024
1720520 1024
1720530 1022
1720540 1020
1720550 1020
1720560 1016
1720570 1013
1720580 1013
1720590 1010
1720600 1008
1720610 1008
1720620 1005
1720630 1002
1720640 1002
1720650 1000
1720660 997
1720670 997
1720680 995
1720690 992
1720700 992
1720710 989
1720720 986
1720730 983
1720740 983
1720750 980
1720760 976
1720770 976
1720780 972
1720790 968
1720800 968
1720810 964
1720820 959
1720830 959
1720840 954
1720850 949
1720860 949
1720870 945
1720880 941
1720890 941
1720900 938
1720910 935
1720920 935
1720930 933
1720940 931
1720950 929
1720960 929
1720970 927
1720980 924
1720990 924
1721000 922
1721010 920
1721020 920
1721030 918
1721040 916
1721050 916
1721060 914
1721070 911
1721080 911
1721090 907
1721100 904
1721110 904
1721120 901
1721130 898
1721140 898
1721150 895
1721160 892
1721170 892
1721180 891
1721190 888
1721200 885
1721210 885
1721220 883
1721230 881
1721240 881
1721250 880
1721260 878
1721270 878
1721280 875
1721290 873
1721300 873
1721310 872
1721320 869
1721330 869
1721340 867
1721350 864
1721360 864
1721370 862
1721380 860
1721390 860
1721400 858
1721410 856
1721420 854
1721430 854
1721440 852
1721450 849
1721460 849
1721470 847
1721480 845
1721490 845
1721500 843
1721510 840
1721520 840
1721530 837
1721540 834
1721550 834
1721560 831
1721570 829
1721580 829
1721590 826
1721600 823
1721610 823
1721620 821
1721630 817
1721640 817
1721650 816
1721660 813
1721670 810
1721680 810
1721690 806
1721700 803
1721710 803
1721720 799
1721730 796
1721740 796
1721750 793
1721760 790
1721770 790
1721780 788
1721790 788
1721800 788
1721810 788
1721820 789
1721830 789
1721840 790
1721850 791
1721860 791
1721870 792
1721880 790
1721890 787
1721900 787
1721910 782
1721920 777
1721930 777
1721940 776
1721950 776
1721960 776
1721970 774
1721980 774
1721990 774
1722000 773
1722010 772
1722020 772
1722030 771
1722040 770
1722050 770
1722060 769
1722070 768
1722080 768
1722090 765
1722100 762
1722110 762
1722120 760
1722130 757
1722140 757
1722150 757
1722160 760
1722170 762
1722180 762
1722190 763
1722200 763
1722210 763
1722220 761
1722230 758
1722240 758
1722250 754
1722260 753
1722270 753
1722280 750
1722290 747
1722300 747
1722310 744
1722320 742
1722330 742
1722340 739
1722350 737
1722360 734
1722370 734
1722380 730
1722390 725
1722400 725
1722410 720
1722420 716
1722430 716
1722440 712
1722450 708
1722460 708
1722470 704
1722480 699
1722490 699
1722500 696
1722510 694
1722520 694
1722530 691
1722540 689
1722550 689
1722560 689
1722570 688
1722580 688
1722590 687
1722600 687
1722610 687
1722620 687
1722630 687
1722640 687
1722650 687
1722660 687
1722670 687
1722680 687
1722690 687
1722700 686
1722710 686
1722720 686
1722730 686
1722740 686
1722750 687
1722760 689
1722770 689
1722780 689
1722790 690
1722800 690
1722810 691
1722820 691
1722830 691
1722840 691
1722850 692
1722860 690
1722870 690
1722880 690
1722890 688
1722900 688
1722910 686
1722920 684
1722930 684
1722940 681
1722950 677
1722960 677
1722970 672
1722980 665
1722990 665
1723000 658
1723010 649
1723020 649
1723030 651
1723040 659
1723050 659
1723060 665
1723070 670
1723080 675
1723090 675
1723100 679
1723110 683
1723120 683
1723130 687
1723140 691
1723150 691
1723160 693
1723170 695
1723180 695
1723190 696
1723200 696
1723210 696
1723220 696
1723230 696
1723240 696
1723250 696
1723260 696
1723270 696
1723280 697
1723290 696
1723300 694
1723310 694
1723320 695
1723330 697
1723340 697
1723350 698
1723360 699
1723370 699
1723380 700
1723390 701
1723400 701
1723410 702
1723420 702
1723430 702
1723440 702
1723450 702
1723460 702
1723470 702
1723480 702
1723490 702
1723500 702
1723510 702
1723520 702
1723530 702
1723540 702
1723550 703
1723560 703
1723570 703
1723580 702
1723590 702
1723600 700
1723610 699
1723620 699
1723630 698
1723640 696
1723650 696
1723660 695
1723670 693
1723680 693
1723690 692
1723700 690
1723710 690
1723720 688
1723730 686
1723740 686
1723750 684
1723760 683
1723770 682
1723780 682
1723790 681
1723800 680
1723810 680
1723820 680
1723830 679
1723840 679
1723850 679
1723860 678
1723870 678
1723880 678
1723890 679
1723900 679
1723910 678
1723920 678
1723930 678
1723940 678
1723950 678
1723960 678
1723970 678
1723980 679
1723990 679
1724000 679
1724010 678
1724020 679
1724030 679
1724040 679
1724050 678
1724060 678
1724070 677
1724080 677
1724090 677
1724100 676
1724110 676
1724120 676
1724130 675
1724140 675
1724150 675
1724160 674
1724170 673
1724180 673
1724190 673
1724200 673
1724210 673
1724220 672
1724230 671
1724240 671
1724250 671
1724260 670
1724270 670
1724280 670
1724290 669
1724300 669
1724310 669
1724320 668
1724330 668
1724340 668
1724350 668
1724360 668
1724370 668
1724380 667
1724390 666
1724400 666
1724410 665
1724420 664
1724430 664
1724440 663
1724450 662
1724460 662
1724470 661
1724480 659
1724490 658
1724500 658
1724510 656
1724520 655
1724530 655
1724540 654
1724550 653
1724560 653
1724570 652
1724580 652
1724590 652
1724600 650
1724610 648
1724620 648
1724630 646
1724640 644
1724650 644
1724660 642
1724670 639
1724680 639
1724690 636
1724700 634
1724710 633
1724720 633
1724730 631
1724740 629
1724750 629
1724760 625
1724770 622
1724780 622
1724790 618
1724800 615
1724810 615
1724820 613
1724830 610
1724840 610
1724850 609
1724860 606
1724870 606
1724880 604
1724890 601
1724900 601
1724910 597
1724920 593
1724930 593
1724940 588
1724950 583
1724960 580
1724970 580
1724980 577
1724990 573
1725000 573
1725010 566
1725020 558
1725030 558
1725040 554
1725050 558
1725060 558
1725070 560
1725080 561
1725090 561
1725100 559
1725110 557
1725120 557
1725130 555
1725140 553
1725150 553
1725160 551
1725170 550
1725180 549
1725190 549
1725200 548
1725210 547
1725220 547
1725230 545
1725240 543
1725250 543
1725260 540
1725270 536
1725280 536
1725290 533
1725300 530
1725310 530
1725320 526
1725330 522
1725340 522
1725350 524
1725360 525
1725370 525
1725380 528
1725390 532
1725400 532
1725410 534
1725420 536
1725430 539
1725440 539
1725450 540
1725460 539
1725470 539
1725480 539
1725490 538
1725500 538
1725510 537
1725520 536
1725530 536
1725540 535
1725550 534
1725560 534
1725570 533
1725580 532
1725590 532
1725600 531
1725610 530
1725620 530
1725630 529
1725640 527
1725650 525
1725660 525
1725670 524
1725680 524
1725690 524
1725700 522
1725710 521
1725720 521
1725730 521
1725740 520
1725750 520
1725760 519
1725770 518
1725780 518
1725790 516
1725800 515
1725810 515
1725820 514
1725830 513
1725840 513
1725850 512
1725860 511
1725870 511
1725880 514
1725890 516
1725900 518
1725910 518
1725920 520
1725930 520
1725940 520
1725950 520
1725960 520
1725970 520
1725980 523
1725990 524
1726000 524
1726010 525
1726020 527
1726030 527
1726040 528
1726050 529
1726060 529
1726070 529
1726080 531
1726090 531
1726100 533
1726110 535
1726120 537
1726130 537
1726140 538
1726150 539
1726160 539
1726170 540
1726180 541
1726190 541
1726200 541
1726210 543
1726220 543
1726230 544
1726240 546
1726250 546
1726260 547
1726270 547
1726280 547
1726290 549
1726300 549
1726310 549
1726320 550
1726330 551
1726340 551
1726350 551
1726360 552
1726370 554
1726380 554
1726390 554
1726400 555
1726410 555
1726420 555
1726430 556
1726440 556
1726450 556
1726460 557
1726470 557
1726480 557
1726490 557
1726500 557
1726510 558
1726520 558
1726530 558
1726540 557
1726550 556
1726560 556
1726570 555
1726580 554
1726590 551
1726600 551
1726610 550
1726620 549
1726630 549
1726640 548
1726650 547
1726660 547
1726670 545
1726680 544
1726690 544
1726700 543
1726710 542
1726720 542
1726730 542
1726740 542
1726750 542
1726760 541
1726770 540
1726780 540
1726790 539
1726800 538
1726810 538
1726820 537
1726830 537
1726840 535
1726850 535
1726860 533
1726870 533
1726880 533
1726890 531
1726900 529
1726910 529
1726920 528
1726930 527
1726940 527
1726950 525
1726960 524
1726970 524
1726980 522
1726990 521
1727000 521
1727010 520
1727020 519
1727030 519
1727040 518
1727050 517
1727060 517
1727070 517
1727080 517
1727090 516
1727100 516
1727110 515
1727120 514
1727130 514
1727140 514
1727150 513
1727160 513
1727170 513
1727180 512
1727190 512
1727200 511
1727210 510
1727220 510
1727230 509
1727240 509
1727250 509
1727260 508
1727270 508
1727280 508
1727290 507
1727300 508
1727310 508
1727320 508
1727330 508
1727340 508
1727350 508
1727360 508
1727370 508
1727380 508
1727390 508
1727400 508
1727410 508
1727420 508
1727430 507
1727440 507
1727450 506
1727460 506
1727470 506
1727480 505
1727490 504
1727500 504
1727510 503
1727520 502
1727530 501
1727540 501
1727550 500
1727560 499
1727570 499
1727580 497
1727590 497
1727600 497
1727610 497
1727620 495
1727630 495
1727640 495
1727650 493
1727660 493
1727670 492
1727680 491
1727690 491
1727700 489
1727710 488
1727720 488
1727730 486
1727740 485
1727750 485
1727760 484
1727770 483
1727780 483
1727790 483
1727800 481
1727810 480
1727820 480
1727830 479
1727840 477
1727850 477
1727860 475
1727870 474
1727880 474
1727890 474
1727900 473
1727910 473
1727920 474
1727930 474
1727940 474
1727950 474
1727960 474
1727970 474
1727980 474
1727990 475
1728000 477
1728010 477
1728020 478
1728030 479
1728040 479
1728050 480
1728060 481
1728070 481
1728080 483
1728090 484
1728100 484
1728110 486
1728120 487
1728130 487
1728140 490
1728150 491
1728160 491
1728170 492
1728180 494
1728190 494
1728200 496
1728210 497
1728220 497
1728230 498
1728240 500
1728250 501
1728260 501
1728270 502
1728280 504
1728290 504
1728300 505
1728310 507
1728320 507
1728330 508
1728340 510
1728350 510
1728360 511
1728370 513
1728380 513
1728390 514
1728400 515
1728410 515
1728420 517
1728430 518
1728440 518
1728450 520
1728460 521
1728470 523
1728480 523
1728490 524
1728500 525
1728510 525
1728520 527
1728530 529
1728540 529
1728550 530
1728560 532
1728570 532
1728580 535
1728590 536
1728600 536
1728610 537
1728620 538
1728630 538
1728640 538
1728650 538
1728660 538
1728670 538
1728680 538
1728690 538
1728700 538
1728710 538
1728720 538
1728730 538
1728740 538
1728750 537
1728760 537
1728770 537
1728780 537
1728790 537
1728800 537
1728810 536
1728820 536
1728830 536
1728840 535
1728850 535
1728860 534
1728870 534
1728880 534
1728890 532
1728900 532
1728910 532
1728920 530
1728930 528
1728940 527
1728950 527
1728960 524
1728970 523
1728980 523
1728990 522
1729000 521
1729010 521
1729020 520
1729030 518
1729040 518
1729050 516
1729060 515
1729070 515
1729080 515
1729090 514
1729100 514
1729110 513
1729120 513
1729130 513
1729140 511
1729150 511
1729160 511
1729170 510
1729180 510
1729190 509
1729200 509
1729210 508
1729220 507
1729230 507
1729240 506
1729250 505
1729260 505
1729270 504
1729280 503
1729290 503
1729300 502
1729310 501
1729320 501
1729330 501
1729340 500
1729350 500
1729360 500
1729370 500
1729380 500
1729390 500
1729400 500
1729410 500
1729420 500
1729430 499
1729440 499
1729450 499
1729460 499
1729470 498
1729480 498
1729490 497
1729500 497
1729510 497
1729520 496
1729530 495
1729540 495
1729550 494
1729560 493
1729570 493
1729580 492
1729590 491
1729600 491
1729610 490
1729620 489
1729630 489
1729640 487
1729650 486
1729660 485
1729670 485
1729680 484
1729690 483
1729700 483
1729710 481
1729720 480
1729730 480
1729740 479
1729750 478
1729760 478
1729770 477
1729780 476
1729790 476
1729800 473
1729810 473
1729820 473
1729830 473
1729840 473
1729850 473
1729860 472
1729870 472
1729880 469
1729890 469
1729900 469
1729910 469
1729920 469
1729930 468
1729940 468
1729950 468
1729960 468
1729970 468
1729980 468
1729990 468
1730000 469
1730010 469
1730020 469
1730030 467
1730040 467
1730050 469
1730060 470
1730070 470
1730080 471
1730090 471
1730100 471
1730110 471
1730120 471
1730130 472
1730140 472
1730150 473
1730160 473
1730170 473
1730180 473
1730190 474
1730200 474
1730210 474
1730220 475
1730230 475
1730240 476
1730250 477
1730260 477
1730270 478
1730280 479
1730290 479
1730300 479
1730310 480
1730320 480
1730330 482
1730340 482
1730350 483
1730360 483
1730370 485
1730380 486
1730390 486
1730400 487
1730410 489
1730420 489
1730430 490
1730440 490
1730450 490
1730460 492
1730470 493
1730480 493
1730490 494
1730500 495
1730510 495
1730520 496
1730530 497
1730540 497
1730550 499
1730560 500
1730570 500
1730580 501
1730590 502
1730600 503
1730610 503
1730620 503
1730630 504
1730640 504
1730650 505
1730660 506
1730670 506
1730680 507
1730690 508
1730700 508
1730710 509
1730720 509
1730730 509
1730740 511
1730750 511
1730760 511
1730770 511
1730780 512
1730790 512
1730800 512
1730810 511
1730820 510
1730830 510
1730840 509
1730850 508
1730860 508
1730870 508
1730880 508
1730890 508
1730900 507
1730910 504
1730920 504
1730930 500
1730940 494
1730950 494
1730960 492
1730970 493
1730980 493
1730990 490
1731000 493
1731010 493
1731020 496
1731030 497
1731040 497
1731050 498
1731060 502
1731070 504
1731080 504
1731090 506
1731100 507
1731110 507
1731120 508
1731130 508
1731140 508
1731150 508
1731160 504
1731170 504
1731180 503
1731190 501
1731200 501
1731210 501
1731220 499
1731230 499
1731240 497
1731250 495
1731260 495
1731270 496
1731280 495
1731290 495
1731300 495
1731310 499
1731320 502
1731330 502
1731340 503
1731350 508
1731360 508
1731370 510
1731380 510
1731390 510
1731400 511
1731410 512
1731420 512
1731430 512
1731440 513
1731450 513
1731460 514
1731470 514
1731480 514
1731490 515
1731500 516
1731510 516
1731520 517
1731530 518
1731540 520
1731550 520
1731560 521
1731570 521
1731580 521
1731590 522
1731600 523
1731610 523
1731620 523
1731630 523
1731640 523
1731650 523
1731660 522
1731670 522
1731680 522
1731690 521
1731700 521
1731710 520
1731720 518
1731730 518
1731740 517
1731750 513
1731760 514
1731770 514
1731780 518
1731790 519
1731800 519
1731810 520
1731820 519
1731830 519
1731840 520
1731850 518
1731860 518
1731870 517
1731880 515
1731890 515
1731900 514
1731910 515
1731920 515
1731930 516
1731940 518
1731950 518
1731960 520
1731970 523
1731980 523
1731990 524
1732000 524
1732010 525
1732020 525
1732030 524
1732040 525
1732050 525
1732060 528
1732070 529
1732080 529
1732090 536
1732100 540
1732110 540
1732120 541
1732130 542
1732140 542
1732150 543
1732160 544
1732170 544
1732180 545
1732190 546
1732200 546
1732210 548
1732220 549
1732230 550
1732240 550
1732250 550
1732260 549
1732270 549
1732280 549
1732290 548
1732300 548
1732310 546
1732320 542
1732330 542
1732340 542
1732350 540
1732360 540
1732370 538
1732380 537
1732390 537
1732400 536
1732410 535
1732420 535
1732430 534
1732440 531
1732450 531
1732460 531
1732470 529
1732480 526
1732490 526
1732500 524
1732510 523
1732520 523
1732530 521
1732540 519
1732550 519
1732560 519
1732570 519
1732580 519
1732590 517
1732600 516
1732610 516
1732620 513
1732630 511
1732640 511
1732650 509
1732660 509
1732670 509
1732680 511
1732690 512
1732700 512
1732710 512
1732720 515
1732730 517
1732740 517
1732750 522
1732760 526
1732770 526
1732780 529
1732790 531
1732800 531
1732810 533
1732820 534
1732830 534
1732840 535
1732850 536
1732860 536
1732870 537
1732880 537
1732890 537
1732900 537
1732910 538
1732920 538
1732930 537
1732940 537
1732950 536
1732960 536
1732970 534
1732980 531
1732990 531
1733000 528
1733010 526
1733020 526
1733030 525
1733040 525
1733050 525
1733060 519
1733070 517
1733080 517
1733090 522
1733100 527
1733110 527
1733120 530
1733130 532
1733140 532
1733150 533
1733160 534
1733170 534
1733180 534
1733190 534
1733200 534
1733210 534
1733220 532
1733230 531
1733240 531
1733250 531
1733260 531
1733270 531
1733280 531
1733290 533
1733300 533
1733310 532
1733320 533
1733330 533
1733340 533
1733350 535
1733360 535
1733370 536
1733380 537
1733390 537
1733400 538
1733410 540
1733420 541
1733430 541
1733440 541
1733450 543
1733460 543
1733470 542
1733480 541
1733490 541
1733500 542
1733510 542
1733520 542
1733530 542
1733540 541
1733550 541
1733560 540
1733570 539
1733580 539
1733590 538
1733600 537
1733610 537
1733620 536
1733630 536
1733640 535
1733650 535
1733660 534
1733670 533
1733680 533
1733690 532
1733700 531
1733710 531
1733720 530
1733730 529
1733740 529
1733750 528
1733760 528
1733770 528
1733780 527
1733790 527
1733800 527
1733810 527
1733820 526
1733830 526
1733840 526
1733850 526
1733860 526
1733870 526
1733880 525
1733890 525
1733900 525
1733910 524
1733920 523
1733930 523
1733940 522
1733950 520
1733960 520
1733970 519
1733980 517
1733990 517
1734000 516
1734010 515
1734020 515
1734030 514
1734040 512
1734050 512
1734060 511
1734070 510
1734080 510
1734090 508
1734100 507
1734110 506
1734120 506
1734130 505
1734140 503
1734150 503
1734160 502
1734170 500
1734180 500
1734190 499
1734200 497
1734210 497
1734220 496
1734230 495
1734240 495
1734250 494
1734260 492
1734270 492
1734280 492
1734290 490
1734300 490
1734310 488
1734320 486
1734330 486
1734340 484
1734350 486
1734360 491
1734370 491
1734380 492
1734390 493
1734400 493
1734410 494
1734420 494
1734430 494
1734440 495
1734450 495
1734460 495
1734470 496
1734480 496
1734490 496
1734500 496
1734510 496
1734520 496
1734530 497
1734540 497
1734550 497
1734560 497
1734570 497
1734580 497
1734590 497
1734600 497
1734610 496
1734620 496
1734630 495
1734640 494
1734650 494
1734660 490
1734670 486
1734680 486
1734690 488
1734700 487
1734710 487
1734720 488
1734730 491
1734740 491
1734750 493
1734760 493
1734770 494
1734780 495
1734790 495
1734800 495
1734810 496
1734820 496
1734830 497
1734840 497
1734850 497
1734860 498
1734870 498
1734880 499
1734890 499
1734900 499
1734910 500
1734920 501
1734930 501
1734940 502
1734950 503
1734960 503
1734970 503
1734980 504
1734990 504
1735000 504
1735010 505
1735020 505
1735030 506
1735040 507
1735050 507
1735060 507
1735070 508
1735080 509
1735090 509
1735100 509
1735110 510
1735120 510
1735130 510
1735140 510
1735150 510
1735160 510
1735170 511
1735180 511
1735190 511
1735200 511
1735210 511
1735220 512
1735230 512
1735240 512
1735250 514
1735260 515
1735270 515
1735280 516
1735290 517
1735300 519
1735310 519
1735320 520
1735330 520
1735340 520
1735350 521
1735360 521
1735370 521
1735380 522
1735390 521
1735400 521
1735410 520
1735420 519
1735430 519
1735440 518
1735450 517
1735460 517
1735470 515
1735480 514
1735490 514
1735500 513
1735510 511
1735520 510
1735530 510
1735540 508
1735550 506
1735560 506
1735570 505
1735580 504
1735590 504
1735600 504
1735610 504
1735620 504
1735630 504
1735640 504
1735650 504
1735660 503
1735670 503
1735680 503
1735690 502
1735700 501
1735710 501
1735720 500
1735730 500
1735740 500
1735750 498
1735760 497
1735770 494
1735780 494
1735790 491
1735800 488
1735810 488
1735820 486
1735830 486
1735840 486
1735850 488
1735860 489
1735870 489
1735880 487
1735890 485
1735900 485
1735910 487
1735920 485
1735930 485
1735940 486
1735950 482
1735960 482
1735970 477
1735980 477
1735990 481
1736000 481
1736010 478
1736020 473
1736030 473
1736040 472
1736050 471
1736060 471
1736070 472
1736080 465
1736090 465
1736100 462
1736110 466
1736120 466
1736130 466
1736140 465
1736150 465
1736160 464
1736170 462
1736180 462
1736190 461
1736200 458
1736210 458
1736220 455
1736230 453
1736240 454
1736250 454
1736260 457
1736270 456
1736280 456
1736290 455
1736300 453
1736310 453
1736320 453
1736330 453
1736340 453
1736350 452
1736360 450
1736370 450
1736380 449
1736390 445
1736400 445
1736410 444
1736420 443
1736430 443
1736440 443
1736450 439
1736460 438
1736470 438
1736480 435
1736490 431
1736500 431
1736510 429
1736520 430
1736530 430
1736540 429
1736550 428
1736560 428
1736570 429
1736580 430
1736590 430
1736600 428
1736610 429
1736620 429
1736630 431
1736640 436
1736650 436
1736660 437
1736670 437
1736680 437
1736690 436
1736700 435
1736710 435
1736720 435
1736730 433
1736740 431
1736750 431
1736760 430
1736770 428
1736780 428
1736790 426
1736800 426
1736810 426
1736820 425
1736830 425
1736840 425
1736850 422
1736860 423
1736870 423
1736880 425
1736890 426
1736900 426
1736910 427
1736920 429
1736930 430
1736940 430
1736950 431
1736960 432
1736970 432
1736980 433
1736990 433
1737000 433
1737010 434
1737020 436
1737030 436
1737040 437
1737050 438
1737060 438
1737070 438
1737080 439
1737090 439
1737100 439
1737110 438
1737120 438
1737130 439
1737140 440
1737150 440
1737160 440
1737170 442
1737180 443
1737190 443
1737200 443
1737210 444
1737220 444
1737230 444
1737240 447
1737250 447
1737260 449
1737270 446
1737280 446
1737290 446
1737300 446
1737310 446
1737320 444
1737330 443
1737340 443
1737350 442
1737360 441
1737370 441
1737380 442
1737390 442
1737400 442
1737410 442
1737420 441
1737430 440
1737440 440
1737450 439
1737460 437
1737470 437
1737480 435
1737490 436
1737500 436
1737510 433
1737520 431
1737530 431
1737540 429
1737550 428
1737560 428
1737570 426
1737580 426
1737590 426
1737600 424
1737610 423
1737620 423
1737630 423
1737640 422
1737650 420
1737660 420
1737670 417
1737680 419
1737690 419
1737700 422
1737710 424
1737720 424
1737730 426
1737740 429
1737750 429
1737760 430
1737770 430
1737780 430
1737790 434
1737800 437
1737810 437
1737820 439
1737830 440
1737840 440
1737850 440
1737860 440
1737870 441
1737880 441
1737890 443
1737900 442
1737910 442
1737920 441
1737930 442
1737940 442
1737950 442
1737960 447
1737970 447
1737980 451
1737990 455
1738000 455
1738010 455
1738020 457
1738030 457
1738040 455
1738050 457
1738060 457
1738070 458
1738080 457
1738090 457
1738100 456
1738110 456
1738120 455
1738130 455
1738140 458
1738150 460
1738160 460
1738170 462
1738180 465
1738190 465
1738200 468
1738210 470
1738220 470
1738230 472
1738240 474
1738250 474
1738260 478
1738270 480
1738280 480
1738290 482
1738300 485
1738310 485
1738320 487
1738330 488
1738340 489
1738350 489
1738360 491
1738370 492
1738380 492
1738390 493
1738400 492
1738410 492
1738420 492
1738430 491
1738440 491
1738450 489
1738460 488
1738470 488
1738480 487
1738490 487
1738500 487
1738510 486
1738520 484
1738530 484
1738540 482
1738550 480
1738560 480
1738570 479
1738580 476
1738590 472
1738600 472
1738610 471
1738620 470
1738630 470
1738640 469
1738650 468
1738660 468
1738670 467
1738680 466
1738690 466
1738700 465
1738710 465
1738720 465
1738730 464
1738740 463
1738750 463
1738760 463
1738770 460
1738780 460
1738790 459
1738800 459
1738810 458
1738820 458
1738830 457
1738840 455
1738850 455
1738860 455
1738870 454
1738880 454
1738890 453
1738900 452
1738910 452
1738920 451
1738930 450
1738940 450
1738950 450
1738960 449
1738970 449
1738980 449
1738990 446
1739000 446
1739010 444
1739020 443
1739030 443
1739040 442
1739050 440
1739060 437
1739070 437
1739080 436
1739090 436
1739100 436
1739110 435
1739120 436
1739130 436
1739140 434
1739150 431
1739160 431
1739170 430
1739180 427
1739190 427
1739200 425
1739210 424
1739220 424
1739230 422
1739240 421
1739250 421
1739260 420
1739270 420
1739280 419
1739290 419
1739300 418
1739310 417
1739320 417
1739330 415
1739340 414
1739350 414
1739360 413
1739370 412
1739380 412
1739390 411
1739400 408
1739410 408
1739420 407
1739430 406
1739440 406
1739450 404
1739460 402
1739470 402
1739480 396
1739490 394
1739500 394
1739510 393
1739520 393
1739530 393
1739540 393
1739550 393
1739560 393
1739570 393
1739580 393
1739590 393
1739600 393
1739610 391
1739620 389
1739630 389
1739640 390
1739650 393
1739660 393
1739670 393
1739680 393
1739690 393
1739700 394
1739710 394
1739720 394
1739730 394
1739740 394
1739750 393
1739760 393
1739770 393
1739780 393
1739790 393
1739800 393
1739810 393
1739820 393
1739830 393
1739840 393
1739850 393
1739860 393
1739870 393
1739880 393
1739890 393
1739900 393
1739910 393
1739920 392
1739930 393
1739940 393
1739950 393
1739960 392
1739970 392
1739980 392
1739990 392
