1720000 1041
1720010 1037
1720020 1034
1720030 1034
1720040 1030
1720050 1026
1720060 1026
1720070 1022
1720080 1018
1720090 1018
1720100 1014
1720110 1010
1720120 1010
1720130 1006
1720140 1003
1720150 1003
1720160 999
1720170 995
1720180 995
1720190 991
1720200 987
1720210 984
1720220 984
1720230 980
1720240 977
1720250 977
1720260 973
1720270 970
1720280 968
1720290 964
1720300 961
1720310 961
1720320 958
1720330 955
1720340 955
1720350 952
1720360 950
1720370 950
1720380 947
1720390 945
1720400 945
1720410 942
1720420 941
1720430 941
1720440 938
1720450 936
1720460 935
1720470 935
1720480 933
1720490 932
1720500 932
1720510 930
1720520 929
1720530 929
1720540 927
1720550 925
1720560 925
1720570 923
1720580 921
1720590 921
1720600 919
1720610 917
1720620 917
1720630 915
1720640 913
1720650 913
1720660 911
1720670 908
1720680 905
1720690 905
1720700 903
1720710 901
1720720 901
1720730 897
1720740 894
1720750 894
1720760 891
1720770 888
1720780 888
1720790 885
1720800 882
1720810 882
1720820 878
1720830 876
1720840 876
1720850 873
1720860 871
1720870 871
1720880 868
1720890 866
1720900 866
1720910 863
1720920 862
1720930 861
1720940 861
1720950 860
1720960 859
1720970 859
1720980 858
1720990 858
1721000 858
1721010 858
1721020 860
1721030 860
1721040 862
1721050 864
1721060 864
1721070 866
1721080 869
1721090 869
1721100 871
1721110 874
1721120 874
1721130 877
1721140 880
1721150 883
1721160 883
1721170 886
1721180 890
1721190 890
1721200 893
1721210 895
1721220 895
1721230 898
1721240 901
1721250 901
1721260 904
1721270 906
1721280 906
1721290 909
1721300 912
1721310 912
1721320 915
1721330 918
1721340 918
1721350 921
1721360 924
1721370 924
1721380 926
1721390 928
1721400 930
1721410 930
1721420 931
1721430 933
1721440 933
1721450 934
1721460 934
1721470 934
1721480 935
1721490 936
1721500 936
1721510 937
1721520 937
1721530 937
1721540 938
1721550 938
1721560 938
1721570 938
1721580 938
1721590 938
1721600 938
1721610 938
1721620 938
1721630 937
1721640 936
1721650 935
1721660 935
1721670 933
1721680 932
1721690 932
1721700 930
1721710 929
1721720 929
1721730 927
1721740 925
1721750 925
1721760 924
1721770 923
1721780 923
1721790 922
1721800 920
1721810 920
1721820 918
1721830 916
1721840 916
1721850 914
1721860 913
1721870 911
1721880 911
1721890 910
1721900 908
1721910 908
1721920 906
1721930 904
1721940 904
1721950 903
1721960 901
1721970 901
1721980 899
1721990 897
1722000 897
1722010 896
1722020 894
1722030 894
1722040 893
1722050 891
1722060 891
1722070 889
1722080 886
1722090 886
1722100 884
1722110 883
1722120 883
1722130 883
1722140 883
1722150 882
1722160 882
1722170 881
1722180 880
1722190 880
1722200 879
1722210 879
1722220 879
1722230 879
1722240 880
1722250 880
1722260 881
1722270 882
1722280 882
1722290 883
1722300 884
1722310 884
1722320 886
1722330 887
1722340 888
1722350 888
1722360 891
1722370 892
1722380 892
1722390 894
1722400 891
1722410 891
1722420 894
1722430 891
1722440 891
1722450 884
1722460 878
1722470 878
1722480 876
1722490 873
1722500 873
1722510 870
1722520 866
1722530 866
1722540 863
1722550 859
1722560 859
1722570 856
1722580 853
1722590 850
1722600 850
1722610 847
1722620 845
1722630 845
1722640 842
1722650 839
1722660 839
1722670 836
1722680 834
1722690 834
1722700 831
1722710 828
1722720 828
1722730 826
1722740 823
1722750 818
1722760 815
1722770 812
1722780 812
1722790 809
1722800 806
1722810 803
1722820 803
1722830 801
1722840 799
1722850 799
1722860 796
1722870 794
1722880 794
1722890 792
1722900 789
1722910 789
1722920 786
1722930 784
1722940 784
1722950 781
1722960 778
1722970 778
1722980 776
1722990 775
1723000 775
1723010 772
1723020 768
1723030 768
1723040 766
1723050 763
1723060 759
1723070 759
1723080 755
1723090 750
1723100 750
1723110 746
1723120 743
1723130 743
1723140 739
1723150 736
1723160 736
1723170 733
1723180 729
1723190 729
1723200 726
1723210 723
1723220 723
1723230 720
1723240 718
1723250 718
1723260 715
1723270 712
1723280 712
1723290 711
1723300 707
1723310 705
1723320 705
1723330 702
1723340 699
1723350 699
1723360 694
1723370 690
1723380 690
1723390 685
1723400 681
1723410 681
1723420 676
1723430 672
1723440 672
1723450 667
1723460 662
1723470 662
1723480 656
1723490 648
1723500 648
1723510 647
1723520 642
1723530 638
1723540 638
1723550 635
1723560 639
1723570 639
1723580 644
1723590 649
1723600 649
1723610 651
1723620 653
1723630 653
1723640 657
1723650 661
1723660 661
1723670 665
1723680 669
1723690 669
1723700 672
1723710 675
1723720 675
1723730 677
1723740 679
1723750 679
1723760 681
1723770 683
1723780 684
1723790 684
1723800 685
1723810 683
1723820 683
1723830 680
1723840 676
1723850 676
1723860 672
1723870 667
1723880 667
1723890 664
1723900 661
1723910 661
1723920 659
1723930 656
1723940 656
1723950 652
1723960 646
1723970 646
1723980 641
1723990 646
1724000 652
1724010 652
1724020 657
1724030 661
1724040 661
1724050 666
1724060 670
1724070 670
1724080 675
1724090 679
1724100 679
1724110 683
1724120 687
1724130 687
1724140 689
1724150 691
1724160 691
1724170 692
1724180 692
1724190 692
1724200 693
1724210 693
1724220 693
1724230 692
1724240 691
1724250 690
1724260 690
1724270 689
1724280 687
1724290 687
1724300 686
1724310 685
1724320 685
1724330 684
1724340 683
1724350 683
1724360 682
1724370 681
1724380 681
1724390 679
1724400 679
1724410 679
1724420 677
1724430 676
1724440 676
1724450 676
1724460 675
1724470 674
1724480 674
1724490 674
1724500 673
1724510 673
1724520 672
1724530 670
1724540 670
1724550 670
1724560 669
1724570 669
1724580 669
1724590 670
1724600 670
1724610 670
1724620 670
1724630 670
1724640 671
1724650 671
1724660 671
1724670 670
1724680 667
1724690 667
1724700 665
1724710 662
1724720 658
1724730 658
1724740 654
1724750 651
1724760 651
1724770 650
1724780 647
1724790 647
1724800 644
1724810 640
1724820 640
1724830 639
1724840 642
1724850 642
1724860 645
1724870 647
1724880 647
1724890 649
1724900 653
1724910 653
1724920 655
1724930 656
1724940 656
1724950 656
1724960 657
1724970 657
1724980 657
1724990 658
1725000 658
1725010 658
1725020 661
1725030 661
1725040 661
1725050 662
1725060 663
1725070 663
1725080 658
1725090 657
1725100 657
1725110 652
1725120 650
1725130 650
1725140 647
1725150 644
1725160 644
1725170 641
1725180 636
1725190 631
1725200 631
1725210 628
1725220 624
1725230 624
1725240 620
1725250 617
1725260 617
1725270 613
1725280 611
1725290 611
1725300 609
1725310 608
1725320 608
1725330 604
1725340 601
1725350 601
1725360 596
1725370 591
1725380 591
1725390 585
1725400 582
1725410 582
1725420 577
1725430 572
1725440 576
1725450 576
1725460 583
1725470 585
1725480 585
1725490 584
1725500 583
1725510 583
1725520 583
1725530 582
1725540 582
1725550 582
1725560 582
1725570 582
1725580 583
1725590 583
1725600 583
1725610 583
1725620 584
1725630 584
1725640 585
1725650 586
1725660 587
1725670 587
1725680 585
1725690 584
1725700 584
1725710 584
1725720 584
1725730 584
1725740 584
1725750 584
1725760 584
1725770 583
1725780 582
1725790 582
1725800 581
1725810 579
1725820 579
1725830 577
1725840 575
1725850 575
1725860 573
1725870 572
1725880 572
1725890 572
1725900 570
1725910 569
1725920 569
1725930 568
1725940 566
1725950 566
1725960 565
1725970 564
1725980 564
1725990 562
1726000 561
1726010 561
1726020 560
1726030 557
1726040 557
1726050 557
1726060 555
1726070 555
1726080 554
1726090 552
1726100 552
1726110 550
1726120 548
1726130 546
1726140 546
1726150 545
1726160 543
1726170 543
1726180 542
1726190 541
1726200 541
1726210 540
1726220 539
1726230 539
1726240 537
1726250 533
1726260 533
1726270 531
1726280 530
1726290 530
1726300 531
1726310 532
1726320 532
1726330 532
1726340 531
1726350 531
1726360 531
1726370 530
1726380 529
1726390 529
1726400 529
1726410 527
1726420 527
1726430 526
1726440 526
1726450 526
1726460 524
1726470 524
1726480 524
1726490 524
1726500 524
1726510 524
1726520 523
1726530 522
1726540 522
1726550 522
1726560 521
1726570 521
1726580 520
1726590 519
1726600 519
1726610 519
1726620 518
1726630 517
1726640 517
1726650 516
1726660 516
1726670 516
1726680 515
1726690 515
1726700 515
1726710 514
1726720 513
1726730 513
1726740 512
1726750 511
1726760 511
1726770 511
1726780 510
1726790 510
1726800 509
1726810 508
1726820 508
1726830 507
1726840 506
1726850 505
1726860 505
1726870 503
1726880 503
1726890 503
1726900 503
1726910 503
1726920 503
1726930 503
1726940 503
1726950 503
1726960 503
1726970 503
1726980 503
1726990 503
1727000 503
1727010 503
1727020 501
1727030 503
1727040 503
1727050 503
1727060 503
1727070 503
1727080 503
1727090 503
1727100 502
1727110 502
1727120 502
1727130 502
1727140 502
1727150 502
1727160 502
1727170 502
1727180 502
1727190 502
1727200 502
1727210 502
1727220 501
1727230 501
1727240 502
1727250 502
1727260 502
1727270 502
1727280 502
1727290 502
1727300 502
1727310 503
1727320 504
1727330 504
1727340 503
1727350 504
1727360 504
1727370 506
1727380 507
1727390 507
1727400 508
1727410 510
1727420 510
1727430 512
1727440 516
1727450 516
1727460 519
1727470 522
1727480 522
1727490 524
1727500 524
1727510 524
1727520 521
1727530 518
1727540 518
1727550 515
1727560 512
1727570 521
1727580 521
1727590 522
1727600 528
1727610 528
1727620 531
1727630 534
1727640 534
1727650 538
1727660 542
1727670 542
1727680 544
1727690 548
1727700 548
1727710 550
1727720 555
1727730 555
1727740 557
1727750 560
1727760 560
1727770 562
1727780 564
1727790 565
1727800 565
1727810 567
1727820 568
1727830 568
1727840 569
1727850 570
1727860 570
1727870 570
1727880 571
1727890 571
1727900 571
1727910 572
1727920 572
1727930 571
1727940 571
1727950 571
1727960 570
1727970 570
1727980 570
1727990 568
1728000 567
1728010 567
1728020 563
1728030 560
1728040 559
1728050 559
1728060 556
1728070 553
1728080 553
1728090 553
1728100 552
1728110 552
1728120 553
1728130 551
1728140 551
1728150 550
1728160 550
1728170 550
1728180 549
1728190 549
1728200 549
1728210 548
1728220 545
1728230 545
1728240 545
1728250 540
1728260 540
1728270 539
1728280 538
1728290 535
1728300 535
1728310 536
1728320 538
1728330 538
1728340 540
1728350 542
1728360 542
1728370 543
1728380 541
1728390 541
1728400 540
1728410 539
1728420 539
1728430 535
1728440 532
1728450 532
1728460 530
1728470 525
1728480 525
1728490 525
1728500 530
1728510 531
1728520 531
1728530 531
1728540 535
1728550 535
1728560 537
1728570 538
1728580 538
1728590 536
1728600 537
1728610 537
1728620 539
1728630 540
1728640 540
1728650 542
1728660 543
1728670 543
1728680 543
1728690 544
1728700 544
1728710 545
1728720 546
1728730 546
1728740 547
1728750 548
1728760 550
1728770 550
1728780 553
1728790 554
1728800 554
1728810 555
1728820 556
1728830 556
1728840 557
1728850 557
1728860 557
1728870 556
1728880 548
1728890 548
1728900 542
1728910 543
1728920 543
1728930 550
1728940 555
1728950 555
1728960 558
1728970 562
1728980 566
1728990 566
1729000 570
1729010 573
1729020 573
1729030 575
1729040 578
1729050 578
1729060 578
1729070 581
1729080 581
1729090 582
1729100 584
1729110 584
1729120 586
1729130 587
1729140 587
1729150 590
1729160 592
1729170 592
1729180 592
1729190 595
1729200 595
1729210 597
1729220 598
1729230 599
1729240 599
1729250 600
1729260 601
1729270 601
1729280 601
1729290 602
1729300 602
1729310 603
1729320 604
1729330 604
1729340 604
1729350 603
1729360 603
1729370 603
1729380 601
1729390 601
1729400 601
1729410 599
1729420 599
1729430 598
1729440 598
1729450 597
1729460 597
1729470 596
1729480 595
1729490 595
1729500 593
1729510 587
1729520 587
1729530 581
1729540 573
1729550 578
1729560 573
1729570 578
1729580 578
1729590 583
1729600 586
1729610 586
1729620 588
1729630 590
1729640 590
1729650 592
1729660 594
1729670 594
1729680 595
1729690 596
1729700 596
1729710 596
1729720 596
1729730 597
1729740 597
1729750 598
1729760 599
1729770 599
1729780 600
1729790 601
1729800 601
1729810 602
1729820 604
1729830 604
1729840 607
1729850 609
1729860 609
1729870 612
1729880 614
1729890 614
1729900 615
1729910 615
1729920 615
1729930 615
1729940 615
1729950 615
1729960 615
1729970 615
1729980 614
1729990 614
1730000 613
1730010 610
1730020 610
1730030 609
1730040 608
1730050 608
1730060 606
1730070 603
1730080 603
1730090 603
1730100 608
1730110 608
1730120 609
1730130 611
1730140 611
1730150 613
1730160 614
1730170 614
1730180 614
1730190 615
1730200 618
1730210 618
1730220 616
1730230 617
1730240 617
1730250 616
1730260 619
1730270 619
1730280 619
1730290 624
1730300 624
1730310 625
1730320 627
1730330 627
1730340 628
1730350 630
1730360 630
1730370 630
1730380 630
1730390 630
1730400 631
1730410 632
1730420 631
1730430 631
1730440 629
1730450 628
1730460 628
1730470 626
1730480 626
1730490 626
1730500 623
1730510 621
1730520 621
1730530 619
1730540 617
1730550 617
1730560 615
1730570 612
1730580 612
1730590 610
1730600 609
1730610 609
1730620 607
1730630 606
1730640 604
1730650 604
1730660 603
1730670 600
1730680 600
1730690 599
1730700 597
1730710 597
1730720 594
1730730 592
1730740 592
1730750 590
1730760 589
1730770 589
1730780 586
1730790 584
1730800 584
1730810 583
1730820 581
1730830 581
1730840 580
1730850 578
1730860 578
1730870 576
1730880 573
1730890 570
1730900 570
1730910 566
1730920 563
1730930 563
1730940 557
1730950 551
1730960 551
1730970 544
1730980 539
1730990 539
1731000 538
1731010 536
1731020 536
1731030 533
1731040 531
1731050 531
1731060 530
1731070 525
1731080 525
1731090 521
1731100 515
1731110 517
1731120 517
1731130 517
1731140 520
1731150 520
1731160 520
1731170 520
1731180 520
1731190 519
1731200 520
1731210 520
1731220 519
1731230 519
1731240 519
1731250 518
1731260 517
1731270 517
1731280 517
1731290 516
1731300 516
1731310 515
1731320 514
1731330 514
1731340 513
1731350 512
1731360 511
1731370 511
1731380 510
1731390 508
1731400 508
1731410 507
1731420 506
1731430 506
1731440 505
1731450 504
1731460 504
1731470 503
1731480 502
1731490 502
1731500 502
1731510 501
1731520 501
1731530 500
1731540 500
1731550 500
1731560 499
1731570 498
1731580 498
1731590 498
1731600 498
1731610 498
1731620 498
1731630 501
1731640 504
1731650 501
1731660 505
1731670 507
1731680 507
1731690 509
1731700 510
1731710 510
1731720 511
1731730 512
1731740 512
1731750 512
1731760 514
1731770 514
1731780 511
1731790 514
1731800 514
1731810 520
1731820 521
1731830 522
1731840 522
1731850 523
1731860 524
1731870 524
1731880 524
1731890 524
1731900 524
1731910 523
1731920 523
1731930 523
1731940 523
1731950 523
1731960 523
1731970 523
1731980 522
1731990 522
1732000 522
1732010 521
1732020 521
1732030 521
1732040 521
1732050 521
1732060 520
1732070 520
1732080 519
1732090 519
1732100 518
1732110 518
1732120 518
1732130 517
1732140 517
1732150 517
1732160 517
1732170 517
1732180 517
1732190 517
1732200 517
1732210 517
1732220 517
1732230 518
1732240 518
1732250 519
1732260 520
1732270 520
1732280 520
1732290 521
1732300 522
1732310 522
1732320 522
1732330 522
1732340 522
1732350 523
1732360 523
1732370 523
1732380 524
1732390 524
1732400 524
1732410 524
1732420 525
1732430 525
1732440 524
1732450 523
1732460 523
1732470 525
1732480 525
1732490 525
1732500 525
1732510 525
1732520 525
1732530 525
1732540 525
1732550 525
1732560 525
1732570 525
1732580 525
1732590 525
1732600 524
1732610 524
1732620 524
1732630 524
1732640 524
1732650 524
1732660 524
1732670 523
1732680 523
1732690 523
1732700 523
1732710 523
1732720 522
1732730 518
1732740 518
1732750 521
1732760 522
1732770 522
1732780 522
1732790 522
1732800 521
1732810 521
1732820 521
1732830 521
1732840 521
1732850 520
1732860 520
1732870 520
1732880 520
1732890 519
1732900 519
1732910 519
1732920 519
1732930 519
1732940 518
1732950 518
1732960 518
1732970 517
1732980 517
1732990 517
1733000 516
1733010 516
1733020 515
1733030 515
1733040 515
1733050 515
1733060 515
1733070 514
1733080 513
1733090 513
1733100 512
1733110 511
1733120 511
1733130 510
1733140 510
1733150 510
1733160 510
1733170 509
1733180 509
1733190 509
1733200 509
1733210 509
1733220 508
1733230 508
1733240 508
1733250 507
1733260 507
1733270 506
1733280 506
1733290 505
1733300 505
1733310 505
1733320 504
1733330 504
1733340 504
1733350 503
1733360 502
1733370 502
1733380 502
1733390 500
1733400 500
1733410 501
1733420 502
1733430 502
1733440 502
1733450 502
1733460 502
1733470 502
1733480 503
1733490 504
1733500 504
1733510 504
1733520 504
1733530 504
1733540 504
1733550 504
1733560 504
1733570 504
1733580 504
1733590 504
1733600 504
1733610 502
1733620 502
1733630 501
1733640 503
1733650 503
1733660 503
1733670 504
1733680 503
1733690 503
1733700 503
1733710 503
1733720 503
1733730 503
1733740 503
1733750 503
1733760 503
1733770 503
1733780 503
1733790 503
1733800 503
1733810 503
1733820 502
1733830 502
1733840 502
1733850 501
1733860 500
1733870 500
1733880 500
1733890 501
1733900 501
1733910 502
1733920 503
1733930 503
1733940 503
1733950 503
1733960 503
1733970 503
1733980 503
1733990 503
1734000 503
1734010 503
1734020 503
1734030 503
1734040 503
1734050 503
1734060 503
1734070 504
1734080 504
1734090 504
1734100 504
1734110 503
1734120 503
1734130 502
1734140 502
1734150 502
1734160 501
1734170 501
1734180 501
1734190 501
1734200 501
1734210 500
1734220 500
1734230 499
1734240 499
1734250 499
1734260 499
1734270 499
1734280 499
1734290 499
1734300 498
1734310 498
1734320 498
1734330 498
1734340 498
1734350 497
1734360 497
1734370 497
1734380 496
1734390 496
1734400 496
1734410 495
1734420 494
1734430 494
1734440 494
1734450 494
1734460 493
1734470 493
1734480 493
1734490 492
1734500 492
1734510 492
1734520 491
1734530 491
1734540 490
1734550 490
1734560 490
1734570 490
1734580 490
1734590 490
1734600 489
1734610 489
1734620 489
1734630 489
1734640 489
1734650 489
1734660 489
1734670 488
1734680 488
1734690 488
1734700 487
1734710 487
1734720 487
1734730 486
1734740 484
1734750 484
1734760 484
1734770 485
1734780 485
1734790 485
1734800 486
1734810 486
1734820 489
1734830 490
1734840 490
1734850 492
1734860 492
1734870 492
1734880 493
1734890 493
1734900 493
1734910 493
1734920 493
1734930 493
1734940 493
1734950 494
1734960 494
1734970 494
1734980 493
1734990 494
1735000 494
1735010 494
1735020 494
1735030 494
1735040 494
1735050 494
1735060 494
1735070 494
1735080 494
1735090 494
1735100 494
1735110 494
1735120 494
1735130 494
1735140 494
1735150 493
1735160 493
1735170 493
1735180 493
1735190 493
1735200 493
1735210 493
1735220 493
1735230 493
1735240 493
1735250 493
1735260 492
1735270 492
1735280 492
1735290 492
1735300 492
1735310 492
1735320 492
1735330 491
1735340 491
1735350 491
1735360 491
1735370 491
1735380 490
1735390 490
1735400 490
1735410 490
1735420 490
1735430 489
1735440 489
1735450 489
1735460 488
1735470 488
1735480 487
1735490 483
1735500 483
1735510 478
1735520 480
1735530 480
1735540 481
1735550 483
1735560 483
1735570 484
1735580 485
1735590 485
1735600 485
1735610 485
1735620 486
1735630 486
1735640 486
1735650 487
1735660 487
1735670 488
1735680 489
1735690 489
1735700 490
1735710 493
1735720 493
1735730 495
1735740 497
1735750 497
1735760 499
1735770 501
1735780 501
1735790 503
1735800 505
1735810 505
1735820 506
1735830 507
1735840 507
1735850 508
1735860 509
1735870 510
1735880 510
1735890 511
1735900 513
1735910 513
1735920 514
1735930 515
1735940 515
1735950 515
1735960 516
1735970 516
1735980 517
1735990 518
1736000 518
1736010 519
1736020 520
1736030 520
1736040 519
1736050 518
1736060 518
1736070 518
1736080 515
1736090 512
1736100 512
1736110 508
1736120 505
1736130 505
1736140 502
1736150 498
1736160 498
1736170 495
1736180 492
1736190 492
1736200 490
1736210 489
1736220 489
1736230 487
1736240 483
1736250 483
1736260 480
1736270 478
1736280 478
1736290 476
1736300 475
1736310 475
1736320 474
1736330 472
1736340 471
1736350 471
1736360 470
1736370 469
1736380 469
1736390 468
1736400 466
1736410 466
1736420 465
1736430 464
1736440 464
1736450 462
1736460 461
1736470 461
1736480 460
1736490 459
1736500 459
1736510 458
1736520 456
1736530 456
1736540 455
1736550 454
1736560 454
1736570 453
1736580 451
1736590 450
1736600 450
1736610 449
1736620 448
1736630 448
1736640 447
1736650 447
1736660 447
1736670 448
1736680 448
1736690 448
1736700 448
1736710 448
1736720 448
1736730 448
1736740 448
1736750 448
1736760 450
1736770 451
1736780 451
1736790 452
1736800 452
1736810 453
1736820 453
1736830 453
1736840 454
1736850 454
1736860 454
1736870 455
1736880 455
1736890 455
1736900 456
1736910 456
1736920 460
1736930 463
1736940 463
1736950 464
1736960 465
1736970 465
1736980 466
1736990 467
1737000 467
1737010 468
1737020 468
1737030 468
1737040 469
1737050 469
1737060 469
1737070 469
1737080 469
1737090 468
1737100 468
1737110 466
1737120 465
1737130 465
1737140 463
1737150 462
1737160 462
1737170 462
1737180 459
1737190 459
1737200 457
1737210 454
1737220 454
1737230 453
1737240 451
1737250 451
1737260 449
1737270 446
1737280 444
1737290 444
1737300 439
1737310 438
1737320 438
1737330 436
1737340 435
1737350 435
1737360 431
1737370 428
1737380 428
1737390 427
1737400 426
1737410 426
1737420 423
1737430 421
1737440 421
1737450 418
1737460 418
1737470 418
1737480 418
1737490 416
1737500 416
1737510 414
1737520 412
1737530 411
1737540 411
1737550 410
1737560 408
1737570 408
1737580 407
1737590 406
1737600 406
1737610 406
1737620 406
1737630 406
1737640 406
1737650 406
1737660 406
1737670 406
1737680 406
1737690 406
1737700 406
1737710 406
1737720 406
1737730 406
1737740 406
1737750 406
1737760 406
1737770 406
1737780 406
1737790 406
1737800 406
1737810 406
1737820 406
1737830 405
1737840 405
1737850 405
1737860 405
1737870 405
1737880 405
1737890 404
1737900 404
1737910 404
1737920 404
1737930 404
1737940 404
1737950 404
1737960 404
1737970 404
1737980 403
1737990 403
1738000 403
1738010 403
1738020 403
1738030 403
1738040 403
1738050 403
1738060 402
1738070 402
1738080 401
1738090 403
1738100 403
1738110 403
1738120 403
1738130 403
1738140 403
1738150 403
1738160 403
1738170 403
1738180 403
1738190 403
1738200 403
1738210 403
1738220 403
1738230 403
1738240 403
1738250 403
1738260 403
1738270 403
1738280 403
1738290 403
1738300 403
1738310 403
1738320 403
1738330 403
1738340 403
1738350 403
1738360 403
1738370 403
1738380 403
1738390 404
1738400 404
1738410 404
1738420 404
1738430 404
1738440 404
1738450 405
1738460 405
1738470 405
1738480 405
1738490 405
1738500 405
1738510 405
1738520 404
1738530 404
1738540 404
1738550 404
1738560 404
1738570 404
1738580 404
1738590 404
1738600 404
1738610 404
1738620 404
1738630 404
1738640 404
1738650 404
1738660 404
1738670 404
1738680 404
1738690 404
1738700 403
1738710 403
1738720 403
1738730 403
1738740 403
1738750 403
1738760 403
1738770 403
1738780 403
1738790 403
1738800 403
1738810 403
1738820 403
1738830 403
1738840 403
1738850 403
1738860 403
1738870 403
1738880 403
1738890 403
1738900 403
1738910 403
1738920 403
1738930 403
1738940 403
1738950 403
1738960 403
1738970 403
1738980 403
1738990 403
1739000 403
1739010 403
1739020 403
1739030 403
1739040 403
1739050 403
1739060 403
1739070 403
1739080 403
1739090 403
1739100 403
1739110 404
1739120 404
1739130 404
1739140 404
1739150 404
1739160 404
1739170 404
1739180 405
1739190 405
1739200 405
1739210 405
1739220 406
1739230 406
1739240 406
1739250 407
1739260 407
1739270 407
1739280 407
1739290 407
1739300 407
1739310 407
1739320 407
1739330 407
1739340 407
1739350 407
1739360 407
1739370 407
1739380 407
1739390 407
1739400 408
1739410 409
1739420 410
1739430 410
1739440 410
1739450 410
1739460 411
1739470 411
1739480 411
1739490 411
1739500 412
1739510 412
1739520 413
1739530 413
1739540 413
1739550 414
1739560 414
1739570 414
1739580 414
1739590 414
1739600 414
1739610 414
1739620 414
1739630 414
1739640 413
1739650 413
1739660 413
1739670 413
1739680 413
1739690 413
1739700 413
1739710 413
1739720 413
1739730 413
1739740 413
1739750 414
1739760 414
1739770 414
1739780 414
1739790 414
1739800 414
1739810 414
1739820 414
1739830 414
1739840 414
1739850 414
1739860 413
1739870 413
1739880 413
1739890 413
1739900 413
1739910 412
1739920 412
1739930 413
1739940 413
1739950 413
1739960 415
1739970 416
1739980 416
1739990 416
