1720000 1109
1720010 1106
1720020 1106
1720030 1102
1720040 1098
1720050 1098
1720060 1095
1720070 1091
1720080 1091
1720090 1088
1720100 1085
1720110 1085
1720120 1082
1720130 1078
1720140 1078
1720150 1075
1720160 1072
1720170 1072
1720180 1069
1720190 1067
1720200 1067
1720210 1063
1720220 1060
1720230 1060
1720240 1057
1720250 1055
1720260 1051
1720270 1051
1720280 1049
1720290 1046
1720300 1046
1720310 1043
1720320 1041
1720330 1041
1720340 1039
1720350 1036
1720360 1036
1720370 1036
1720380 1034
1720390 1034
1720400 1031
1720410 1029
1720420 1029
1720430 1027
1720440 1025
1720450 1025
1720460 1022
1720470 1019
1720480 1017
1720490 1017
1720500 1015
1720510 1012
1720520 1012
1720530 1009
1720540 1006
1720550 1006
1720560 1003
1720570 999
1720580 999
1720590 996
1720600 993
1720610 993
1720620 990
1720630 986
1720640 986
1720650 983
1720660 979
1720670 979
1720680 975
1720690 972
1720700 972
1720710 969
1720720 965
1720730 960
1720740 960
1720750 957
1720760 953
1720770 953
1720780 950
1720790 946
1720800 946
1720810 942
1720820 938
1720830 938
1720840 934
1720850 931
1720860 931
1720870 927
1720880 923
1720890 923
1720900 920
1720910 916
1720920 916
1720930 912
1720940 907
1720950 907
1720960 903
1720970 900
1720980 896
1720990 896
1721000 891
1721010 888
1721020 888
1721030 883
1721040 878
1721050 878
1721060 873
1721070 867
1721080 867
1721090 861
1721100 855
1721110 855
1721120 845
1721130 836
1721140 836
1721150 828
1721160 822
1721170 822
1721180 818
1721190 813
1721200 810
1721210 810
1721220 809
1721230 811
1721240 811
1721250 808
1721260 803
1721270 803
1721280 802
1721290 801
1721300 801
1721310 802
1721320 801
1721330 801
1721340 799
1721350 798
1721360 798
1721370 800
1721380 801
1721390 801
1721400 802
1721410 802
1721420 802
1721430 800
1721440 800
1721450 799
1721460 799
1721470 799
1721480 798
1721490 798
1721500 798
1721510 797
1721520 797
1721530 797
1721540 795
1721550 795
1721560 794
1721570 793
1721580 793
1721590 792
1721600 790
1721610 790
1721620 787
1721630 784
1721640 784
1721650 781
1721660 778
1721670 778
1721680 774
1721690 770
1721700 765
1721710 765
1721720 762
1721730 760
1721740 760
1721750 758
1721760 759
1721770 759
1721780 759
1721790 760
1721800 760
1721810 762
1721820 765
1721830 765
1721840 767
1721850 770
1721860 770
1721870 772
1721880 775
1721890 775
1721900 778
1721910 780
1721920 782
1721930 782
1721940 784
1721950 785
1721960 785
1721970 787
1721980 789
1721990 789
1722000 790
1722010 790
1722020 790
1722030 790
1722040 790
1722050 790
1722060 789
1722070 786
1722080 786
1722090 782
1722100 779
1722110 779
1722120 775
1722130 771
1722140 771
1722150 767
1722160 763
1722170 755
1722180 755
1722190 750
1722200 747
1722210 747
1722220 750
1722230 755
1722240 755
1722250 760
1722260 763
1722270 763
1722280 765
1722290 766
1722300 766
1722310 769
1722320 771
1722330 771
1722340 770
1722350 768
1722360 768
1722370 767
1722380 764
1722390 763
1722400 763
1722410 759
1722420 752
1722430 752
1722440 749
1722450 744
1722460 744
1722470 739
1722480 735
1722490 735
1722500 729
1722510 723
1722520 723
1722530 717
1722540 718
1722550 718
1722560 719
1722570 721
1722580 721
1722590 721
1722600 723
1722610 723
1722620 726
1722630 731
1722640 735
1722650 735
1722660 740
1722670 743
1722680 743
1722690 745
1722700 746
1722710 746
1722720 746
1722730 746
1722740 746
1722750 747
1722760 747
1722770 747
1722780 748
1722790 749
1722800 749
1722810 750
1722820 750
1722830 750
1722840 751
1722850 751
1722860 751
1722870 753
1722880 754
1722890 755
1722900 755
1722910 756
1722920 756
1722930 756
1722940 757
1722950 757
1722960 757
1722970 757
1722980 757
1722990 757
1723000 756
1723010 756
1723020 756
1723030 755
1723040 754
1723050 754
1723060 753
1723070 752
1723080 752
1723090 750
1723100 743
1723110 745
1723120 745
1723130 744
1723140 743
1723150 743
1723160 742
1723170 741
1723180 741
1723190 739
1723200 731
1723210 731
1723220 728
1723230 722
1723240 722
1723250 715
1723260 719
1723270 719
1723280 720
1723290 722
1723300 722
1723310 725
1723320 728
1723330 728
1723340 732
1723350 734
1723360 739
1723370 739
1723380 742
1723390 745
1723400 745
1723410 747
1723420 750
1723430 750
1723440 753
1723450 755
1723460 755
1723470 757
1723480 758
1723490 758
1723500 758
1723510 757
1723520 757
1723530 757
1723540 756
1723550 756
1723560 754
1723570 754
1723580 754
1723590 754
1723600 752
1723610 752
1723620 752
1723630 751
1723640 751
1723650 751
1723660 751
1723670 751
1723680 751
1723690 750
1723700 750
1723710 750
1723720 749
1723730 748
1723740 748
1723750 748
1723760 747
1723770 747
1723780 746
1723790 745
1723800 745
1723810 744
1723820 743
1723830 742
1723840 742
1723850 741
1723860 739
1723870 739
1723880 738
1723890 736
1723900 736
1723910 734
1723920 732
1723930 732
1723940 731
1723950 729
1723960 729
1723970 728
1723980 727
1723990 727
1724000 726
1724010 724
1724020 724
1724030 723
1724040 721
1724050 721
1724060 719
1724070 719
1724080 723
1724090 723
1724100 722
1724110 721
1724120 721
1724130 719
1724140 718
1724150 718
1724160 713
1724170 709
1724180 709
1724190 706
1724200 707
1724210 707
1724220 708
1724230 709
1724240 709
1724250 712
1724260 715
1724270 715
1724280 716
1724290 717
1724300 717
1724310 717
1724320 718
1724330 718
1724340 718
1724350 718
1724360 716
1724370 716
1724380 716
1724390 714
1724400 714
1724410 713
1724420 708
1724430 708
1724440 703
1724450 699
1724460 699
1724470 696
1724480 693
1724490 693
1724500 689
1724510 687
1724520 687
1724530 683
1724540 678
1724550 673
1724560 673
1724570 667
1724580 664
1724590 664
1724600 666
1724610 668
1724620 668
1724630 672
1724640 676
1724650 676
1724660 679
1724670 682
1724680 682
1724690 690
1724700 693
1724710 693
1724720 693
1724730 694
1724740 694
1724750 694
1724760 694
1724770 694
1724780 695
1724790 696
1724800 697
1724810 697
1724820 699
1724830 700
1724840 700
1724850 701
1724860 701
1724870 701
1724880 700
1724890 698
1724900 698
1724910 695
1724920 695
1724930 695
1724940 695
1724950 694
1724960 694
1724970 691
1724980 689
1724990 689
1725000 687
1725010 686
1725020 684
1725030 684
1725040 683
1725050 681
1725060 681
1725070 678
1725080 674
1725090 674
1725100 668
1725110 664
1725120 664
1725130 659
1725140 664
1725150 664
1725160 668
1725170 666
1725180 666
1725190 664
1725200 664
1725210 664
1725220 666
1725230 666
1725240 666
1725250 667
1725260 668
1725270 670
1725280 670
1725290 672
1725300 673
1725310 673
1725320 674
1725330 677
1725340 677
1725350 678
1725360 677
1725370 677
1725380 676
1725390 676
1725400 676
1725410 675
1725420 674
1725430 674
1725440 673
1725450 672
1725460 672
1725470 670
1725480 669
1725490 665
1725500 665
1725510 663
1725520 660
1725530 660
1725540 657
1725550 654
1725560 654
1725570 651
1725580 645
1725590 645
1725600 640
1725610 636
1725620 636
1725630 632
1725640 628
1725650 628
1725660 626
1725670 624
1725680 624
1725690 623
1725700 624
1725710 624
1725720 625
1725730 625
1725740 623
1725750 623
1725760 620
1725770 618
1725780 618
1725790 617
1725800 617
1725810 617
1725820 617
1725830 619
1725840 619
1725850 618
1725860 616
1725870 616
1725880 614
1725890 613
1725900 613
1725910 611
1725920 609
1725930 609
1725940 607
1725950 604
1725960 604
1725970 602
1725980 598
1725990 595
1726000 595
1726010 590
1726020 586
1726030 586
1726040 581
1726050 577
1726060 577
1726070 580
1726080 579
1726090 579
1726100 576
1726110 576
1726120 576
1726130 574
1726140 573
1726150 573
1726160 572
1726170 572
1726180 572
1726190 572
1726200 572
1726210 570
1726220 570
1726230 568
1726240 566
1726250 566
1726260 566
1726270 566
1726280 566
1726290 564
1726300 563
1726310 563
1726320 562
1726330 561
1726340 561
1726350 562
1726360 563
1726370 563
1726380 562
1726390 562
1726400 562
1726410 562
1726420 561
1726430 561
1726440 559
1726450 555
1726460 552
1726470 552
1726480 551
1726490 549
1726500 549
1726510 548
1726520 547
1726530 547
1726540 545
1726550 544
1726560 544
1726570 544
1726580 540
1726590 540
1726600 537
1726610 536
1726620 536
1726630 541
1726640 545
1726650 545
1726660 546
1726670 547
1726680 548
1726690 548
1726700 546
1726710 547
1726720 547
1726730 547
1726740 544
1726750 544
1726760 545
1726770 550
1726780 550
1726790 551
1726800 551
1726810 551
1726820 552
1726830 552
1726840 552
1726850 553
1726860 553
1726870 553
1726880 554
1726890 554
1726900 554
1726910 553
1726920 550
1726930 544
1726940 544
1726950 539
1726960 533
1726970 537
1726980 532
1726990 528
1727000 528
1727010 534
1727020 540
1727030 540
1727040 546
1727050 551
1727060 551
1727070 556
1727080 560
1727090 560
1727100 558
1727110 552
1727120 552
1727130 542
1727140 547
1727150 547
1727160 550
1727170 554
1727180 553
1727190 553
1727200 556
1727210 561
1727220 561
1727230 565
1727240 569
1727250 569
1727260 573
1727270 576
1727280 576
1727290 578
1727300 581
1727310 581
1727320 583
1727330 586
1727340 586
1727350 586
1727360 590
1727370 590
1727380 595
1727390 598
1727400 600
1727410 600
1727420 602
1727430 605
1727440 605
1727450 607
1727460 609
1727470 609
1727480 610
1727490 612
1727500 612
1727510 613
1727520 615
1727530 615
1727540 616
1727550 617
1727560 617
1727570 618
1727580 620
1727590 620
1727600 621
1727610 622
1727620 622
1727630 623
1727640 623
1727650 624
1727660 624
1727670 624
1727680 626
1727690 626
1727700 626
1727710 626
1727720 626
1727730 628
1727740 629
1727750 629
1727760 630
1727770 631
1727780 631
1727790 634
1727800 636
1727810 636
1727820 639
1727830 641
1727840 641
1727850 643
1727860 645
1727870 645
1727880 646
1727890 648
1727900 649
1727910 649
1727920 647
1727930 644
1727940 644
1727950 645
1727960 647
1727970 647
1727980 647
1727990 644
1728000 644
1728010 640
1728020 641
1728030 641
1728040 645
1728050 647
1728060 647
1728070 649
1728080 651
1728090 651
1728100 653
1728110 654
1728120 656
1728130 656
1728140 658
1728150 660
1728160 660
1728170 661
1728180 663
1728190 663
1728200 664
1728210 665
1728220 665
1728230 666
1728240 667
1728250 667
1728260 667
1728270 666
1728280 666
1728290 666
1728300 665
1728310 665
1728320 664
1728330 665
1728340 665
1728350 665
1728360 666
1728370 666
1728380 666
1728390 666
1728400 667
1728410 667
1728420 667
1728430 666
1728440 666
1728450 666
1728460 665
1728470 665
1728480 664
1728490 663
1728500 663
1728510 661
1728520 659
1728530 659
1728540 658
1728550 655
1728560 655
1728570 651
1728580 646
1728590 641
1728600 641
1728610 636
1728620 631
1728630 631
1728640 635
1728650 639
1728660 639
1728670 644
1728680 648
1728690 648
1728700 650
1728710 652
1728720 652
1728730 654
1728740 657
1728750 657
1728760 658
1728770 660
1728780 660
1728790 661
1728800 662
1728810 662
1728820 663
1728830 664
1728840 665
1728850 665
1728860 666
1728870 666
1728880 666
1728890 666
1728900 667
1728910 667
1728920 667
1728930 667
1728940 667
1728950 667
1728960 668
1728970 668
1728980 668
1728990 669
1729000 669
1729010 670
1729020 671
1729030 671
1729040 672
1729050 673
1729060 673
1729070 674
1729080 675
1729090 677
1729100 677
1729110 678
1729120 679
1729130 679
1729140 680
1729150 681
1729160 682
1729170 682
1729180 682
1729190 682
1729200 682
1729210 682
1729220 682
1729230 682
1729240 682
1729250 682
1729260 683
1729270 684
1729280 684
1729290 683
1729300 683
1729310 682
1729320 682
1729330 681
1729340 681
1729350 681
1729360 680
1729370 680
1729380 680
1729390 679
1729400 678
1729410 678
1729420 677
1729430 676
1729440 676
1729450 676
1729460 675
1729470 675
1729480 674
1729490 674
1729500 674
1729510 674
1729520 673
1729530 673
1729540 673
1729550 673
1729560 673
1729570 673
1729580 673
1729590 673
1729600 673
1729610 672
1729620 672
1729630 672
1729640 671
1729650 670
1729660 670
1729670 669
1729680 668
1729690 668
1729700 666
1729710 665
1729720 665
1729730 664
1729740 662
1729750 662
1729760 661
1729770 660
1729780 659
1729790 659
1729800 659
1729810 659
1729820 659
1729830 659
1729840 659
1729850 659
1729860 659
1729870 659
1729880 659
1729890 658
1729900 658
1729910 658
1729920 658
1729930 658
1729940 658
1729950 658
1729960 658
1729970 658
1729980 658
1729990 657
1730000 657
1730010 656
1730020 654
1730030 653
1730040 653
1730050 652
1730060 651
1730070 651
1730080 649
1730090 647
1730100 647
1730110 646
1730120 645
1730130 645
1730140 643
1730150 641
1730160 641
1730170 639
1730180 635
1730190 635
1730200 633
1730210 630
1730220 630
1730230 626
1730240 622
1730250 622
1730260 619
1730270 616
1730280 612
1730290 612
1730300 606
1730310 599
1730320 599
1730330 594
1730340 588
1730350 588
1730360 582
1730370 583
1730380 583
1730390 580
1730400 578
1730410 578
1730420 576
1730430 573
1730440 573
1730450 573
1730460 569
1730470 569
1730480 568
1730490 571
1730500 572
1730510 572
1730520 574
1730530 576
1730540 576
1730550 575
1730560 573
1730570 573
1730580 570
1730590 568
1730600 568
1730610 565
1730620 562
1730630 562
1730640 560
1730650 557
1730660 557
1730670 553
1730680 548
1730690 548
1730700 548
1730710 550
1730720 550
1730730 554
1730740 556
1730750 557
1730760 557
1730770 559
1730780 560
1730790 560
1730800 561
1730810 561
1730820 561
1730830 562
1730840 562
1730850 562
1730860 562
1730870 563
1730880 563
1730890 562
1730900 561
1730910 561
1730920 560
1730930 559
1730940 559
1730950 558
1730960 557
1730970 557
1730980 555
1730990 553
1731000 551
1731010 551
1731020 548
1731030 545
1731040 545
1731050 543
1731060 541
1731070 541
1731080 541
1731090 541
1731100 541
1731110 540
1731120 539
1731130 539
1731140 538
1731150 537
1731160 537
1731170 536
1731180 534
1731190 534
1731200 532
1731210 530
1731220 526
1731230 526
1731240 520
1731250 517
1731260 517
1731270 513
1731280 511
1731290 511
1731300 509
1731310 507
1731320 507
1731330 506
1731340 505
1731350 505
1731360 503
1731370 502
1731380 502
1731390 500
1731400 499
1731410 499
1731420 498
1731430 497
1731440 497
1731450 496
1731460 495
1731470 493
1731480 493
1731490 492
1731500 495
1731510 495
1731520 498
1731530 497
1731540 497
1731550 497
1731560 497
1731570 497
1731580 496
1731590 495
1731600 495
1731610 495
1731620 494
1731630 494
1731640 494
1731650 493
1731660 493
1731670 493
1731680 492
1731690 491
1731700 491
1731710 490
1731720 489
1731730 489
1731740 488
1731750 486
1731760 486
1731770 485
1731780 483
1731790 483
1731800 482
1731810 480
1731820 480
1731830 479
1731840 478
1731850 478
1731860 477
1731870 477
1731880 477
1731890 477
1731900 477
1731910 477
1731920 478
1731930 479
1731940 480
1731950 480
1731960 481
1731970 482
1731980 482
1731990 484
1732000 487
1732010 487
1732020 488
1732030 490
1732040 490
1732050 493
1732060 494
1732070 494
1732080 495
1732090 496
1732100 496
1732110 499
1732120 503
1732130 503
1732140 507
1732150 510
1732160 510
1732170 511
1732180 511
1732190 511
1732200 511
1732210 511
1732220 511
1732230 511
1732240 510
1732250 509
1732260 509
1732270 508
1732280 507
1732290 507
1732300 506
1732310 505
1732320 505
1732330 505
1732340 504
1732350 504
1732360 502
1732370 502
1732380 502
1732390 504
1732400 506
1732410 509
1732420 509
1732430 511
1732440 513
1732450 513
1732460 514
1732470 512
1732480 512
1732490 514
1732500 514
1732510 514
1732520 513
1732530 513
1732540 513
1732550 513
1732560 512
1732570 512
1732580 511
1732590 510
1732600 510
1732610 509
1732620 508
1732630 508
1732640 508
1732650 507
1732660 506
1732670 506
1732680 506
1732690 506
1732700 506
1732710 506
1732720 506
1732730 506
1732740 505
1732750 505
1732760 505
1732770 504
1732780 503
1732790 503
1732800 502
1732810 501
1732820 501
1732830 501
1732840 500
1732850 500
1732860 499
1732870 497
1732880 495
1732890 495
1732900 493
1732910 491
1732920 491
1732930 489
1732940 488
1732950 488
1732960 488
1732970 490
1732980 490
1732990 491
1733000 492
1733010 492
1733020 494
1733030 496
1733040 496
1733050 498
1733060 501
1733070 501
1733080 503
1733090 505
1733100 505
1733110 507
1733120 509
1733130 512
1733140 512
1733150 513
1733160 514
1733170 514
1733180 516
1733190 518
1733200 518
1733210 519
1733220 522
1733230 522
1733240 523
1733250 524
1733260 524
1733270 527
1733280 527
1733290 527
1733300 528
1733310 529
1733320 529
1733330 529
1733340 530
1733350 530
1733360 530
1733370 530
1733380 529
1733390 529
1733400 529
1733410 529
1733420 529
1733430 529
1733440 528
1733450 528
1733460 528
1733470 528
1733480 528
1733490 527
1733500 527
1733510 527
1733520 526
1733530 525
1733540 525
1733550 524
1733560 522
1733570 522
1733580 521
1733590 520
1733600 518
1733610 518
1733620 517
1733630 516
1733640 516
1733650 514
1733660 513
1733670 513
1733680 512
1733690 512
1733700 512
1733710 512
1733720 512
1733730 512
1733740 511
1733750 511
1733760 511
1733770 511
1733780 510
1733790 510
1733800 509
1733810 508
1733820 508
1733830 507
1733840 506
1733850 504
1733860 504
1733870 503
1733880 502
1733890 502
1733900 500
1733910 498
1733920 498
1733930 496
1733940 496
1733950 496
1733960 495
1733970 494
1733980 494
1733990 493
1734000 492
1734010 492
1734020 491
1734030 488
1734040 488
1734050 487
1734060 485
1734070 485
1734080 484
1734090 481
1734100 481
1734110 481
1734120 480
1734130 478
1734140 478
1734150 477
1734160 476
1734170 476
1734180 475
1734190 474
1734200 474
1734210 473
1734220 472
1734230 472
1734240 471
1734250 467
1734260 467
1734270 469
1734280 470
1734290 470
1734300 470
1734310 472
1734320 471
1734330 471
1734340 470
1734350 467
1734360 467
1734370 466
1734380 468
1734390 468
1734400 468
1734410 470
1734420 470
1734430 472
1734440 471
1734450 471
1734460 474
1734470 482
1734480 482
1734490 484
1734500 484
1734510 484
1734520 485
1734530 486
1734540 486
1734550 487
1734560 487
1734570 487
1734580 487
1734590 488
1734600 488
1734610 488
1734620 489
1734630 489
1734640 489
1734650 489
1734660 488
1734670 488
1734680 488
1734690 486
1734700 486
1734710 484
1734720 482
1734730 482
1734740 480
1734750 478
1734760 478
1734770 476
1734780 472
1734790 471
1734800 471
1734810 470
1734820 470
1734830 470
1734840 469
1734850 469
1734860 469
1734870 469
1734880 471
1734890 471
1734900 472
1734910 475
1734920 475
1734930 477
1734940 478
1734950 478
1734960 480
1734970 483
1734980 483
1734990 486
1735000 490
1735010 490
1735020 491
1735030 494
1735040 495
1735050 495
1735060 496
1735070 497
1735080 497
1735090 497
1735100 497
1735110 497
1735120 498
1735130 498
1735140 498
1735150 497
1735160 496
1735170 496
1735180 495
1735190 494
1735200 494
1735210 493
1735220 492
1735230 492
1735240 490
1735250 489
1735260 489
1735270 488
1735280 484
1735290 485
1735300 483
1735310 483
1735320 482
1735330 482
1735340 480
1735350 479
1735360 479
1735370 477
1735380 474
1735390 474
1735400 474
1735410 473
1735420 473
1735430 472
1735440 471
1735450 471
1735460 473
1735470 475
1735480 475
1735490 476
1735500 478
1735510 481
1735520 481
1735530 485
1735540 490
1735550 490
1735560 494
1735570 498
1735580 498
1735590 501
1735600 505
1735610 505
1735620 507
1735630 512
1735640 512
1735650 516
1735660 519
1735670 519
1735680 523
1735690 528
1735700 528
1735710 530
1735720 532
1735730 532
1735740 534
1735750 535
1735760 537
1735770 537
1735780 537
1735790 538
1735800 538
1735810 538
1735820 537
1735830 537
1735840 537
1735850 537
1735860 537
1735870 535
1735880 534
1735890 534
1735900 532
1735910 530
1735920 530
1735930 528
1735940 524
1735950 524
1735960 520
1735970 517
1735980 512
1735990 512
1736000 506
1736010 502
1736020 502
1736030 499
1736040 495
1736050 495
1736060 490
1736070 489
1736080 489
1736090 492
1736100 491
1736110 491
1736120 490
1736130 491
1736140 491
1736150 492
1736160 491
1736170 491
1736180 488
1736190 485
1736200 485
1736210 487
1736220 486
1736230 485
1736240 485
1736250 483
1736260 481
1736270 481
1736280 479
1736290 476
1736300 476
1736310 474
1736320 467
1736330 467
1736340 469
1736350 470
1736360 470
1736370 470
1736380 470
1736390 470
1736400 468
1736410 467
1736420 467
1736430 466
1736440 465
1736450 465
1736460 463
1736470 461
1736480 459
1736490 459
1736500 456
1736510 451
1736520 451
1736530 443
1736540 438
1736550 438
1736560 441
1736570 446
1736580 446
1736590 449
1736600 453
1736610 453
1736620 456
1736630 456
1736640 456
1736650 458
1736660 458
1736670 458
1736680 458
1736690 457
1736700 457
1736710 457
1736720 456
1736730 456
1736740 456
1736750 456
1736760 457
1736770 457
1736780 458
1736790 459
1736800 459
1736810 461
1736820 464
1736830 464
1736840 466
1736850 468
1736860 468
1736870 467
1736880 467
1736890 467
1736900 465
1736910 463
1736920 463
1736930 461
1736940 459
1736950 457
1736960 457
1736970 455
1736980 452
1736990 452
1737000 449
1737010 447
1737020 447
1737030 451
1737040 455
1737050 455
1737060 456
1737070 459
1737080 459
1737090 461
1737100 460
1737110 460
1737120 459
1737130 457
1737140 457
1737150 455
1737160 453
1737170 453
1737180 450
1737190 449
1737200 449
1737210 449
1737220 447
1737230 446
1737240 446
1737250 442
1737260 436
1737270 436
1737280 429
1737290 422
1737300 422
1737310 417
1737320 414
1737330 414
1737340 412
1737350 412
1737360 412
1737370 411
1737380 411
1737390 411
1737400 411
1737410 411
1737420 411
1737430 411
1737440 411
1737450 411
1737460 411
1737470 410
1737480 410
1737490 410
1737500 408
1737510 407
1737520 407
1737530 408
1737540 410
1737550 410
1737560 410
1737570 411
1737580 411
1737590 410
1737600 410
1737610 410
1737620 409
1737630 410
1737640 410
1737650 411
1737660 411
1737670 412
1737680 412
1737690 412
1737700 412
1737710 412
1737720 412
1737730 412
1737740 412
1737750 413
1737760 413
1737770 413
1737780 413
1737790 413
1737800 413
1737810 413
1737820 413
1737830 413
1737840 413
1737850 413
1737860 413
1737870 413
1737880 414
1737890 414
1737900 414
1737910 415
1737920 415
1737930 415
1737940 415
1737950 416
1737960 416
1737970 416
1737980 417
1737990 417
1738000 418
1738010 419
1738020 419
1738030 419
1738040 420
1738050 420
1738060 420
1738070 420
1738080 420
1738090 420
1738100 421
1738110 421
1738120 421
1738130 422
1738140 422
1738150 422
1738160 423
1738170 424
1738180 424
1738190 424
1738200 424
1738210 424
1738220 425
1738230 425
1738240 425
1738250 426
1738260 427
1738270 427
1738280 427
1738290 428
1738300 428
1738310 429
1738320 429
1738330 429
1738340 431
1738350 432
1738360 432
1738370 430
1738380 429
1738390 426
1738400 426
1738410 424
1738420 425
1738430 425
1738440 430
1738450 434
1738460 434
1738470 438
1738480 442
1738490 442
1738500 446
1738510 450
1738520 450
1738530 453
1738540 457
1738550 457
1738560 461
1738570 465
1738580 465
1738590 468
1738600 472
1738610 475
1738620 475
1738630 478
1738640 482
1738650 482
1738660 485
1738670 488
1738680 488
1738690 490
1738700 492
1738710 492
1738720 493
1738730 495
1738740 495
1738750 495
1738760 495
1738770 495
1738780 495
1738790 494
1738800 494
1738810 494
1738820 493
1738830 493
1738840 488
1738850 488
1738860 483
1738870 483
1738880 482
1738890 478
1738900 478
1738910 475
1738920 473
1738930 473
1738940 471
1738950 470
1738960 470
1738970 468
1738980 467
1738990 467
1739000 466
1739010 463
1739020 463
1739030 462
1739040 457
1739050 457
1739060 455
1739070 453
1739080 452
1739090 454
1739100 453
1739110 453
1739120 453
1739130 452
1739140 453
1739150 453
1739160 454
1739170 455
1739180 455
1739190 456
1739200 457
1739210 457
1739220 458
1739230 459
1739240 459
1739250 460
1739260 461
1739270 461
1739280 463
1739290 464
1739300 464
1739310 465
1739320 466
1739330 466
1739340 466
1739350 467
1739360 466
1739370 466
1739380 465
1739390 464
1739400 464
1739410 463
1739420 462
1739430 462
1739440 461
1739450 459
1739460 459
1739470 458
1739480 456
1739490 456
1739500 454
1739510 452
1739520 452
1739530 451
1739540 449
1739550 449
1739560 447
1739570 445
1739580 445
1739590 445
1739600 443
1739610 441
1739620 441
1739630 439
1739640 436
1739650 436
1739660 434
1739670 435
1739680 435
1739690 438
1739700 438
1739710 438
1739720 439
1739730 439
1739740 439
1739750 440
1739760 440
1739770 440
1739780 441
1739790 441
1739800 441
1739810 441
1739820 441
1739830 439
1739840 439
1739850 438
1739860 438
1739870 438
1739880 438
1739890 437
1739900 437
1739910 434
1739920 433
1739930 433
1739940 430
1739950 428
1739960 428
1739970 429
1739980 431
1739990 431
