1720000 1063
1720010 1063
1720020 1060
1720030 1057
1720040 1057
1720050 1053
1720060 1049
1720070 1049
1720080 1046
1720090 1043
1720100 1039
1720110 1039
1720120 1036
1720130 1032
1720140 1032
1720150 1028
1720160 1024
1720170 1024
1720180 1020
1720190 1016
1720200 1016
1720210 1014
1720220 1007
1720230 1007
1720240 1003
1720250 1000
1720260 1000
1720270 998
1720280 996
1720290 996
1720300 996
1720310 996
1720320 996
1720330 997
1720340 998
1720350 999
1720360 999
1720370 998
1720380 999
1720390 999
1720400 998
1720410 997
1720420 997
1720430 996
1720440 995
1720450 995
1720460 992
1720470 986
1720480 986
1720490 980
1720500 975
1720510 975
1720520 971
1720530 966
1720540 966
1720550 962
1720560 958
1720570 958
1720580 955
1720590 952
1720600 951
1720610 951
1720620 949
1720630 949
1720640 949
1720650 949
1720660 949
1720670 949
1720680 950
1720690 951
1720700 951
1720710 950
1720720 947
1720730 947
1720740 942
1720750 937
1720760 937
1720770 933
1720780 928
1720790 928
1720800 922
1720810 917
1720820 910
1720830 910
1720840 904
1720850 898
1720860 898
1720870 889
1720880 889
1720890 889
1720900 895
1720910 900
1720920 900
1720930 904
1720940 908
1720950 908
1720960 911
1720970 914
1720980 914
1720990 917
1721000 919
1721010 919
1721020 921
1721030 922
1721040 922
1721050 923
1721060 924
1721070 924
1721080 924
1721090 925
1721100 924
1721110 924
1721120 924
1721130 923
1721140 923
1721150 922
1721160 921
1721170 921
1721180 919
1721190 918
1721200 918
1721210 916
1721220 914
1721230 914
1721240 913
1721250 910
1721260 910
1721270 908
1721280 906
1721290 906
1721300 904
1721310 902
1721320 899
1721330 899
1721340 896
1721350 893
1721360 893
1721370 889
1721380 885
1721390 885
1721400 881
1721410 876
1721420 876
1721430 870
1721440 864
1721450 864
1721460 856
1721470 850
1721480 850
1721490 844
1721500 840
1721510 840
1721520 841
1721530 838
1721540 839
1721550 839
1721560 834
1721570 832
1721580 832
1721590 831
1721600 830
1721610 830
1721620 828
1721630 827
1721640 827
1721650 827
1721660 825
1721670 825
1721680 823
1721690 822
1721700 822
1721710 820
1721720 818
1721730 818
1721740 817
1721750 817
1721760 817
1721770 820
1721780 821
1721790 823
1721800 823
1721810 824
1721820 826
1721830 826
1721840 827
1721850 829
1721860 829
1721870 830
1721880 830
1721890 830
1721900 827
1721910 825
1721920 825
1721930 822
1721940 819
1721950 819
1721960 815
1721970 812
1721980 812
1721990 810
1722000 807
1722010 805
1722020 805
1722030 801
1722040 798
1722050 798
1722060 796
1722070 795
1722080 795
1722090 792
1722100 790
1722110 790
1722120 787
1722130 786
1722140 791
1722150 791
1722160 796
1722170 796
1722180 799
1722190 800
1722200 800
1722210 802
1722220 804
1722230 804
1722240 806
1722250 807
1722260 808
1722270 808
1722280 808
1722290 806
1722300 806
1722310 805
1722320 803
1722330 803
1722340 800
1722350 796
1722360 796
1722370 793
1722380 789
1722390 789
1722400 785
1722410 779
1722420 779
1722430 774
1722440 769
1722450 769
1722460 763
1722470 760
1722480 760
1722490 758
1722500 758
1722510 759
1722520 759
1722530 759
1722540 760
1722550 760
1722560 762
1722570 763
1722580 763
1722590 766
1722600 767
1722610 767
1722620 770
1722630 771
1722640 771
1722650 771
1722660 772
1722670 772
1722680 774
1722690 775
1722700 775
1722710 777
1722720 779
1722730 782
1722740 782
1722750 786
1722760 789
1722770 789
1722780 789
1722790 791
1722800 791
1722810 793
1722820 795
1722830 795
1722840 796
1722850 798
1722860 798
1722870 799
1722880 801
1722890 801
1722900 802
1722910 802
1722920 802
1722930 803
1722940 803
1722950 803
1722960 802
1722970 800
1722980 799
1722990 799
1723000 797
1723010 795
1723020 795
1723030 794
1723040 792
1723050 792
1723060 789
1723070 785
1723080 785
1723090 781
1723100 777
1723110 777
1723120 772
1723130 768
1723140 768
1723150 763
1723160 759
1723170 759
1723180 752
1723190 751
1723200 751
1723210 746
1723220 745
1723230 746
1723240 746
1723250 746
1723260 748
1723270 748
1723280 751
1723290 754
1723300 754
1723310 755
1723320 757
1723330 757
1723340 761
1723350 764
1723360 764
1723370 766
1723380 768
1723390 768
1723400 770
1723410 771
1723420 771
1723430 772
1723440 773
1723450 774
1723460 774
1723470 774
1723480 775
1723490 775
1723500 776
1723510 776
1723520 776
1723530 776
1723540 773
1723550 773
1723560 773
1723570 772
1723580 772
1723590 771
1723600 771
1723610 771
1723620 771
1723630 771
1723640 771
1723650 769
1723660 769
1723670 769
1723680 768
1723690 767
1723700 766
1723710 766
1723720 765
1723730 765
1723740 765
1723750 765
1723760 764
1723770 764
1723780 763
1723790 762
1723800 762
1723810 761
1723820 761
1723830 761
1723840 760
1723850 759
1723860 759
1723870 758
1723880 757
1723890 757
1723900 756
1723910 754
1723920 753
1723930 753
1723940 752
1723950 751
1723960 751
1723970 750
1723980 749
1723990 749
1724000 748
1724010 747
1724020 747
1724030 744
1724040 743
1724050 743
1724060 741
1724070 738
1724080 738
1724090 736
1724100 734
1724110 734
1724120 732
1724130 730
1724140 730
1724150 729
1724160 724
1724170 723
1724180 723
1724190 725
1724200 727
1724210 727
1724220 728
1724230 729
1724240 729
1724250 730
1724260 729
1724270 729
1724280 728
1724290 727
1724300 727
1724310 726
1724320 724
1724330 724
1724340 721
1724350 719
1724360 719
1724370 714
1724380 711
1724390 711
1724400 708
1724410 703
1724420 690
1724430 690
1724440 686
1724450 692
1724460 692
1724470 695
1724480 698
1724490 698
1724500 700
1724510 704
1724520 704
1724530 713
1724540 714
1724550 714
1724560 715
1724570 719
1724580 719
1724590 723
1724600 727
1724610 727
1724620 727
1724630 730
1724640 731
1724650 731
1724660 731
1724670 731
1724680 731
1724690 731
1724700 729
1724710 729
1724720 727
1724730 726
1724740 726
1724750 724
1724760 722
1724770 722
1724780 720
1724790 718
1724800 718
1724810 718
1724820 716
1724830 716
1724840 714
1724850 712
1724860 712
1724870 712
1724880 711
1724890 710
1724900 710
1724910 709
1724920 707
1724930 707
1724940 705
1724950 704
1724960 704
1724970 702
1724980 703
1724990 703
1725000 701
1725010 700
1725020 700
1725030 698
1725040 696
1725050 696
1725060 695
1725070 692
1725080 692
1725090 689
1725100 688
1725110 688
1725120 683
1725130 683
1725140 687
1725150 687
1725160 689
1725170 690
1725180 690
1725190 692
1725200 694
1725210 694
1725220 695
1725230 696
1725240 696
1725250 696
1725260 696
1725270 696
1725280 695
1725290 694
1725300 694
1725310 694
1725320 693
1725330 693
1725340 692
1725350 692
1725360 692
1725370 692
1725380 690
1725390 689
1725400 689
1725410 688
1725420 687
1725430 687
1725440 687
1725450 686
1725460 686
1725470 686
1725480 685
1725490 685
1725500 684
1725510 683
1725520 683
1725530 682
1725540 680
1725550 680
1725560 680
1725570 679
1725580 679
1725590 677
1725600 676
1725610 675
1725620 675
1725630 674
1725640 671
1725650 671
1725660 669
1725670 668
1725680 668
1725690 666
1725700 664
1725710 664
1725720 663
1725730 660
1725740 660
1725750 657
1725760 656
1725770 656
1725780 653
1725790 651
1725800 651
1725810 649
1725820 648
1725830 648
1725840 645
1725850 643
1725860 641
1725870 641
1725880 638
1725890 636
1725900 636
1725910 634
1725920 632
1725930 632
1725940 631
1725950 630
1725960 630
1725970 627
1725980 623
1725990 623
1726000 620
1726010 615
1726020 615
1726030 611
1726040 607
1726050 607
1726060 603
1726070 599
1726080 595
1726090 595
1726100 592
1726110 587
1726120 587
1726130 581
1726140 580
1726150 580
1726160 581
1726170 585
1726180 585
1726190 589
1726200 593
1726210 593
1726220 595
1726230 596
1726240 596
1726250 596
1726260 596
1726270 596
1726280 596
1726290 596
1726300 596
1726310 595
1726320 594
1726330 592
1726340 592
1726350 591
1726360 590
1726370 590
1726380 589
1726390 587
1726400 587
1726410 584
1726420 583
1726430 583
1726440 580
1726450 577
1726460 577
1726470 577
1726480 574
1726490 574
1726500 574
1726510 573
1726520 573
1726530 573
1726540 573
1726550 574
1726560 574
1726570 574
1726580 575
1726590 575
1726600 576
1726610 576
1726620 576
1726630 576
1726640 576
1726650 576
1726660 577
1726670 576
1726680 576
1726690 577
1726700 577
1726710 577
1726720 577
1726730 577
1726740 577
1726750 577
1726760 576
1726770 576
1726780 575
1726790 573
1726800 572
1726810 572
1726820 572
1726830 572
1726840 572
1726850 571
1726860 571
1726870 571
1726880 569
1726890 569
1726900 569
1726910 567
1726920 566
1726930 566
1726940 564
1726950 561
1726960 561
1726970 559
1726980 555
1726990 555
1727000 559
1727010 565
1727020 565
1727030 570
1727040 573
1727050 576
1727060 576
1727070 578
1727080 580
1727090 580
1727100 581
1727110 582
1727120 582
1727130 582
1727140 579
1727150 579
1727160 577
1727170 573
1727180 573
1727190 566
1727200 562
1727210 562
1727220 561
1727230 569
1727240 569
1727250 577
1727260 585
1727270 592
1727280 592
1727290 596
1727300 601
1727310 601
1727320 605
1727330 608
1727340 608
1727350 612
1727360 616
1727370 616
1727380 620
1727390 623
1727400 623
1727410 626
1727420 628
1727430 628
1727440 630
1727450 632
1727460 632
1727470 634
1727480 637
1727490 637
1727500 640
1727510 644
1727520 646
1727530 646
1727540 647
1727550 649
1727560 649
1727570 650
1727580 652
1727590 652
1727600 653
1727610 654
1727620 654
1727630 656
1727640 657
1727650 657
1727660 658
1727670 658
1727680 658
1727690 658
1727700 658
1727710 658
1727720 658
1727730 658
1727740 658
1727750 659
1727760 660
1727770 661
1727780 661
1727790 662
1727800 664
1727810 664
1727820 665
1727830 667
1727840 667
1727850 668
1727860 669
1727870 669
1727880 671
1727890 672
1727900 672
1727910 674
1727920 675
1727930 675
1727940 677
1727950 678
1727960 678
1727970 680
1727980 682
1727990 683
1728000 683
1728010 685
1728020 685
1728030 685
1728040 686
1728050 687
1728060 687
1728070 686
1728080 686
1728090 686
1728100 686
1728110 685
1728120 685
1728130 685
1728140 685
1728150 685
1728160 685
1728170 685
1728180 685
1728190 685
1728200 685
1728210 685
1728220 685
1728230 684
1728240 683
1728250 683
1728260 682
1728270 682
1728280 682
1728290 681
1728300 680
1728310 680
1728320 680
1728330 679
1728340 679
1728350 678
1728360 676
1728370 676
1728380 675
1728390 673
1728400 673
1728410 671
1728420 671
1728430 671
1728440 671
1728450 672
1728460 672
1728470 672
1728480 673
1728490 674
1728500 674
1728510 675
1728520 676
1728530 676
1728540 677
1728550 678
1728560 678
1728570 679
1728580 679
1728590 679
1728600 679
1728610 679
1728620 679
1728630 680
1728640 680
1728650 680
1728660 681
1728670 681
1728680 681
1728690 681
1728700 681
1728710 681
1728720 681
1728730 679
1728740 679
1728750 679
1728760 679
1728770 681
1728780 681
1728790 683
1728800 684
1728810 684
1728820 685
1728830 686
1728840 686
1728850 687
1728860 688
1728870 688
1728880 688
1728890 688
1728900 688
1728910 689
1728920 688
1728930 688
1728940 688
1728950 687
1728960 686
1728970 686
1728980 685
1728990 684
1729000 684
1729010 683
1729020 682
1729030 682
1729040 682
1729050 681
1729060 681
1729070 680
1729080 679
1729090 679
1729100 679
1729110 678
1729120 678
1729130 677
1729140 676
1729150 676
1729160 675
1729170 674
1729180 673
1729190 673
1729200 672
1729210 671
1729220 671
1729230 670
1729240 669
1729250 669
1729260 668
1729270 667
1729280 667
1729290 665
1729300 663
1729310 663
1729320 662
1729330 660
1729340 660
1729350 659
1729360 658
1729370 658
1729380 656
1729390 653
1729400 653
1729410 651
1729420 649
1729430 646
1729440 646
1729450 643
1729460 640
1729470 640
1729480 638
1729490 638
1729500 638
1729510 637
1729520 637
1729530 637
1729540 637
1729550 637
1729560 637
1729570 637
1729580 637
1729590 637
1729600 636
1729610 636
1729620 636
1729630 636
1729640 636
1729650 636
1729660 635
1729670 635
1729680 634
1729690 634
1729700 633
1729710 631
1729720 631
1729730 630
1729740 630
1729750 630
1729760 628
1729770 629
1729780 629
1729790 629
1729800 628
1729810 628
1729820 628
1729830 628
1729840 628
1729850 628
1729860 628
1729870 628
1729880 628
1729890 628
1729900 628
1729910 628
1729920 627
1729930 627
1729940 627
1729950 626
1729960 625
1729970 625
1729980 624
1729990 623
1730000 623
1730010 622
1730020 622
1730030 622
1730040 621
1730050 620
1730060 620
1730070 619
1730080 618
1730090 618
1730100 617
1730110 616
1730120 616
1730130 615
1730140 613
1730150 611
1730160 611
1730170 608
1730180 605
1730190 605
1730200 603
1730210 601
1730220 601
1730230 599
1730240 598
1730250 598
1730260 594
1730270 590
1730280 590
1730290 587
1730300 584
1730310 584
1730320 581
1730330 577
1730340 577
1730350 573
1730360 570
1730370 568
1730380 568
1730390 566
1730400 563
1730410 563
1730420 562
1730430 559
1730440 559
1730450 558
1730460 557
1730470 557
1730480 557
1730490 556
1730500 556
1730510 555
1730520 554
1730530 554
1730540 553
1730550 552
1730560 552
1730570 550
1730580 548
1730590 548
1730600 546
1730610 544
1730620 543
1730630 543
1730640 541
1730650 539
1730660 539
1730670 536
1730680 536
1730690 536
1730700 536
1730710 533
1730720 533
1730730 531
1730740 529
1730750 529
1730760 529
1730770 529
1730780 529
1730790 528
1730800 525
1730810 525
1730820 521
1730830 519
1730840 519
1730850 515
1730860 515
1730870 518
1730880 518
1730890 515
1730900 512
1730910 512
1730920 507
1730930 505
1730940 505
1730950 504
1730960 503
1730970 503
1730980 501
1730990 499
1731000 499
1731010 498
1731020 497
1731030 497
1731040 498
1731050 498
1731060 498
1731070 497
1731080 497
1731090 496
1731100 496
1731110 496
1731120 495
1731130 494
1731140 494
1731150 493
1731160 493
1731170 493
1731180 494
1731190 494
1731200 492
1731210 491
1731220 491
1731230 491
1731240 491
1731250 491
1731260 492
1731270 492
1731280 492
1731290 493
1731300 493
1731310 493
1731320 494
1731330 494
1731340 493
1731350 493
1731360 493
1731370 492
1731380 492
1731390 492
1731400 491
1731410 491
1731420 490
1731430 489
1731440 489
1731450 488
1731460 487
1731470 487
1731480 487
1731490 486
1731500 486
1731510 486
1731520 485
1731530 485
1731540 485
1731550 484
1731560 484
1731570 483
1731580 482
1731590 479
1731600 479
1731610 478
1731620 478
1731630 478
1731640 478
1731650 477
1731660 477
1731670 477
1731680 477
1731690 477
1731700 476
1731710 476
1731720 476
1731730 475
1731740 474
1731750 474
1731760 475
1731770 475
1731780 475
1731790 474
1731800 474
1731810 473
1731820 473
1731830 473
1731840 473
1731850 473
1731860 473
1731870 473
1731880 473
1731890 472
1731900 472
1731910 472
1731920 472
1731930 470
1731940 470
1731950 472
1731960 472
1731970 472
1731980 475
1731990 477
1732000 477
1732010 478
1732020 478
1732030 478
1732040 478
1732050 478
1732060 478
1732070 478
1732080 478
1732090 478
1732100 478
1732110 477
1732120 477
1732130 477
1732140 478
1732150 478
1732160 478
1732170 479
1732180 480
1732190 480
1732200 481
1732210 483
1732220 483
1732230 485
1732240 488
1732250 488
1732260 491
1732270 495
1732280 495
1732290 499
1732300 498
1732310 497
1732320 497
1732330 497
1732340 495
1732350 495
1732360 494
1732370 493
1732380 493
1732390 492
1732400 491
1732410 491
1732420 490
1732430 490
1732440 490
1732450 488
1732460 488
1732470 488
1732480 487
1732490 487
1732500 487
1732510 486
1732520 485
1732530 485
1732540 485
1732550 485
1732560 484
1732570 484
1732580 484
1732590 483
1732600 483
1732610 481
1732620 480
1732630 480
1732640 478
1732650 477
1732660 477
1732670 476
1732680 476
1732690 476
1732700 476
1732710 477
1732720 477
1732730 478
1732740 479
1732750 479
1732760 480
1732770 482
1732780 483
1732790 483
1732800 484
1732810 485
1732820 485
1732830 486
1732840 487
1732850 487
1732860 488
1732870 490
1732880 490
1732890 491
1732900 493
1732910 493
1732920 495
1732930 497
1732940 497
1732950 498
1732960 500
1732970 500
1732980 502
1732990 504
1733000 505
1733010 505
1733020 507
1733030 508
1733040 508
1733050 508
1733060 512
1733070 512
1733080 513
1733090 514
1733100 514
1733110 514
1733120 514
1733130 514
1733140 514
1733150 513
1733160 513
1733170 512
1733180 511
1733190 511
1733200 512
1733210 511
1733220 511
1733230 511
1733240 510
1733250 510
1733260 510
1733270 510
1733280 510
1733290 510
1733300 509
1733310 509
1733320 509
1733330 508
1733340 508
1733350 508
1733360 507
1733370 505
1733380 505
1733390 501
1733400 498
1733410 498
1733420 497
1733430 496
1733440 496
1733450 495
1733460 494
1733470 494
1733480 494
1733490 492
1733500 492
1733510 492
1733520 491
1733530 491
1733540 491
1733550 490
1733560 490
1733570 490
1733580 489
1733590 488
1733600 488
1733610 487
1733620 486
1733630 486
1733640 486
1733650 486
1733660 486
1733670 485
1733680 484
1733690 484
1733700 484
1733710 483
1733720 483
1733730 483
1733740 482
1733750 481
1733760 481
1733770 480
1733780 479
1733790 479
1733800 478
1733810 477
1733820 477
1733830 476
1733840 475
1733850 475
1733860 473
1733870 474
1733880 474
1733890 472
1733900 473
1733910 473
1733920 471
1733930 470
1733940 470
1733950 471
1733960 474
1733970 476
1733980 476
1733990 477
1734000 477
1734010 477
1734020 477
1734030 477
1734040 477
1734050 476
1734060 476
1734070 476
1734080 474
1734090 472
1734100 472
1734110 470
1734120 469
1734130 469
1734140 468
1734150 467
1734160 467
1734170 466
1734180 466
1734190 466
1734200 464
1734210 463
1734220 462
1734230 462
1734240 459
1734250 454
1734260 454
1734270 450
1734280 454
1734290 454
1734300 456
1734310 457
1734320 457
1734330 460
1734340 460
1734350 460
1734360 460
1734370 465
1734380 465
1734390 469
1734400 471
1734410 471
1734420 472
1734430 474
1734440 475
1734450 475
1734460 476
1734470 476
1734480 476
1734490 476
1734500 476
1734510 476
1734520 475
1734530 475
1734540 475
1734550 474
1734560 474
1734570 474
1734580 473
1734590 472
1734600 472
1734610 471
1734620 469
1734630 469
1734640 468
1734650 465
1734660 465
1734670 465
1734680 461
1734690 459
1734700 459
1734710 454
1734720 452
1734730 452
1734740 455
1734750 456
1734760 456
1734770 459
1734780 460
1734790 460
1734800 461
1734810 462
1734820 462
1734830 464
1734840 465
1734850 465
1734860 467
1734870 468
1734880 468
1734890 471
1734900 474
1734910 475
1734920 475
1734930 477
1734940 479
1734950 479
1734960 481
1734970 484
1734980 484
1734990 485
1735000 486
1735010 486
1735020 486
1735030 486
1735040 486
1735050 486
1735060 485
1735070 485
1735080 484
1735090 483
1735100 483
1735110 482
1735120 480
1735130 480
1735140 478
1735150 476
1735160 475
1735170 472
1735180 470
1735190 468
1735200 468
1735210 467
1735220 470
1735230 470
1735240 471
1735250 472
1735260 472
1735270 474
1735280 475
1735290 475
1735300 478
1735310 484
1735320 484
1735330 485
1735340 491
1735350 491
1735360 493
1735370 495
1735380 495
1735390 496
1735400 499
1735410 502
1735420 502
1735430 503
1735440 506
1735450 506
1735460 509
1735470 511
1735480 511
1735490 513
1735500 515
1735510 515
1735520 517
1735530 520
1735540 520
1735550 522
1735560 524
1735570 524
1735580 525
1735590 526
1735600 526
1735610 528
1735620 529
1735630 530
1735640 530
1735650 532
1735660 534
1735670 534
1735680 536
1735690 537
1735700 537
1735710 537
1735720 537
1735730 537
1735740 539
1735750 540
1735760 540
1735770 542
1735780 543
1735790 543
1735800 543
1735810 544
1735820 544
1735830 545
1735840 545
1735850 545
1735860 546
1735870 547
1735880 547
1735890 547
1735900 548
1735910 548
1735920 548
1735930 548
1735940 549
1735950 549
1735960 550
1735970 550
1735980 550
1735990 550
1736000 550
1736010 550
1736020 551
1736030 551
1736040 551
1736050 551
1736060 551
1736070 551
1736080 550
1736090 550
1736100 550
1736110 549
1736120 548
1736130 546
1736140 546
1736150 544
1736160 542
1736170 542
1736180 539
1736190 534
1736200 534
1736210 529
1736220 526
1736230 526
1736240 519
1736250 517
1736260 517
1736270 519
1736280 520
1736290 520
1736300 519
1736310 519
1736320 519
1736330 517
1736340 515
1736350 514
1736360 514
1736370 513
1736380 512
1736390 512
1736400 510
1736410 509
1736420 509
1736430 508
1736440 505
1736450 505
1736460 497
1736470 489
1736480 489
1736490 483
1736500 484
1736510 484
1736520 487
1736530 494
1736540 494
1736550 500
1736560 507
1736570 507
1736580 511
1736590 514
1736600 517
1736610 517
1736620 519
1736630 522
1736640 522
1736650 525
1736660 527
1736670 527
1736680 530
1736690 533
1736700 533
1736710 534
1736720 535
1736730 535
1736740 535
1736750 535
1736760 535
1736770 534
1736780 533
1736790 533
1736800 532
1736810 531
1736820 531
1736830 530
1736840 529
1736850 528
1736860 528
1736870 527
1736880 526
1736890 526
1736900 526
1736910 525
1736920 525
1736930 522
1736940 519
1736950 519
1736960 519
1736970 514
1736980 514
1736990 511
1737000 509
1737010 509
1737020 507
1737030 505
1737040 505
1737050 503
1737060 501
1737070 497
1737080 497
1737090 491
1737100 486
1737110 486
1737120 479
1737130 473
1737140 473
1737150 466
1737160 459
1737170 459
1737180 451
1737190 441
1737200 441
1737210 432
1737220 423
1737230 423
1737240 416
1737250 413
1737260 413
1737270 413
1737280 412
1737290 412
1737300 413
1737310 412
1737320 409
1737330 409
1737340 409
1737350 410
1737360 410
1737370 414
1737380 413
1737390 413
1737400 413
1737410 413
1737420 413
1737430 414
1737440 414
1737450 414
1737460 413
1737470 413
1737480 413
1737490 414
1737500 414
1737510 414
1737520 414
1737530 413
1737540 413
1737550 413
1737560 413
1737570 413
1737580 413
1737590 413
1737600 414
1737610 414
1737620 414
1737630 417
1737640 417
1737650 417
1737660 420
1737670 420
1737680 420
1737690 420
1737700 420
1737710 420
1737720 421
1737730 421
1737740 421
1737750 421
1737760 421
1737770 422
1737780 422
1737790 422
1737800 422
1737810 423
1737820 423
1737830 423
1737840 424
1737850 424
1737860 424
1737870 424
1737880 425
1737890 425
1737900 425
1737910 426
1737920 426
1737930 428
1737940 429
1737950 429
1737960 431
1737970 434
1737980 434
1737990 436
1738000 439
1738010 439
1738020 441
1738030 442
1738040 444
1738050 444
1738060 445
1738070 445
1738080 445
1738090 446
1738100 446
1738110 446
1738120 447
1738130 449
1738140 449
1738150 450
1738160 451
1738170 451
1738180 452
1738190 453
1738200 453
1738210 452
1738220 452
1738230 452
1738240 453
1738250 454
1738260 455
1738270 455
1738280 456
1738290 458
1738300 458
1738310 458
1738320 459
1738330 459
1738340 460
1738350 461
1738360 461
1738370 462
1738380 465
1738390 465
1738400 468
1738410 470
1738420 470
1738430 472
1738440 472
1738450 472
1738460 467
1738470 461
1738480 461
1738490 453
1738500 446
1738510 439
1738520 439
1738530 440
1738540 446
1738550 446
1738560 454
1738570 461
1738580 461
1738590 468
1738600 474
1738610 474
1738620 481
1738630 487
1738640 487
1738650 492
1738660 495
1738670 495
1738680 498
1738690 501
1738700 501
1738710 503
1738720 505
1738730 505
1738740 507
1738750 507
1738760 508
1738770 508
1738780 509
1738790 510
1738800 510
1738810 511
1738820 512
1738830 512
1738840 510
1738850 509
1738860 509
1738870 509
1738880 509
1738890 509
1738900 509
1738910 509
1738920 509
1738930 509
1738940 510
1738950 510
1738960 512
1738970 512
1738980 512
1738990 512
1739000 512
1739010 512
1739020 512
1739030 512
1739040 512
1739050 512
1739060 512
1739070 511
1739080 511
1739090 511
1739100 511
1739110 511
1739120 510
1739130 510
1739140 510
1739150 510
1739160 509
1739170 509
1739180 508
1739190 507
1739200 507
1739210 506
1739220 504
1739230 503
1739240 503
1739250 501
1739260 499
1739270 499
1739280 496
1739290 493
1739300 493
1739310 491
1739320 488
1739330 488
1739340 486
1739350 484
1739360 484
1739370 484
1739380 484
1739390 484
1739400 482
1739410 482
1739420 482
1739430 482
1739440 481
1739450 480
1739460 480
1739470 477
1739480 473
1739490 473
1739500 467
1739510 470
1739520 470
1739530 472
1739540 473
1739550 473
1739560 474
1739570 475
1739580 475
1739590 476
1739600 476
1739610 476
1739620 476
1739630 476
1739640 476
1739650 475
1739660 472
1739670 472
1739680 471
1739690 468
1739700 467
1739710 467
1739720 466
1739730 463
1739740 463
1739750 461
1739760 458
1739770 458
1739780 455
1739790 451
1739800 451
1739810 445
1739820 448
1739830 448
1739840 447
1739850 447
1739860 447
1739870 447
1739880 448
1739890 448
1739900 449
1739910 450
1739920 450
1739930 450
1739940 449
1739950 448
1739960 448
1739970 448
1739980 449
1739990 449
