1720000 1106
1720010 1105
1720020 1103
1720030 1101
1720040 1101
1720050 1099
1720060 1097
1720070 1097
1720080 1095
1720090 1093
1720100 1093
1720110 1089
1720120 1087
1720130 1087
1720140 1085
1720150 1085
1720160 1085
1720170 1085
1720180 1085
1720190 1085
1720200 1084
1720210 1084
1720220 1084
1720230 1084
1720240 1084
1720250 1085
1720260 1085
1720270 1085
1720280 1086
1720290 1086
1720300 1084
1720310 1083
1720320 1083
1720330 1082
1720340 1078
1720350 1078
1720360 1074
1720370 1069
1720380 1069
1720390 1062
1720400 1056
1720410 1056
1720420 1049
1720430 1043
1720440 1043
1720450 1037
1720460 1031
1720470 1031
1720480 1025
1720490 1018
1720500 1014
1720510 1014
1720520 1014
1720530 1019
1720540 1019
1720550 1022
1720560 1031
1720570 1031
1720580 1035
1720590 1039
1720600 1039
1720610 1043
1720620 1047
1720630 1047
1720640 1050
1720650 1054
1720660 1054
1720670 1057
1720680 1061
1720690 1061
1720700 1064
1720710 1067
1720720 1067
1720730 1070
1720740 1074
1720750 1076
1720760 1076
1720770 1079
1720780 1081
1720790 1081
1720800 1084
1720810 1087
1720820 1087
1720830 1089
1720840 1090
1720850 1090
1720860 1091
1720870 1092
1720880 1092
1720890 1091
1720900 1090
1720910 1090
1720920 1089
1720930 1086
1720940 1086
1720950 1083
1720960 1080
1720970 1076
1720980 1076
1720990 1072
1721000 1066
1721010 1066
1721020 1060
1721030 1054
1721040 1054
1721050 1048
1721060 1043
1721070 1043
1721080 1038
1721090 1032
1721100 1032
1721110 1028
1721120 1023
1721130 1023
1721140 1019
1721150 1014
1721160 1014
1721170 1009
1721180 1005
1721190 1005
1721200 1001
1721210 998
1721220 994
1721230 994
1721240 991
1721250 988
1721260 988
1721270 986
1721280 986
1721290 986
1721300 987
1721310 988
1721320 988
1721330 989
1721340 990
1721350 990
1721360 991
1721370 992
1721380 992
1721390 993
1721400 993
1721410 993
1721420 994
1721430 995
1721440 995
1721450 995
1721460 995
1721470 995
1721480 995
1721490 995
1721500 995
1721510 995
1721520 995
1721530 994
1721540 994
1721550 993
1721560 992
1721570 992
1721580 991
1721590 990
1721600 990
1721610 989
1721620 987
1721630 987
1721640 986
1721650 984
1721660 984
1721670 982
1721680 979
1721690 976
1721700 976
1721710 972
1721720 967
1721730 967
1721740 961
1721750 954
1721760 954
1721770 945
1721780 941
1721790 941
1721800 937
1721810 932
1721820 932
1721830 927
1721840 923
1721850 923
1721860 918
1721870 914
1721880 914
1721890 913
1721900 912
1721910 912
1721920 912
1721930 912
1721940 913
1721950 913
1721960 914
1721970 916
1721980 916
1721990 919
1722000 919
1722010 919
1722020 921
1722030 921
1722040 921
1722050 923
1722060 924
1722070 924
1722080 925
1722090 926
1722100 926
1722110 927
1722120 928
1722130 928
1722140 928
1722150 926
1722160 926
1722170 926
1722180 925
1722190 924
1722200 924
1722210 925
1722220 924
1722230 924
1722240 924
1722250 926
1722260 926
1722270 926
1722280 925
1722290 925
1722300 924
1722310 924
1722320 924
1722330 923
1722340 922
1722350 922
1722360 921
1722370 921
1722380 921
1722390 920
1722400 919
1722410 918
1722420 918
1722430 918
1722440 917
1722450 917
1722460 916
1722470 915
1722480 915
1722490 914
1722500 912
1722510 912
1722520 911
1722530 909
1722540 909
1722550 908
1722560 907
1722570 907
1722580 906
1722590 905
1722600 905
1722610 904
1722620 902
1722630 902
1722640 900
1722650 900
1722660 898
1722670 898
1722680 896
1722690 895
1722700 895
1722710 893
1722720 891
1722730 891
1722740 889
1722750 885
1722760 885
1722770 882
1722780 879
1722790 879
1722800 875
1722810 872
1722820 872
1722830 868
1722840 864
1722850 864
1722860 861
1722870 857
1722880 857
1722890 855
1722900 855
1722910 854
1722920 854
1722930 851
1722940 847
1722950 847
1722960 843
1722970 838
1722980 838
1722990 834
1723000 830
1723010 830
1723020 828
1723030 825
1723040 825
1723050 824
1723060 823
1723070 823
1723080 819
1723090 816
1723100 816
1723110 812
1723120 809
1723130 807
1723140 807
1723150 803
1723160 800
1723170 800
1723180 796
1723190 790
1723200 790
1723210 787
1723220 786
1723230 786
1723240 787
1723250 788
1723260 788
1723270 792
1723280 795
1723290 795
1723300 797
1723310 799
1723320 799
1723330 801
1723340 803
1723350 803
1723360 805
1723370 806
1723380 807
1723390 807
1723400 808
1723410 809
1723420 809
1723430 809
1723440 809
1723450 809
1723460 809
1723470 808
1723480 808
1723490 807
1723500 807
1723510 807
1723520 805
1723530 804
1723540 804
1723550 803
1723560 800
1723570 800
1723580 799
1723590 797
1723600 797
1723610 795
1723620 792
1723630 790
1723640 790
1723650 788
1723660 785
1723670 785
1723680 783
1723690 780
1723700 780
1723710 778
1723720 776
1723730 776
1723740 774
1723750 773
1723760 773
1723770 773
1723780 773
1723790 773
1723800 774
1723810 775
1723820 775
1723830 776
1723840 778
1723850 780
1723860 780
1723870 780
1723880 780
1723890 780
1723900 780
1723910 780
1723920 780
1723930 780
1723940 780
1723950 780
1723960 780
1723970 780
1723980 780
1723990 780
1724000 780
1724010 780
1724020 779
1724030 780
1724040 780
1724050 780
1724060 779
1724070 779
1724080 778
1724090 777
1724100 776
1724110 776
1724120 774
1724130 772
1724140 772
1724150 770
1724160 769
1724170 769
1724180 768
1724190 767
1724200 767
1724210 766
1724220 766
1724230 766
1724240 764
1724250 763
1724260 763
1724270 760
1724280 754
1724290 754
1724300 749
1724310 745
1724320 745
1724330 738
1724340 737
1724350 740
1724360 740
1724370 742
1724380 747
1724390 747
1724400 754
1724410 760
1724420 760
1724430 762
1724440 762
1724450 762
1724460 761
1724470 762
1724480 762
1724490 761
1724500 760
1724510 760
1724520 762
1724530 762
1724540 762
1724550 762
1724560 762
1724570 762
1724580 762
1724590 761
1724600 761
1724610 761
1724620 760
1724630 760
1724640 760
1724650 760
1724660 760
1724670 760
1724680 760
1724690 760
1724700 760
1724710 760
1724720 760
1724730 760
1724740 760
1724750 760
1724760 760
1724770 759
1724780 758
1724790 758
1724800 756
1724810 756
1724820 755
1724830 755
1724840 753
1724850 751
1724860 751
1724870 749
1724880 748
1724890 748
1724900 748
1724910 749
1724920 749
1724930 749
1724940 750
1724950 750
1724960 750
1724970 750
1724980 750
1724990 750
1725000 750
1725010 750
1725020 750
1725030 750
1725040 750
1725050 750
1725060 750
1725070 744
1725080 744
1725090 746
1725100 745
1725110 745
1725120 745
1725130 743
1725140 743
1725150 742
1725160 741
1725170 741
1725180 740
1725190 739
1725200 739
1725210 738
1725220 738
1725230 738
1725240 736
1725250 736
1725260 736
1725270 734
1725280 733
1725290 731
1725300 731
1725310 730
1725320 729
1725330 729
1725340 727
1725350 725
1725360 725
1725370 724
1725380 722
1725390 722
1725400 720
1725410 719
1725420 719
1725430 715
1725440 713
1725450 713
1725460 710
1725470 706
1725480 706
1725490 703
1725500 700
1725510 700
1725520 694
1725530 690
1725540 684
1725550 684
1725560 675
1725570 679
1725580 679
1725590 686
1725600 688
1725610 688
1725620 692
1725630 696
1725640 696
1725650 701
1725660 704
1725670 704
1725680 707
1725690 710
1725700 710
1725710 712
1725720 713
1725730 713
1725740 715
1725750 716
1725760 716
1725770 715
1725780 715
1725790 714
1725800 714
1725810 713
1725820 712
1725830 712
1725840 711
1725850 709
1725860 709
1725870 708
1725880 705
1725890 705
1725900 702
1725910 699
1725920 699
1725930 697
1725940 695
1725950 695
1725960 692
1725970 689
1725980 689
1725990 687
1726000 685
1726010 682
1726020 682
1726030 680
1726040 676
1726050 676
1726060 673
1726070 671
1726080 671
1726090 667
1726100 663
1726110 663
1726120 659
1726130 658
1726140 658
1726150 654
1726160 652
1726170 652
1726180 649
1726190 645
1726200 645
1726210 639
1726220 637
1726230 637
1726240 633
1726250 630
1726260 626
1726270 626
1726280 623
1726290 620
1726300 620
1726310 617
1726320 612
1726330 612
1726340 608
1726350 605
1726360 605
1726370 604
1726380 603
1726390 603
1726400 608
1726410 606
1726420 606
1726430 608
1726440 607
1726450 607
1726460 607
1726470 606
1726480 605
1726490 605
1726500 605
1726510 604
1726520 604
1726530 601
1726540 601
1726550 601
1726560 602
1726570 602
1726580 602
1726590 601
1726600 600
1726610 600
1726620 597
1726630 595
1726640 595
1726650 590
1726660 582
1726670 582
1726680 580
1726690 587
1726700 587
1726710 588
1726720 588
1726730 588
1726740 588
1726750 588
1726760 589
1726770 589
1726780 589
1726790 589
1726800 589
1726810 589
1726820 590
1726830 590
1726840 591
1726850 591
1726860 591
1726870 592
1726880 593
1726890 593
1726900 593
1726910 593
1726920 593
1726930 594
1726940 596
1726950 596
1726960 598
1726970 601
1726980 603
1726990 603
1727000 605
1727010 607
1727020 607
1727030 609
1727040 611
1727050 611
1727060 613
1727070 615
1727080 615
1727090 616
1727100 617
1727110 617
1727120 618
1727130 618
1727140 618
1727150 619
1727160 619
1727170 619
1727180 618
1727190 616
1727200 613
1727210 613
1727220 611
1727230 608
1727240 608
1727250 606
1727260 604
1727270 604
1727280 599
1727290 603
1727300 603
1727310 609
1727320 615
1727330 615
1727340 621
1727350 626
1727360 626
1727370 631
1727380 637
1727390 637
1727400 641
1727410 646
1727420 646
1727430 649
1727440 652
1727450 651
1727460 651
1727470 647
1727480 643
1727490 643
1727500 640
1727510 637
1727520 637
1727530 635
1727540 633
1727550 633
1727560 630
1727570 634
1727580 634
1727590 637
1727600 641
1727610 641
1727620 643
1727630 645
1727640 645
1727650 648
1727660 651
1727670 651
1727680 654
1727690 657
1727700 659
1727710 659
1727720 662
1727730 664
1727740 664
1727750 667
1727760 669
1727770 669
1727780 672
1727790 675
1727800 675
1727810 677
1727820 679
1727830 679
1727840 681
1727850 683
1727860 683
1727870 685
1727880 687
1727890 687
1727900 688
1727910 689
1727920 689
1727930 689
1727940 690
1727950 690
1727960 690
1727970 690
1727980 690
1727990 690
1728000 691
1728010 692
1728020 692
1728030 694
1728040 695
1728050 695
1728060 696
1728070 697
1728080 697
1728090 698
1728100 699
1728110 699
1728120 699
1728130 699
1728140 699
1728150 701
1728160 702
1728170 702
1728180 702
1728190 703
1728200 703
1728210 703
1728220 704
1728230 705
1728240 705
1728250 705
1728260 705
1728270 705
1728280 705
1728290 706
1728300 706
1728310 706
1728320 706
1728330 706
1728340 705
1728350 705
1728360 705
1728370 705
1728380 705
1728390 705
1728400 705
1728410 703
1728420 702
1728430 702
1728440 702
1728450 701
1728460 701
1728470 700
1728480 699
1728490 699
1728500 698
1728510 697
1728520 697
1728530 697
1728540 695
1728550 695
1728560 694
1728570 692
1728580 692
1728590 691
1728600 690
1728610 690
1728620 688
1728630 685
1728640 683
1728650 683
1728660 681
1728670 679
1728680 679
1728690 677
1728700 675
1728710 675
1728720 673
1728730 671
1728740 671
1728750 669
1728760 667
1728770 667
1728780 665
1728790 664
1728800 664
1728810 662
1728820 660
1728830 660
1728840 656
1728850 655
1728860 655
1728870 657
1728880 659
1728890 659
1728900 659
1728910 660
1728920 660
1728930 660
1728940 660
1728950 660
1728960 660
1728970 660
1728980 659
1728990 659
1729000 658
1729010 658
1729020 658
1729030 657
1729040 656
1729050 656
1729060 655
1729070 654
1729080 654
1729090 653
1729100 652
1729110 652
1729120 651
1729130 650
1729140 649
1729150 649
1729160 648
1729170 647
1729180 647
1729190 646
1729200 644
1729210 644
1729220 643
1729230 641
1729240 641
1729250 640
1729260 638
1729270 638
1729280 636
1729290 634
1729300 634
1729310 632
1729320 631
1729330 631
1729340 629
1729350 628
1729360 627
1729370 627
1729380 625
1729390 624
1729400 624
1729410 622
1729420 621
1729430 621
1729440 619
1729450 617
1729460 617
1729470 614
1729480 612
1729490 612
1729500 609
1729510 607
1729520 607
1729530 605
1729540 603
1729550 603
1729560 601
1729570 598
1729580 598
1729590 596
1729600 593
1729610 591
1729620 591
1729630 589
1729640 588
1729650 588
1729660 586
1729670 584
1729680 584
1729690 583
1729700 582
1729710 582
1729720 581
1729730 580
1729740 580
1729750 579
1729760 578
1729770 578
1729780 577
1729790 572
1729800 572
1729810 569
1729820 564
1729830 564
1729840 559
1729850 560
1729860 558
1729870 558
1729880 552
1729890 549
1729900 549
1729910 554
1729920 553
1729930 553
1729940 549
1729950 550
1729960 550
1729970 546
1729980 549
1729990 549
1730000 550
1730010 549
1730020 549
1730030 548
1730040 545
1730050 545
1730060 539
1730070 535
1730080 528
1730090 528
1730100 525
1730110 525
1730120 525
1730130 524
1730140 521
1730150 521
1730160 520
1730170 520
1730180 520
1730190 520
1730200 521
1730210 521
1730220 519
1730230 519
1730240 519
1730250 518
1730260 517
1730270 517
1730280 519
1730290 518
1730300 518
1730310 517
1730320 516
1730330 516
1730340 516
1730350 515
1730360 514
1730370 514
1730380 513
1730390 512
1730400 512
1730410 511
1730420 510
1730430 510
1730440 511
1730450 510
1730460 510
1730470 508
1730480 507
1730490 507
1730500 508
1730510 507
1730520 507
1730530 507
1730540 506
1730550 506
1730560 506
1730570 506
1730580 506
1730590 506
1730600 505
1730610 505
1730620 505
1730630 504
1730640 504
1730650 504
1730660 503
1730670 502
1730680 502
1730690 502
1730700 501
1730710 501
1730720 502
1730730 502
1730740 502
1730750 501
1730760 501
1730770 501
1730780 500
1730790 500
1730800 501
1730810 501
1730820 501
1730830 502
1730840 502
1730850 501
1730860 501
1730870 501
1730880 500
1730890 499
1730900 499
1730910 498
1730920 498
1730930 498
1730940 498
1730950 497
1730960 497
1730970 496
1730980 495
1730990 495
1731000 495
1731010 495
1731020 495
1731030 494
1731040 494
1731050 493
1731060 493
1731070 493
1731080 493
1731090 493
1731100 493
1731110 492
1731120 492
1731130 492
1731140 491
1731150 491
1731160 491
1731170 490
1731180 490
1731190 490
1731200 490
1731210 490
1731220 489
1731230 489
1731240 489
1731250 489
1731260 489
1731270 489
1731280 489
1731290 490
1731300 490
1731310 490
1731320 490
1731330 489
1731340 489
1731350 488
1731360 487
1731370 487
1731380 486
1731390 484
1731400 484
1731410 482
1731420 482
1731430 482
1731440 481
1731450 481
1731460 481
1731470 479
1731480 482
1731490 482
1731500 483
1731510 483
1731520 484
1731530 484
1731540 484
1731550 484
1731560 484
1731570 484
1731580 484
1731590 484
1731600 483
1731610 483
1731620 483
1731630 482
1731640 482
1731650 482
1731660 481
1731670 481
1731680 481
1731690 481
1731700 481
1731710 481
1731720 481
1731730 480
1731740 480
1731750 479
1731760 479
1731770 479
1731780 479
1731790 478
1731800 478
1731810 478
1731820 478
1731830 477
1731840 477
1731850 477
1731860 477
1731870 477
1731880 477
1731890 477
1731900 477
1731910 476
1731920 476
1731930 476
1731940 475
1731950 474
1731960 474
1731970 474
1731980 474
1731990 474
1732000 473
1732010 473
1732020 472
1732030 472
1732040 472
1732050 471
1732060 471
1732070 471
1732080 471
1732090 471
1732100 471
1732110 471
1732120 471
1732130 471
1732140 470
1732150 470
1732160 470
1732170 469
1732180 469
1732190 469
1732200 468
1732210 468
1732220 467
1732230 465
1732240 465
1732250 465
1732260 465
1732270 465
1732280 465
1732290 464
1732300 463
1732310 463
1732320 462
1732330 462
1732340 462
1732350 462
1732360 461
1732370 461
1732380 461
1732390 461
1732400 461
1732410 461
1732420 461
1732430 461
1732440 461
1732450 461
1732460 461
1732470 461
1732480 461
1732490 461
1732500 461
1732510 460
1732520 461
1732530 461
1732540 462
1732550 462
1732560 462
1732570 462
1732580 463
1732590 463
1732600 463
1732610 463
1732620 463
1732630 463
1732640 463
1732650 463
1732660 464
1732670 467
1732680 467
1732690 471
1732700 473
1732710 475
1732720 475
1732730 477
1732740 479
1732750 479
1732760 481
1732770 484
1732780 484
1732790 486
1732800 488
1732810 488
1732820 489
1732830 489
1732840 489
1732850 489
1732860 489
1732870 489
1732880 490
1732890 489
1732900 489
1732910 489
1732920 488
1732930 488
1732940 488
1732950 487
1732960 486
1732970 486
1732980 485
1732990 484
1733000 484
1733010 484
1733020 482
1733030 482
1733040 481
1733050 479
1733060 479
1733070 476
1733080 475
1733090 475
1733100 475
1733110 479
1733120 479
1733130 480
1733140 481
1733150 481
1733160 480
1733170 480
1733180 480
1733190 480
1733200 480
1733210 479
1733220 479
1733230 478
1733240 477
1733250 477
1733260 476
1733270 473
1733280 473
1733290 472
1733300 470
1733310 470
1733320 469
1733330 468
1733340 468
1733350 468
1733360 467
1733370 467
1733380 464
1733390 463
1733400 463
1733410 461
1733420 460
1733430 459
1733440 459
1733450 459
1733460 458
1733470 458
1733480 456
1733490 457
1733500 457
1733510 456
1733520 456
1733530 456
1733540 456
1733550 456
1733560 456
1733570 456
1733580 454
1733590 454
1733600 455
1733610 455
1733620 455
1733630 455
1733640 454
1733650 454
1733660 454
1733670 453
1733680 452
1733690 452
1733700 452
1733710 452
1733720 452
1733730 452
1733740 451
1733750 451
1733760 451
1733770 451
1733780 451
1733790 451
1733800 451
1733810 451
1733820 451
1733830 451
1733840 451
1733850 451
1733860 451
1733870 451
1733880 451
1733890 451
1733900 451
1733910 450
1733920 450
1733930 451
1733940 451
1733950 449
1733960 451
1733970 451
1733980 451
1733990 452
1734000 452
1734010 453
1734020 454
1734030 454
1734040 455
1734050 456
1734060 456
1734070 457
1734080 457
1734090 457
1734100 458
1734110 459
1734120 459
1734130 459
1734140 459
1734150 460
1734160 460
1734170 460
1734180 461
1734190 461
1734200 461
1734210 461
1734220 461
1734230 461
1734240 461
1734250 461
1734260 460
1734270 460
1734280 460
1734290 459
1734300 459
1734310 459
1734320 458
1734330 457
1734340 457
1734350 456
1734360 455
1734370 455
1734380 454
1734390 453
1734400 452
1734410 452
1734420 451
1734430 451
1734440 451
1734450 450
1734460 449
1734470 449
1734480 448
1734490 447
1734500 447
1734510 447
1734520 446
1734530 446
1734540 445
1734550 445
1734560 445
1734570 445
1734580 443
1734590 443
1734600 445
1734610 446
1734620 446
1734630 449
1734640 449
1734650 455
1734660 455
1734670 461
1734680 465
1734690 465
1734700 467
1734710 470
1734720 470
1734730 474
1734740 478
1734750 478
1734760 483
1734770 487
1734780 487
1734790 491
1734800 495
1734810 495
1734820 498
1734830 501
1734840 501
1734850 504
1734860 507
1734870 507
1734880 507
1734890 504
1734900 499
1734910 499
1734920 494
1734930 488
1734940 488
1734950 482
1734960 475
1734970 475
1734980 469
1734990 461
1735000 461
1735010 461
1735020 470
1735030 470
1735040 479
1735050 484
1735060 484
1735070 490
1735080 496
1735090 496
1735100 502
1735110 508
1735120 514
1735130 514
1735140 519
1735150 523
1735160 523
1735170 528
1735180 532
1735190 532
1735200 536
1735210 539
1735220 539
1735230 542
1735240 546
1735250 546
1735260 548
1735270 550
1735280 550
1735290 553
1735300 554
1735310 554
1735320 555
1735330 555
1735340 555
1735350 555
1735360 555
1735370 549
1735380 549
1735390 544
1735400 539
1735410 539
1735420 536
1735430 533
1735440 533
1735450 531
1735460 528
1735470 528
1735480 522
1735490 517
1735500 517
1735510 518
1735520 524
1735530 524
1735540 527
1735550 533
1735560 533
1735570 536
1735580 539
1735590 543
1735600 543
1735610 546
1735620 550
1735630 550
1735640 553
1735650 557
1735660 557
1735670 561
1735680 565
1735690 565
1735700 568
1735710 572
1735720 572
1735730 575
1735740 578
1735750 578
1735760 581
1735770 584
1735780 584
1735790 587
1735800 590
1735810 590
1735820 592
1735830 594
1735840 598
1735850 598
1735860 599
1735870 601
1735880 601
1735890 603
1735900 604
1735910 604
1735920 604
1735930 605
1735940 605
1735950 606
1735960 606
1735970 606
1735980 607
1735990 607
1736000 607
1736010 608
1736020 607
1736030 607
1736040 606
1736050 605
1736060 605
1736070 604
1736080 603
1736090 603
1736100 603
1736110 603
1736120 603
1736130 603
1736140 603
1736150 602
1736160 602
1736170 601
1736180 599
1736190 599
1736200 597
1736210 594
1736220 594
1736230 592
1736240 589
1736250 589
1736260 586
1736270 583
1736280 583
1736290 581
1736300 578
1736310 575
1736320 575
1736330 573
1736340 572
1736350 572
1736360 570
1736370 568
1736380 568
1736390 567
1736400 566
1736410 566
1736420 565
1736430 563
1736440 563
1736450 561
1736460 560
1736470 560
1736480 561
1736490 561
1736500 561
1736510 561
1736520 560
1736530 560
1736540 558
1736550 556
1736560 554
1736570 554
1736580 554
1736590 553
1736600 553
1736610 552
1736620 552
1736630 552
1736640 549
1736650 548
1736660 548
1736670 546
1736680 545
1736690 545
1736700 543
1736710 542
1736720 542
1736730 541
1736740 539
1736750 539
1736760 538
1736770 537
1736780 537
1736790 536
1736800 533
1736810 535
1736820 535
1736830 535
1736840 536
1736850 536
1736860 536
1736870 536
1736880 536
1736890 536
1736900 534
1736910 534
1736920 532
1736930 531
1736940 531
1736950 529
1736960 528
1736970 528
1736980 528
1736990 528
1737000 528
1737010 529
1737020 529
1737030 529
1737040 529
1737050 530
1737060 529
1737070 529
1737080 529
1737090 528
1737100 528
1737110 527
1737120 523
1737130 523
1737140 519
1737150 514
1737160 514
1737170 509
1737180 505
1737190 505
1737200 502
1737210 502
1737220 502
1737230 502
1737240 501
1737250 501
1737260 499
1737270 498
1737280 495
1737290 495
1737300 490
1737310 483
1737320 483
1737330 476
1737340 467
1737350 467
1737360 463
1737370 455
1737380 455
1737390 452
1737400 455
1737410 455
1737420 457
1737430 459
1737440 459
1737450 458
1737460 455
1737470 455
1737480 449
1737490 443
1737500 443
1737510 438
1737520 430
1737530 426
1737540 426
1737550 422
1737560 418
1737570 418
1737580 417
1737590 416
1737600 416
1737610 415
1737620 415
1737630 415
1737640 415
1737650 413
1737660 413
1737670 415
1737680 417
1737690 417
1737700 422
1737710 430
1737720 430
1737730 436
1737740 442
1737750 450
1737760 450
1737770 456
1737780 458
1737790 458
1737800 463
1737810 468
1737820 468
1737830 472
1737840 475
1737850 475
1737860 478
1737870 481
1737880 481
1737890 482
1737900 484
1737910 484
1737920 485
1737930 487
1737940 487
1737950 489
1737960 490
1737970 490
1737980 492
1737990 494
1738000 495
1738010 495
1738020 495
1738030 495
1738040 495
1738050 493
1738060 491
1738070 491
1738080 487
1738090 485
1738100 485
1738110 487
1738120 490
1738130 490
1738140 491
1738150 492
1738160 492
1738170 494
1738180 496
1738190 496
1738200 498
1738210 500
1738220 500
1738230 501
1738240 503
1738250 504
1738260 504
1738270 508
1738280 510
1738290 510
1738300 512
1738310 512
1738320 512
1738330 512
1738340 513
1738350 513
1738360 513
1738370 514
1738380 514
1738390 515
1738400 516
1738410 516
1738420 517
1738430 517
1738440 517
1738450 518
1738460 518
1738470 517
1738480 517
1738490 515
1738500 513
1738510 513
1738520 511
1738530 510
1738540 510
1738550 505
1738560 502
1738570 502
1738580 500
1738590 499
1738600 499
1738610 498
1738620 497
1738630 497
1738640 494
1738650 492
1738660 492
1738670 490
1738680 487
1738690 487
1738700 484
1738710 478
1738720 473
1738730 473
1738740 469
1738750 471
1738760 471
1738770 475
1738780 474
1738790 474
1738800 471
1738810 466
1738820 466
1738830 466
1738840 466
1738850 466
1738860 468
1738870 473
1738880 473
1738890 475
1738900 475
1738910 475
1738920 476
1738930 478
1738940 478
1738950 478
1738960 476
1738970 479
1738980 479
1738990 482
1739000 486
1739010 486
1739020 488
1739030 488
1739040 488
1739050 490
1739060 491
1739070 491
1739080 492
1739090 494
1739100 494
1739110 494
1739120 495
1739130 495
1739140 496
1739150 496
1739160 496
1739170 496
1739180 496
1739190 496
1739200 496
1739210 496
1739220 495
1739230 495
1739240 495
1739250 494
1739260 494
1739270 495
1739280 496
1739290 496
1739300 496
1739310 497
1739320 497
1739330 498
1739340 498
1739350 498
1739360 498
1739370 498
1739380 498
1739390 498
1739400 498
1739410 498
1739420 498
1739430 499
1739440 499
1739450 499
1739460 499
1739470 500
1739480 500
1739490 500
1739500 501
1739510 501
1739520 501
1739530 502
1739540 502
1739550 503
1739560 503
1739570 503
1739580 505
1739590 505
1739600 505
1739610 506
1739620 506
1739630 507
1739640 507
1739650 507
1739660 507
1739670 507
1739680 507
1739690 507
1739700 507
1739710 507
1739720 507
1739730 507
1739740 507
1739750 507
1739760 507
1739770 507
1739780 508
1739790 508
1739800 508
1739810 508
1739820 508
1739830 507
1739840 507
1739850 507
1739860 509
1739870 511
1739880 511
1739890 512
1739900 512
1739910 512
1739920 512
1739930 512
1739940 512
1739950 512
1739960 513
1739970 513
1739980 513
1739990 513
