1720000 1146
1720010 1146
1720020 1145
1720030 1145
1720040 1144
1720050 1144
1720060 1144
1720070 1143
1720080 1142
1720090 1142
1720100 1141
1720110 1140
1720120 1138
1720130 1138
1720140 1136
1720150 1134
1720160 1134
1720170 1132
1720180 1129
1720190 1129
1720200 1125
1720210 1121
1720220 1121
1720230 1118
1720240 1114
1720250 1114
1720260 1111
1720270 1106
1720280 1106
1720290 1102
1720300 1097
1720310 1097
1720320 1093
1720330 1087
1720340 1087
1720350 1081
1720360 1076
1720370 1077
1720380 1077
1720390 1080
1720400 1085
1720410 1085
1720420 1089
1720430 1094
1720440 1094
1720450 1098
1720460 1103
1720470 1103
1720480 1107
1720490 1112
1720500 1112
1720510 1116
1720520 1121
1720530 1121
1720540 1125
1720550 1128
1720560 1128
1720570 1132
1720580 1135
1720590 1135
1720600 1139
1720610 1143
1720620 1146
1720630 1146
1720640 1148
1720650 1151
1720660 1151
1720670 1152
1720680 1154
1720690 1154
1720700 1156
1720710 1156
1720720 1156
1720730 1158
1720740 1159
1720750 1159
1720760 1160
1720770 1160
1720780 1160
1720790 1160
1720800 1161
1720810 1161
1720820 1160
1720830 1160
1720840 1159
1720850 1159
1720860 1158
1720870 1158
1720880 1158
1720890 1159
1720900 1158
1720910 1158
1720920 1156
1720930 1154
1720940 1154
1720950 1152
1720960 1150
1720970 1150
1720980 1147
1720990 1144
1721000 1144
1721010 1141
1721020 1137
1721030 1137
1721040 1133
1721050 1129
1721060 1129
1721070 1124
1721080 1118
1721090 1113
1721100 1113
1721110 1108
1721120 1104
1721130 1104
1721140 1101
1721150 1098
1721160 1098
1721170 1094
1721180 1091
1721190 1091
1721200 1089
1721210 1088
1721220 1088
1721230 1088
1721240 1088
1721250 1088
1721260 1088
1721270 1088
1721280 1088
1721290 1089
1721300 1092
1721310 1092
1721320 1094
1721330 1097
1721340 1100
1721350 1100
1721360 1100
1721370 1103
1721380 1103
1721390 1104
1721400 1106
1721410 1106
1721420 1108
1721430 1108
1721440 1108
1721450 1109
1721460 1109
1721470 1109
1721480 1108
1721490 1108
1721500 1108
1721510 1107
1721520 1106
1721530 1106
1721540 1105
1721550 1103
1721560 1101
1721570 1101
1721580 1099
1721590 1096
1721600 1096
1721610 1095
1721620 1094
1721630 1094
1721640 1091
1721650 1089
1721660 1089
1721670 1086
1721680 1083
1721690 1083
1721700 1081
1721710 1079
1721720 1079
1721730 1077
1721740 1076
1721750 1076
1721760 1073
1721770 1070
1721780 1070
1721790 1069
1721800 1066
1721810 1065
1721820 1065
1721830 1064
1721840 1063
1721850 1063
1721860 1063
1721870 1062
1721880 1062
1721890 1062
1721900 1061
1721910 1061
1721920 1059
1721930 1053
1721940 1053
1721950 1042
1721960 1033
1721970 1033
1721980 1029
1721990 1032
1722000 1032
1722010 1029
1722020 1027
1722030 1027
1722040 1026
1722050 1024
1722060 1022
1722070 1022
1722080 1019
1722090 1018
1722100 1018
1722110 1016
1722120 1014
1722130 1014
1722140 1011
1722150 1009
1722160 1009
1722170 1005
1722180 1002
1722190 1002
1722200 1000
1722210 998
1722220 998
1722230 998
1722240 996
1722250 996
1722260 995
1722270 994
1722280 993
1722290 993
1722300 992
1722310 992
1722320 992
1722330 992
1722340 992
1722350 992
1722360 990
1722370 988
1722380 988
1722390 985
1722400 982
1722410 982
1722420 978
1722430 975
1722440 975
1722450 971
1722460 967
1722470 967
1722480 962
1722490 956
1722500 956
1722510 952
1722520 949
1722530 945
1722540 945
1722550 943
1722560 941
1722570 941
1722580 940
1722590 940
1722600 940
1722610 940
1722620 939
1722630 939
1722640 940
1722650 939
1722660 939
1722670 939
1722680 938
1722690 938
1722700 937
1722710 936
1722720 936
1722730 935
1722740 934
1722750 934
1722760 933
1722770 930
1722780 929
1722790 929
1722800 928
1722810 926
1722820 926
1722830 921
1722840 909
1722850 909
1722860 903
1722870 897
1722880 897
1722890 892
1722900 887
1722910 887
1722920 881
1722930 876
1722940 876
1722950 870
1722960 863
1722970 863
1722980 858
1722990 852
1723000 851
1723010 851
1723020 855
1723030 856
1723040 856
1723050 856
1723060 858
1723070 858
1723080 858
1723090 858
1723100 858
1723110 859
1723120 859
1723130 859
1723140 859
1723150 860
1723160 860
1723170 858
1723180 856
1723190 856
1723200 855
1723210 854
1723220 854
1723230 853
1723240 852
1723250 851
1723260 851
1723270 851
1723280 850
1723290 850
1723300 849
1723310 844
1723320 844
1723330 839
1723340 837
1723350 837
1723360 835
1723370 832
1723380 832
1723390 831
1723400 829
1723410 829
1723420 830
1723430 829
1723440 829
1723450 828
1723460 829
1723470 829
1723480 828
1723490 827
1723500 826
1723510 826
1723520 825
1723530 824
1723540 824
1723550 822
1723560 821
1723570 821
1723580 821
1723590 823
1723600 823
1723610 823
1723620 823
1723630 823
1723640 824
1723650 826
1723660 826
1723670 826
1723680 826
1723690 826
1723700 825
1723710 824
1723720 823
1723730 823
1723740 821
1723750 817
1723760 817
1723770 814
1723780 809
1723790 809
1723800 804
1723810 800
1723820 800
1723830 796
1723840 791
1723850 791
1723860 788
1723870 784
1723880 784
1723890 782
1723900 783
1723910 783
1723920 785
1723930 787
1723940 787
1723950 789
1723960 790
1723970 792
1723980 792
1723990 793
1724000 794
1724010 794
1724020 795
1724030 793
1724040 793
1724050 790
1724060 784
1724070 784
1724080 779
1724090 776
1724100 776
1724110 771
1724120 776
1724130 776
1724140 778
1724150 783
1724160 783
1724170 787
1724180 790
1724190 790
1724200 794
1724210 798
1724220 801
1724230 801
1724240 804
1724250 807
1724260 807
1724270 809
1724280 811
1724290 811
1724300 813
1724310 813
1724320 813
1724330 813
1724340 813
1724350 813
1724360 813
1724370 814
1724380 816
1724390 816
1724400 816
1724410 816
1724420 816
1724430 816
1724440 816
1724450 816
1724460 815
1724470 814
1724480 814
1724490 814
1724500 813
1724510 813
1724520 812
1724530 811
1724540 811
1724550 811
1724560 809
1724570 809
1724580 808
1724590 807
1724600 807
1724610 805
1724620 804
1724630 804
1724640 803
1724650 802
1724660 802
1724670 801
1724680 799
1724690 798
1724700 798
1724710 795
1724720 797
1724730 797
1724740 796
1724750 796
1724760 796
1724770 795
1724780 794
1724790 794
1724800 795
1724810 793
1724820 793
1724830 793
1724840 792
1724850 792
1724860 791
1724870 790
1724880 790
1724890 789
1724900 788
1724910 788
1724920 785
1724930 785
1724940 784
1724950 784
1724960 782
1724970 780
1724980 780
1724990 780
1725000 778
1725010 778
1725020 777
1725030 775
1725040 775
1725050 773
1725060 770
1725070 770
1725080 770
1725090 767
1725100 767
1725110 764
1725120 761
1725130 761
1725140 758
1725150 757
1725160 756
1725170 756
1725180 757
1725190 758
1725200 758
1725210 759
1725220 760
1725230 760
1725240 760
1725250 761
1725260 761
1725270 762
1725280 763
1725290 763
1725300 764
1725310 761
1725320 761
1725330 760
1725340 758
1725350 758
1725360 756
1725370 755
1725380 755
1725390 746
1725400 738
1725410 735
1725420 735
1725430 730
1725440 727
1725450 727
1725460 732
1725470 742
1725480 742
1725490 747
1725500 748
1725510 748
1725520 749
1725530 750
1725540 750
1725550 749
1725560 748
1725570 748
1725580 747
1725590 745
1725600 745
1725610 744
1725620 742
1725630 742
1725640 740
1725650 739
1725660 737
1725670 737
1725680 736
1725690 732
1725700 732
1725710 730
1725720 728
1725730 728
1725740 725
1725750 723
1725760 723
1725770 720
1725780 718
1725790 718
1725800 713
1725810 711
1725820 711
1725830 707
1725840 705
1725850 705
1725860 702
1725870 697
1725880 690
1725890 690
1725900 683
1725910 685
1725920 685
1725930 687
1725940 687
1725950 687
1725960 688
1725970 689
1725980 689
1725990 690
1726000 691
1726010 691
1726020 693
1726030 694
1726040 694
1726050 695
1726060 695
1726070 695
1726080 695
1726090 695
1726100 695
1726110 694
1726120 693
1726130 690
1726140 690
1726150 688
1726160 687
1726170 687
1726180 686
1726190 684
1726200 684
1726210 682
1726220 680
1726230 680
1726240 678
1726250 676
1726260 676
1726270 672
1726280 669
1726290 669
1726300 668
1726310 666
1726320 666
1726330 662
1726340 658
1726350 658
1726360 654
1726370 651
1726380 647
1726390 647
1726400 643
1726410 641
1726420 641
1726430 640
1726440 638
1726450 638
1726460 636
1726470 634
1726480 634
1726490 632
1726500 630
1726510 630
1726520 627
1726530 625
1726540 625
1726550 622
1726560 619
1726570 619
1726580 616
1726590 611
1726600 607
1726610 607
1726620 606
1726630 607
1726640 607
1726650 609
1726660 611
1726670 611
1726680 612
1726690 615
1726700 615
1726710 616
1726720 617
1726730 617
1726740 617
1726750 617
1726760 617
1726770 619
1726780 623
1726790 623
1726800 624
1726810 625
1726820 625
1726830 627
1726840 628
1726850 629
1726860 629
1726870 630
1726880 631
1726890 631
1726900 632
1726910 633
1726920 633
1726930 634
1726940 636
1726950 636
1726960 636
1726970 637
1726980 637
1726990 638
1727000 639
1727010 639
1727020 640
1727030 640
1727040 640
1727050 640
1727060 640
1727070 640
1727080 640
1727090 640
1727100 641
1727110 641
1727120 642
1727130 643
1727140 643
1727150 644
1727160 646
1727170 646
1727180 647
1727190 645
1727200 645
1727210 641
1727220 634
1727230 634
1727240 627
1727250 621
1727260 621
1727270 620
1727280 621
1727290 621
1727300 624
1727310 626
1727320 625
1727330 625
1727340 630
1727350 635
1727360 635
1727370 639
1727380 643
1727390 643
1727400 646
1727410 648
1727420 648
1727430 651
1727440 654
1727450 654
1727460 657
1727470 660
1727480 660
1727490 663
1727500 664
1727510 664
1727520 665
1727530 668
1727540 668
1727550 670
1727560 671
1727570 673
1727580 673
1727590 674
1727600 676
1727610 676
1727620 678
1727630 679
1727640 679
1727650 681
1727660 682
1727670 682
1727680 684
1727690 685
1727700 685
1727710 687
1727720 689
1727730 689
1727740 690
1727750 691
1727760 691
1727770 692
1727780 692
1727790 692
1727800 691
1727810 690
1727820 688
1727830 688
1727840 684
1727850 680
1727860 680
1727870 677
1727880 673
1727890 673
1727900 668
1727910 672
1727920 672
1727930 673
1727940 676
1727950 676
1727960 677
1727970 680
1727980 680
1727990 681
1728000 683
1728010 683
1728020 685
1728030 685
1728040 687
1728050 687
1728060 689
1728070 692
1728080 692
1728090 695
1728100 696
1728110 696
1728120 698
1728130 699
1728140 699
1728150 700
1728160 701
1728170 701
1728180 703
1728190 701
1728200 701
1728210 700
1728220 700
1728230 700
1728240 699
1728250 699
1728260 699
1728270 698
1728280 698
1728290 697
1728300 697
1728310 696
1728320 695
1728330 695
1728340 695
1728350 694
1728360 694
1728370 693
1728380 692
1728390 692
1728400 691
1728410 691
1728420 691
1728430 691
1728440 691
1728450 691
1728460 691
1728470 690
1728480 690
1728490 690
1728500 690
1728510 690
1728520 690
1728530 690
1728540 690
1728550 690
1728560 690
1728570 691
1728580 691
1728590 691
1728600 691
1728610 691
1728620 692
1728630 692
1728640 692
1728650 692
1728660 691
1728670 691
1728680 691
1728690 690
1728700 690
1728710 690
1728720 688
1728730 688
1728740 687
1728750 686
1728760 685
1728770 685
1728780 684
1728790 683
1728800 683
1728810 682
1728820 681
1728830 681
1728840 679
1728850 678
1728860 678
1728870 676
1728880 675
1728890 675
1728900 673
1728910 672
1728920 672
1728930 670
1728940 668
1728950 668
1728960 667
1728970 665
1728980 665
1728990 664
1729000 660
1729010 657
1729020 657
1729030 654
1729040 650
1729050 650
1729060 646
1729070 642
1729080 642
1729090 637
1729100 632
1729110 632
1729120 629
1729130 632
1729140 632
1729150 634
1729160 636
1729170 636
1729180 637
1729190 639
1729200 639
1729210 640
1729220 641
1729230 641
1729240 641
1729250 641
1729260 641
1729270 641
1729280 637
1729290 632
1729300 632
1729310 630
1729320 632
1729330 632
1729340 634
1729350 636
1729360 636
1729370 637
1729380 637
1729390 637
1729400 637
1729410 637
1729420 637
1729430 637
1729440 636
1729450 636
1729460 636
1729470 636
1729480 635
1729490 635
1729500 635
1729510 634
1729520 634
1729530 633
1729540 634
1729550 634
1729560 634
1729570 634
1729580 634
1729590 633
1729600 633
1729610 633
1729620 633
1729630 632
1729640 632
1729650 631
1729660 630
1729670 630
1729680 631
1729690 629
1729700 629
1729710 629
1729720 628
1729730 627
1729740 627
1729750 624
1729760 621
1729770 621
1729780 619
1729790 617
1729800 617
1729810 616
1729820 615
1729830 615
1729840 614
1729850 613
1729860 613
1729870 610
1729880 607
1729890 607
1729900 605
1729910 602
1729920 602
1729930 599
1729940 593
1729950 593
1729960 585
1729970 578
1729980 584
1729990 584
1730000 584
1730010 584
1730020 584
1730030 584
1730040 583
1730050 583
1730060 584
1730070 585
1730080 585
1730090 584
1730100 584
1730110 584
1730120 584
1730130 582
1730140 582
1730150 580
1730160 577
1730170 577
1730180 574
1730190 570
1730200 568
1730210 568
1730220 569
1730230 573
1730240 573
1730250 572
1730260 572
1730270 572
1730280 571
1730290 571
1730300 571
1730310 570
1730320 569
1730330 569
1730340 569
1730350 568
1730360 568
1730370 568
1730380 565
1730390 565
1730400 561
1730410 559
1730420 559
1730430 556
1730440 554
1730450 551
1730460 551
1730470 548
1730480 546
1730490 546
1730500 543
1730510 542
1730520 542
1730530 540
1730540 538
1730550 538
1730560 537
1730570 536
1730580 536
1730590 535
1730600 534
1730610 534
1730620 533
1730630 532
1730640 532
1730650 530
1730660 529
1730670 529
1730680 527
1730690 526
1730700 525
1730710 525
1730720 523
1730730 522
1730740 522
1730750 521
1730760 520
1730770 520
1730780 519
1730790 518
1730800 518
1730810 517
1730820 515
1730830 515
1730840 514
1730850 514
1730860 514
1730870 513
1730880 512
1730890 512
1730900 507
1730910 504
1730920 502
1730930 502
1730940 502
1730950 501
1730960 501
1730970 499
1730980 498
1730990 498
1731000 501
1731010 501
1731020 501
1731030 501
1731040 501
1731050 501
1731060 500
1731070 500
1731080 500
1731090 499
1731100 498
1731110 498
1731120 498
1731130 497
1731140 497
1731150 497
1731160 497
1731170 497
1731180 497
1731190 498
1731200 498
1731210 498
1731220 498
1731230 499
1731240 499
1731250 500
1731260 500
1731270 500
1731280 501
1731290 501
1731300 501
1731310 501
1731320 502
1731330 502
1731340 501
1731350 501
1731360 501
1731370 500
1731380 499
1731390 499
1731400 498
1731410 498
1731420 498
1731430 498
1731440 498
1731450 498
1731460 498
1731470 499
1731480 499
1731490 499
1731500 499
1731510 499
1731520 499
1731530 499
1731540 500
1731550 500
1731560 500
1731570 500
1731580 500
1731590 500
1731600 500
1731610 500
1731620 500
1731630 501
1731640 500
1731650 500
1731660 500
1731670 500
1731680 500
1731690 500
1731700 499
1731710 499
1731720 498
1731730 498
1731740 498
1731750 497
1731760 497
1731770 497
1731780 496
1731790 496
1731800 496
1731810 495
1731820 494
1731830 494
1731840 494
1731850 493
1731860 493
1731870 493
1731880 492
1731890 491
1731900 491
1731910 491
1731920 490
1731930 490
1731940 489
1731950 488
1731960 488
1731970 487
1731980 486
1731990 486
1732000 485
1732010 484
1732020 484
1732030 483
1732040 482
1732050 482
1732060 481
1732070 480
1732080 480
1732090 479
1732100 479
1732110 479
1732120 478
1732130 477
1732140 476
1732150 476
1732160 475
1732170 474
1732180 474
1732190 475
1732200 472
1732210 472
1732220 472
1732230 472
1732240 472
1732250 471
1732260 471
1732270 471
1732280 470
1732290 470
1732300 470
1732310 470
1732320 469
1732330 469
1732340 469
1732350 468
1732360 468
1732370 468
1732380 468
1732390 467
1732400 467
1732410 467
1732420 467
1732430 467
1732440 468
1732450 468
1732460 468
1732470 468
1732480 467
1732490 467
1732500 467
1732510 467
1732520 467
1732530 466
1732540 466
1732550 466
1732560 465
1732570 465
1732580 465
1732590 465
1732600 464
1732610 464
1732620 464
1732630 464
1732640 464
1732650 464
1732660 463
1732670 461
1732680 461
1732690 460
1732700 459
1732710 459
1732720 460
1732730 460
1732740 460
1732750 460
1732760 460
1732770 460
1732780 459
1732790 459
1732800 459
1732810 458
1732820 457
1732830 457
1732840 458
1732850 458
1732860 458
1732870 458
1732880 457
1732890 458
1732900 458
1732910 457
1732920 457
1732930 457
1732940 457
1732950 457
1732960 457
1732970 457
1732980 457
1732990 457
1733000 457
1733010 457
1733020 457
1733030 457
1733040 457
1733050 457
1733060 457
1733070 457
1733080 457
1733090 457
1733100 457
1733110 457
1733120 457
1733130 457
1733140 457
1733150 457
1733160 457
1733170 457
1733180 457
1733190 457
1733200 457
1733210 457
1733220 457
1733230 457
1733240 457
1733250 457
1733260 457
1733270 457
1733280 456
1733290 456
1733300 456
1733310 456
1733320 457
1733330 456
1733340 456
1733350 456
1733360 455
1733370 455
1733380 456
1733390 455
1733400 455
1733410 456
1733420 458
1733430 458
1733440 459
1733450 460
1733460 460
1733470 461
1733480 462
1733490 462
1733500 462
1733510 463
1733520 463
1733530 463
1733540 463
1733550 463
1733560 463
1733570 464
1733580 465
1733590 465
1733600 465
1733610 466
1733620 466
1733630 466
1733640 466
1733650 466
1733660 467
1733670 467
1733680 467
1733690 468
1733700 468
1733710 468
1733720 468
1733730 468
1733740 468
1733750 469
1733760 470
1733770 470
1733780 471
1733790 472
1733800 472
1733810 472
1733820 473
1733830 474
1733840 474
1733850 474
1733860 475
1733870 475
1733880 475
1733890 476
1733900 476
1733910 477
1733920 477
1733930 477
1733940 478
1733950 478
1733960 478
1733970 477
1733980 478
1733990 478
1734000 479
1734010 479
1734020 479
1734030 480
1734040 480
1734050 481
1734060 481
1734070 481
1734080 481
1734090 481
1734100 482
1734110 482
1734120 482
1734130 482
1734140 482
1734150 482
1734160 481
1734170 481
1734180 481
1734190 480
1734200 480
1734210 480
1734220 479
1734230 477
1734240 477
1734250 476
1734260 475
1734270 475
1734280 474
1734290 473
1734300 472
1734310 472
1734320 472
1734330 472
1734340 472
1734350 472
1734360 472
1734370 472
1734380 472
1734390 469
1734400 469
1734410 464
1734420 460
1734430 460
1734440 456
1734450 449
1734460 449
1734470 447
1734480 448
1734490 448
1734500 449
1734510 450
1734520 449
1734530 449
1734540 446
1734550 444
1734560 444
1734570 444
1734580 444
1734590 444
1734600 443
1734610 442
1734620 442
1734630 446
1734640 454
1734650 454
1734660 459
1734670 465
1734680 465
1734690 472
1734700 478
1734710 478
1734720 484
1734730 489
1734740 489
1734750 495
1734760 500
1734770 504
1734780 504
1734790 507
1734800 512
1734810 512
1734820 516
1734830 520
1734840 520
1734850 524
1734860 528
1734870 528
1734880 531
1734890 533
1734900 533
1734910 532
1734920 528
1734930 528
1734940 522
1734950 515
1734960 515
1734970 507
1734980 500
1734990 500
1735000 493
1735010 487
1735020 480
1735030 480
1735040 478
1735050 472
1735060 472
1735070 466
1735080 460
1735090 460
1735100 454
1735110 450
1735120 450
1735130 447
1735140 444
1735150 444
1735160 444
1735170 452
1735180 452
1735190 460
1735200 464
1735210 464
1735220 468
1735230 471
1735240 472
1735250 472
1735260 473
1735270 474
1735280 474
1735290 476
1735300 478
1735310 478
1735320 479
1735330 481
1735340 481
1735350 484
1735360 486
1735370 486
1735380 486
1735390 486
1735400 486
1735410 485
1735420 484
1735430 484
1735440 482
1735450 482
1735460 482
1735470 479
1735480 477
1735490 474
1735500 474
1735510 472
1735520 462
1735530 462
1735540 458
1735550 466
1735560 466
1735570 470
1735580 471
1735590 471
1735600 473
1735610 474
1735620 474
1735630 476
1735640 479
1735650 479
1735660 482
1735670 484
1735680 484
1735690 485
1735700 486
1735710 486
1735720 488
1735730 491
1735740 494
1735750 494
1735760 496
1735770 498
1735780 498
1735790 500
1735800 502
1735810 502
1735820 503
1735830 505
1735840 505
1735850 507
1735860 509
1735870 509
1735880 511
1735890 512
1735900 512
1735910 515
1735920 518
1735930 518
1735940 520
1735950 521
1735960 522
1735970 522
1735980 522
1735990 525
1736000 525
1736010 526
1736020 527
1736030 527
1736040 529
1736050 531
1736060 531
1736070 533
1736080 536
1736090 536
1736100 535
1736110 536
1736120 536
1736130 538
1736140 537
1736150 537
1736160 535
1736170 534
1736180 534
1736190 533
1736200 532
1736210 531
1736220 531
1736230 530
1736240 529
1736250 529
1736260 529
1736270 528
1736280 528
1736290 528
1736300 527
1736310 527
1736320 526
1736330 524
1736340 524
1736350 522
1736360 516
1736370 516
1736380 522
1736390 524
1736400 524
1736410 525
1736420 526
1736430 526
1736440 528
1736450 530
1736460 530
1736470 530
1736480 532
1736490 534
1736500 534
1736510 537
1736520 541
1736530 541
1736540 544
1736550 546
1736560 546
1736570 550
1736580 552
1736590 552
1736600 554
1736610 556
1736620 556
1736630 558
1736640 560
1736650 560
1736660 562
1736670 564
1736680 565
1736690 565
1736700 566
1736710 567
1736720 567
1736730 568
1736740 569
1736750 569
1736760 570
1736770 570
1736780 570
1736790 571
1736800 572
1736810 572
1736820 573
1736830 574
1736840 574
1736850 576
1736860 576
1736870 576
1736880 575
1736890 574
1736900 574
1736910 572
1736920 570
1736930 568
1736940 568
1736950 567
1736960 565
1736970 564
1736980 563
1736990 562
1737000 562
1737010 561
1737020 561
1737030 561
1737040 560
1737050 559
1737060 559
1737070 558
1737080 557
1737090 557
1737100 557
1737110 555
1737120 555
1737130 554
1737140 553
1737150 553
1737160 551
1737170 549
1737180 548
1737190 548
1737200 547
1737210 546
1737220 546
1737230 545
1737240 545
1737250 545
1737260 544
1737270 544
1737280 544
1737290 544
1737300 543
1737310 543
1737320 542
1737330 542
1737340 542
1737350 541
1737360 540
1737370 540
1737380 538
1737390 537
1737400 535
1737410 535
1737420 534
1737430 532
1737440 532
1737450 530
1737460 528
1737470 528
1737480 521
1737490 511
1737500 511
1737510 504
1737520 496
1737530 496
1737540 485
1737550 476
1737560 476
1737570 468
1737580 458
1737590 458
1737600 450
1737610 442
1737620 442
1737630 432
1737640 423
1737650 414
1737660 414
1737670 415
1737680 416
1737690 416
1737700 417
1737710 420
1737720 420
1737730 426
1737740 433
1737750 433
1737760 439
1737770 445
1737780 445
1737790 450
1737800 455
1737810 455
1737820 459
1737830 462
1737840 462
1737850 464
1737860 467
1737870 467
1737880 469
1737890 470
1737900 472
1737910 472
1737920 474
1737930 477
1737940 477
1737950 482
1737960 487
1737970 487
1737980 491
1737990 497
1738000 497
1738010 501
1738020 504
1738030 504
1738040 506
1738050 507
1738060 507
1738070 509
1738080 511
1738090 511
1738100 513
1738110 515
1738120 517
1738130 517
1738140 518
1738150 519
1738160 519
1738170 520
1738180 522
1738190 522
1738200 523
1738210 525
1738220 525
1738230 528
1738240 531
1738250 531
1738260 535
1738270 537
1738280 537
1738290 538
1738300 540
1738310 540
1738320 541
1738330 543
1738340 543
1738350 543
1738360 542
1738370 542
1738380 542
1738390 541
1738400 539
1738410 539
1738420 537
1738430 534
1738440 534
1738450 532
1738460 529
1738470 529
1738480 526
1738490 524
1738500 524
1738510 523
1738520 521
1738530 521
1738540 519
1738550 517
1738560 517
1738570 515
1738580 513
1738590 513
1738600 511
1738610 510
1738620 508
1738630 508
1738640 506
1738650 505
1738660 505
1738670 504
1738680 503
1738690 503
1738700 503
1738710 502
1738720 502
1738730 502
1738740 502
1738750 502
1738760 501
1738770 501
1738780 501
1738790 501
1738800 501
1738810 501
1738820 501
1738830 501
1738840 501
1738850 500
1738860 500
1738870 500
1738880 500
1738890 500
1738900 500
1738910 500
1738920 500
1738930 500
1738940 500
1738950 499
1738960 498
1738970 498
1738980 498
1738990 499
1739000 499
1739010 499
1739020 499
1739030 499
1739040 498
1739050 498
1739060 498
1739070 497
1739080 497
1739090 496
1739100 496
1739110 496
1739120 496
1739130 496
1739140 494
1739150 494
1739160 494
1739170 494
1739180 494
1739190 494
1739200 494
1739210 493
1739220 493
1739230 491
1739240 490
1739250 490
1739260 490
1739270 489
1739280 489
1739290 489
1739300 489
1739310 489
1739320 488
1739330 486
1739340 486
1739350 486
1739360 485
1739370 483
1739380 483
1739390 483
1739400 481
1739410 481
1739420 479
1739430 478
1739440 478
1739450 477
1739460 480
1739470 480
1739480 481
1739490 479
1739500 479
1739510 479
1739520 480
1739530 480
1739540 480
1739550 481
1739560 481
1739570 481
1739580 481
1739590 485
1739600 485
1739610 488
1739620 489
1739630 489
1739640 490
1739650 491
1739660 491
1739670 492
1739680 493
1739690 493
1739700 495
1739710 496
1739720 496
1739730 497
1739740 499
1739750 499
1739760 499
1739770 501
1739780 501
1739790 501
1739800 503
1739810 503
1739820 503
1739830 504
1739840 505
1739850 505
1739860 507
1739870 508
1739880 508
1739890 508
1739900 509
1739910 509
1739920 509
1739930 510
1739940 510
1739950 510
1739960 511
1739970 511
1739980 512
1739990 512
