1720000 1178
1720010 1175
1720020 1175
1720030 1175
1720040 1177
1720050 1178
1720060 1178
1720070 1180
1720080 1182
1720090 1182
1720100 1184
1720110 1187
1720120 1187
1720130 1189
1720140 1192
1720150 1192
1720160 1195
1720170 1199
1720180 1199
1720190 1202
1720200 1204
1720210 1204
1720220 1209
1720230 1213
1720240 1213
1720250 1216
1720260 1219
1720270 1219
1720280 1223
1720290 1229
1720300 1232
1720310 1232
1720320 1235
1720330 1237
1720340 1237
1720350 1239
1720360 1242
1720370 1242
1720380 1244
1720390 1247
1720400 1247
1720410 1248
1720420 1251
1720430 1251
1720440 1252
1720450 1254
1720460 1254
1720470 1257
1720480 1258
1720490 1258
1720500 1261
1720510 1263
1720520 1263
1720530 1265
1720540 1267
1720550 1270
1720560 1270
1720570 1273
1720580 1275
1720590 1275
1720600 1277
1720610 1279
1720620 1279
1720630 1281
1720640 1282
1720650 1282
1720660 1284
1720670 1285
1720680 1285
1720690 1287
1720700 1287
1720710 1287
1720720 1289
1720730 1290
1720740 1290
1720750 1290
1720760 1291
1720770 1291
1720780 1291
1720790 1291
1720800 1291
1720810 1291
1720820 1291
1720830 1292
1720840 1292
1720850 1292
1720860 1291
1720870 1291
1720880 1291
1720890 1290
1720900 1290
1720910 1289
1720920 1289
1720930 1289
1720940 1288
1720950 1287
1720960 1287
1720970 1285
1720980 1285
1720990 1285
1721000 1283
1721010 1281
1721020 1280
1721030 1280
1721040 1280
1721050 1279
1721060 1279
1721070 1279
1721080 1279
1721090 1279
1721100 1279
1721110 1279
1721120 1279
1721130 1278
1721140 1278
1721150 1278
1721160 1277
1721170 1277
1721180 1277
1721190 1277
1721200 1276
1721210 1276
1721220 1276
1721230 1275
1721240 1275
1721250 1275
1721260 1274
1721270 1274
1721280 1274
1721290 1273
1721300 1272
1721310 1272
1721320 1271
1721330 1271
1721340 1271
1721350 1270
1721360 1270
1721370 1270
1721380 1269
1721390 1268
1721400 1268
1721410 1268
1721420 1268
1721430 1268
1721440 1267
1721450 1266
1721460 1266
1721470 1266
1721480 1265
1721490 1265
1721500 1264
1721510 1263
1721520 1262
1721530 1262
1721540 1261
1721550 1260
1721560 1260
1721570 1259
1721580 1258
1721590 1258
1721600 1256
1721610 1254
1721620 1254
1721630 1253
1721640 1251
1721650 1251
1721660 1250
1721670 1249
1721680 1249
1721690 1248
1721700 1247
1721710 1247
1721720 1245
1721730 1244
1721740 1243
1721750 1243
1721760 1242
1721770 1240
1721780 1240
1721790 1239
1721800 1237
1721810 1237
1721820 1236
1721830 1234
1721840 1237
1721850 1235
1721860 1233
1721870 1233
1721880 1230
1721890 1227
1721900 1227
1721910 1224
1721920 1221
1721930 1221
1721940 1218
1721950 1215
1721960 1215
1721970 1212
1721980 1207
1721990 1204
1722000 1204
1722010 1201
1722020 1198
1722030 1198
1722040 1194
1722050 1190
1722060 1190
1722070 1187
1722080 1183
1722090 1183
1722100 1179
1722110 1175
1722120 1175
1722130 1171
1722140 1167
1722150 1167
1722160 1163
1722170 1158
1722180 1158
1722190 1153
1722200 1147
1722210 1147
1722220 1141
1722230 1129
1722240 1122
1722250 1122
1722260 1117
1722270 1113
1722280 1113
1722290 1110
1722300 1106
1722310 1106
1722320 1103
1722330 1100
1722340 1100
1722350 1096
1722360 1093
1722370 1093
1722380 1088
1722390 1083
1722400 1083
1722410 1080
1722420 1073
1722430 1073
1722440 1069
1722450 1064
1722460 1059
1722470 1059
1722480 1054
1722490 1047
1722500 1047
1722510 1041
1722520 1034
1722530 1034
1722540 1027
1722550 1021
1722560 1021
1722570 1014
1722580 1009
1722590 1009
1722600 1006
1722610 1004
1722620 1004
1722630 1002
1722640 1001
1722650 1001
1722660 1001
1722670 999
1722680 999
1722690 1000
1722700 998
1722710 997
1722720 997
1722730 995
1722740 994
1722750 994
1722760 993
1722770 992
1722780 992
1722790 991
1722800 991
1722810 991
1722820 990
1722830 990
1722840 990
1722850 989
1722860 987
1722870 987
1722880 986
1722890 985
1722900 985
1722910 984
1722920 982
1722930 982
1722940 981
1722950 980
1722960 978
1722970 978
1722980 977
1722990 975
1723000 975
1723010 974
1723020 972
1723030 972
1723040 970
1723050 969
1723060 969
1723070 967
1723080 966
1723090 966
1723100 964
1723110 962
1723120 962
1723130 960
1723140 957
1723150 957
1723160 952
1723170 945
1723180 939
1723190 939
1723200 934
1723210 930
1723220 930
1723230 926
1723240 923
1723250 923
1723260 921
1723270 920
1723280 920
1723290 917
1723300 913
1723310 913
1723320 910
1723330 906
1723340 906
1723350 903
1723360 900
1723370 900
1723380 898
1723390 896
1723400 896
1723410 893
1723420 893
1723430 892
1723440 892
1723450 891
1723460 890
1723470 890
1723480 890
1723490 891
1723500 891
1723510 891
1723520 890
1723530 890
1723540 889
1723550 889
1723560 889
1723570 888
1723580 890
1723590 890
1723600 890
1723610 891
1723620 891
1723630 892
1723640 893
1723650 893
1723660 895
1723670 895
1723680 895
1723690 895
1723700 896
1723710 892
1723720 892
1723730 888
1723740 882
1723750 882
1723760 878
1723770 871
1723780 871
1723790 867
1723800 871
1723810 871
1723820 873
1723830 875
1723840 875
1723850 878
1723860 877
1723870 877
1723880 877
1723890 878
1723900 878
1723910 878
1723920 879
1723930 878
1723940 878
1723950 879
1723960 879
1723970 879
1723980 878
1723990 878
1724000 878
1724010 877
1724020 876
1724030 876
1724040 876
1724050 876
1724060 876
1724070 876
1724080 876
1724090 876
1724100 877
1724110 877
1724120 877
1724130 877
1724140 878
1724150 878
1724160 878
1724170 878
1724180 879
1724190 879
1724200 879
1724210 880
1724220 880
1724230 880
1724240 883
1724250 883
1724260 883
1724270 883
1724280 883
1724290 883
1724300 882
1724310 882
1724320 882
1724330 882
1724340 882
1724350 882
1724360 882
1724370 882
1724380 882
1724390 881
1724400 880
1724410 880
1724420 879
1724430 878
1724440 878
1724450 877
1724460 877
1724470 877
1724480 875
1724490 873
1724500 873
1724510 873
1724520 871
1724530 871
1724540 870
1724550 867
1724560 867
1724570 865
1724580 863
1724590 863
1724600 860
1724610 858
1724620 858
1724630 856
1724640 854
1724650 852
1724660 852
1724670 849
1724680 847
1724690 847
1724700 845
1724710 843
1724720 843
1724730 841
1724740 839
1724750 839
1724760 836
1724770 834
1724780 834
1724790 832
1724800 827
1724810 827
1724820 823
1724830 819
1724840 819
1724850 818
1724860 814
1724870 811
1724880 811
1724890 809
1724900 806
1724910 806
1724920 805
1724930 801
1724940 801
1724950 798
1724960 799
1724970 799
1724980 800
1724990 799
1725000 799
1725010 799
1725020 798
1725030 798
1725040 798
1725050 799
1725060 799
1725070 799
1725080 800
1725090 800
1725100 801
1725110 802
1725120 803
1725130 803
1725140 803
1725150 803
1725160 803
1725170 801
1725180 799
1725190 799
1725200 801
1725210 803
1725220 803
1725230 806
1725240 807
1725250 807
1725260 807
1725270 807
1725280 807
1725290 807
1725300 808
1725310 808
1725320 809
1725330 809
1725340 809
1725350 809
1725360 809
1725370 810
1725380 810
1725390 809
1725400 808
1725410 808
1725420 808
1725430 807
1725440 807
1725450 806
1725460 806
1725470 806
1725480 804
1725490 804
1725500 804
1725510 803
1725520 802
1725530 802
1725540 801
1725550 800
1725560 800
1725570 799
1725580 798
1725590 797
1725600 797
1725610 796
1725620 796
1725630 796
1725640 795
1725650 794
1725660 794
1725670 792
1725680 791
1725690 791
1725700 789
1725710 788
1725720 788
1725730 787
1725740 784
1725750 784
1725760 782
1725770 782
1725780 782
1725790 781
1725800 779
1725810 779
1725820 779
1725830 779
1725840 778
1725850 778
1725860 778
1725870 777
1725880 777
1725890 777
1725900 775
1725910 775
1725920 772
1725930 770
1725940 770
1725950 767
1725960 764
1725970 764
1725980 762
1725990 759
1726000 759
1726010 757
1726020 755
1726030 755
1726040 752
1726050 750
1726060 750
1726070 747
1726080 745
1726090 742
1726100 742
1726110 740
1726120 738
1726130 738
1726140 733
1726150 730
1726160 730
1726170 728
1726180 725
1726190 725
1726200 718
1726210 712
1726220 712
1726230 711
1726240 709
1726250 709
1726260 710
1726270 716
1726280 716
1726290 718
1726300 721
1726310 721
1726320 722
1726330 723
1726340 723
1726350 723
1726360 723
1726370 722
1726380 722
1726390 721
1726400 720
1726410 720
1726420 719
1726430 717
1726440 717
1726450 715
1726460 713
1726470 713
1726480 712
1726490 709
1726500 709
1726510 707
1726520 705
1726530 705
1726540 702
1726550 700
1726560 697
1726570 697
1726580 694
1726590 691
1726600 691
1726610 685
1726620 682
1726630 682
1726640 686
1726650 691
1726660 691
1726670 694
1726680 695
1726690 695
1726700 697
1726710 699
1726720 699
1726730 701
1726740 702
1726750 702
1726760 703
1726770 703
1726780 703
1726790 703
1726800 703
1726810 702
1726820 702
1726830 701
1726840 700
1726850 700
1726860 700
1726870 701
1726880 701
1726890 702
1726900 702
1726910 702
1726920 700
1726930 700
1726940 700
1726950 699
1726960 698
1726970 698
1726980 696
1726990 693
1727000 693
1727010 690
1727020 686
1727030 686
1727040 684
1727050 682
1727060 679
1727070 679
1727080 676
1727090 674
1727100 674
1727110 668
1727120 664
1727130 664
1727140 661
1727150 657
1727160 657
1727170 658
1727180 661
1727190 661
1727200 667
1727210 666
1727220 666
1727230 672
1727240 677
1727250 677
1727260 681
1727270 684
1727280 687
1727290 687
1727300 690
1727310 693
1727320 693
1727330 696
1727340 698
1727350 698
1727360 700
1727370 702
1727380 702
1727390 704
1727400 706
1727410 706
1727420 708
1727430 710
1727440 710
1727450 712
1727460 713
1727470 713
1727480 715
1727490 716
1727500 716
1727510 717
1727520 718
1727530 717
1727540 717
1727550 716
1727560 714
1727570 714
1727580 710
1727590 707
1727600 707
1727610 707
1727620 708
1727630 708
1727640 710
1727650 713
1727660 713
1727670 716
1727680 716
1727690 716
1727700 719
1727710 721
1727720 721
1727730 722
1727740 724
1727750 724
1727760 725
1727770 726
1727780 726
1727790 726
1727800 726
1727810 727
1727820 727
1727830 726
1727840 726
1727850 726
1727860 726
1727870 725
1727880 725
1727890 725
1727900 725
1727910 725
1727920 725
1727930 724
1727940 724
1727950 724
1727960 724
1727970 724
1727980 724
1727990 723
1728000 723
1728010 723
1728020 723
1728030 723
1728040 723
1728050 724
1728060 724
1728070 724
1728080 724
1728090 724
1728100 724
1728110 724
1728120 724
1728130 724
1728140 723
1728150 723
1728160 723
1728170 722
1728180 722
1728190 722
1728200 721
1728210 721
1728220 721
1728230 721
1728240 720
1728250 720
1728260 720
1728270 720
1728280 720
1728290 720
1728300 720
1728310 719
1728320 719
1728330 719
1728340 719
1728350 719
1728360 718
1728370 717
1728380 717
1728390 717
1728400 718
1728410 718
1728420 716
1728430 715
1728440 715
1728450 715
1728460 715
1728470 715
1728480 714
1728490 714
1728500 713
1728510 713
1728520 713
1728530 712
1728540 712
1728550 711
1728560 709
1728570 709
1728580 708
1728590 706
1728600 706
1728610 705
1728620 704
1728630 704
1728640 704
1728650 704
1728660 704
1728670 705
1728680 705
1728690 705
1728700 706
1728710 706
1728720 706
1728730 707
1728740 707
1728750 709
1728760 709
1728770 709
1728780 710
1728790 710
1728800 710
1728810 711
1728820 711
1728830 712
1728840 713
1728850 713
1728860 714
1728870 715
1728880 715
1728890 715
1728900 716
1728910 716
1728920 717
1728930 717
1728940 717
1728950 717
1728960 716
1728970 715
1728980 715
1728990 714
1729000 714
1729010 714
1729020 714
1729030 713
1729040 713
1729050 712
1729060 712
1729070 712
1729080 711
1729090 711
1729100 711
1729110 710
1729120 709
1729130 709
1729140 708
1729150 708
1729160 708
1729170 706
1729180 705
1729190 705
1729200 704
1729210 703
1729220 702
1729230 702
1729240 702
1729250 701
1729260 701
1729270 701
1729280 700
1729290 700
1729300 699
1729310 699
1729320 699
1729330 698
1729340 696
1729350 696
1729360 696
1729370 694
1729380 694
1729390 694
1729400 693
1729410 693
1729420 692
1729430 692
1729440 692
1729450 691
1729460 690
1729470 690
1729480 690
1729490 690
1729500 691
1729510 691
1729520 690
1729530 689
1729540 689
1729550 689
1729560 688
1729570 688
1729580 688
1729590 686
1729600 686
1729610 685
1729620 684
1729630 684
1729640 683
1729650 682
1729660 682
1729670 681
1729680 680
1729690 679
1729700 679
1729710 678
1729720 676
1729730 676
1729740 675
1729750 672
1729760 672
1729770 670
1729780 667
1729790 667
1729800 665
1729810 662
1729820 662
1729830 659
1729840 656
1729850 656
1729860 655
1729870 653
1729880 653
1729890 652
1729900 649
1729910 649
1729920 646
1729930 644
1729940 642
1729950 642
1729960 640
1729970 638
1729980 638
1729990 635
1730000 633
1730010 633
1730020 630
1730030 627
1730040 627
1730050 625
1730060 622
1730070 622
1730080 618
1730090 614
1730100 614
1730110 611
1730120 607
1730130 607
1730140 606
1730150 607
1730160 607
1730170 607
1730180 608
1730190 609
1730200 609
1730210 609
1730220 610
1730230 610
1730240 609
1730250 609
1730260 609
1730270 609
1730280 609
1730290 609
1730300 610
1730310 611
1730320 611
1730330 611
1730340 611
1730350 611
1730360 611
1730370 611
1730380 611
1730390 611
1730400 611
1730410 610
1730420 610
1730430 610
1730440 609
1730450 609
1730460 607
1730470 605
1730480 605
1730490 602
1730500 601
1730510 601
1730520 598
1730530 597
1730540 597
1730550 595
1730560 593
1730570 593
1730580 591
1730590 590
1730600 590
1730610 588
1730620 587
1730630 587
1730640 585
1730650 582
1730660 581
1730670 581
1730680 580
1730690 579
1730700 579
1730710 578
1730720 576
1730730 576
1730740 576
1730750 574
1730760 574
1730770 573
1730780 572
1730790 572
1730800 570
1730810 570
1730820 570
1730830 569
1730840 568
1730850 568
1730860 567
1730870 566
1730880 566
1730890 565
1730900 565
1730910 564
1730920 564
1730930 564
1730940 564
1730950 564
1730960 564
1730970 563
1730980 563
1730990 563
1731000 562
1731010 562
1731020 561
1731030 560
1731040 560
1731050 559
1731060 558
1731070 558
1731080 557
1731090 557
1731100 557
1731110 556
1731120 555
1731130 555
1731140 554
1731150 553
1731160 551
1731170 551
1731180 551
1731190 550
1731200 550
1731210 549
1731220 549
1731230 549
1731240 548
1731250 547
1731260 547
1731270 546
1731280 544
1731290 544
1731300 545
1731310 545
1731320 545
1731330 544
1731340 543
1731350 543
1731360 541
1731370 539
1731380 537
1731390 537
1731400 537
1731410 534
1731420 534
1731430 535
1731440 533
1731450 533
1731460 533
1731470 532
1731480 532
1731490 532
1731500 530
1731510 530
1731520 530
1731530 530
1731540 530
1731550 528
1731560 526
1731570 526
1731580 525
1731590 523
1731600 523
1731610 522
1731620 520
1731630 520
1731640 520
1731650 519
1731660 519
1731670 519
1731680 518
1731690 518
1731700 518
1731710 517
1731720 517
1731730 517
1731740 517
1731750 517
1731760 517
1731770 516
1731780 517
1731790 517
1731800 517
1731810 517
1731820 517
1731830 516
1731840 516
1731850 516
1731860 516
1731870 515
1731880 515
1731890 515
1731900 514
1731910 514
1731920 514
1731930 513
1731940 512
1731950 512
1731960 511
1731970 510
1731980 510
1731990 509
1732000 508
1732010 508
1732020 507
1732030 506
1732040 506
1732050 506
1732060 505
1732070 505
1732080 505
1732090 504
1732100 503
1732110 503
1732120 502
1732130 502
1732140 502
1732150 501
1732160 500
1732170 500
1732180 500
1732190 499
1732200 499
1732210 498
1732220 497
1732230 497
1732240 496
1732250 496
1732260 496
1732270 495
1732280 494
1732290 494
1732300 494
1732310 493
1732320 493
1732330 493
1732340 491
1732350 491
1732360 491
1732370 491
1732380 490
1732390 490
1732400 489
1732410 488
1732420 488
1732430 488
1732440 487
1732450 487
1732460 486
1732470 485
1732480 485
1732490 485
1732500 484
1732510 484
1732520 483
1732530 483
1732540 483
1732550 482
1732560 482
1732570 482
1732580 482
1732590 481
1732600 481
1732610 481
1732620 480
1732630 480
1732640 480
1732650 479
1732660 478
1732670 478
1732680 477
1732690 477
1732700 477
1732710 476
1732720 476
1732730 476
1732740 475
1732750 474
1732760 474
1732770 474
1732780 473
1732790 473
1732800 472
1732810 471
1732820 471
1732830 471
1732840 470
1732850 470
1732860 470
1732870 469
1732880 469
1732890 469
1732900 468
1732910 468
1732920 468
1732930 467
1732940 466
1732950 466
1732960 466
1732970 465
1732980 465
1732990 465
1733000 464
1733010 464
1733020 464
1733030 463
1733040 463
1733050 463
1733060 463
1733070 462
1733080 462
1733090 462
1733100 462
1733110 462
1733120 462
1733130 462
1733140 462
1733150 462
1733160 460
1733170 460
1733180 462
1733190 464
1733200 464
1733210 465
1733220 465
1733230 465
1733240 466
1733250 466
1733260 466
1733270 467
1733280 468
1733290 468
1733300 469
1733310 470
1733320 471
1733330 471
1733340 472
1733350 473
1733360 473
1733370 475
1733380 477
1733390 477
1733400 477
1733410 479
1733420 479
1733430 480
1733440 481
1733450 481
1733460 483
1733470 484
1733480 484
1733490 485
1733500 487
1733510 487
1733520 488
1733530 489
1733540 489
1733550 489
1733560 490
1733570 492
1733580 492
1733590 493
1733600 494
1733610 494
1733620 495
1733630 496
1733640 496
1733650 497
1733660 497
1733670 497
1733680 497
1733690 497
1733700 497
1733710 498
1733720 498
1733730 498
1733740 498
1733750 498
1733760 498
1733770 498
1733780 497
1733790 497
1733800 497
1733810 496
1733820 495
1733830 495
1733840 494
1733850 494
1733860 494
1733870 493
1733880 493
1733890 493
1733900 492
1733910 491
1733920 491
1733930 490
1733940 489
1733950 489
1733960 488
1733970 487
1733980 487
1733990 486
1734000 485
1734010 485
1734020 485
1734030 484
1734040 484
1734050 484
1734060 483
1734070 483
1734080 483
1734090 481
1734100 480
1734110 480
1734120 478
1734130 477
1734140 477
1734150 475
1734160 474
1734170 474
1734180 473
1734190 471
1734200 471
1734210 469
1734220 466
1734230 466
1734240 465
1734250 468
1734260 468
1734270 472
1734280 471
1734290 471
1734300 471
1734310 474
1734320 474
1734330 474
1734340 476
1734350 477
1734360 477
1734370 477
1734380 477
1734390 477
1734400 475
1734410 476
1734420 476
1734430 475
1734440 473
1734450 473
1734460 471
1734470 469
1734480 469
1734490 471
1734500 472
1734510 472
1734520 472
1734530 471
1734540 470
1734550 470
1734560 468
1734570 466
1734580 466
1734590 464
1734600 462
1734610 462
1734620 461
1734630 459
1734640 459
1734650 458
1734660 456
1734670 456
1734680 455
1734690 454
1734700 454
1734710 453
1734720 452
1734730 452
1734740 452
1734750 451
1734760 448
1734770 448
1734780 445
1734790 442
1734800 442
1734810 441
1734820 441
1734830 441
1734840 441
1734850 441
1734860 441
1734870 441
1734880 441
1734890 441
1734900 441
1734910 441
1734920 441
1734930 441
1734940 442
1734950 442
1734960 440
1734970 440
1734980 440
1734990 438
1735000 439
1735010 440
1735020 440
1735030 441
1735040 445
1735050 445
1735060 447
1735070 451
1735080 451
1735090 455
1735100 459
1735110 459
1735120 464
1735130 468
1735140 468
1735150 472
1735160 476
1735170 476
1735180 480
1735190 482
1735200 482
1735210 484
1735220 487
1735230 489
1735240 489
1735250 490
1735260 493
1735270 493
1735280 496
1735290 498
1735300 498
1735310 499
1735320 501
1735330 501
1735340 503
1735350 506
1735360 506
1735370 509
1735380 512
1735390 512
1735400 514
1735410 520
1735420 520
1735430 524
1735440 526
1735450 526
1735460 528
1735470 531
1735480 533
1735490 533
1735500 534
1735510 535
1735520 535
1735530 536
1735540 538
1735550 538
1735560 539
1735570 540
1735580 540
1735590 541
1735600 542
1735610 542
1735620 543
1735630 544
1735640 544
1735650 545
1735660 545
1735670 545
1735680 544
1735690 543
1735700 543
1735710 541
1735720 541
1735730 540
1735740 540
1735750 537
1735760 535
1735770 535
1735780 533
1735790 531
1735800 531
1735810 529
1735820 526
1735830 526
1735840 524
1735850 523
1735860 523
1735870 521
1735880 518
1735890 518
1735900 518
1735910 520
1735920 520
1735930 522
1735940 520
1735950 517
1735960 517
1735970 511
1735980 506
1735990 506
1736000 500
1736010 491
1736020 491
1736030 487
1736040 487
1736050 487
1736060 493
1736070 496
1736080 496
1736090 501
1736100 504
1736110 504
1736120 508
1736130 513
1736140 513
1736150 517
1736160 522
1736170 522
1736180 526
1736190 529
1736200 531
1736210 531
1736220 533
1736230 534
1736240 534
1736250 535
1736260 536
1736270 536
1736280 536
1736290 537
1736300 537
1736310 538
1736320 534
1736330 534
1736340 528
1736350 520
1736360 520
1736370 510
1736380 514
1736390 514
1736400 522
1736410 523
1736420 523
1736430 523
1736440 521
1736450 515
1736460 515
1736470 511
1736480 509
1736490 509
1736500 508
1736510 504
1736520 504
1736530 505
1736540 506
1736550 506
1736560 510
1736570 514
1736580 514
1736590 516
1736600 515
1736610 515
1736620 515
1736630 515
1736640 515
1736650 516
1736660 516
1736670 516
1736680 514
1736690 512
1736700 509
1736710 509
1736720 504
1736730 500
1736740 500
1736750 496
1736760 490
1736770 490
1736780 484
1736790 478
1736800 478
1736810 470
1736820 463
1736830 463
1736840 455
1736850 447
1736860 445
1736870 436
1736880 430
1736890 430
1736900 428
1736910 425
1736920 425
1736930 425
1736940 430
1736950 440
1736960 440
1736970 449
1736980 458
1736990 458
1737000 468
1737010 477
1737020 477
1737030 488
1737040 495
1737050 495
1737060 500
1737070 504
1737080 504
1737090 506
1737100 504
1737110 504
1737120 501
1737130 496
1737140 496
1737150 491
1737160 486
1737170 481
1737180 481
1737190 476
1737200 472
1737210 472
1737220 469
1737230 466
1737240 466
1737250 463
1737260 460
1737270 460
1737280 456
1737290 453
1737300 453
1737310 448
1737320 449
1737330 449
1737340 446
1737350 443
1737360 443
1737370 441
1737380 440
1737390 440
1737400 439
1737410 437
1737420 436
1737430 436
1737440 434
1737450 433
1737460 433
1737470 432
1737480 430
1737490 430
1737500 431
1737510 430
1737520 430
1737530 429
1737540 427
1737550 427
1737560 426
1737570 424
1737580 424
1737590 423
1737600 422
1737610 422
1737620 421
1737630 421
1737640 420
1737650 420
1737660 419
1737670 418
1737680 418
1737690 418
1737700 418
1737710 418
1737720 418
1737730 418
1737740 418
1737750 419
1737760 420
1737770 420
1737780 420
1737790 420
1737800 420
1737810 420
1737820 423
1737830 423
1737840 429
1737850 431
1737860 431
1737870 431
1737880 431
1737890 430
1737900 430
1737910 429
1737920 428
1737930 428
1737940 426
1737950 424
1737960 424
1737970 422
1737980 421
1737990 421
1738000 420
1738010 421
1738020 421
1738030 419
1738040 421
1738050 421
1738060 421
1738070 420
1738080 420
1738090 421
1738100 421
1738110 421
1738120 421
1738130 420
1738140 421
1738150 421
1738160 422
1738170 422
1738180 422
1738190 424
1738200 430
1738210 430
1738220 434
1738230 437
1738240 437
1738250 442
1738260 443
1738270 443
1738280 444
1738290 443
1738300 443
1738310 438
1738320 442
1738330 442
1738340 440
1738350 438
1738360 435
1738370 435
1738380 441
1738390 447
1738400 447
1738410 451
1738420 458
1738430 458
1738440 465
1738450 470
1738460 470
1738470 474
1738480 476
1738490 476
1738500 477
1738510 479
1738520 479
1738530 480
1738540 482
1738550 482
1738560 483
1738570 485
1738580 485
1738590 487
1738600 488
1738610 489
1738620 489
1738630 490
1738640 491
1738650 491
1738660 492
1738670 493
1738680 493
1738690 494
1738700 495
1738710 495
1738720 495
1738730 495
1738740 493
1738750 493
1738760 493
1738770 493
1738780 493
1738790 492
1738800 492
1738810 492
1738820 492
1738830 492
1738840 493
1738850 493
1738860 494
1738870 494
1738880 493
1738890 492
1738900 492
1738910 488
1738920 485
1738930 485
1738940 484
1738950 483
1738960 483
1738970 481
1738980 480
1738990 480
1739000 479
1739010 477
1739020 477
1739030 477
1739040 476
1739050 476
1739060 476
1739070 477
1739080 477
1739090 477
1739100 476
1739110 476
1739120 476
1739130 476
1739140 476
1739150 476
1739160 476
1739170 475
1739180 475
1739190 475
1739200 475
1739210 475
1739220 474
1739230 476
1739240 476
1739250 480
1739260 485
1739270 485
1739280 490
1739290 495
1739300 495
1739310 495
1739320 497
1739330 497
1739340 497
1739350 498
1739360 498
1739370 498
1739380 499
1739390 499
1739400 499
1739410 500
1739420 500
1739430 500
1739440 500
1739450 501
1739460 501
1739470 501
1739480 501
1739490 501
1739500 501
1739510 501
1739520 501
1739530 502
1739540 502
1739550 502
1739560 503
1739570 503
1739580 504
1739590 504
1739600 504
1739610 505
1739620 505
1739630 506
1739640 506
1739650 506
1739660 506
1739670 507
1739680 507
1739690 507
1739700 508
1739710 508
1739720 508
1739730 509
1739740 509
1739750 509
1739760 509
1739770 509
1739780 509
1739790 509
1739800 509
1739810 509
1739820 510
1739830 510
1739840 510
1739850 510
1739860 510
1739870 510
1739880 511
1739890 511
1739900 511
1739910 511
1739920 511
1739930 511
1739940 511
1739950 511
1739960 511
1739970 512
1739980 512
1739990 512
