1720000 904
1720010 902
1720020 900
1720030 900
1720040 898
1720050 896
1720060 896
1720070 894
1720080 891
1720090 888
1720100 888
1720110 885
1720120 881
1720130 881
1720140 878
1720150 875
1720160 875
1720170 871
1720180 868
1720190 868
1720200 862
1720210 855
1720220 855
1720230 847
1720240 838
1720250 838
1720260 837
1720270 844
1720280 844
1720290 847
1720300 849
1720310 849
1720320 852
1720330 856
1720340 860
1720350 860
1720360 866
1720370 868
1720380 868
1720390 871
1720400 874
1720410 874
1720420 877
1720430 879
1720440 879
1720450 882
1720460 885
1720470 885
1720480 888
1720490 891
1720500 891
1720510 893
1720520 895
1720530 895
1720540 897
1720550 899
1720560 899
1720570 900
1720580 900
1720590 900
1720600 900
1720610 900
1720620 899
1720630 899
1720640 897
1720650 896
1720660 896
1720670 894
1720680 892
1720690 892
1720700 891
1720710 889
1720720 889
1720730 888
1720740 887
1720750 887
1720760 886
1720770 885
1720780 885
1720790 884
1720800 883
1720810 883
1720820 881
1720830 879
1720840 877
1720850 877
1720860 875
1720870 873
1720880 873
1720890 864
1720900 862
1720910 862
1720920 858
1720930 855
1720940 855
1720950 852
1720960 848
1720970 848
1720980 844
1720990 839
1721000 839
1721010 835
1721020 830
1721030 830
1721040 826
1721050 822
1721060 822
1721070 818
1721080 814
1721090 809
1721100 809
1721110 805
1721120 800
1721130 800
1721140 795
1721150 792
1721160 792
1721170 787
1721180 782
1721190 782
1721200 779
1721210 778
1721220 778
1721230 784
1721240 791
1721250 791
1721260 796
1721270 800
1721280 800
1721290 804
1721300 808
1721310 808
1721320 812
1721330 816
1721340 819
1721350 819
1721360 821
1721370 822
1721380 822
1721390 822
1721400 821
1721410 821
1721420 819
1721430 816
1721440 816
1721450 812
1721460 808
1721470 808
1721480 803
1721490 799
1721500 799
1721510 794
1721520 788
1721530 788
1721540 783
1721550 779
1721560 779
1721570 773
1721580 773
1721590 777
1721600 777
1721610 780
1721620 784
1721630 784
1721640 787
1721650 788
1721660 788
1721670 791
1721680 793
1721690 793
1721700 796
1721710 798
1721720 798
1721730 801
1721740 803
1721750 803
1721760 805
1721770 805
1721780 805
1721790 805
1721800 803
1721810 803
1721820 800
1721830 798
1721840 795
1721850 795
1721860 794
1721870 793
1721880 793
1721890 793
1721900 793
1721910 793
1721920 795
1721930 796
1721940 796
1721950 789
1721960 786
1721970 786
1721980 787
1721990 791
1722000 791
1722010 794
1722020 799
1722030 799
1722040 804
1722050 809
1722060 814
1722070 814
1722080 819
1722090 822
1722100 822
1722110 826
1722120 827
1722130 827
1722140 829
1722150 831
1722160 831
1722170 833
1722180 835
1722190 835
1722200 837
1722210 839
1722220 839
1722230 841
1722240 842
1722250 842
1722260 844
1722270 848
1722280 848
1722290 852
1722300 857
1722310 862
1722320 862
1722330 864
1722340 868
1722350 868
1722360 871
1722370 875
1722380 875
1722390 878
1722400 882
1722410 882
1722420 884
1722430 887
1722440 887
1722450 889
1722460 890
1722470 890
1722480 892
1722490 894
1722500 894
1722510 896
1722520 897
1722530 897
1722540 898
1722550 899
1722560 900
1722570 900
1722580 900
1722590 900
1722600 900
1722610 901
1722620 901
1722630 901
1722640 901
1722650 901
1722660 901
1722670 900
1722680 901
1722690 901
1722700 902
1722710 902
1722720 902
1722730 902
1722740 905
1722750 905
1722760 906
1722770 907
1722780 907
1722790 908
1722800 910
1722810 912
1722820 912
1722830 912
1722840 912
1722850 912
1722860 913
1722870 914
1722880 914
1722890 913
1722900 913
1722910 913
1722920 913
1722930 914
1722940 914
1722950 914
1722960 913
1722970 913
1722980 913
1722990 913
1723000 913
1723010 913
1723020 913
1723030 913
1723040 912
1723050 913
1723060 912
1723070 912
1723080 912
1723090 913
1723100 913
1723110 913
1723120 914
1723130 914
1723140 914
1723150 915
1723160 915
1723170 916
1723180 918
1723190 918
1723200 918
1723210 919
1723220 919
1723230 919
1723240 918
1723250 918
1723260 916
1723270 913
1723280 913
1723290 907
1723300 899
1723310 891
1723320 891
1723330 881
1723340 872
1723350 872
1723360 866
1723370 860
1723380 860
1723390 854
1723400 849
1723410 849
1723420 854
1723430 862
1723440 862
1723450 867
1723460 869
1723470 869
1723480 871
1723490 873
1723500 873
1723510 874
1723520 876
1723530 876
1723540 877
1723550 879
1723560 880
1723570 880
1723580 882
1723590 883
1723600 883
1723610 883
1723620 883
1723630 883
1723640 884
1723650 885
1723660 885
1723670 886
1723680 887
1723690 887
1723700 889
1723710 893
1723720 893
1723730 897
1723740 899
1723750 899
1723760 901
1723770 902
1723780 902
1723790 903
1723800 904
1723810 902
1723820 902
1723830 901
1723840 900
1723850 900
1723860 898
1723870 894
1723880 894
1723890 888
1723900 885
1723910 885
1723920 881
1723930 877
1723940 877
1723950 873
1723960 870
1723970 870
1723980 868
1723990 870
1724000 870
1724010 871
1724020 872
1724030 872
1724040 877
1724050 881
1724060 885
1724070 885
1724080 889
1724090 892
1724100 892
1724110 896
1724120 896
1724130 896
1724140 898
1724150 899
1724160 899
1724170 899
1724180 901
1724190 901
1724200 903
1724210 904
1724220 904
1724230 906
1724240 907
1724250 907
1724260 907
1724270 909
1724280 909
1724290 910
1724300 912
1724310 914
1724320 914
1724330 915
1724340 917
1724350 917
1724360 920
1724370 925
1724380 925
1724390 927
1724400 930
1724410 930
1724420 934
1724430 938
1724440 938
1724450 942
1724460 946
1724470 946
1724480 950
1724490 953
1724500 953
1724510 955
1724520 958
1724530 960
1724540 960
1724550 963
1724560 965
1724570 965
1724580 968
1724590 971
1724600 971
1724610 974
1724620 976
1724630 976
1724640 979
1724650 982
1724660 982
1724670 984
1724680 986
1724690 986
1724700 987
1724710 989
1724720 989
1724730 990
1724740 992
1724750 992
1724760 993
1724770 992
1724780 991
1724790 991
1724800 991
1724810 991
1724820 991
1724830 992
1724840 992
1724850 992
1724860 994
1724870 995
1724880 995
1724890 996
1724900 996
1724910 996
1724920 997
1724930 999
1724940 999
1724950 999
1724960 1000
1724970 1000
1724980 1001
1724990 1005
1725000 1005
1725010 1006
1725020 1008
1725030 1010
1725040 1010
1725050 1012
1725060 1013
1725070 1013
1725080 1015
1725090 1016
1725100 1016
1725110 1018
1725120 1020
1725130 1020
1725140 1021
1725150 1023
1725160 1023
1725170 1024
1725180 1026
1725190 1026
1725200 1027
1725210 1028
1725220 1028
1725230 1029
1725240 1030
1725250 1030
1725260 1031
1725270 1032
1725280 1032
1725290 1032
1725300 1033
1725310 1034
1725320 1034
1725330 1034
1725340 1034
1725350 1034
1725360 1034
1725370 1035
1725380 1035
1725390 1035
1725400 1034
1725410 1034
1725420 1034
1725430 1032
1725440 1032
1725450 1031
1725460 1029
1725470 1029
1725480 1027
1725490 1025
1725500 1025
1725510 1023
1725520 1020
1725530 1018
1725540 1018
1725550 1016
1725560 1014
1725570 1014
1725580 1012
1725590 1011
1725600 1011
1725610 1010
1725620 1009
1725630 1009
1725640 1011
1725650 1013
1725660 1013
1725670 1014
1725680 1014
1725690 1014
1725700 1014
1725710 1014
1725720 1014
1725730 1014
1725740 1014
1725750 1014
1725760 1014
1725770 1015
1725780 1015
1725790 1015
1725800 1015
1725810 1015
1725820 1015
1725830 1015
1725840 1015
1725850 1015
1725860 1015
1725870 1015
1725880 1015
1725890 1016
1725900 1016
1725910 1016
1725920 1015
1725930 1015
1725940 1015
1725950 1014
1725960 1014
1725970 1014
1725980 1013
1725990 1012
1726000 1012
1726010 1011
1726020 1009
1726030 1006
1726040 1006
1726050 1004
1726060 1001
1726070 1001
1726080 1001
1726090 1000
1726100 1000
1726110 998
1726120 997
1726130 997
1726140 996
1726150 995
1726160 995
1726170 993
1726180 991
1726190 991
1726200 989
1726210 986
1726220 986
1726230 984
1726240 980
1726250 980
1726260 979
1726270 977
1726280 976
1726290 976
1726300 976
1726310 975
1726320 975
1726330 975
1726340 975
1726350 975
1726360 974
1726370 974
1726380 974
1726390 973
1726400 972
1726410 972
1726420 972
1726430 974
1726440 974
1726450 975
1726460 975
1726470 975
1726480 975
1726490 975
1726500 975
1726510 975
1726520 975
1726530 976
1726540 976
1726550 976
1726560 979
1726570 979
1726580 980
1726590 981
1726600 981
1726610 982
1726620 983
1726630 983
1726640 984
1726650 985
1726660 985
1726670 987
1726680 988
1726690 988
1726700 990
1726710 992
1726720 992
1726730 994
1726740 997
1726750 997
1726760 1001
1726770 1003
1726780 1004
1726790 1004
1726800 1006
1726810 1008
1726820 1008
1726830 1010
1726840 1012
1726850 1012
1726860 1013
1726870 1014
1726880 1014
1726890 1015
1726900 1015
1726910 1015
1726920 1016
1726930 1016
1726940 1016
1726950 1016
1726960 1017
1726970 1017
1726980 1017
1726990 1018
1727000 1018
1727010 1018
1727020 1017
1727030 1014
1727040 1014
1727050 1014
1727060 1011
1727070 1011
1727080 1009
1727090 1006
1727100 1006
1727110 1003
1727120 1000
1727130 1000
1727140 997
1727150 996
1727160 996
1727170 994
1727180 991
1727190 991
1727200 990
1727210 987
1727220 987
1727230 984
1727240 981
1727250 977
1727260 977
1727270 973
1727280 970
1727290 970
1727300 966
1727310 963
1727320 963
1727330 959
1727340 955
1727350 955
1727360 951
1727370 948
1727380 948
1727390 944
1727400 940
1727410 940
1727420 936
1727430 932
1727440 932
1727450 928
1727460 924
1727470 924
1727480 919
1727490 916
1727500 912
1727510 912
1727520 908
1727530 903
1727540 903
1727550 897
1727560 892
1727570 892
1727580 887
1727590 883
1727600 883
1727610 879
1727620 876
1727630 876
1727640 875
1727650 874
1727660 874
1727670 872
1727680 870
1727690 870
1727700 868
1727710 866
1727720 866
1727730 865
1727740 864
1727750 863
1727760 863
1727770 863
1727780 861
1727790 861
1727800 860
1727810 858
1727820 858
1727830 855
1727840 853
1727850 853
1727860 852
1727870 850
1727880 850
1727890 850
1727900 849
1727910 853
1727920 850
1727930 850
1727940 850
1727950 847
1727960 845
1727970 845
1727980 843
1727990 841
1728000 839
1728010 839
1728020 837
1728030 834
1728040 834
1728050 830
1728060 826
1728070 826
1728080 820
1728090 816
1728100 816
1728110 815
1728120 818
1728130 818
1728140 820
1728150 823
1728160 823
1728170 824
1728180 824
1728190 824
1728200 824
1728210 824
1728220 824
1728230 824
1728240 823
1728250 823
1728260 823
1728270 823
1728280 822
1728290 822
1728300 822
1728310 822
1728320 822
1728330 822
1728340 822
1728350 822
1728360 823
1728370 822
1728380 822
1728390 820
1728400 817
1728410 817
1728420 813
1728430 807
1728440 807
1728450 803
1728460 798
1728470 798
1728480 794
1728490 791
1728500 789
1728510 789
1728520 787
1728530 785
1728540 785
1728550 783
1728560 782
1728570 782
1728580 780
1728590 779
1728600 779
1728610 778
1728620 777
1728630 777
1728640 776
1728650 775
1728660 775
1728670 774
1728680 773
1728690 773
1728700 772
1728710 772
1728720 772
1728730 771
1728740 770
1728750 770
1728760 770
1728770 769
1728780 769
1728790 769
1728800 768
1728810 769
1728820 769
1728830 769
1728840 769
1728850 769
1728860 768
1728870 767
1728880 767
1728890 765
1728900 764
1728910 764
1728920 762
1728930 758
1728940 758
1728950 755
1728960 755
1728970 755
1728980 753
1728990 749
1729000 748
1729010 748
1729020 751
1729030 751
1729040 751
1729050 750
1729060 750
1729070 750
1729080 750
1729090 749
1729100 749
1729110 746
1729120 746
1729130 746
1729140 743
1729150 741
1729160 741
1729170 738
1729180 735
1729190 735
1729200 733
1729210 730
1729220 730
1729230 727
1729240 725
1729250 722
1729260 722
1729270 719
1729280 717
1729290 717
1729300 714
1729310 710
1729320 710
1729330 705
1729340 700
1729350 700
1729360 698
1729370 696
1729380 696
1729390 692
1729400 692
1729410 692
1729420 693
1729430 693
1729440 693
1729450 692
1729460 690
1729470 689
1729480 689
1729490 688
1729500 687
1729510 687
1729520 687
1729530 686
1729540 686
1729550 685
1729560 684
1729570 684
1729580 684
1729590 683
1729600 683
1729610 682
1729620 680
1729630 680
1729640 680
1729650 678
1729660 678
1729670 678
1729680 677
1729690 677
1729700 677
1729710 677
1729720 678
1729730 678
1729740 679
1729750 681
1729760 681
1729770 681
1729780 682
1729790 682
1729800 683
1729810 682
1729820 682
1729830 682
1729840 681
1729850 681
1729860 678
1729870 676
1729880 676
1729890 675
1729900 674
1729910 674
1729920 674
1729930 676
1729940 676
1729950 677
1729960 678
1729970 680
1729980 680
1729990 680
1730000 680
1730010 680
1730020 680
1730030 680
1730040 680
1730050 679
1730060 679
1730070 679
1730080 679
1730090 678
1730100 678
1730110 678
1730120 677
1730130 677
1730140 677
1730150 676
1730160 676
1730170 676
1730180 676
1730190 676
1730200 676
1730210 675
1730220 674
1730230 674
1730240 674
1730250 673
1730260 673
1730270 673
1730280 673
1730290 673
1730300 672
1730310 671
1730320 671
1730330 671
1730340 670
1730350 670
1730360 669
1730370 669
1730380 669
1730390 669
1730400 668
1730410 668
1730420 668
1730430 667
1730440 667
1730450 666
1730460 665
1730470 665
1730480 665
1730490 664
1730500 663
1730510 663
1730520 663
1730530 662
1730540 662
1730550 662
1730560 662
1730570 662
1730580 662
1730590 661
1730600 661
1730610 661
1730620 661
1730630 661
1730640 661
1730650 661
1730660 661
1730670 660
1730680 660
1730690 660
1730700 659
1730710 659
1730720 658
1730730 658
1730740 658
1730750 657
1730760 657
1730770 656
1730780 656
1730790 656
1730800 655
1730810 655
1730820 655
1730830 655
1730840 654
1730850 654
1730860 654
1730870 654
1730880 654
1730890 653
1730900 653
1730910 653
1730920 652
1730930 652
1730940 652
1730950 651
1730960 650
1730970 650
1730980 650
1730990 649
1731000 648
1731010 648
1731020 647
1731030 646
1731040 646
1731050 645
1731060 645
1731070 645
1731080 644
1731090 643
1731100 643
1731110 643
1731120 642
1731130 642
1731140 641
1731150 641
1731160 641
1731170 640
1731180 639
1731190 639
1731200 638
1731210 637
1731220 636
1731230 636
1731240 635
1731250 634
1731260 634
1731270 632
1731280 631
1731290 631
1731300 630
1731310 629
1731320 629
1731330 628
1731340 627
1731350 627
1731360 626
1731370 624
1731380 624
1731390 623
1731400 622
1731410 622
1731420 621
1731430 620
1731440 620
1731450 618
1731460 616
1731470 614
1731480 614
1731490 612
1731500 610
1731510 610
1731520 605
1731530 600
1731540 600
1731550 594
1731560 590
1731570 590
1731580 583
1731590 575
1731600 575
1731610 565
1731620 559
1731630 559
1731640 557
1731650 556
1731660 556
1731670 556
1731680 558
1731690 558
1731700 563
1731710 567
1731720 571
1731730 571
1731740 572
1731750 576
1731760 576
1731770 578
1731780 581
1731790 581
1731800 583
1731810 585
1731820 585
1731830 587
1731840 588
1731850 588
1731860 590
1731870 592
1731880 592
1731890 593
1731900 594
1731910 594
1731920 594
1731930 595
1731940 596
1731950 596
1731960 596
1731970 597
1731980 597
1731990 598
1732000 598
1732010 598
1732020 598
1732030 598
1732040 598
1732050 596
1732060 593
1732070 593
1732080 590
1732090 587
1732100 587
1732110 583
1732120 578
1732130 578
1732140 573
1732150 565
1732160 565
1732170 559
1732180 548
1732190 547
1732200 547
1732210 546
1732220 539
1732230 539
1732240 533
1732250 525
1732260 525
1732270 516
1732280 506
1732290 506
1732300 500
1732310 499
1732320 499
1732330 499
1732340 502
1732350 502
1732360 505
1732370 511
1732380 511
1732390 518
1732400 529
1732410 529
1732420 548
1732430 558
1732440 563
1732450 563
1732460 565
1732470 564
1732480 564
1732490 563
1732500 564
1732510 564
1732520 564
1732530 565
1732540 565
1732550 567
1732560 570
1732570 570
1732580 574
1732590 579
1732600 579
1732610 582
1732620 586
1732630 586
1732640 589
1732650 593
1732660 593
1732670 598
1732680 602
1732690 607
1732700 607
1732710 611
1732720 615
1732730 615
1732740 619
1732750 623
1732760 623
1732770 628
1732780 632
1732790 632
1732800 636
1732810 639
1732820 639
1732830 642
1732840 644
1732850 644
1732860 646
1732870 648
1732880 648
1732890 648
1732900 648
1732910 648
1732920 648
1732930 647
1732940 646
1732950 646
1732960 645
1732970 643
1732980 643
1732990 642
1733000 641
1733010 641
1733020 638
1733030 636
1733040 636
1733050 635
1733060 633
1733070 633
1733080 631
1733090 629
1733100 629
1733110 628
1733120 627
1733130 627
1733140 624
1733150 622
1733160 622
1733170 620
1733180 617
1733190 612
1733200 612
1733210 610
1733220 610
1733230 610
1733240 610
1733250 609
1733260 609
1733270 608
1733280 607
1733290 607
1733300 606
1733310 604
1733320 604
1733330 603
1733340 602
1733350 602
1733360 601
1733370 599
1733380 599
1733390 597
1733400 595
1733410 595
1733420 593
1733430 590
1733440 587
1733450 587
1733460 585
1733470 583
1733480 583
1733490 581
1733500 579
1733510 579
1733520 577
1733530 576
1733540 576
1733550 576
1733560 575
1733570 575
1733580 574
1733590 573
1733600 573
1733610 571
1733620 569
1733630 569
1733640 567
1733650 565
1733660 565
1733670 563
1733680 561
1733690 559
1733700 559
1733710 557
1733720 556
1733730 556
1733740 554
1733750 552
1733760 552
1733770 550
1733780 548
1733790 548
1733800 547
1733810 545
1733820 545
1733830 543
1733840 542
1733850 542
1733860 541
1733870 540
1733880 540
1733890 539
1733900 538
1733910 538
1733920 538
1733930 537
1733940 535
1733950 535
1733960 533
1733970 532
1733980 532
1733990 532
1734000 532
1734010 532
1734020 531
1734030 531
1734040 531
1734050 531
1734060 530
1734070 530
1734080 530
1734090 529
1734100 529
1734110 529
1734120 529
1734130 529
1734140 529
1734150 529
1734160 529
1734170 527
1734180 527
1734190 526
1734200 526
1734210 526
1734220 525
1734230 525
1734240 525
1734250 524
1734260 524
1734270 524
1734280 523
1734290 523
1734300 522
1734310 521
1734320 521
1734330 522
1734340 522
1734350 522
1734360 521
1734370 521
1734380 521
1734390 520
1734400 520
1734410 519
1734420 519
1734430 519
1734440 518
1734450 518
1734460 518
1734470 517
1734480 517
1734490 516
1734500 516
1734510 516
1734520 515
1734530 514
1734540 514
1734550 513
1734560 512
1734570 512
1734580 511
1734590 510
1734600 510
1734610 508
1734620 505
1734630 505
1734640 506
1734650 507
1734660 508
1734670 508
1734680 507
1734690 505
1734700 505
1734710 504
1734720 504
1734730 504
1734740 503
1734750 504
1734760 504
1734770 504
1734780 501
1734790 501
1734800 502
1734810 502
1734820 502
1734830 502
1734840 502
1734850 502
1734860 501
1734870 501
1734880 501
1734890 499
1734900 499
1734910 498
1734920 498
1734930 499
1734940 498
1734950 498
1734960 497
1734970 499
1734980 499
1734990 497
1735000 499
1735010 499
1735020 499
1735030 499
1735040 499
1735050 499
1735060 499
1735070 499
1735080 499
1735090 498
1735100 498
1735110 498
1735120 498
1735130 498
1735140 498
1735150 498
1735160 498
1735170 498
1735180 499
1735190 499
1735200 499
1735210 499
1735220 499
1735230 499
1735240 499
1735250 498
1735260 498
1735270 498
1735280 498
1735290 498
1735300 498
1735310 498
1735320 498
1735330 498
1735340 498
1735350 498
1735360 498
1735370 498
1735380 498
1735390 498
1735400 498
1735410 498
1735420 498
1735430 498
1735440 498
1735450 498
1735460 499
1735470 501
1735480 501
1735490 502
1735500 502
1735510 502
1735520 504
1735530 505
1735540 505
1735550 505
1735560 506
1735570 506
1735580 507
1735590 508
1735600 508
1735610 509
1735620 509
1735630 509
1735640 510
1735650 511
1735660 511
1735670 511
1735680 512
1735690 512
1735700 512
1735710 512
1735720 512
1735730 512
1735740 513
1735750 513
1735760 513
1735770 512
1735780 512
1735790 512
1735800 512
1735810 511
1735820 511
1735830 511
1735840 508
1735850 508
1735860 507
1735870 506
1735880 506
1735890 505
1735900 504
1735910 503
1735920 503
1735930 506
1735940 509
1735950 509
1735960 510
1735970 510
1735980 510
1735990 510
1736000 511
1736010 511
1736020 512
1736030 513
1736040 513
1736050 513
1736060 514
1736070 514
1736080 515
1736090 516
1736100 516
1736110 517
1736120 518
1736130 518
1736140 520
1736150 520
1736160 521
1736170 521
1736180 522
1736190 523
1736200 523
1736210 523
1736220 525
1736230 525
1736240 526
1736250 526
1736260 526
1736270 529
1736280 530
1736290 530
1736300 530
1736310 531
1736320 531
1736330 532
1736340 533
1736350 533
1736360 534
1736370 535
1736380 535
1736390 537
1736400 538
1736410 539
1736420 539
1736430 540
1736440 541
1736450 541
1736460 542
1736470 543
1736480 543
1736490 544
1736500 545
1736510 545
1736520 545
1736530 546
1736540 546
1736550 548
1736560 549
1736570 549
1736580 550
1736590 551
1736600 551
1736610 551
1736620 552
1736630 552
1736640 553
1736650 554
1736660 555
1736670 555
1736680 556
1736690 557
1736700 557
1736710 558
1736720 559
1736730 559
1736740 560
1736750 561
1736760 561
1736770 562
1736780 562
1736790 562
1736800 563
1736810 564
1736820 564
1736830 565
1736840 565
1736850 565
1736860 566
1736870 567
1736880 567
1736890 569
1736900 570
1736910 571
1736920 571
1736930 572
1736940 573
1736950 573
1736960 574
1736970 575
1736980 575
1736990 575
1737000 576
1737010 576
1737020 578
1737030 579
1737040 579
1737050 579
1737060 580
1737070 580
1737080 581
1737090 582
1737100 582
1737110 583
1737120 584
1737130 584
1737140 584
1737150 585
1737160 586
1737170 586
1737180 587
1737190 587
1737200 587
1737210 588
1737220 589
1737230 589
1737240 589
1737250 589
1737260 589
1737270 590
1737280 590
1737290 590
1737300 591
1737310 591
1737320 591
1737330 591
1737340 591
1737350 591
1737360 590
1737370 590
1737380 590
1737390 590
1737400 590
1737410 589
1737420 589
1737430 588
1737440 587
1737450 587
1737460 587
1737470 586
1737480 586
1737490 584
1737500 583
1737510 583
1737520 581
1737530 579
1737540 579
1737550 578
1737560 576
1737570 576
1737580 575
1737590 574
1737600 574
1737610 573
1737620 571
1737630 570
1737640 570
1737650 569
1737660 567
1737670 567
1737680 567
1737690 566
1737700 566
1737710 564
1737720 562
1737730 562
1737740 561
1737750 559
1737760 559
1737770 558
1737780 556
1737790 556
1737800 553
1737810 552
1737820 552
1737830 551
1737840 550
1737850 550
1737860 549
1737870 548
1737880 547
1737890 547
1737900 546
1737910 545
1737920 545
1737930 544
1737940 543
1737950 543
1737960 542
1737970 540
1737980 540
1737990 539
1738000 538
1738010 538
1738020 536
1738030 535
1738040 535
1738050 533
1738060 531
1738070 531
1738080 530
1738090 529
1738100 529
1738110 529
1738120 528
1738130 527
1738140 527
1738150 526
1738160 525
1738170 525
1738180 524
1738190 523
1738200 523
1738210 521
1738220 520
1738230 520
1738240 519
1738250 518
1738260 518
1738270 516
1738280 516
1738290 516
1738300 515
1738310 514
1738320 514
1738330 512
1738340 511
1738350 511
1738360 511
1738370 510
1738380 508
1738390 508
1738400 506
1738410 504
1738420 504
1738430 503
1738440 500
1738450 500
1738460 499
1738470 497
1738480 497
1738490 496
1738500 494
1738510 494
1738520 492
1738530 490
1738540 490
1738550 489
1738560 489
1738570 489
1738580 490
1738590 493
1738600 493
1738610 493
1738620 492
1738630 491
1738640 491
1738650 490
1738660 490
1738670 490
1738680 490
1738690 488
1738700 488
1738710 488
1738720 487
1738730 487
1738740 486
1738750 486
1738760 486
1738770 485
1738780 485
1738790 485
1738800 484
1738810 484
1738820 484
1738830 482
1738840 481
1738850 481
1738860 481
1738870 481
1738880 480
1738890 480
1738900 478
1738910 477
1738920 477
1738930 476
1738940 473
1738950 473
1738960 473
1738970 473
1738980 473
1738990 471
1739000 469
1739010 469
1739020 468
1739030 467
1739040 467
1739050 467
1739060 466
1739070 466
1739080 466
1739090 467
1739100 467
1739110 465
1739120 465
1739130 465
1739140 465
1739150 465
1739160 464
1739170 464
1739180 464
1739190 464
1739200 464
1739210 464
1739220 464
1739230 464
1739240 464
1739250 463
1739260 463
1739270 463
1739280 463
1739290 463
1739300 462
1739310 462
1739320 462
1739330 462
1739340 462
1739350 462
1739360 459
1739370 462
1739380 462
1739390 462
1739400 463
1739410 463
1739420 463
1739430 462
1739440 462
1739450 462
1739460 463
1739470 463
1739480 463
1739490 463
1739500 462
1739510 462
1739520 462
1739530 463
1739540 463
1739550 463
1739560 463
1739570 463
1739580 462
1739590 463
1739600 462
1739610 462
1739620 462
1739630 462
1739640 462
1739650 462
1739660 462
1739670 462
1739680 462
1739690 462
1739700 462
1739710 462
1739720 463
1739730 463
1739740 462
1739750 462
1739760 462
1739770 462
1739780 462
1739790 462
1739800 462
1739810 462
1739820 462
1739830 462
1739840 462
1739850 462
1739860 462
1739870 462
1739880 462
1739890 462
1739900 462
1739910 462
1739920 462
1739930 462
1739940 462
1739950 462
1739960 462
1739970 462
1739980 462
1739990 462
