1720000 869
1720010 865
1720020 862
1720030 862
1720040 859
1720050 856
1720060 856
1720070 853
1720080 850
1720090 850
1720100 848
1720110 847
1720120 847
1720130 846
1720140 844
1720150 844
1720160 843
1720170 843
1720180 843
1720190 842
1720200 840
1720210 840
1720220 834
1720230 828
1720240 822
1720250 822
1720260 815
1720270 809
1720280 809
1720290 803
1720300 795
1720310 795
1720320 795
1720330 802
1720340 802
1720350 807
1720360 812
1720370 812
1720380 816
1720390 820
1720400 820
1720410 822
1720420 825
1720430 825
1720440 827
1720450 829
1720460 829
1720470 830
1720480 831
1720490 832
1720500 832
1720510 832
1720520 832
1720530 832
1720540 832
1720550 831
1720560 831
1720570 830
1720580 829
1720590 829
1720600 829
1720610 828
1720620 828
1720630 829
1720640 828
1720650 828
1720660 827
1720670 826
1720680 826
1720690 825
1720700 824
1720710 822
1720720 822
1720730 821
1720740 820
1720750 820
1720760 816
1720770 810
1720780 810
1720790 804
1720800 798
1720810 798
1720820 791
1720830 787
1720840 787
1720850 781
1720860 783
1720870 783
1720880 786
1720890 790
1720900 790
1720910 792
1720920 792
1720930 792
1720940 790
1720950 789
1720960 787
1720970 787
1720980 783
1720990 775
1721000 775
1721010 769
1721020 764
1721030 764
1721040 759
1721050 753
1721060 753
1721070 749
1721080 750
1721090 750
1721100 753
1721110 758
1721120 758
1721130 765
1721140 772
1721150 772
1721160 777
1721170 781
1721180 781
1721190 785
1721200 787
1721210 790
1721220 790
1721230 793
1721240 797
1721250 797
1721260 801
1721270 808
1721280 808
1721290 811
1721300 814
1721310 814
1721320 816
1721330 819
1721340 819
1721350 820
1721360 820
1721370 820
1721380 819
1721390 817
1721400 817
1721410 814
1721420 812
1721430 812
1721440 808
1721450 804
1721460 796
1721470 796
1721480 790
1721490 786
1721500 786
1721510 777
1721520 770
1721530 770
1721540 764
1721550 758
1721560 758
1721570 753
1721580 745
1721590 745
1721600 744
1721610 745
1721620 745
1721630 749
1721640 755
1721650 755
1721660 761
1721670 767
1721680 767
1721690 771
1721700 777
1721710 783
1721720 783
1721730 784
1721740 787
1721750 787
1721760 788
1721770 790
1721780 790
1721790 794
1721800 797
1721810 797
1721820 800
1721830 803
1721840 803
1721850 805
1721860 807
1721870 807
1721880 810
1721890 812
1721900 812
1721910 814
1721920 815
1721930 815
1721940 815
1721950 816
1721960 816
1721970 816
1721980 817
1721990 817
1722000 817
1722010 817
1722020 816
1722030 816
1722040 816
1722050 815
1722060 815
1722070 814
1722080 814
1722090 814
1722100 808
1722110 809
1722120 809
1722130 814
1722140 816
1722150 816
1722160 818
1722170 820
1722180 820
1722190 822
1722200 827
1722210 831
1722220 831
1722230 835
1722240 838
1722250 838
1722260 840
1722270 842
1722280 842
1722290 842
1722300 841
1722310 841
1722320 840
1722330 838
1722340 838
1722350 836
1722360 834
1722370 834
1722380 831
1722390 830
1722400 830
1722410 829
1722420 829
1722430 829
1722440 830
1722450 830
1722460 830
1722470 830
1722480 829
1722490 827
1722500 827
1722510 826
1722520 824
1722530 824
1722540 824
1722550 830
1722560 830
1722570 833
1722580 836
1722590 836
1722600 838
1722610 839
1722620 839
1722630 839
1722640 838
1722650 838
1722660 838
1722670 837
1722680 837
1722690 838
1722700 837
1722710 838
1722720 838
1722730 838
1722740 839
1722750 839
1722760 840
1722770 841
1722780 841
1722790 842
1722800 842
1722810 842
1722820 843
1722830 844
1722840 844
1722850 845
1722860 846
1722870 846
1722880 847
1722890 847
1722900 847
1722910 849
1722920 850
1722930 850
1722940 852
1722950 854
1722960 857
1722970 857
1722980 860
1722990 863
1723000 863
1723010 865
1723020 868
1723030 868
1723040 870
1723050 871
1723060 871
1723070 873
1723080 874
1723090 874
1723100 875
1723110 876
1723120 876
1723130 877
1723140 877
1723150 877
1723160 877
1723170 877
1723180 877
1723190 878
1723200 880
1723210 877
1723220 877
1723230 874
1723240 871
1723250 871
1723260 868
1723270 864
1723280 864
1723290 861
1723300 857
1723310 857
1723320 854
1723330 850
1723340 850
1723350 846
1723360 843
1723370 843
1723380 840
1723390 837
1723400 837
1723410 834
1723420 832
1723430 832
1723440 830
1723450 827
1723460 824
1723470 824
1723480 822
1723490 819
1723500 819
1723510 818
1723520 817
1723530 817
1723540 815
1723550 818
1723560 818
1723570 821
1723580 821
1723590 821
1723600 820
1723610 819
1723620 819
1723630 819
1723640 820
1723650 820
1723660 821
1723670 821
1723680 822
1723690 822
1723700 825
1723710 828
1723720 828
1723730 831
1723740 835
1723750 835
1723760 839
1723770 843
1723780 843
1723790 845
1723800 848
1723810 848
1723820 851
1723830 853
1723840 853
1723850 856
1723860 858
1723870 858
1723880 861
1723890 864
1723900 864
1723910 867
1723920 870
1723930 874
1723940 874
1723950 878
1723960 879
1723970 879
1723980 884
1723990 886
1724000 886
1724010 889
1724020 892
1724030 892
1724040 895
1724050 898
1724060 898
1724070 900
1724080 903
1724090 903
1724100 904
1724110 906
1724120 906
1724130 908
1724140 911
1724150 911
1724160 914
1724170 915
1724180 920
1724190 920
1724200 926
1724210 931
1724220 931
1724230 934
1724240 937
1724250 937
1724260 940
1724270 942
1724280 942
1724290 944
1724300 945
1724310 945
1724320 945
1724330 946
1724340 946
1724350 949
1724360 953
1724370 953
1724380 957
1724390 962
1724400 962
1724410 968
1724420 973
1724430 979
1724440 979
1724450 986
1724460 989
1724470 989
1724480 990
1724490 987
1724500 987
1724510 988
1724520 989
1724530 989
1724540 992
1724550 995
1724560 995
1724570 996
1724580 998
1724590 998
1724600 1000
1724610 1002
1724620 1002
1724630 1003
1724640 1006
1724650 1006
1724660 1007
1724670 1009
1724680 1012
1724690 1012
1724700 1014
1724710 1016
1724720 1016
1724730 1018
1724740 1021
1724750 1021
1724760 1024
1724770 1025
1724780 1025
1724790 1027
1724800 1030
1724810 1030
1724820 1033
1724830 1036
1724840 1036
1724850 1038
1724860 1037
1724870 1037
1724880 1040
1724890 1041
1724900 1041
1724910 1041
1724920 1041
1724930 1041
1724940 1041
1724950 1042
1724960 1043
1724970 1043
1724980 1044
1724990 1044
1725000 1044
1725010 1044
1725020 1045
1725030 1045
1725040 1047
1725050 1051
1725060 1051
1725070 1054
1725080 1053
1725090 1053
1725100 1051
1725110 1048
1725120 1048
1725130 1045
1725140 1040
1725150 1040
1725160 1035
1725170 1033
1725180 1032
1725190 1032
1725200 1030
1725210 1028
1725220 1028
1725230 1028
1725240 1030
1725250 1030
1725260 1032
1725270 1034
1725280 1034
1725290 1037
1725300 1040
1725310 1040
1725320 1045
1725330 1049
1725340 1049
1725350 1051
1725360 1054
1725370 1054
1725380 1058
1725390 1061
1725400 1061
1725410 1065
1725420 1067
1725430 1070
1725440 1070
1725450 1072
1725460 1073
1725470 1073
1725480 1074
1725490 1076
1725500 1076
1725510 1080
1725520 1085
1725530 1085
1725540 1090
1725550 1094
1725560 1094
1725570 1100
1725580 1103
1725590 1103
1725600 1108
1725610 1115
1725620 1115
1725630 1118
1725640 1122
1725650 1122
1725660 1124
1725670 1125
1725680 1127
1725690 1127
1725700 1128
1725710 1129
1725720 1129
1725730 1129
1725740 1128
1725750 1128
1725760 1123
1725770 1120
1725780 1120
1725790 1118
1725800 1118
1725810 1118
1725820 1117
1725830 1117
1725840 1117
1725850 1117
1725860 1116
1725870 1116
1725880 1116
1725890 1115
1725900 1115
1725910 1115
1725920 1114
1725930 1113
1725940 1113
1725950 1112
1725960 1111
1725970 1111
1725980 1109
1725990 1106
1726000 1106
1726010 1105
1726020 1105
1726030 1105
1726040 1105
1726050 1105
1726060 1105
1726070 1104
1726080 1102
1726090 1102
1726100 1102
1726110 1100
1726120 1100
1726130 1099
1726140 1098
1726150 1098
1726160 1096
1726170 1093
1726180 1092
1726190 1092
1726200 1090
1726210 1089
1726220 1089
1726230 1088
1726240 1087
1726250 1087
1726260 1087
1726270 1086
1726280 1086
1726290 1085
1726300 1085
1726310 1085
1726320 1083
1726330 1082
1726340 1082
1726350 1081
1726360 1080
1726370 1080
1726380 1080
1726390 1080
1726400 1080
1726410 1081
1726420 1082
1726430 1082
1726440 1082
1726450 1083
1726460 1083
1726470 1083
1726480 1083
1726490 1082
1726500 1082
1726510 1082
1726520 1081
1726530 1081
1726540 1080
1726550 1079
1726560 1079
1726570 1079
1726580 1078
1726590 1078
1726600 1077
1726610 1076
1726620 1076
1726630 1075
1726640 1074
1726650 1074
1726660 1073
1726670 1073
1726680 1074
1726690 1074
1726700 1074
1726710 1075
1726720 1075
1726730 1075
1726740 1076
1726750 1076
1726760 1077
1726770 1077
1726780 1077
1726790 1078
1726800 1078
1726810 1078
1726820 1078
1726830 1078
1726840 1078
1726850 1078
1726860 1078
1726870 1078
1726880 1079
1726890 1079
1726900 1079
1726910 1079
1726920 1079
1726930 1079
1726940 1079
1726950 1079
1726960 1078
1726970 1078
1726980 1078
1726990 1077
1727000 1077
1727010 1076
1727020 1075
1727030 1075
1727040 1074
1727050 1072
1727060 1072
1727070 1071
1727080 1070
1727090 1070
1727100 1068
1727110 1067
1727120 1067
1727130 1066
1727140 1064
1727150 1063
1727160 1063
1727170 1062
1727180 1060
1727190 1060
1727200 1059
1727210 1058
1727220 1058
1727230 1058
1727240 1057
1727250 1057
1727260 1056
1727270 1055
1727280 1055
1727290 1055
1727300 1055
1727310 1055
1727320 1055
1727330 1054
1727340 1054
1727350 1054
1727360 1053
1727370 1053
1727380 1052
1727390 1050
1727400 1049
1727410 1049
1727420 1048
1727430 1047
1727440 1047
1727450 1045
1727460 1043
1727470 1043
1727480 1041
1727490 1039
1727500 1039
1727510 1037
1727520 1036
1727530 1036
1727540 1033
1727550 1033
1727560 1033
1727570 1032
1727580 1030
1727590 1030
1727600 1028
1727610 1027
1727620 1027
1727630 1019
1727640 1013
1727650 998
1727660 998
1727670 994
1727680 990
1727690 990
1727700 988
1727710 983
1727720 983
1727730 979
1727740 970
1727750 970
1727760 965
1727770 960
1727780 960
1727790 956
1727800 953
1727810 953
1727820 950
1727830 948
1727840 948
1727850 945
1727860 943
1727870 943
1727880 941
1727890 939
1727900 936
1727910 936
1727920 934
1727930 932
1727940 932
1727950 930
1727960 928
1727970 928
1727980 926
1727990 923
1728000 923
1728010 922
1728020 919
1728030 919
1728040 917
1728050 914
1728060 914
1728070 912
1728080 908
1728090 908
1728100 904
1728110 902
1728120 902
1728130 898
1728140 898
1728150 896
1728160 896
1728170 893
1728180 890
1728190 890
1728200 887
1728210 885
1728220 885
1728230 882
1728240 879
1728250 879
1728260 876
1728270 873
1728280 873
1728290 869
1728300 866
1728310 866
1728320 861
1728330 856
1728340 856
1728350 851
1728360 846
1728370 846
1728380 842
1728390 836
1728400 830
1728410 830
1728420 824
1728430 818
1728440 818
1728450 812
1728460 807
1728470 807
1728480 802
1728490 801
1728500 801
1728510 801
1728520 802
1728530 802
1728540 801
1728550 800
1728560 800
1728570 799
1728580 799
1728590 799
1728600 798
1728610 797
1728620 797
1728630 796
1728640 795
1728650 794
1728660 794
1728670 792
1728680 790
1728690 790
1728700 788
1728710 786
1728720 786
1728730 784
1728740 783
1728750 783
1728760 781
1728770 780
1728780 780
1728790 778
1728800 776
1728810 776
1728820 774
1728830 772
1728840 772
1728850 770
1728860 768
1728870 768
1728880 765
1728890 763
1728900 760
1728910 760
1728920 758
1728930 756
1728940 756
1728950 753
1728960 751
1728970 751
1728980 746
1728990 744
1729000 744
1729010 741
1729020 738
1729030 738
1729040 734
1729050 730
1729060 730
1729070 726
1729080 727
1729090 727
1729100 728
1729110 730
1729120 730
1729130 731
1729140 732
1729150 733
1729160 733
1729170 734
1729180 734
1729190 734
1729200 734
1729210 733
1729220 733
1729230 733
1729240 732
1729250 732
1729260 732
1729270 731
1729280 731
1729290 730
1729300 729
1729310 729
1729320 728
1729330 727
1729340 727
1729350 726
1729360 726
1729370 726
1729380 726
1729390 725
1729400 725
1729410 725
1729420 725
1729430 724
1729440 724
1729450 724
1729460 724
1729470 724
1729480 725
1729490 725
1729500 725
1729510 725
1729520 725
1729530 725
1729540 724
1729550 723
1729560 723
1729570 721
1729580 720
1729590 720
1729600 720
1729610 720
1729620 720
1729630 720
1729640 720
1729650 718
1729660 718
1729670 716
1729680 715
1729690 715
1729700 714
1729710 712
1729720 712
1729730 711
1729740 710
1729750 710
1729760 709
1729770 708
1729780 708
1729790 707
1729800 705
1729810 705
1729820 704
1729830 702
1729840 702
1729850 701
1729860 700
1729870 700
1729880 698
1729890 697
1729900 696
1729910 696
1729920 696
1729930 695
1729940 695
1729950 694
1729960 693
1729970 693
1729980 693
1729990 692
1730000 692
1730010 691
1730020 689
1730030 689
1730040 688
1730050 687
1730060 687
1730070 686
1730080 686
1730090 686
1730100 686
1730110 686
1730120 685
1730130 685
1730140 684
1730150 684
1730160 684
1730170 683
1730180 682
1730190 682
1730200 682
1730210 681
1730220 681
1730230 680
1730240 679
1730250 679
1730260 678
1730270 676
1730280 676
1730290 675
1730300 675
1730310 675
1730320 674
1730330 672
1730340 672
1730350 671
1730360 670
1730370 669
1730380 669
1730390 668
1730400 667
1730410 667
1730420 666
1730430 664
1730440 664
1730450 663
1730460 662
1730470 662
1730480 660
1730490 659
1730500 659
1730510 658
1730520 657
1730530 657
1730540 656
1730550 654
1730560 654
1730570 652
1730580 651
1730590 651
1730600 649
1730610 647
1730620 644
1730630 644
1730640 642
1730650 640
1730660 640
1730670 638
1730680 636
1730690 636
1730700 630
1730710 633
1730720 633
1730730 634
1730740 634
1730750 634
1730760 634
1730770 634
1730780 634
1730790 634
1730800 633
1730810 633
1730820 632
1730830 631
1730840 631
1730850 627
1730860 621
1730870 624
1730880 624
1730890 624
1730900 624
1730910 624
1730920 624
1730930 624
1730940 624
1730950 621
1730960 617
1730970 617
1730980 613
1730990 610
1731000 610
1731010 606
1731020 604
1731030 604
1731040 599
1731050 598
1731060 598
1731070 598
1731080 597
1731090 597
1731100 596
1731110 601
1731120 605
1731130 605
1731140 609
1731150 612
1731160 612
1731170 614
1731180 615
1731190 615
1731200 615
1731210 615
1731220 615
1731230 615
1731240 615
1731250 615
1731260 615
1731270 614
1731280 614
1731290 613
1731300 612
1731310 612
1731320 612
1731330 611
1731340 611
1731350 611
1731360 611
1731370 610
1731380 610
1731390 610
1731400 610
1731410 610
1731420 610
1731430 610
1731440 610
1731450 610
1731460 610
1731470 610
1731480 610
1731490 611
1731500 611
1731510 611
1731520 611
1731530 611
1731540 611
1731550 612
1731560 612
1731570 612
1731580 612
1731590 612
1731600 612
1731610 612
1731620 612
1731630 612
1731640 612
1731650 611
1731660 611
1731670 609
1731680 605
1731690 605
1731700 600
1731710 597
1731720 597
1731730 593
1731740 588
1731750 588
1731760 584
1731770 580
1731780 580
1731790 575
1731800 572
1731810 572
1731820 570
1731830 567
1731840 567
1731850 565
1731860 566
1731870 566
1731880 566
1731890 566
1731900 566
1731910 566
1731920 567
1731930 569
1731940 569
1731950 570
1731960 562
1731970 562
1731980 556
1731990 549
1732000 549
1732010 542
1732020 516
1732030 516
1732040 508
1732050 503
1732060 503
1732070 503
1732080 504
1732090 504
1732100 506
1732110 511
1732120 517
1732130 517
1732140 526
1732150 532
1732160 532
1732170 540
1732180 543
1732190 543
1732200 546
1732210 556
1732220 556
1732230 561
1732240 565
1732250 565
1732260 570
1732270 573
1732280 573
1732290 576
1732300 581
1732310 581
1732320 586
1732330 592
1732340 592
1732350 598
1732360 602
1732370 606
1732380 606
1732390 611
1732400 615
1732410 615
1732420 618
1732430 622
1732440 622
1732450 625
1732460 627
1732470 627
1732480 630
1732490 632
1732500 632
1732510 635
1732520 638
1732530 638
1732540 639
1732550 641
1732560 641
1732570 643
1732580 645
1732590 645
1732600 646
1732610 647
1732620 647
1732630 647
1732640 647
1732650 647
1732660 647
1732670 647
1732680 646
1732690 646
1732700 646
1732710 645
1732720 645
1732730 644
1732740 644
1732750 644
1732760 643
1732770 643
1732780 643
1732790 643
1732800 642
1732810 642
1732820 642
1732830 642
1732840 642
1732850 641
1732860 641
1732870 641
1732880 641
1732890 641
1732900 641
1732910 641
1732920 641
1732930 641
1732940 641
1732950 639
1732960 638
1732970 638
1732980 636
1732990 634
1733000 634
1733010 633
1733020 632
1733030 632
1733040 631
1733050 629
1733060 629
1733070 628
1733080 626
1733090 626
1733100 623
1733110 621
1733120 620
1733130 620
1733140 618
1733150 614
1733160 614
1733170 612
1733180 609
1733190 609
1733200 606
1733210 603
1733220 603
1733230 601
1733240 598
1733250 598
1733260 595
1733270 593
1733280 593
1733290 591
1733300 589
1733310 589
1733320 586
1733330 584
1733340 582
1733350 582
1733360 580
1733370 578
1733380 578
1733390 576
1733400 573
1733410 573
1733420 571
1733430 569
1733440 569
1733450 567
1733460 564
1733470 564
1733480 563
1733490 561
1733500 561
1733510 559
1733520 557
1733530 557
1733540 556
1733550 554
1733560 554
1733570 552
1733580 550
1733590 548
1733600 548
1733610 545
1733620 542
1733630 542
1733640 538
1733650 536
1733660 536
1733670 535
1733680 535
1733690 535
1733700 534
1733710 531
1733720 531
1733730 530
1733740 530
1733750 530
1733760 529
1733770 528
1733780 528
1733790 527
1733800 526
1733810 526
1733820 525
1733830 524
1733840 524
1733850 524
1733860 523
1733870 522
1733880 522
1733890 521
1733900 520
1733910 520
1733920 519
1733930 518
1733940 518
1733950 518
1733960 517
1733970 517
1733980 516
1733990 515
1734000 515
1734010 515
1734020 514
1734030 514
1734040 514
1734050 512
1734060 512
1734070 512
1734080 511
1734090 511
1734100 511
1734110 512
1734120 512
1734130 512
1734140 512
1734150 512
1734160 512
1734170 512
1734180 513
1734190 513
1734200 514
1734210 514
1734220 514
1734230 515
1734240 515
1734250 515
1734260 516
1734270 517
1734280 517
1734290 517
1734300 517
1734310 517
1734320 517
1734330 517
1734340 517
1734350 517
1734360 517
1734370 517
1734380 517
1734390 518
1734400 518
1734410 518
1734420 518
1734430 519
1734440 519
1734450 519
1734460 519
1734470 519
1734480 520
1734490 520
1734500 520
1734510 520
1734520 520
1734530 520
1734540 520
1734550 520
1734560 520
1734570 520
1734580 521
1734590 521
1734600 521
1734610 521
1734620 521
1734630 521
1734640 520
1734650 521
1734660 521
1734670 520
1734680 520
1734690 520
1734700 519
1734710 518
1734720 518
1734730 517
1734740 516
1734750 516
1734760 515
1734770 514
1734780 514
1734790 513
1734800 513
1734810 513
1734820 512
1734830 512
1734840 512
1734850 512
1734860 513
1734870 513
1734880 513
1734890 513
1734900 513
1734910 513
1734920 514
1734930 514
1734940 514
1734950 513
1734960 513
1734970 513
1734980 513
1734990 513
1735000 513
1735010 514
1735020 513
1735030 513
1735040 512
1735050 513
1735060 513
1735070 514
1735080 514
1735090 514
1735100 514
1735110 514
1735120 515
1735130 515
1735140 515
1735150 517
1735160 517
1735170 517
1735180 518
1735190 518
1735200 518
1735210 518
1735220 518
1735230 518
1735240 518
1735250 518
1735260 517
1735270 516
1735280 516
1735290 515
1735300 514
1735310 514
1735320 513
1735330 512
1735340 510
1735350 510
1735360 509
1735370 508
1735380 508
1735390 508
1735400 508
1735410 508
1735420 508
1735430 508
1735440 508
1735450 508
1735460 508
1735470 508
1735480 508
1735490 508
1735500 508
1735510 509
1735520 509
1735530 509
1735540 510
1735550 510
1735560 510
1735570 510
1735580 511
1735590 511
1735600 511
1735610 512
1735620 513
1735630 513
1735640 513
1735650 514
1735660 514
1735670 515
1735680 516
1735690 516
1735700 517
1735710 518
1735720 518
1735730 519
1735740 519
1735750 519
1735760 520
1735770 521
1735780 521
1735790 521
1735800 521
1735810 521
1735820 522
1735830 522
1735840 522
1735850 522
1735860 522
1735870 522
1735880 522
1735890 522
1735900 521
1735910 521
1735920 521
1735930 520
1735940 520
1735950 519
1735960 518
1735970 518
1735980 518
1735990 518
1736000 518
1736010 514
1736020 512
1736030 512
1736040 514
1736050 519
1736060 519
1736070 521
1736080 522
1736090 522
1736100 522
1736110 523
1736120 524
1736130 524
1736140 525
1736150 526
1736160 526
1736170 527
1736180 527
1736190 527
1736200 528
1736210 529
1736220 529
1736230 527
1736240 526
1736250 526
1736260 525
1736270 525
1736280 525
1736290 525
1736300 526
1736310 526
1736320 525
1736330 524
1736340 524
1736350 524
1736360 526
1736370 527
1736380 527
1736390 528
1736400 528
1736410 528
1736420 527
1736430 527
1736440 527
1736450 528
1736460 530
1736470 530
1736480 532
1736490 533
1736500 533
1736510 535
1736520 539
1736530 539
1736540 542
1736550 543
1736560 543
1736570 543
1736580 544
1736590 546
1736600 546
1736610 546
1736620 547
1736630 547
1736640 549
1736650 549
1736660 549
1736670 551
1736680 555
1736690 555
1736700 556
1736710 557
1736720 557
1736730 558
1736740 559
1736750 559
1736760 560
1736770 561
1736780 561
1736790 562
1736800 564
1736810 565
1736820 565
1736830 567
1736840 568
1736850 568
1736860 569
1736870 570
1736880 570
1736890 571
1736900 573
1736910 573
1736920 574
1736930 576
1736940 576
1736950 577
1736960 578
1736970 578
1736980 579
1736990 580
1737000 580
1737010 581
1737020 582
1737030 582
1737040 583
1737050 583
1737060 583
1737070 583
1737080 583
1737090 584
1737100 584
1737110 584
1737120 584
1737130 584
1737140 583
1737150 583
1737160 583
1737170 582
1737180 581
1737190 581
1737200 580
1737210 580
1737220 580
1737230 578
1737240 576
1737250 576
1737260 574
1737270 573
1737280 573
1737290 571
1737300 569
1737310 567
1737320 567
1737330 565
1737340 563
1737350 563
1737360 561
1737370 560
1737380 560
1737390 559
1737400 556
1737410 556
1737420 554
1737430 552
1737440 552
1737450 550
1737460 548
1737470 548
1737480 544
1737490 543
1737500 543
1737510 542
1737520 541
1737530 541
1737540 540
1737550 539
1737560 539
1737570 539
1737580 538
1737590 537
1737600 537
1737610 536
1737620 535
1737630 535
1737640 533
1737650 532
1737660 532
1737670 531
1737680 531
1737690 531
1737700 530
1737710 530
1737720 530
1737730 528
1737740 526
1737750 526
1737760 524
1737770 523
1737780 523
1737790 523
1737800 523
1737810 525
1737820 525
1737830 524
1737840 524
1737850 524
1737860 523
1737870 522
1737880 522
1737890 521
1737900 520
1737910 520
1737920 519
1737930 517
1737940 517
1737950 515
1737960 512
1737970 512
1737980 511
1737990 509
1738000 509
1738010 505
1738020 502
1738030 502
1738040 500
1738050 499
1738060 499
1738070 499
1738080 496
1738090 497
1738100 497
1738110 499
1738120 501
1738130 501
1738140 506
1738150 508
1738160 508
1738170 509
1738180 509
1738190 509
1738200 508
1738210 506
1738220 506
1738230 506
1738240 505
1738250 505
1738260 503
1738270 503
1738280 503
1738290 502
1738300 501
1738310 500
1738320 500
1738330 500
1738340 499
1738350 499
1738360 498
1738370 497
1738380 497
1738390 497
1738400 496
1738410 496
1738420 495
1738430 495
1738440 495
1738450 494
1738460 494
1738470 494
1738480 493
1738490 492
1738500 492
1738510 492
1738520 492
1738530 492
1738540 491
1738550 490
1738560 490
1738570 490
1738580 489
1738590 488
1738600 488
1738610 488
1738620 487
1738630 487
1738640 486
1738650 486
1738660 486
1738670 485
1738680 483
1738690 483
1738700 482
1738710 481
1738720 481
1738730 480
1738740 479
1738750 479
1738760 478
1738770 478
1738780 478
1738790 477
1738800 476
1738810 475
1738820 475
1738830 474
1738840 472
1738850 472
1738860 473
1738870 473
1738880 473
1738890 473
1738900 472
1738910 472
1738920 471
1738930 471
1738940 471
1738950 470
1738960 470
1738970 470
1738980 470
1738990 469
1739000 469
1739010 470
1739020 469
1739030 469
1739040 469
1739050 469
1739060 469
1739070 469
1739080 469
1739090 469
1739100 469
1739110 469
1739120 469
1739130 469
1739140 468
1739150 468
1739160 468
1739170 468
1739180 468
1739190 468
1739200 468
1739210 468
1739220 468
1739230 468
1739240 468
1739250 468
1739260 468
1739270 468
1739280 468
1739290 464
1739300 466
1739310 467
1739320 467
1739330 467
1739340 466
1739350 466
1739360 466
1739370 467
1739380 467
1739390 467
1739400 467
1739410 467
1739420 467
1739430 467
1739440 467
1739450 467
1739460 467
1739470 467
1739480 467
1739490 467
1739500 467
1739510 466
1739520 466
1739530 466
1739540 466
1739550 467
1739560 466
1739570 466
1739580 466
1739590 466
1739600 466
1739610 466
1739620 466
1739630 466
1739640 466
1739650 466
1739660 466
1739670 466
1739680 466
1739690 466
1739700 466
1739710 466
1739720 466
1739730 466
1739740 466
1739750 466
1739760 466
1739770 466
1739780 466
1739790 466
1739800 466
1739810 466
1739820 466
1739830 467
1739840 467
1739850 467
1739860 468
1739870 468
1739880 468
1739890 468
1739900 468
1739910 468
1739920 469
1739930 469
1739940 469
1739950 469
1739960 470
1739970 470
1739980 470
1739990 470
