1720000 869
1720010 869
1720020 868
1720030 866
1720040 866
1720050 865
1720060 864
1720070 864
1720080 862
1720090 861
1720100 861
1720110 860
1720120 858
1720130 858
1720140 857
1720150 856
1720160 856
1720170 855
1720180 854
1720190 854
1720200 852
1720210 851
1720220 851
1720230 849
1720240 847
1720250 846
1720260 846
1720270 845
1720280 844
1720290 844
1720300 842
1720310 841
1720320 841
1720330 840
1720340 839
1720350 839
1720360 838
1720370 836
1720380 836
1720390 835
1720400 834
1720410 834
1720420 832
1720430 830
1720440 830
1720450 828
1720460 826
1720470 826
1720480 824
1720490 822
1720500 821
1720510 821
1720520 820
1720530 818
1720540 818
1720550 817
1720560 815
1720570 815
1720580 813
1720590 811
1720600 811
1720610 810
1720620 809
1720630 809
1720640 807
1720650 806
1720660 806
1720670 804
1720680 802
1720690 802
1720700 799
1720710 797
1720720 797
1720730 794
1720740 792
1720750 789
1720760 789
1720770 787
1720780 786
1720790 786
1720800 785
1720810 784
1720820 784
1720830 783
1720840 782
1720850 782
1720860 782
1720870 782
1720880 782
1720890 781
1720900 781
1720910 781
1720920 780
1720930 779
1720940 779
1720950 778
1720960 776
1720970 776
1720980 775
1720990 774
1721000 772
1721010 772
1721020 771
1721030 770
1721040 770
1721050 769
1721060 767
1721070 767
1721080 766
1721090 765
1721100 765
1721110 763
1721120 762
1721130 762
1721140 761
1721150 759
1721160 759
1721170 758
1721180 756
1721190 756
1721200 756
1721210 754
1721220 754
1721230 755
1721240 751
1721250 749
1721260 749
1721270 748
1721280 746
1721290 746
1721300 743
1721310 741
1721320 741
1721330 738
1721340 735
1721350 735
1721360 733
1721370 731
1721380 731
1721390 729
1721400 727
1721410 727
1721420 727
1721430 726
1721440 726
1721450 724
1721460 721
1721470 721
1721480 718
1721490 714
1721500 711
1721510 711
1721520 708
1721530 705
1721540 705
1721550 703
1721560 699
1721570 699
1721580 698
1721590 697
1721600 697
1721610 696
1721620 696
1721630 696
1721640 694
1721650 695
1721660 695
1721670 695
1721680 695
1721690 695
1721700 695
1721710 695
1721720 695
1721730 695
1721740 697
1721750 699
1721760 699
1721770 701
1721780 704
1721790 704
1721800 706
1721810 708
1721820 708
1721830 711
1721840 713
1721850 713
1721860 715
1721870 717
1721880 717
1721890 718
1721900 719
1721910 719
1721920 721
1721930 723
1721940 723
1721950 724
1721960 725
1721970 725
1721980 727
1721990 728
1722000 729
1722010 729
1722020 730
1722030 730
1722040 730
1722050 730
1722060 730
1722070 730
1722080 729
1722090 729
1722100 729
1722110 729
1722120 729
1722130 729
1722140 729
1722150 728
1722160 728
1722170 728
1722180 727
1722190 727
1722200 726
1722210 726
1722220 726
1722230 725
1722240 724
1722250 720
1722260 720
1722270 718
1722280 720
1722290 720
1722300 728
1722310 733
1722320 733
1722330 735
1722340 736
1722350 736
1722360 736
1722370 735
1722380 735
1722390 735
1722400 736
1722410 736
1722420 737
1722430 739
1722440 739
1722450 741
1722460 742
1722470 742
1722480 741
1722490 743
1722500 746
1722510 746
1722520 752
1722530 757
1722540 757
1722550 760
1722560 763
1722570 763
1722580 766
1722590 769
1722600 769
1722610 773
1722620 777
1722630 777
1722640 780
1722650 781
1722660 781
1722670 782
1722680 784
1722690 784
1722700 784
1722710 785
1722720 785
1722730 785
1722740 786
1722750 787
1722760 787
1722770 787
1722780 788
1722790 788
1722800 788
1722810 788
1722820 788
1722830 788
1722840 787
1722850 787
1722860 786
1722870 785
1722880 785
1722890 784
1722900 784
1722910 784
1722920 783
1722930 783
1722940 783
1722950 784
1722960 783
1722970 783
1722980 783
1722990 782
1723000 782
1723010 782
1723020 782
1723030 782
1723040 782
1723050 783
1723060 783
1723070 783
1723080 783
1723090 784
1723100 784
1723110 784
1723120 788
1723130 788
1723140 790
1723150 794
1723160 794
1723170 797
1723180 802
1723190 802
1723200 805
1723210 811
1723220 811
1723230 816
1723240 819
1723250 822
1723260 822
1723270 824
1723280 826
1723290 826
1723300 826
1723310 827
1723320 827
1723330 826
1723340 826
1723350 826
1723360 826
1723370 824
1723380 824
1723390 823
1723400 822
1723410 822
1723420 822
1723430 821
1723440 821
1723450 820
1723460 820
1723470 820
1723480 819
1723490 819
1723500 819
1723510 819
1723520 820
1723530 821
1723540 821
1723550 823
1723560 825
1723570 825
1723580 827
1723590 828
1723600 828
1723610 828
1723620 830
1723630 830
1723640 830
1723650 830
1723660 829
1723670 828
1723680 827
1723690 827
1723700 826
1723710 825
1723720 825
1723730 824
1723740 823
1723750 821
1723760 821
1723770 818
1723780 816
1723790 816
1723800 813
1723810 809
1723820 809
1723830 806
1723840 804
1723850 804
1723860 802
1723870 800
1723880 800
1723890 798
1723900 796
1723910 796
1723920 793
1723930 790
1723940 790
1723950 787
1723960 782
1723970 782
1723980 779
1723990 775
1724000 772
1724010 772
1724020 766
1724030 758
1724040 758
1724050 749
1724060 741
1724070 741
1724080 735
1724090 734
1724100 734
1724110 738
1724120 744
1724130 744
1724140 751
1724150 756
1724160 756
1724170 757
1724180 764
1724190 764
1724200 770
1724210 776
1724220 776
1724230 781
1724240 787
1724250 791
1724260 791
1724270 794
1724280 793
1724290 793
1724300 793
1724310 794
1724320 794
1724330 796
1724340 797
1724350 797
1724360 797
1724370 796
1724380 796
1724390 796
1724400 795
1724410 795
1724420 793
1724430 792
1724440 792
1724450 790
1724460 788
1724470 788
1724480 786
1724490 785
1724500 783
1724510 783
1724520 782
1724530 780
1724540 780
1724550 775
1724560 775
1724570 775
1724580 779
1724590 782
1724600 782
1724610 785
1724620 789
1724630 789
1724640 792
1724650 795
1724660 795
1724670 799
1724680 802
1724690 802
1724700 806
1724710 811
1724720 811
1724730 815
1724740 820
1724750 824
1724760 824
1724770 828
1724780 834
1724790 834
1724800 839
1724810 842
1724820 842
1724830 848
1724840 854
1724850 854
1724860 859
1724870 864
1724880 864
1724890 870
1724900 877
1724910 877
1724920 881
1724930 885
1724940 885
1724950 889
1724960 893
1724970 893
1724980 897
1724990 901
1725000 904
1725010 904
1725020 906
1725030 908
1725040 908
1725050 909
1725060 911
1725070 911
1725080 913
1725090 914
1725100 914
1725110 916
1725120 918
1725130 918
1725140 920
1725150 922
1725160 922
1725170 925
1725180 926
1725190 926
1725200 928
1725210 930
1725220 930
1725230 932
1725240 934
1725250 936
1725260 936
1725270 938
1725280 938
1725290 938
1725300 941
1725310 942
1725320 942
1725330 944
1725340 945
1725350 945
1725360 946
1725370 948
1725380 948
1725390 950
1725400 952
1725410 952
1725420 954
1725430 956
1725440 956
1725450 958
1725460 961
1725470 961
1725480 963
1725490 964
1725500 966
1725510 966
1725520 967
1725530 969
1725540 969
1725550 971
1725560 973
1725570 973
1725580 974
1725590 975
1725600 975
1725610 976
1725620 977
1725630 977
1725640 978
1725650 978
1725660 978
1725670 979
1725680 978
1725690 978
1725700 977
1725710 977
1725720 977
1725730 976
1725740 974
1725750 972
1725760 972
1725770 970
1725780 968
1725790 968
1725800 966
1725810 966
1725820 966
1725830 965
1725840 965
1725850 965
1725860 963
1725870 963
1725880 963
1725890 965
1725900 968
1725910 968
1725920 971
1725930 975
1725940 975
1725950 978
1725960 981
1725970 981
1725980 985
1725990 987
1726000 989
1726010 989
1726020 992
1726030 995
1726040 995
1726050 997
1726060 1001
1726070 1001
1726080 1003
1726090 1003
1726100 1003
1726110 1003
1726120 1001
1726130 1001
1726140 999
1726150 996
1726160 996
1726170 993
1726180 990
1726190 990
1726200 987
1726210 987
1726220 987
1726230 986
1726240 985
1726250 985
1726260 985
1726270 986
1726280 986
1726290 986
1726300 987
1726310 989
1726320 989
1726330 990
1726340 991
1726350 991
1726360 990
1726370 993
1726380 993
1726390 997
1726400 998
1726410 998
1726420 1002
1726430 1004
1726440 1004
1726450 1006
1726460 1010
1726470 1010
1726480 1011
1726490 1016
1726500 1018
1726510 1018
1726520 1023
1726530 1028
1726540 1028
1726550 1032
1726560 1037
1726570 1037
1726580 1041
1726590 1045
1726600 1045
1726610 1049
1726620 1051
1726630 1051
1726640 1051
1726650 1050
1726660 1050
1726670 1050
1726680 1050
1726690 1050
1726700 1050
1726710 1051
1726720 1051
1726730 1052
1726740 1053
1726750 1055
1726760 1055
1726770 1057
1726780 1059
1726790 1059
1726800 1060
1726810 1063
1726820 1063
1726830 1065
1726840 1067
1726850 1067
1726860 1069
1726870 1070
1726880 1070
1726890 1071
1726900 1071
1726910 1071
1726920 1072
1726930 1072
1726940 1072
1726950 1072
1726960 1072
1726970 1072
1726980 1072
1726990 1073
1727000 1075
1727010 1075
1727020 1076
1727030 1078
1727040 1078
1727050 1079
1727060 1081
1727070 1081
1727080 1083
1727090 1084
1727100 1084
1727110 1086
1727120 1088
1727130 1088
1727140 1090
1727150 1091
1727160 1091
1727170 1093
1727180 1094
1727190 1094
1727200 1096
1727210 1098
1727220 1098
1727230 1100
1727240 1102
1727250 1105
1727260 1105
1727270 1108
1727280 1111
1727290 1111
1727300 1114
1727310 1118
1727320 1118
1727330 1119
1727340 1117
1727350 1117
1727360 1114
1727370 1111
1727380 1111
1727390 1109
1727400 1106
1727410 1106
1727420 1103
1727430 1101
1727440 1101
1727450 1098
1727460 1095
1727470 1095
1727480 1093
1727490 1090
1727500 1088
1727510 1088
1727520 1086
1727530 1082
1727540 1082
1727550 1079
1727560 1075
1727570 1075
1727580 1071
1727590 1066
1727600 1066
1727610 1061
1727620 1056
1727630 1056
1727640 1052
1727650 1048
1727660 1048
1727670 1045
1727680 1042
1727690 1042
1727700 1039
1727710 1035
1727720 1035
1727730 1032
1727740 1027
1727750 1024
1727760 1024
1727770 1019
1727780 1015
1727790 1015
1727800 1011
1727810 1006
1727820 1006
1727830 1002
1727840 999
1727850 999
1727860 994
1727870 990
1727880 990
1727890 986
1727900 982
1727910 982
1727920 979
1727930 976
1727940 976
1727950 972
1727960 970
1727970 970
1727980 970
1727990 970
1728000 971
1728010 971
1728020 972
1728030 972
1728040 972
1728050 972
1728060 972
1728070 972
1728080 972
1728090 973
1728100 973
1728110 973
1728120 973
1728130 973
1728140 973
1728150 973
1728160 973
1728170 975
1728180 976
1728190 976
1728200 976
1728210 979
1728220 979
1728230 978
1728240 977
1728250 976
1728260 976
1728270 975
1728280 973
1728290 973
1728300 972
1728310 969
1728320 969
1728330 967
1728340 965
1728350 965
1728360 961
1728370 958
1728380 958
1728390 954
1728400 950
1728410 950
1728420 945
1728430 940
1728440 940
1728450 935
1728460 931
1728470 931
1728480 926
1728490 922
1728500 918
1728510 918
1728520 915
1728530 912
1728540 912
1728550 911
1728560 911
1728570 911
1728580 911
1728590 911
1728600 911
1728610 912
1728620 912
1728630 912
1728640 912
1728650 912
1728660 912
1728670 913
1728680 913
1728690 913
1728700 913
1728710 912
1728720 912
1728730 912
1728740 912
1728750 912
1728760 911
1728770 911
1728780 910
1728790 910
1728800 909
1728810 909
1728820 909
1728830 908
1728840 907
1728850 907
1728860 907
1728870 906
1728880 906
1728890 905
1728900 903
1728910 903
1728920 902
1728930 901
1728940 901
1728950 899
1728960 897
1728970 897
1728980 896
1728990 893
1729000 893
1729010 891
1729020 889
1729030 887
1729040 887
1729050 884
1729060 882
1729070 882
1729080 879
1729090 876
1729100 876
1729110 873
1729120 870
1729130 870
1729140 866
1729150 861
1729160 861
1729170 858
1729180 854
1729190 854
1729200 850
1729210 847
1729220 847
1729230 844
1729240 842
1729250 842
1729260 839
1729270 836
1729280 835
1729290 835
1729300 835
1729310 833
1729320 833
1729330 832
1729340 831
1729350 831
1729360 829
1729370 827
1729380 827
1729390 826
1729400 826
1729410 826
1729420 826
1729430 826
1729440 826
1729450 826
1729460 824
1729470 824
1729480 823
1729490 821
1729500 821
1729510 819
1729520 819
1729530 818
1729540 818
1729550 819
1729560 819
1729570 819
1729580 818
1729590 816
1729600 816
1729610 814
1729620 812
1729630 812
1729640 810
1729650 807
1729660 807
1729670 805
1729680 803
1729690 803
1729700 801
1729710 800
1729720 800
1729730 799
1729740 797
1729750 797
1729760 796
1729770 794
1729780 792
1729790 792
1729800 791
1729810 790
1729820 790
1729830 788
1729840 787
1729850 787
1729860 786
1729870 784
1729880 784
1729890 783
1729900 782
1729910 782
1729920 781
1729930 780
1729940 780
1729950 779
1729960 778
1729970 778
1729980 776
1729990 775
1730000 775
1730010 773
1730020 771
1730030 770
1730040 770
1730050 769
1730060 768
1730070 768
1730080 766
1730090 765
1730100 765
1730110 762
1730120 762
1730130 762
1730140 762
1730150 762
1730160 762
1730170 761
1730180 759
1730190 759
1730200 756
1730210 756
1730220 756
1730230 759
1730240 761
1730250 761
1730260 762
1730270 763
1730280 765
1730290 765
1730300 766
1730310 768
1730320 768
1730330 769
1730340 771
1730350 771
1730360 775
1730370 776
1730380 776
1730390 778
1730400 780
1730410 780
1730420 782
1730430 784
1730440 784
1730450 786
1730460 789
1730470 789
1730480 791
1730490 793
1730500 793
1730510 796
1730520 798
1730530 801
1730540 801
1730550 803
1730560 806
1730570 806
1730580 809
1730590 811
1730600 811
1730610 813
1730620 815
1730630 815
1730640 817
1730650 819
1730660 819
1730670 821
1730680 823
1730690 823
1730700 823
1730710 821
1730720 821
1730730 819
1730740 818
1730750 818
1730760 816
1730770 815
1730780 814
1730790 814
1730800 814
1730810 813
1730820 813
1730830 811
1730840 805
1730850 805
1730860 797
1730870 787
1730880 787
1730890 777
1730900 766
1730910 766
1730920 757
1730930 749
1730940 749
1730950 742
1730960 735
1730970 735
1730980 728
1730990 722
1731000 722
1731010 717
1731020 711
1731030 704
1731040 704
1731050 698
1731060 692
1731070 692
1731080 685
1731090 677
1731100 677
1731110 668
1731120 658
1731130 658
1731140 648
1731150 638
1731160 638
1731170 628
1731180 619
1731190 619
1731200 611
1731210 602
1731220 602
1731230 592
1731240 584
1731250 584
1731260 575
1731270 568
1731280 561
1731290 561
1731300 554
1731310 547
1731320 547
1731330 541
1731340 535
1731350 535
1731360 529
1731370 525
1731380 525
1731390 526
1731400 527
1731410 527
1731420 524
1731430 525
1731440 525
1731450 525
1731460 525
1731470 525
1731480 525
1731490 525
1731500 525
1731510 525
1731520 526
1731530 526
1731540 526
1731550 526
1731560 526
1731570 526
1731580 526
1731590 527
1731600 527
1731610 526
1731620 526
1731630 526
1731640 526
1731650 526
1731660 526
1731670 526
1731680 527
1731690 527
1731700 527
1731710 526
1731720 526
1731730 526
1731740 527
1731750 527
1731760 527
1731770 527
1731780 529
1731790 529
1731800 529
1731810 529
1731820 529
1731830 533
1731840 539
1731850 539
1731860 548
1731870 551
1731880 551
1731890 557
1731900 564
1731910 564
1731920 571
1731930 588
1731940 588
1731950 592
1731960 593
1731970 593
1731980 591
1731990 592
1732000 592
1732010 596
1732020 598
1732030 600
1732040 600
1732050 600
1732060 599
1732070 599
1732080 598
1732090 596
1732100 596
1732110 597
1732120 597
1732130 597
1732140 601
1732150 606
1732160 606
1732170 610
1732180 614
1732190 614
1732200 616
1732210 616
1732220 616
1732230 617
1732240 618
1732250 618
1732260 617
1732270 616
1732280 613
1732290 613
1732300 611
1732310 610
1732320 610
1732330 609
1732340 608
1732350 608
1732360 608
1732370 608
1732380 608
1732390 608
1732400 608
1732410 608
1732420 608
1732430 607
1732440 607
1732450 608
1732460 609
1732470 609
1732480 610
1732490 610
1732500 610
1732510 611
1732520 612
1732530 612
1732540 612
1732550 613
1732560 613
1732570 613
1732580 613
1732590 614
1732600 614
1732610 615
1732620 615
1732630 615
1732640 616
1732650 616
1732660 616
1732670 617
1732680 617
1732690 617
1732700 618
1732710 618
1732720 618
1732730 619
1732740 619
1732750 619
1732760 620
1732770 620
1732780 621
1732790 621
1732800 621
1732810 622
1732820 622
1732830 622
1732840 623
1732850 623
1732860 624
1732870 624
1732880 624
1732890 624
1732900 625
1732910 625
1732920 624
1732930 625
1732940 625
1732950 626
1732960 626
1732970 626
1732980 626
1732990 627
1733000 627
1733010 627
1733020 627
1733030 628
1733040 628
1733050 627
1733060 627
1733070 627
1733080 627
1733090 627
1733100 627
1733110 627
1733120 627
1733130 627
1733140 627
1733150 628
1733160 628
1733170 629
1733180 629
1733190 629
1733200 629
1733210 630
1733220 630
1733230 630
1733240 625
1733250 625
1733260 627
1733270 629
1733280 628
1733290 628
1733300 628
1733310 628
1733320 628
1733330 628
1733340 629
1733350 629
1733360 630
1733370 631
1733380 631
1733390 632
1733400 633
1733410 633
1733420 633
1733430 635
1733440 635
1733450 637
1733460 637
1733470 637
1733480 638
1733490 639
1733500 639
1733510 640
1733520 641
1733530 642
1733540 642
1733550 643
1733560 644
1733570 644
1733580 645
1733590 647
1733600 647
1733610 648
1733620 649
1733630 649
1733640 651
1733650 652
1733660 652
1733670 654
1733680 655
1733690 655
1733700 655
1733710 656
1733720 656
1733730 656
1733740 656
1733750 656
1733760 656
1733770 657
1733780 656
1733790 656
1733800 656
1733810 654
1733820 654
1733830 651
1733840 649
1733850 649
1733860 646
1733870 642
1733880 642
1733890 639
1733900 642
1733910 642
1733920 650
1733930 653
1733940 653
1733950 655
1733960 657
1733970 657
1733980 659
1733990 661
1734000 661
1734010 663
1734020 665
1734030 667
1734040 667
1734050 668
1734060 670
1734070 670
1734080 672
1734090 673
1734100 673
1734110 675
1734120 677
1734130 677
1734140 679
1734150 681
1734160 681
1734170 682
1734180 684
1734190 684
1734200 686
1734210 687
1734220 687
1734230 689
1734240 691
1734250 691
1734260 693
1734270 695
1734280 697
1734290 697
1734300 700
1734310 702
1734320 702
1734330 705
1734340 709
1734350 709
1734360 713
1734370 717
1734380 717
1734390 721
1734400 727
1734410 727
1734420 733
1734430 737
1734440 738
1734450 742
1734460 746
1734470 746
1734480 748
1734490 751
1734500 751
1734510 754
1734520 756
1734530 759
1734540 759
1734550 762
1734560 764
1734570 764
1734580 767
1734590 770
1734600 770
1734610 772
1734620 775
1734630 775
1734640 777
1734650 780
1734660 780
1734670 782
1734680 787
1734690 787
1734700 791
1734710 794
1734720 794
1734730 796
1734740 798
1734750 798
1734760 801
1734770 804
1734780 806
1734790 806
1734800 808
1734810 811
1734820 811
1734830 812
1734840 812
1734850 812
1734860 811
1734870 809
1734880 809
1734890 807
1734900 805
1734910 805
1734920 803
1734930 802
1734940 802
1734950 800
1734960 798
1734970 798
1734980 796
1734990 794
1735000 794
1735010 792
1735020 789
1735030 787
1735040 787
1735050 785
1735060 783
1735070 783
1735080 780
1735090 778
1735100 778
1735110 776
1735120 774
1735130 774
1735140 772
1735150 771
1735160 771
1735170 770
1735180 770
1735190 770
1735200 770
1735210 770
1735220 770
1735230 770
1735240 771
1735250 771
1735260 770
1735270 770
1735280 770
1735290 770
1735300 770
1735310 770
1735320 770
1735330 770
1735340 771
1735350 771
1735360 773
1735370 775
1735380 775
1735390 776
1735400 775
1735410 775
1735420 775
1735430 775
1735440 775
1735450 774
1735460 773
1735470 773
1735480 770
1735490 768
1735500 768
1735510 765
1735520 764
1735530 763
1735540 763
1735550 762
1735560 759
1735570 759
1735580 757
1735590 754
1735600 754
1735610 751
1735620 748
1735630 748
1735640 746
1735650 744
1735660 744
1735670 743
1735680 741
1735690 741
1735700 740
1735710 738
1735720 738
1735730 735
1735740 733
1735750 733
1735760 730
1735770 728
1735780 726
1735790 726
1735800 723
1735810 720
1735820 720
1735830 718
1735840 715
1735850 715
1735860 712
1735870 710
1735880 710
1735890 708
1735900 706
1735910 706
1735920 704
1735930 701
1735940 701
1735950 699
1735960 697
1735970 697
1735980 695
1735990 692
1736000 692
1736010 690
1736020 689
1736030 687
1736040 687
1736050 685
1736060 684
1736070 684
1736080 682
1736090 681
1736100 681
1736110 679
1736120 678
1736130 678
1736140 676
1736150 675
1736160 675
1736170 673
1736180 671
1736190 671
1736200 669
1736210 667
1736220 667
1736230 665
1736240 662
1736250 662
1736260 660
1736270 657
1736280 654
1736290 654
1736300 651
1736310 649
1736320 649
1736330 647
1736340 646
1736350 646
1736360 644
1736370 642
1736380 642
1736390 640
1736400 638
1736410 638
1736420 635
1736430 633
1736440 633
1736450 631
1736460 628
1736470 628
1736480 626
1736490 624
1736500 624
1736510 621
1736520 620
1736530 617
1736540 617
1736550 615
1736560 614
1736570 614
1736580 613
1736590 611
1736600 611
1736610 610
1736620 609
1736630 609
1736640 608
1736650 607
1736660 607
1736670 605
1736680 603
1736690 603
1736700 602
1736710 601
1736720 601
1736730 599
1736740 598
1736750 598
1736760 597
1736770 595
1736780 592
1736790 592
1736800 588
1736810 584
1736820 584
1736830 581
1736840 578
1736850 578
1736860 573
1736870 568
1736880 568
1736890 563
1736900 559
1736910 559
1736920 561
1736930 558
1736940 558
1736950 563
1736960 563
1736970 563
1736980 563
1736990 563
1737000 563
1737010 563
1737020 563
1737030 564
1737040 564
1737050 564
1737060 564
1737070 564
1737080 560
1737090 555
1737100 555
1737110 552
1737120 546
1737130 546
1737140 538
1737150 533
1737160 533
1737170 527
1737180 521
1737190 521
1737200 516
1737210 508
1737220 508
1737230 508
1737240 507
1737250 507
1737260 506
1737270 506
1737280 508
1737290 508
1737300 508
1737310 506
1737320 506
1737330 506
1737340 507
1737350 507
1737360 508
1737370 507
1737380 507
1737390 507
1737400 511
1737410 511
1737420 518
1737430 524
1737440 524
1737450 529
1737460 528
1737470 528
1737480 529
1737490 529
1737500 529
1737510 531
1737520 532
1737530 530
1737540 530
1737550 525
1737560 523
1737570 523
1737580 518
1737590 515
1737600 515
1737610 509
1737620 504
1737630 504
1737640 497
1737650 494
1737660 494
1737670 494
1737680 491
1737690 491
1737700 494
1737710 493
1737720 493
1737730 493
1737740 493
1737750 493
1737760 493
1737770 493
1737780 493
1737790 493
1737800 493
1737810 493
1737820 493
1737830 493
1737840 494
1737850 494
1737860 494
1737870 494
1737880 494
1737890 494
1737900 494
1737910 494
1737920 494
1737930 494
1737940 494
1737950 494
1737960 494
1737970 494
1737980 494
1737990 494
1738000 494
1738010 494
1738020 493
1738030 493
1738040 493
1738050 493
1738060 494
1738070 494
1738080 493
1738090 493
1738100 493
1738110 493
1738120 493
1738130 493
1738140 493
1738150 493
1738160 493
1738170 493
1738180 493
1738190 493
1738200 493
1738210 493
1738220 493
1738230 492
1738240 493
1738250 493
1738260 497
1738270 502
1738280 511
1738290 511
1738300 516
1738310 521
1738320 521
1738330 525
1738340 528
1738350 528
1738360 531
1738370 534
1738380 534
1738390 537
1738400 540
1738410 540
1738420 543
1738430 546
1738440 546
1738450 552
1738460 555
1738470 555
1738480 560
1738490 565
1738500 565
1738510 570
1738520 575
1738530 580
1738540 580
1738550 586
1738560 588
1738570 588
1738580 582
1738590 580
1738600 580
1738610 581
1738620 583
1738630 583
1738640 580
1738650 567
1738660 567
1738670 558
1738680 555
1738690 555
1738700 552
1738710 549
1738720 549
1738730 549
1738740 550
1738750 550
1738760 559
1738770 569
1738780 577
1738790 577
1738800 587
1738810 594
1738820 594
1738830 595
1738840 600
1738850 600
1738860 602
1738870 603
1738880 603
1738890 604
1738900 604
1738910 604
1738920 604
1738930 603
1738940 603
1738950 598
1738960 595
1738970 595
1738980 592
1738990 588
1739000 588
1739010 586
1739020 585
1739030 581
1739040 581
1739050 580
1739060 580
1739070 580
1739080 581
1739090 595
1739100 595
1739110 600
1739120 605
1739130 605
1739140 607
1739150 610
1739160 610
1739170 608
1739180 609
1739190 609
1739200 610
1739210 610
1739220 610
1739230 611
1739240 611
1739250 611
1739260 612
1739270 613
1739280 614
1739290 614
1739300 615
1739310 616
1739320 616
1739330 616
1739340 617
1739350 617
1739360 617
1739370 617
1739380 617
1739390 616
1739400 615
1739410 615
1739420 615
1739430 614
1739440 614
1739450 613
1739460 612
1739470 612
1739480 612
1739490 611
1739500 611
1739510 609
1739520 609
1739530 610
1739540 610
1739550 610
1739560 610
1739570 610
1739580 610
1739590 610
1739600 610
1739610 610
1739620 610
1739630 610
1739640 611
1739650 610
1739660 610
1739670 610
1739680 609
1739690 609
1739700 609
1739710 610
1739720 610
1739730 610
1739740 610
1739750 610
1739760 611
1739770 611
1739780 612
1739790 612
1739800 612
1739810 613
1739820 613
1739830 613
1739840 614
1739850 614
1739860 614
1739870 614
1739880 614
1739890 615
1739900 615
1739910 615
1739920 615
1739930 615
1739940 615
1739950 615
1739960 616
1739970 616
1739980 616
1739990 616
