1720000 892
1720010 893
1720020 893
1720030 893
1720040 894
1720050 896
1720060 896
1720070 897
1720080 897
1720090 898
1720100 898
1720110 898
1720120 898
1720130 898
1720140 897
1720150 896
1720160 896
1720170 894
1720180 893
1720190 893
1720200 892
1720210 891
1720220 891
1720230 890
1720240 887
1720250 887
1720260 886
1720270 884
1720280 884
1720290 881
1720300 879
1720310 879
1720320 877
1720330 875
1720340 872
1720350 872
1720360 869
1720370 867
1720380 867
1720390 863
1720400 860
1720410 860
1720420 855
1720430 851
1720440 851
1720450 848
1720460 845
1720470 845
1720480 842
1720490 839
1720500 839
1720510 837
1720520 833
1720530 833
1720540 832
1720550 829
1720560 829
1720570 827
1720580 825
1720590 824
1720600 824
1720610 822
1720620 820
1720630 820
1720640 818
1720650 815
1720660 815
1720670 812
1720680 809
1720690 809
1720700 807
1720710 804
1720720 804
1720730 799
1720740 798
1720750 798
1720760 796
1720770 795
1720780 795
1720790 793
1720800 791
1720810 791
1720820 789
1720830 787
1720840 786
1720850 786
1720860 783
1720870 782
1720880 782
1720890 783
1720900 788
1720910 788
1720920 788
1720930 788
1720940 788
1720950 789
1720960 791
1720970 791
1720980 791
1720990 791
1721000 791
1721010 791
1721020 790
1721030 790
1721040 789
1721050 788
1721060 788
1721070 787
1721080 785
1721090 783
1721100 783
1721110 783
1721120 781
1721130 781
1721140 780
1721150 779
1721160 779
1721170 778
1721180 777
1721190 777
1721200 776
1721210 775
1721220 775
1721230 774
1721240 774
1721250 774
1721260 773
1721270 772
1721280 772
1721290 771
1721300 770
1721310 770
1721320 768
1721330 767
1721340 767
1721350 765
1721360 763
1721370 763
1721380 763
1721390 760
1721400 758
1721410 758
1721420 757
1721430 754
1721440 754
1721450 752
1721460 750
1721470 750
1721480 747
1721490 744
1721500 744
1721510 741
1721520 738
1721530 738
1721540 735
1721550 733
1721560 733
1721570 732
1721580 729
1721590 729
1721600 728
1721610 726
1721620 726
1721630 726
1721640 725
1721650 724
1721660 724
1721670 723
1721680 722
1721690 722
1721700 721
1721710 721
1721720 721
1721730 720
1721740 719
1721750 719
1721760 718
1721770 718
1721780 718
1721790 717
1721800 717
1721810 717
1721820 716
1721830 716
1721840 716
1721850 716
1721860 715
1721870 714
1721880 714
1721890 714
1721900 713
1721910 713
1721920 713
1721930 713
1721940 713
1721950 712
1721960 712
1721970 712
1721980 712
1721990 712
1722000 712
1722010 711
1722020 711
1722030 711
1722040 711
1722050 710
1722060 710
1722070 710
1722080 710
1722090 710
1722100 710
1722110 710
1722120 710
1722130 710
1722140 709
1722150 709
1722160 709
1722170 709
1722180 709
1722190 709
1722200 709
1722210 709
1722220 709
1722230 708
1722240 708
1722250 708
1722260 708
1722270 708
1722280 708
1722290 708
1722300 708
1722310 708
1722320 708
1722330 707
1722340 707
1722350 706
1722360 702
1722370 699
1722380 699
1722390 695
1722400 692
1722410 692
1722420 688
1722430 686
1722440 686
1722450 684
1722460 681
1722470 681
1722480 679
1722490 678
1722500 678
1722510 676
1722520 674
1722530 674
1722540 672
1722550 668
1722560 668
1722570 666
1722580 662
1722590 662
1722600 661
1722610 657
1722620 659
1722630 659
1722640 665
1722650 673
1722660 673
1722670 679
1722680 683
1722690 683
1722700 687
1722710 692
1722720 692
1722730 696
1722740 700
1722750 700
1722760 703
1722770 705
1722780 705
1722790 706
1722800 707
1722810 707
1722820 708
1722830 709
1722840 709
1722850 710
1722860 710
1722870 711
1722880 711
1722890 712
1722900 711
1722910 711
1722920 711
1722930 710
1722940 710
1722950 709
1722960 708
1722970 708
1722980 706
1722990 705
1723000 705
1723010 702
1723020 700
1723030 700
1723040 698
1723050 696
1723060 696
1723070 693
1723080 690
1723090 690
1723100 686
1723110 682
1723120 682
1723130 678
1723140 674
1723150 670
1723160 670
1723170 665
1723180 657
1723190 657
1723200 653
1723210 651
1723220 651
1723230 649
1723240 646
1723250 646
1723260 640
1723270 638
1723280 638
1723290 633
1723300 635
1723310 635
1723320 636
1723330 636
1723340 636
1723350 636
1723360 638
1723370 638
1723380 641
1723390 645
1723400 646
1723410 646
1723420 650
1723430 655
1723440 655
1723450 659
1723460 663
1723470 663
1723480 665
1723490 666
1723500 666
1723510 666
1723520 669
1723530 669
1723540 671
1723550 673
1723560 673
1723570 675
1723580 677
1723590 677
1723600 679
1723610 681
1723620 681
1723630 682
1723640 683
1723650 685
1723660 685
1723670 686
1723680 686
1723690 686
1723700 687
1723710 689
1723720 689
1723730 690
1723740 691
1723750 691
1723760 692
1723770 694
1723780 694
1723790 697
1723800 700
1723810 700
1723820 703
1723830 706
1723840 706
1723850 709
1723860 712
1723870 712
1723880 715
1723890 719
1723900 722
1723910 722
1723920 725
1723930 729
1723940 729
1723950 733
1723960 737
1723970 737
1723980 741
1723990 744
1724000 744
1724010 747
1724020 750
1724030 750
1724040 752
1724050 755
1724060 755
1724070 759
1724080 760
1724090 760
1724100 764
1724110 768
1724120 768
1724130 772
1724140 775
1724150 778
1724160 778
1724170 780
1724180 782
1724190 782
1724200 783
1724210 784
1724220 784
1724230 785
1724240 787
1724250 787
1724260 787
1724270 788
1724280 788
1724290 786
1724300 785
1724310 785
1724320 782
1724330 778
1724340 778
1724350 773
1724360 768
1724370 768
1724380 763
1724390 758
1724400 753
1724410 753
1724420 748
1724430 743
1724440 743
1724450 740
1724460 738
1724470 738
1724480 735
1724490 733
1724500 733
1724510 730
1724520 726
1724530 726
1724540 723
1724550 720
1724560 720
1724570 717
1724580 715
1724590 715
1724600 711
1724610 705
1724620 705
1724630 699
1724640 697
1724650 697
1724660 699
1724670 697
1724680 695
1724690 695
1724700 692
1724710 689
1724720 689
1724730 683
1724740 679
1724750 679
1724760 673
1724770 668
1724780 668
1724790 664
1724800 662
1724810 662
1724820 658
1724830 653
1724840 653
1724850 650
1724860 645
1724870 645
1724880 640
1724890 635
1724900 635
1724910 632
1724920 633
1724930 633
1724940 633
1724950 633
1724960 636
1724970 636
1724980 642
1724990 646
1725000 646
1725010 652
1725020 656
1725030 656
1725040 660
1725050 662
1725060 662
1725070 664
1725080 666
1725090 666
1725100 666
1725110 668
1725120 668
1725130 670
1725140 673
1725150 673
1725160 675
1725170 677
1725180 679
1725190 679
1725200 680
1725210 680
1725220 680
1725230 680
1725240 680
1725250 680
1725260 680
1725270 681
1725280 681
1725290 682
1725300 682
1725310 682
1725320 683
1725330 683
1725340 683
1725350 685
1725360 686
1725370 686
1725380 689
1725390 691
1725400 691
1725410 693
1725420 695
1725430 697
1725440 697
1725450 698
1725460 700
1725470 700
1725480 701
1725490 703
1725500 703
1725510 705
1725520 706
1725530 706
1725540 708
1725550 709
1725560 709
1725570 710
1725580 710
1725590 710
1725600 710
1725610 709
1725620 709
1725630 709
1725640 708
1725650 708
1725660 706
1725670 705
1725680 701
1725690 701
1725700 699
1725710 697
1725720 697
1725730 694
1725740 691
1725750 691
1725760 688
1725770 685
1725780 685
1725790 682
1725800 680
1725810 680
1725820 676
1725830 673
1725840 673
1725850 671
1725860 668
1725870 668
1725880 665
1725890 661
1725900 661
1725910 659
1725920 651
1725930 644
1725940 644
1725950 637
1725960 630
1725970 630
1725980 625
1725990 620
1726000 620
1726010 613
1726020 611
1726030 611
1726040 614
1726050 618
1726060 618
1726070 619
1726080 619
1726090 619
1726100 619
1726110 619
1726120 619
1726130 619
1726140 618
1726150 618
1726160 618
1726170 618
1726180 619
1726190 619
1726200 620
1726210 620
1726220 620
1726230 620
1726240 621
1726250 621
1726260 622
1726270 623
1726280 623
1726290 624
1726300 625
1726310 625
1726320 626
1726330 627
1726340 627
1726350 628
1726360 629
1726370 629
1726380 629
1726390 630
1726400 630
1726410 630
1726420 630
1726430 630
1726440 631
1726450 631
1726460 634
1726470 634
1726480 635
1726490 636
1726500 636
1726510 637
1726520 637
1726530 637
1726540 636
1726550 633
1726560 633
1726570 628
1726580 625
1726590 625
1726600 623
1726610 618
1726620 618
1726630 613
1726640 607
1726650 607
1726660 602
1726670 597
1726680 597
1726690 592
1726700 586
1726710 584
1726720 584
1726730 584
1726740 583
1726750 583
1726760 581
1726770 581
1726780 581
1726790 580
1726800 580
1726810 580
1726820 580
1726830 575
1726840 575
1726850 575
1726860 578
1726870 578
1726880 577
1726890 576
1726900 576
1726910 577
1726920 579
1726930 579
1726940 583
1726950 586
1726960 588
1726970 588
1726980 589
1726990 589
1727000 589
1727010 589
1727020 590
1727030 590
1727040 591
1727050 591
1727060 591
1727070 592
1727080 592
1727090 592
1727100 593
1727110 594
1727120 594
1727130 595
1727140 596
1727150 596
1727160 596
1727170 595
1727180 595
1727190 595
1727200 594
1727210 595
1727220 595
1727230 596
1727240 596
1727250 596
1727260 596
1727270 597
1727280 597
1727290 599
1727300 603
1727310 603
1727320 605
1727330 607
1727340 607
1727350 606
1727360 603
1727370 603
1727380 597
1727390 588
1727400 588
1727410 579
1727420 574
1727430 574
1727440 574
1727450 572
1727460 574
1727470 574
1727480 574
1727490 574
1727500 574
1727510 577
1727520 586
1727530 586
1727540 592
1727550 599
1727560 599
1727570 605
1727580 608
1727590 608
1727600 611
1727610 614
1727620 614
1727630 619
1727640 622
1727650 622
1727660 625
1727670 630
1727680 630
1727690 634
1727700 638
1727710 643
1727720 643
1727730 648
1727740 651
1727750 651
1727760 654
1727770 656
1727780 656
1727790 658
1727800 660
1727810 660
1727820 663
1727830 665
1727840 665
1727850 667
1727860 669
1727870 669
1727880 672
1727890 673
1727900 673
1727910 675
1727920 682
1727930 682
1727940 686
1727950 688
1727960 691
1727970 691
1727980 694
1727990 697
1728000 697
1728010 699
1728020 701
1728030 701
1728040 704
1728050 707
1728060 707
1728070 710
1728080 712
1728090 712
1728100 713
1728110 714
1728120 714
1728130 718
1728140 723
1728150 723
1728160 728
1728170 734
1728180 734
1728190 739
1728200 744
1728210 744
1728220 752
1728230 758
1728240 764
1728250 764
1728260 764
1728270 763
1728280 763
1728290 763
1728300 764
1728310 764
1728320 764
1728330 764
1728340 764
1728350 764
1728360 764
1728370 764
1728380 764
1728390 764
1728400 764
1728410 767
1728420 769
1728430 769
1728440 772
1728450 776
1728460 776
1728470 778
1728480 780
1728490 782
1728500 782
1728510 781
1728520 780
1728530 780
1728540 780
1728550 782
1728560 782
1728570 784
1728580 788
1728590 788
1728600 792
1728610 796
1728620 796
1728630 801
1728640 806
1728650 806
1728660 810
1728670 813
1728680 813
1728690 817
1728700 821
1728710 821
1728720 828
1728730 847
1728740 882
1728750 882
1728760 894
1728770 902
1728780 902
1728790 907
1728800 913
1728810 913
1728820 918
1728830 923
1728840 923
1728850 928
1728860 924
1728870 924
1728880 934
1728890 942
1728900 942
1728910 947
1728920 952
1728930 952
1728940 957
1728950 962
1728960 962
1728970 963
1728980 961
1728990 959
1729000 959
1729010 957
1729020 955
1729030 955
1729040 957
1729050 963
1729060 963
1729070 966
1729080 968
1729090 968
1729100 971
1729110 974
1729120 974
1729130 978
1729140 983
1729150 983
1729160 987
1729170 1000
1729180 1000
1729190 1009
1729200 1015
1729210 1015
1729220 1017
1729230 1018
1729240 1019
1729250 1019
1729260 1020
1729270 1022
1729280 1022
1729290 1023
1729300 1024
1729310 1024
1729320 1025
1729330 1026
1729340 1026
1729350 1027
1729360 1028
1729370 1028
1729380 1028
1729390 1029
1729400 1029
1729410 1029
1729420 1028
1729430 1028
1729440 1026
1729450 1024
1729460 1024
1729470 1022
1729480 1018
1729490 1013
1729500 1013
1729510 1008
1729520 1003
1729530 1003
1729540 999
1729550 996
1729560 996
1729570 992
1729580 988
1729590 988
1729600 984
1729610 980
1729620 980
1729630 977
1729640 972
1729650 972
1729660 968
1729670 962
1729680 962
1729690 956
1729700 951
1729710 951
1729720 945
1729730 940
1729740 940
1729750 934
1729760 928
1729770 923
1729780 923
1729790 918
1729800 914
1729810 914
1729820 911
1729830 908
1729840 908
1729850 903
1729860 900
1729870 900
1729880 900
1729890 899
1729900 899
1729910 898
1729920 898
1729930 898
1729940 899
1729950 901
1729960 901
1729970 903
1729980 906
1729990 906
1730000 908
1730010 910
1730020 912
1730030 912
1730040 914
1730050 916
1730060 916
1730070 918
1730080 924
1730090 924
1730100 925
1730110 927
1730120 927
1730130 930
1730140 932
1730150 932
1730160 934
1730170 937
1730180 937
1730190 941
1730200 944
1730210 944
1730220 946
1730230 949
1730240 949
1730250 952
1730260 954
1730270 956
1730280 956
1730290 957
1730300 958
1730310 958
1730320 960
1730330 961
1730340 961
1730350 962
1730360 962
1730370 962
1730380 963
1730390 963
1730400 963
1730410 962
1730420 962
1730430 962
1730440 961
1730450 960
1730460 960
1730470 959
1730480 958
1730490 958
1730500 955
1730510 954
1730520 952
1730530 952
1730540 949
1730550 947
1730560 947
1730570 945
1730580 943
1730590 943
1730600 942
1730610 939
1730620 939
1730630 937
1730640 935
1730650 935
1730660 933
1730670 931
1730680 931
1730690 928
1730700 925
1730710 925
1730720 922
1730730 919
1730740 919
1730750 915
1730760 912
1730770 909
1730780 909
1730790 906
1730800 902
1730810 902
1730820 899
1730830 895
1730840 895
1730850 892
1730860 888
1730870 888
1730880 885
1730890 883
1730900 883
1730910 879
1730920 875
1730930 875
1730940 872
1730950 868
1730960 868
1730970 866
1730980 861
1730990 861
1731000 857
1731010 854
1731020 849
1731030 849
1731040 845
1731050 840
1731060 840
1731070 835
1731080 831
1731090 831
1731100 826
1731110 822
1731120 822
1731130 817
1731140 813
1731150 813
1731160 809
1731170 804
1731180 804
1731190 799
1731200 794
1731210 794
1731220 789
1731230 784
1731240 784
1731250 780
1731260 774
1731270 770
1731280 770
1731290 765
1731300 758
1731310 758
1731320 752
1731330 746
1731340 746
1731350 741
1731360 736
1731370 736
1731380 732
1731390 728
1731400 728
1731410 724
1731420 719
1731430 719
1731440 715
1731450 711
1731460 711
1731470 706
1731480 703
1731490 703
1731500 701
1731510 698
1731520 698
1731530 696
1731540 695
1731550 694
1731560 694
1731570 693
1731580 691
1731590 691
1731600 689
1731610 687
1731620 687
1731630 684
1731640 685
1731650 685
1731660 689
1731670 690
1731680 690
1731690 691
1731700 693
1731710 693
1731720 694
1731730 696
1731740 696
1731750 697
1731760 698
1731770 698
1731780 699
1731790 701
1731800 702
1731810 702
1731820 703
1731830 704
1731840 704
1731850 707
1731860 707
1731870 707
1731880 707
1731890 709
1731900 709
1731910 711
1731920 712
1731930 712
1731940 714
1731950 715
1731960 715
1731970 716
1731980 717
1731990 717
1732000 718
1732010 720
1732020 720
1732030 723
1732040 726
1732050 730
1732060 730
1732070 734
1732080 738
1732090 738
1732100 742
1732110 746
1732120 746
1732130 749
1732140 752
1732150 752
1732160 751
1732170 754
1732180 754
1732190 756
1732200 758
1732210 758
1732220 759
1732230 760
1732240 760
1732250 761
1732260 763
1732270 763
1732280 764
1732290 765
1732300 766
1732310 766
1732320 767
1732330 769
1732340 769
1732350 770
1732360 772
1732370 772
1732380 773
1732390 774
1732400 774
1732410 776
1732420 778
1732430 778
1732440 778
1732450 782
1732460 782
1732470 783
1732480 785
1732490 785
1732500 788
1732510 790
1732520 790
1732530 793
1732540 795
1732550 798
1732560 798
1732570 801
1732580 804
1732590 804
1732600 807
1732610 810
1732620 810
1732630 814
1732640 818
1732650 818
1732660 821
1732670 825
1732680 825
1732690 832
1732700 834
1732710 834
1732720 839
1732730 843
1732740 843
1732750 847
1732760 849
1732770 849
1732780 851
1732790 854
1732800 856
1732810 856
1732820 859
1732830 862
1732840 862
1732850 865
1732860 869
1732870 869
1732880 871
1732890 874
1732900 874
1732910 877
1732920 880
1732930 880
1732940 883
1732950 886
1732960 886
1732970 890
1732980 894
1732990 894
1733000 898
1733010 901
1733020 901
1733030 905
1733040 908
1733050 911
1733060 911
1733070 916
1733080 920
1733090 920
1733100 923
1733110 928
1733120 928
1733130 932
1733140 936
1733150 936
1733160 939
1733170 943
1733180 943
1733190 947
1733200 951
1733210 951
1733220 954
1733230 958
1733240 958
1733250 961
1733260 964
1733270 964
1733280 968
1733290 971
1733300 971
1733310 974
1733320 977
1733330 980
1733340 980
1733350 984
1733360 986
1733370 986
1733380 990
1733390 993
1733400 993
1733410 997
1733420 999
1733430 999
1733440 1002
1733450 1005
1733460 1005
1733470 1008
1733480 1011
1733490 1011
1733500 1014
1733510 1016
1733520 1016
1733530 1018
1733540 1020
1733550 1020
1733560 1021
1733570 1021
1733580 1020
1733590 1020
1733600 1018
1733610 1015
1733620 1015
1733630 1012
1733640 1009
1733650 1009
1733660 1005
1733670 1003
1733680 1003
1733690 999
1733700 996
1733710 996
1733720 993
1733730 990
1733740 990
1733750 987
1733760 983
1733770 983
1733780 980
1733790 975
1733800 975
1733810 971
1733820 967
1733830 963
1733840 963
1733850 960
1733860 956
1733870 956
1733880 952
1733890 948
1733900 948
1733910 945
1733920 940
1733930 940
1733940 937
1733950 933
1733960 933
1733970 929
1733980 925
1733990 925
1734000 921
1734010 917
1734020 917
1734030 912
1734040 908
1734050 908
1734060 904
1734070 900
1734080 897
1734090 897
1734100 893
1734110 890
1734120 890
1734130 885
1734140 881
1734150 881
1734160 877
1734170 874
1734180 874
1734190 870
1734200 864
1734210 864
1734220 861
1734230 858
1734240 858
1734250 851
1734260 847
1734270 847
1734280 842
1734290 839
1734300 839
1734310 831
1734320 827
1734330 821
1734340 821
1734350 819
1734360 815
1734370 815
1734380 812
1734390 809
1734400 809
1734410 805
1734420 802
1734430 802
1734440 799
1734450 796
1734460 796
1734470 792
1734480 789
1734490 789
1734500 785
1734510 781
1734520 781
1734530 777
1734540 774
1734550 774
1734560 771
1734570 768
1734580 765
1734590 765
1734600 762
1734610 760
1734620 760
1734630 758
1734640 757
1734650 757
1734660 754
1734670 751
1734680 751
1734690 750
1734700 748
1734710 748
1734720 745
1734730 742
1734740 742
1734750 740
1734760 738
1734770 738
1734780 737
1734790 736
1734800 736
1734810 735
1734820 733
1734830 733
1734840 731
1734850 729
1734860 725
1734870 725
1734880 721
1734890 717
1734900 717
1734910 714
1734920 711
1734930 711
1734940 709
1734950 705
1734960 705
1734970 703
1734980 700
1734990 700
1735000 698
1735010 696
1735020 696
1735030 694
1735040 692
1735050 692
1735060 690
1735070 688
1735080 688
1735090 685
1735100 683
1735110 680
1735120 680
1735130 677
1735140 674
1735150 674
1735160 673
1735170 671
1735180 671
1735190 669
1735200 666
1735210 666
1735220 664
1735230 662
1735240 662
1735250 661
1735260 659
1735270 659
1735280 656
1735290 651
1735300 651
1735310 646
1735320 641
1735330 641
1735340 642
1735350 647
1735360 651
1735370 651
1735380 656
1735390 662
1735400 662
1735410 667
1735420 668
1735430 668
1735440 665
1735450 664
1735460 664
1735470 662
1735480 659
1735490 659
1735500 657
1735510 654
1735520 654
1735530 650
1735540 645
1735550 645
1735560 640
1735570 635
1735580 635
1735590 631
1735600 626
1735610 621
1735620 621
1735630 615
1735640 610
1735650 610
1735660 604
1735670 597
1735680 597
1735690 590
1735700 582
1735710 582
1735720 577
1735730 572
1735740 572
1735750 567
1735760 565
1735770 565
1735780 560
1735790 557
1735800 557
1735810 558
1735820 560
1735830 560
1735840 560
1735850 557
1735860 555
1735870 555
1735880 554
1735890 552
1735900 552
1735910 550
1735920 549
1735930 549
1735940 547
1735950 547
1735960 547
1735970 547
1735980 545
1735990 545
1736000 544
1736010 543
1736020 543
1736030 542
1736040 541
1736050 541
1736060 540
1736070 536
1736080 536
1736090 536
1736100 536
1736110 536
1736120 536
1736130 536
1736140 535
1736150 535
1736160 534
1736170 535
1736180 535
1736190 535
1736200 535
1736210 535
1736220 536
1736230 539
1736240 539
1736250 542
1736260 546
1736270 546
1736280 551
1736290 555
1736300 555
1736310 558
1736320 562
1736330 562
1736340 565
1736350 568
1736360 572
1736370 572
1736380 575
1736390 579
1736400 579
1736410 582
1736420 586
1736430 586
1736440 590
1736450 594
1736460 594
1736470 598
1736480 601
1736490 601
1736500 604
1736510 608
1736520 608
1736530 611
1736540 613
1736550 613
1736560 614
1736570 615
1736580 615
1736590 615
1736600 615
1736610 615
1736620 614
1736630 614
1736640 614
1736650 614
1736660 614
1736670 614
1736680 614
1736690 614
1736700 613
1736710 613
1736720 613
1736730 613
1736740 613
1736750 613
1736760 611
1736770 611
1736780 608
1736790 605
1736800 605
1736810 604
1736820 606
1736830 606
1736840 607
1736850 609
1736860 609
1736870 611
1736880 613
1736890 615
1736900 615
1736910 617
1736920 618
1736930 618
1736940 619
1736950 619
1736960 619
1736970 616
1736980 616
1736990 616
1737000 618
1737010 619
1737020 619
1737030 619
1737040 619
1737050 619
1737060 619
1737070 617
1737080 617
1737090 615
1737100 612
1737110 612
1737120 606
1737130 602
1737140 599
1737150 599
1737160 597
1737170 597
1737180 597
1737190 597
1737200 599
1737210 599
1737220 600
1737230 601
1737240 601
1737250 602
1737260 604
1737270 604
1737280 605
1737290 606
1737300 606
1737310 608
1737320 610
1737330 610
1737340 612
1737350 615
1737360 615
1737370 616
1737380 618
1737390 619
1737400 619
1737410 621
1737420 622
1737430 622
1737440 624
1737450 626
1737460 626
1737470 627
1737480 629
1737490 629
1737500 631
1737510 632
1737520 632
1737530 634
1737540 635
1737550 635
1737560 636
1737570 637
1737580 637
1737590 638
1737600 638
1737610 638
1737620 641
1737630 642
1737640 644
1737650 644
1737660 646
1737670 647
1737680 647
1737690 649
1737700 650
1737710 650
1737720 651
1737730 651
1737740 651
1737750 651
1737760 650
1737770 650
1737780 648
1737790 648
1737800 648
1737810 647
1737820 646
1737830 646
1737840 646
1737850 647
1737860 647
1737870 647
1737880 648
1737890 649
1737900 649
1737910 651
1737920 650
1737930 650
1737940 654
1737950 661
1737960 661
1737970 664
1737980 667
1737990 667
1738000 669
1738010 671
1738020 671
1738030 674
1738040 676
1738050 676
1738060 678
1738070 679
1738080 679
1738090 680
1738100 681
1738110 681
1738120 682
1738130 683
1738140 685
1738150 685
1738160 687
1738170 688
1738180 688
1738190 689
1738200 690
1738210 690
1738220 690
1738230 691
1738240 691
1738250 692
1738260 694
1738270 694
1738280 695
1738290 695
1738300 695
1738310 696
1738320 696
1738330 696
1738340 697
1738350 697
1738360 697
1738370 696
1738380 697
1738390 697
1738400 701
1738410 704
1738420 706
1738430 706
1738440 707
1738450 709
1738460 709
1738470 712
1738480 713
1738490 713
1738500 717
1738510 716
1738520 716
1738530 717
1738540 719
1738550 719
1738560 723
1738570 725
1738580 725
1738590 729
1738600 731
1738610 731
1738620 733
1738630 735
1738640 735
1738650 737
1738660 740
1738670 742
1738680 742
1738690 745
1738700 748
1738710 748
1738720 752
1738730 755
1738740 755
1738750 759
1738760 764
1738770 764
1738780 768
1738790 773
1738800 773
1738810 778
1738820 781
1738830 781
1738840 783
1738850 786
1738860 786
1738870 788
1738880 788
1738890 788
1738900 787
1738910 785
1738920 783
1738930 783
1738940 780
1738950 775
1738960 775
1738970 771
1738980 766
1738990 766
1739000 761
1739010 757
1739020 757
1739030 752
1739040 747
1739050 747
1739060 742
1739070 737
1739080 737
1739090 732
1739100 727
1739110 727
1739120 723
1739130 717
1739140 717
1739150 712
1739160 709
1739170 705
1739180 705
1739190 702
1739200 699
1739210 699
1739220 694
1739230 690
1739240 690
1739250 687
1739260 683
1739270 683
1739280 680
1739290 678
1739300 678
1739310 674
1739320 670
1739330 670
1739340 666
1739350 664
1739360 664
1739370 660
1739380 658
1739390 658
1739400 656
1739410 655
1739420 650
1739430 650
1739440 646
1739450 643
1739460 643
1739470 639
1739480 637
1739490 637
1739500 635
1739510 629
1739520 629
1739530 622
1739540 621
1739550 621
1739560 627
1739570 627
1739580 627
1739590 628
1739600 630
1739610 630
1739620 631
1739630 633
1739640 633
1739650 635
1739660 636
1739670 636
1739680 636
1739690 638
1739700 639
1739710 639
1739720 641
1739730 641
1739740 641
1739750 642
1739760 643
1739770 643
1739780 644
1739790 645
1739800 645
1739810 645
1739820 645
1739830 645
1739840 644
1739850 644
1739860 644
1739870 642
1739880 643
1739890 643
1739900 643
1739910 641
1739920 641
1739930 639
1739940 633
1739950 631
1739960 631
1739970 632
1739980 633
1739990 633
