1720000 689
1720010 689
1720020 690
1720030 692
1720040 692
1720050 695
1720060 697
1720070 697
1720080 699
1720090 701
1720100 701
1720110 703
1720120 705
1720130 705
1720140 707
1720150 709
1720160 709
1720170 712
1720180 713
1720190 713
1720200 716
1720210 718
1720220 720
1720230 720
1720240 722
1720250 724
1720260 724
1720270 727
1720280 729
1720290 729
1720300 732
1720310 735
1720320 735
1720330 737
1720340 739
1720350 739
1720360 741
1720370 743
1720380 743
1720390 744
1720400 744
1720410 744
1720420 745
1720430 747
1720440 747
1720450 750
1720460 751
1720470 751
1720480 752
1720490 752
1720500 752
1720510 752
1720520 750
1720530 748
1720540 748
1720550 747
1720560 744
1720570 744
1720580 742
1720590 740
1720600 740
1720610 739
1720620 738
1720630 738
1720640 738
1720650 737
1720660 737
1720670 737
1720680 737
1720690 737
1720700 737
1720710 736
1720720 736
1720730 737
1720740 737
1720750 736
1720760 736
1720770 736
1720780 736
1720790 736
1720800 737
1720810 735
1720820 732
1720830 730
1720840 728
1720850 728
1720860 727
1720870 725
1720880 725
1720890 724
1720900 722
1720910 722
1720920 719
1720930 716
1720940 716
1720950 712
1720960 709
1720970 709
1720980 705
1720990 702
1721000 699
1721010 699
1721020 696
1721030 693
1721040 693
1721050 690
1721060 688
1721070 688
1721080 685
1721090 682
1721100 682
1721110 679
1721120 677
1721130 677
1721140 674
1721150 671
1721160 671
1721170 669
1721180 667
1721190 667
1721200 665
1721210 664
1721220 664
1721230 662
1721240 660
1721250 658
1721260 658
1721270 655
1721280 653
1721290 653
1721300 651
1721310 650
1721320 650
1721330 649
1721340 648
1721350 648
1721360 648
1721370 647
1721380 647
1721390 647
1721400 647
1721410 647
1721420 647
1721430 647
1721440 647
1721450 647
1721460 647
1721470 647
1721480 648
1721490 649
1721500 649
1721510 650
1721520 651
1721530 652
1721540 652
1721550 653
1721560 653
1721570 653
1721580 653
1721590 654
1721600 654
1721610 654
1721620 655
1721630 655
1721640 657
1721650 658
1721660 658
1721670 658
1721680 658
1721690 658
1721700 658
1721710 657
1721720 657
1721730 657
1721740 656
1721750 656
1721760 656
1721770 656
1721780 656
1721790 656
1721800 656
1721810 655
1721820 655
1721830 655
1721840 655
1721850 655
1721860 655
1721870 655
1721880 655
1721890 654
1721900 655
1721910 655
1721920 655
1721930 655
1721940 655
1721950 655
1721960 655
1721970 655
1721980 656
1721990 656
1722000 656
1722010 656
1722020 656
1722030 657
1722040 657
1722050 657
1722060 657
1722070 657
1722080 658
1722090 658
1722100 658
1722110 659
1722120 659
1722130 659
1722140 660
1722150 661
1722160 661
1722170 661
1722180 662
1722190 662
1722200 662
1722210 663
1722220 663
1722230 664
1722240 665
1722250 665
1722260 665
1722270 664
1722280 665
1722290 665
1722300 665
1722310 665
1722320 665
1722330 665
1722340 666
1722350 666
1722360 666
1722370 667
1722380 667
1722390 667
1722400 668
1722410 668
1722420 669
1722430 671
1722440 671
1722450 672
1722460 673
1722470 673
1722480 674
1722490 675
1722500 675
1722510 677
1722520 677
1722530 677
1722540 676
1722550 676
1722560 676
1722570 676
1722580 677
1722590 677
1722600 677
1722610 677
1722620 677
1722630 677
1722640 678
1722650 677
1722660 677
1722670 677
1722680 677
1722690 677
1722700 678
1722710 678
1722720 678
1722730 680
1722740 680
1722750 680
1722760 681
1722770 681
1722780 681
1722790 682
1722800 683
1722810 684
1722820 684
1722830 685
1722840 686
1722850 686
1722860 687
1722870 688
1722880 688
1722890 690
1722900 691
1722910 691
1722920 693
1722930 695
1722940 695
1722950 697
1722960 698
1722970 698
1722980 700
1722990 701
1723000 701
1723010 704
1723020 705
1723030 705
1723040 706
1723050 708
1723060 709
1723070 709
1723080 711
1723090 712
1723100 712
1723110 714
1723120 715
1723130 715
1723140 715
1723150 714
1723160 714
1723170 714
1723180 713
1723190 713
1723200 711
1723210 709
1723220 709
1723230 707
1723240 703
1723250 703
1723260 702
1723270 699
1723280 699
1723290 694
1723300 692
1723310 691
1723320 691
1723330 691
1723340 692
1723350 692
1723360 692
1723370 692
1723380 692
1723390 692
1723400 691
1723410 691
1723420 689
1723430 687
1723440 687
1723450 686
1723460 684
1723470 684
1723480 683
1723490 682
1723500 682
1723510 680
1723520 679
1723530 679
1723540 677
1723550 675
1723560 675
1723570 672
1723580 670
1723590 669
1723600 669
1723610 667
1723620 664
1723630 664
1723640 661
1723650 658
1723660 658
1723670 654
1723680 651
1723690 651
1723700 648
1723710 645
1723720 645
1723730 642
1723740 639
1723750 639
1723760 637
1723770 632
1723780 632
1723790 629
1723800 626
1723810 626
1723820 623
1723830 621
1723840 621
1723850 621
1723860 619
1723870 618
1723880 618
1723890 617
1723900 617
1723910 617
1723920 617
1723930 614
1723940 614
1723950 615
1723960 615
1723970 615
1723980 613
1723990 613
1724000 613
1724010 614
1724020 614
1724030 614
1724040 613
1724050 612
1724060 612
1724070 612
1724080 611
1724090 610
1724100 610
1724110 610
1724120 609
1724130 609
1724140 608
1724150 607
1724160 607
1724170 607
1724180 607
1724190 607
1724200 608
1724210 609
1724220 609
1724230 609
1724240 609
1724250 609
1724260 609
1724270 609
1724280 609
1724290 609
1724300 609
1724310 609
1724320 610
1724330 612
1724340 613
1724350 613
1724360 614
1724370 614
1724380 614
1724390 615
1724400 615
1724410 615
1724420 615
1724430 615
1724440 615
1724450 616
1724460 616
1724470 616
1724480 616
1724490 615
1724500 615
1724510 614
1724520 608
1724530 608
1724540 603
1724550 602
1724560 602
1724570 603
1724580 602
1724590 602
1724600 602
1724610 602
1724620 602
1724630 602
1724640 602
1724650 601
1724660 601
1724670 601
1724680 600
1724690 600
1724700 601
1724710 602
1724720 602
1724730 602
1724740 602
1724750 602
1724760 602
1724770 602
1724780 602
1724790 602
1724800 601
1724810 601
1724820 601
1724830 601
1724840 601
1724850 601
1724860 600
1724870 600
1724880 600
1724890 600
1724900 600
1724910 600
1724920 600
1724930 600
1724940 600
1724950 600
1724960 600
1724970 600
1724980 600
1724990 599
1725000 599
1725010 599
1725020 599
1725030 599
1725040 599
1725050 599
1725060 599
1725070 599
1725080 599
1725090 599
1725100 599
1725110 598
1725120 598
1725130 598
1725140 598
1725150 598
1725160 598
1725170 598
1725180 598
1725190 598
1725200 598
1725210 598
1725220 598
1725230 599
1725240 599
1725250 599
1725260 600
1725270 601
1725280 601
1725290 602
1725300 603
1725310 603
1725320 604
1725330 604
1725340 604
1725350 605
1725360 606
1725370 607
1725380 607
1725390 607
1725400 607
1725410 607
1725420 608
1725430 608
1725440 608
1725450 611
1725460 610
1725470 610
1725480 609
1725490 605
1725500 605
1725510 601
1725520 600
1725530 600
1725540 600
1725550 598
1725560 598
1725570 599
1725580 599
1725590 599
1725600 600
1725610 600
1725620 600
1725630 604
1725640 604
1725650 606
1725660 606
1725670 609
1725680 615
1725690 615
1725700 617
1725710 618
1725720 618
1725730 620
1725740 622
1725750 622
1725760 623
1725770 624
1725780 624
1725790 625
1725800 625
1725810 625
1725820 625
1725830 626
1725840 626
1725850 626
1725860 627
1725870 627
1725880 628
1725890 629
1725900 630
1725910 630
1725920 632
1725930 633
1725940 633
1725950 634
1725960 635
1725970 635
1725980 635
1725990 636
1726000 636
1726010 637
1726020 638
1726030 638
1726040 639
1726050 640
1726060 640
1726070 642
1726080 642
1726090 642
1726100 642
1726110 642
1726120 642
1726130 642
1726140 642
1726150 642
1726160 642
1726170 642
1726180 643
1726190 643
1726200 643
1726210 643
1726220 643
1726230 643
1726240 643
1726250 643
1726260 643
1726270 643
1726280 643
1726290 642
1726300 642
1726310 642
1726320 641
1726330 638
1726340 638
1726350 636
1726360 634
1726370 634
1726380 629
1726390 630
1726400 630
1726410 633
1726420 632
1726430 629
1726440 629
1726450 632
1726460 634
1726470 634
1726480 635
1726490 635
1726500 635
1726510 636
1726520 637
1726530 637
1726540 637
1726550 638
1726560 638
1726570 639
1726580 641
1726590 641
1726600 641
1726610 642
1726620 642
1726630 643
1726640 644
1726650 644
1726660 645
1726670 646
1726680 647
1726690 647
1726700 648
1726710 648
1726720 648
1726730 649
1726740 649
1726750 649
1726760 649
1726770 649
1726780 649
1726790 646
1726800 641
1726810 641
1726820 638
1726830 637
1726840 637
1726850 642
1726860 642
1726870 642
1726880 643
1726890 644
1726900 644
1726910 645
1726920 646
1726930 647
1726940 647
1726950 648
1726960 649
1726970 649
1726980 649
1726990 649
1727000 649
1727010 650
1727020 650
1727030 650
1727040 650
1727050 649
1727060 649
1727070 649
1727080 648
1727090 648
1727100 647
1727110 645
1727120 645
1727130 644
1727140 641
1727150 641
1727160 639
1727170 641
1727180 646
1727190 646
1727200 647
1727210 648
1727220 648
1727230 649
1727240 650
1727250 650
1727260 651
1727270 651
1727280 651
1727290 652
1727300 652
1727310 652
1727320 650
1727330 648
1727340 648
1727350 646
1727360 645
1727370 645
1727380 644
1727390 644
1727400 644
1727410 643
1727420 640
1727430 640
1727440 643
1727450 644
1727460 645
1727470 645
1727480 648
1727490 649
1727500 649
1727510 648
1727520 648
1727530 648
1727540 649
1727550 651
1727560 651
1727570 653
1727580 655
1727590 655
1727600 656
1727610 656
1727620 656
1727630 657
1727640 659
1727650 659
1727660 661
1727670 662
1727680 662
1727690 664
1727700 665
1727710 666
1727720 666
1727730 668
1727740 669
1727750 669
1727760 672
1727770 672
1727780 672
1727790 674
1727800 675
1727810 675
1727820 677
1727830 679
1727840 679
1727850 682
1727860 685
1727870 685
1727880 685
1727890 686
1727900 686
1727910 688
1727920 690
1727930 690
1727940 691
1727950 692
1727960 693
1727970 693
1727980 694
1727990 694
1728000 694
1728010 693
1728020 692
1728030 692
1728040 691
1728050 690
1728060 690
1728070 689
1728080 688
1728090 688
1728100 685
1728110 682
1728120 682
1728130 678
1728140 672
1728150 672
1728160 670
1728170 666
1728180 666
1728190 661
1728200 658
1728210 654
1728220 654
1728230 651
1728240 647
1728250 647
1728260 644
1728270 640
1728280 640
1728290 637
1728300 631
1728310 631
1728320 623
1728330 615
1728340 615
1728350 606
1728360 600
1728370 600
1728380 599
1728390 600
1728400 600
1728410 601
1728420 601
1728430 601
1728440 602
1728450 609
1728460 609
1728470 612
1728480 613
1728490 617
1728500 617
1728510 620
1728520 621
1728530 621
1728540 622
1728550 624
1728560 624
1728570 625
1728580 627
1728590 627
1728600 628
1728610 629
1728620 629
1728630 630
1728640 630
1728650 630
1728660 632
1728670 633
1728680 633
1728690 634
1728700 635
1728710 635
1728720 637
1728730 638
1728740 639
1728750 639
1728760 640
1728770 641
1728780 641
1728790 641
1728800 642
1728810 642
1728820 643
1728830 644
1728840 644
1728850 645
1728860 645
1728870 645
1728880 644
1728890 642
1728900 642
1728910 640
1728920 640
1728930 640
1728940 639
1728950 639
1728960 639
1728970 639
1728980 639
1728990 637
1729000 637
1729010 636
1729020 636
1729030 636
1729040 637
1729050 637
1729060 637
1729070 636
1729080 633
1729090 633
1729100 633
1729110 633
1729120 633
1729130 633
1729140 635
1729150 635
1729160 636
1729170 637
1729180 637
1729190 638
1729200 637
1729210 637
1729220 637
1729230 637
1729240 638
1729250 638
1729260 638
1729270 638
1729280 638
1729290 638
1729300 638
1729310 638
1729320 636
1729330 636
1729340 636
1729350 636
1729360 637
1729370 637
1729380 638
1729390 639
1729400 639
1729410 639
1729420 642
1729430 642
1729440 645
1729450 648
1729460 648
1729470 649
1729480 648
1729490 648
1729500 648
1729510 647
1729520 646
1729530 646
1729540 647
1729550 649
1729560 649
1729570 650
1729580 651
1729590 651
1729600 651
1729610 649
1729620 649
1729630 651
1729640 654
1729650 654
1729660 657
1729670 661
1729680 661
1729690 662
1729700 662
1729710 662
1729720 667
1729730 669
1729740 669
1729750 672
1729760 675
1729770 678
1729780 678
1729790 683
1729800 687
1729810 687
1729820 690
1729830 691
1729840 691
1729850 693
1729860 693
1729870 693
1729880 694
1729890 693
1729900 693
1729910 694
1729920 693
1729930 693
1729940 693
1729950 693
1729960 693
1729970 694
1729980 695
1729990 695
1730000 696
1730010 694
1730020 696
1730030 696
1730040 696
1730050 697
1730060 697
1730070 698
1730080 700
1730090 700
1730100 702
1730110 703
1730120 703
1730130 702
1730140 703
1730150 703
1730160 704
1730170 704
1730180 704
1730190 705
1730200 706
1730210 706
1730220 706
1730230 707
1730240 707
1730250 708
1730260 709
1730270 710
1730280 710
1730290 712
1730300 714
1730310 714
1730320 716
1730330 717
1730340 717
1730350 718
1730360 720
1730370 720
1730380 722
1730390 724
1730400 724
1730410 725
1730420 727
1730430 727
1730440 729
1730450 730
1730460 730
1730470 731
1730480 732
1730490 732
1730500 733
1730510 733
1730520 733
1730530 734
1730540 734
1730550 735
1730560 735
1730570 735
1730580 736
1730590 736
1730600 736
1730610 736
1730620 736
1730630 737
1730640 738
1730650 738
1730660 738
1730670 738
1730680 738
1730690 739
1730700 740
1730710 740
1730720 741
1730730 742
1730740 742
1730750 743
1730760 745
1730770 745
1730780 747
1730790 749
1730800 752
1730810 752
1730820 754
1730830 756
1730840 756
1730850 757
1730860 758
1730870 758
1730880 759
1730890 761
1730900 761
1730910 764
1730920 767
1730930 767
1730940 768
1730950 770
1730960 770
1730970 772
1730980 773
1730990 773
1731000 776
1731010 777
1731020 777
1731030 780
1731040 782
1731050 784
1731060 784
1731070 785
1731080 786
1731090 786
1731100 786
1731110 787
1731120 787
1731130 787
1731140 789
1731150 789
1731160 790
1731170 791
1731180 791
1731190 792
1731200 794
1731210 794
1731220 797
1731230 798
1731240 798
1731250 798
1731260 799
1731270 799
1731280 801
1731290 802
1731300 803
1731310 803
1731320 803
1731330 803
1731340 803
1731350 805
1731360 806
1731370 806
1731380 809
1731390 810
1731400 810
1731410 810
1731420 810
1731430 810
1731440 812
1731450 816
1731460 816
1731470 820
1731480 822
1731490 822
1731500 825
1731510 826
1731520 826
1731530 832
1731540 836
1731550 836
1731560 841
1731570 847
1731580 851
1731590 851
1731600 857
1731610 863
1731620 863
1731630 868
1731640 873
1731650 873
1731660 879
1731670 885
1731680 885
1731690 890
1731700 897
1731710 897
1731720 902
1731730 907
1731740 907
1731750 912
1731760 917
1731770 917
1731780 924
1731790 928
1731800 928
1731810 933
1731820 937
1731830 941
1731840 941
1731850 945
1731860 948
1731870 948
1731880 952
1731890 956
1731900 956
1731910 958
1731920 962
1731930 962
1731940 965
1731950 968
1731960 968
1731970 970
1731980 973
1731990 973
1732000 975
1732010 977
1732020 977
1732030 980
1732040 982
1732050 982
1732060 985
1732070 987
1732080 990
1732090 985
1732100 987
1732110 989
1732120 989
1732130 991
1732140 992
1732150 992
1732160 994
1732170 996
1732180 996
1732190 998
1732200 1000
1732210 1000
1732220 1003
1732230 1006
1732240 1006
1732250 1008
1732260 1010
1732270 1010
1732280 1012
1732290 1015
1732300 1015
1732310 1018
1732320 1019
1732330 1019
1732340 1019
1732350 1021
1732360 1026
1732370 1026
1732380 1029
1732390 1033
1732400 1033
1732410 1036
1732420 1039
1732430 1039
1732440 1042
1732450 1046
1732460 1046
1732470 1050
1732480 1054
1732490 1054
1732500 1057
1732510 1060
1732520 1060
1732530 1064
1732540 1066
1732550 1066
1732560 1069
1732570 1069
1732580 1069
1732590 1066
1732600 1065
1732610 1065
1732620 1065
1732630 1064
1732640 1062
1732650 1062
1732660 1061
1732670 1061
1732680 1061
1732690 1060
1732700 1060
1732710 1060
1732720 1060
1732730 1058
1732740 1058
1732750 1058
1732760 1057
1732770 1057
1732780 1055
1732790 1054
1732800 1054
1732810 1053
1732820 1051
1732830 1051
1732840 1049
1732850 1048
1732860 1047
1732870 1047
1732880 1045
1732890 1044
1732900 1044
1732910 1043
1732920 1042
1732930 1042
1732940 1040
1732950 1039
1732960 1039
1732970 1038
1732980 1037
1732990 1037
1733000 1036
1733010 1033
1733020 1033
1733030 1032
1733040 1030
1733050 1030
1733060 1028
1733070 1027
1733080 1027
1733090 1024
1733100 1021
1733110 1019
1733120 1019
1733130 1017
1733140 1014
1733150 1014
1733160 1011
1733170 1009
1733180 1009
1733190 1005
1733200 1002
1733210 1002
1733220 999
1733230 995
1733240 995
1733250 992
1733260 987
1733270 987
1733280 984
1733290 980
1733300 980
1733310 976
1733320 971
1733330 971
1733340 966
1733350 961
1733360 961
1733370 957
1733380 952
1733390 948
1733400 948
1733410 941
1733420 936
1733430 936
1733440 929
1733450 923
1733460 923
1733470 916
1733480 909
1733490 909
1733500 903
1733510 896
1733520 896
1733530 889
1733540 882
1733550 882
1733560 876
1733570 871
1733580 871
1733590 867
1733600 864
1733610 864
1733620 862
1733630 862
1733640 861
1733650 861
1733660 860
1733670 860
1733680 860
1733690 859
1733700 858
1733710 858
1733720 857
1733730 856
1733740 856
1733750 855
1733760 854
1733770 854
1733780 854
1733790 852
1733800 852
1733810 851
1733820 849
1733830 849
1733840 846
1733850 843
1733860 843
1733870 839
1733880 836
1733890 832
1733900 832
1733910 830
1733920 829
1733930 829
1733940 828
1733950 827
1733960 827
1733970 827
1733980 826
1733990 826
1734000 826
1734010 827
1734020 827
1734030 827
1734040 828
1734050 828
1734060 828
1734070 828
1734080 828
1734090 826
1734100 824
1734110 828
1734120 825
1734130 821
1734140 816
1734150 816
1734160 812
1734170 808
1734180 808
1734190 804
1734200 799
1734210 799
1734220 795
1734230 791
1734240 791
1734250 786
1734260 781
1734270 781
1734280 776
1734290 770
1734300 770
1734310 764
1734320 759
1734330 759
1734340 754
1734350 748
1734360 748
1734370 745
1734380 741
1734390 741
1734400 737
1734410 732
1734420 726
1734430 726
1734440 720
1734450 715
1734460 715
1734470 709
1734480 704
1734490 704
1734500 698
1734510 690
1734520 690
1734530 686
1734540 676
1734550 676
1734560 662
1734570 648
1734580 648
1734590 640
1734600 632
1734610 632
1734620 624
1734630 615
1734640 615
1734650 606
1734660 597
1734670 588
1734680 588
1734690 580
1734700 573
1734710 573
1734720 571
1734730 572
1734740 572
1734750 604
1734760 609
1734770 609
1734780 617
1734790 623
1734800 623
1734810 627
1734820 630
1734830 630
1734840 633
1734850 634
1734860 634
1734870 636
1734880 632
1734890 632
1734900 632
1734910 640
1734920 648
1734930 648
1734940 652
1734950 656
1734960 656
1734970 658
1734980 660
1734990 660
1735000 663
1735010 668
1735020 668
1735030 672
1735040 677
1735050 677
1735060 681
1735070 686
1735080 686
1735090 691
1735100 695
1735110 695
1735120 699
1735130 703
1735140 703
1735150 709
1735160 715
1735170 721
1735180 721
1735190 728
1735200 733
1735210 733
1735220 734
1735230 736
1735240 736
1735250 734
1735260 731
1735270 731
1735280 729
1735290 728
1735300 728
1735310 727
1735320 726
1735330 726
1735340 727
1735350 728
1735360 728
1735370 731
1735380 733
1735390 733
1735400 736
1735410 737
1735420 737
1735430 739
1735440 740
1735450 740
1735460 740
1735470 737
1735480 736
1735490 736
1735500 736
1735510 736
1735520 736
1735530 736
1735540 740
1735550 740
1735560 744
1735570 747
1735580 747
1735590 750
1735600 752
1735610 752
1735620 752
1735630 749
1735640 749
1735650 745
1735660 742
1735670 742
1735680 738
1735690 735
1735700 732
1735710 732
1735720 729
1735730 727
1735740 727
1735750 724
1735760 721
1735770 721
1735780 719
1735790 717
1735800 717
1735810 715
1735820 716
1735830 716
1735840 716
1735850 713
1735860 713
1735870 709
1735880 705
1735890 705
1735900 701
1735910 695
1735920 695
1735930 690
1735940 692
1735950 699
1735960 699
1735970 701
1735980 705
1735990 705
1736000 708
1736010 712
1736020 712
1736030 715
1736040 719
1736050 719
1736060 724
1736070 729
1736080 729
1736090 735
1736100 738
1736110 738
1736120 743
1736130 748
1736140 748
1736150 752
1736160 755
1736170 755
1736180 758
1736190 762
1736200 767
1736210 767
1736220 771
1736230 776
1736240 776
1736250 782
1736260 786
1736270 786
1736280 791
1736290 794
1736300 794
1736310 798
1736320 802
1736330 802
1736340 808
1736350 814
1736360 814
1736370 819
1736380 825
1736390 825
1736400 830
1736410 836
1736420 836
1736430 842
1736440 849
1736450 849
1736460 854
1736470 858
1736480 861
1736490 861
1736500 866
1736510 868
1736520 868
1736530 869
1736540 873
1736550 873
1736560 876
1736570 879
1736580 879
1736590 882
1736600 886
1736610 886
1736620 892
1736630 897
1736640 897
1736650 899
1736660 900
1736670 900
1736680 903
1736690 909
1736700 909
1736710 913
1736720 917
1736730 922
1736740 922
1736750 926
1736760 925
1736770 925
1736780 926
1736790 927
1736800 927
1736810 928
1736820 929
1736830 929
1736840 930
1736850 931
1736860 931
1736870 933
1736880 934
1736890 934
1736900 937
1736910 940
1736920 940
1736930 944
1736940 946
1736950 946
1736960 948
1736970 951
1736980 953
1736990 953
1737000 955
1737010 957
1737020 957
1737030 959
1737040 961
1737050 961
1737060 962
1737070 963
1737080 963
1737090 964
1737100 965
1737110 965
1737120 965
1737130 965
1737140 965
1737150 965
1737160 965
1737170 965
1737180 965
1737190 964
1737200 964
1737210 963
1737220 962
1737230 961
1737240 961
1737250 959
1737260 958
1737270 958
1737280 957
1737290 956
1737300 956
1737310 955
1737320 955
1737330 955
1737340 955
1737350 956
1737360 956
1737370 957
1737380 957
1737390 957
1737400 959
1737410 959
1737420 959
1737430 960
1737440 961
1737450 961
1737460 962
1737470 962
1737480 962
1737490 963
1737500 964
1737510 964
1737520 964
1737530 964
1737540 965
1737550 965
1737560 966
1737570 967
1737580 967
1737590 967
1737600 968
1737610 968
1737620 968
1737630 969
1737640 969
1737650 970
1737660 971
1737670 971
1737680 971
1737690 972
1737700 972
1737710 973
1737720 974
1737730 974
1737740 975
1737750 977
1737760 978
1737770 978
1737780 979
1737790 980
1737800 980
1737810 980
1737820 980
1737830 980
1737840 980
1737850 979
1737860 979
1737870 978
1737880 976
1737890 976
1737900 974
1737910 974
1737920 974
1737930 973
1737940 972
1737950 972
1737960 971
1737970 970
1737980 970
1737990 968
1738000 967
1738010 966
1738020 966
1738030 965
1738040 963
1738050 963
1738060 960
1738070 957
1738080 957
1738090 955
1738100 951
1738110 951
1738120 947
1738130 942
1738140 942
1738150 938
1738160 935
1738170 935
1738180 933
1738190 930
1738200 930
1738210 927
1738220 924
1738230 924
1738240 922
1738250 919
1738260 919
1738270 917
1738280 914
1738290 911
1738300 911
1738310 908
1738320 905
1738330 905
1738340 903
1738350 901
1738360 901
1738370 899
1738380 897
1738390 897
1738400 895
1738410 892
1738420 892
1738430 890
1738440 888
1738450 888
1738460 886
1738470 885
1738480 885
1738490 884
1738500 884
1738510 884
1738520 883
1738530 883
1738540 882
1738550 882
1738560 881
1738570 878
1738580 878
1738590 874
1738600 868
1738610 868
1738620 861
1738630 855
1738640 855
1738650 848
1738660 842
1738670 842
1738680 838
1738690 834
1738700 834
1738710 830
1738720 827
1738730 827
1738740 823
1738750 820
1738760 820
1738770 817
1738780 813
1738790 810
1738800 810
1738810 807
1738820 804
1738830 804
1738840 802
1738850 799
1738860 799
1738870 797
1738880 791
1738890 791
1738900 786
1738910 783
1738920 783
1738930 782
1738940 781
1738950 781
1738960 781
1738970 777
1738980 777
1738990 776
1739000 774
1739010 774
1739020 768
1739030 766
1739040 763
1739050 763
1739060 762
1739070 760
1739080 760
1739090 758
1739100 757
1739110 757
1739120 755
1739130 755
1739140 755
1739150 754
1739160 753
1739170 753
1739180 751
1739190 750
1739200 750
1739210 749
1739220 748
1739230 748
1739240 747
1739250 746
1739260 746
1739270 744
1739280 742
1739290 742
1739300 740
1739310 738
1739320 736
1739330 736
1739340 734
1739350 732
1739360 732
1739370 731
1739380 730
1739390 730
1739400 729
1739410 725
1739420 725
1739430 724
1739440 721
1739450 721
1739460 723
1739470 724
1739480 724
1739490 725
1739500 723
1739510 723
1739520 721
1739530 721
1739540 721
1739550 721
1739560 720
1739570 716
1739580 716
1739590 717
1739600 714
1739610 714
1739620 715
1739630 719
1739640 719
1739650 722
1739660 722
1739670 722
1739680 723
1739690 725
1739700 725
1739710 726
1739720 728
1739730 728
1739740 729
1739750 730
1739760 730
1739770 732
1739780 733
1739790 733
1739800 735
1739810 738
1739820 742
1739830 742
1739840 746
1739850 750
1739860 750
1739870 755
1739880 761
1739890 761
1739900 766
1739910 770
1739920 770
1739930 775
1739940 781
1739950 781
1739960 788
1739970 793
1739980 793
1739990 798
