1720000 709
1720010 709
1720020 709
1720030 709
1720040 708
1720050 708
1720060 707
1720070 706
1720080 706
1720090 705
1720100 703
1720110 703
1720120 701
1720130 699
1720140 699
1720150 697
1720160 694
1720170 694
1720180 692
1720190 689
1720200 689
1720210 684
1720220 678
1720230 678
1720240 678
1720250 678
1720260 679
1720270 679
1720280 680
1720290 681
1720300 681
1720310 682
1720320 683
1720330 683
1720340 682
1720350 686
1720360 686
1720370 687
1720380 689
1720390 689
1720400 690
1720410 693
1720420 693
1720430 694
1720440 695
1720450 695
1720460 696
1720470 696
1720480 696
1720490 696
1720500 696
1720510 695
1720520 695
1720530 693
1720540 691
1720550 691
1720560 688
1720570 686
1720580 686
1720590 685
1720600 685
1720610 685
1720620 685
1720630 686
1720640 686
1720650 687
1720660 687
1720670 687
1720680 687
1720690 687
1720700 687
1720710 688
1720720 689
1720730 689
1720740 689
1720750 690
1720760 690
1720770 690
1720780 690
1720790 690
1720800 690
1720810 690
1720820 689
1720830 689
1720840 688
1720850 687
1720860 687
1720870 685
1720880 684
1720890 684
1720900 682
1720910 680
1720920 680
1720930 678
1720940 677
1720950 677
1720960 675
1720970 673
1720980 673
1720990 671
1721000 669
1721010 669
1721020 669
1721030 666
1721040 665
1721050 665
1721060 664
1721070 663
1721080 663
1721090 661
1721100 659
1721110 659
1721120 658
1721130 659
1721140 659
1721150 663
1721160 667
1721170 667
1721180 668
1721190 670
1721200 670
1721210 672
1721220 673
1721230 673
1721240 675
1721250 677
1721260 678
1721270 678
1721280 679
1721290 680
1721300 680
1721310 682
1721320 683
1721330 683
1721340 684
1721350 685
1721360 685
1721370 686
1721380 687
1721390 687
1721400 688
1721410 688
1721420 688
1721430 689
1721440 690
1721450 690
1721460 691
1721470 691
1721480 691
1721490 692
1721500 692
1721510 692
1721520 692
1721530 693
1721540 693
1721550 693
1721560 693
1721570 693
1721580 693
1721590 693
1721600 693
1721610 693
1721620 693
1721630 693
1721640 693
1721650 693
1721660 693
1721670 693
1721680 693
1721690 693
1721700 693
1721710 693
1721720 692
1721730 692
1721740 692
1721750 692
1721760 692
1721770 692
1721780 692
1721790 692
1721800 692
1721810 691
1721820 692
1721830 692
1721840 692
1721850 691
1721860 691
1721870 691
1721880 690
1721890 690
1721900 689
1721910 689
1721920 689
1721930 689
1721940 689
1721950 689
1721960 688
1721970 687
1721980 687
1721990 687
1722000 688
1722010 688
1722020 688
1722030 687
1722040 685
1722050 685
1722060 686
1722070 687
1722080 687
1722090 687
1722100 686
1722110 686
1722120 686
1722130 686
1722140 686
1722150 685
1722160 685
1722170 685
1722180 685
1722190 685
1722200 685
1722210 686
1722220 686
1722230 686
1722240 687
1722250 687
1722260 687
1722270 688
1722280 689
1722290 689
1722300 690
1722310 690
1722320 691
1722330 691
1722340 691
1722350 692
1722360 692
1722370 693
1722380 693
1722390 693
1722400 694
1722410 694
1722420 694
1722430 694
1722440 694
1722450 694
1722460 693
1722470 693
1722480 693
1722490 692
1722500 690
1722510 690
1722520 688
1722530 686
1722540 686
1722550 685
1722560 683
1722570 681
1722580 681
1722590 679
1722600 677
1722610 677
1722620 675
1722630 673
1722640 673
1722650 672
1722660 670
1722670 670
1722680 669
1722690 667
1722700 667
1722710 666
1722720 665
1722730 665
1722740 663
1722750 661
1722760 661
1722770 659
1722780 658
1722790 658
1722800 656
1722810 654
1722820 652
1722830 652
1722840 649
1722850 647
1722860 647
1722870 643
1722880 641
1722890 641
1722900 640
1722910 639
1722920 639
1722930 638
1722940 637
1722950 637
1722960 636
1722970 635
1722980 635
1722990 635
1723000 633
1723010 633
1723020 632
1723030 632
1723040 632
1723050 632
1723060 631
1723070 631
1723080 631
1723090 631
1723100 630
1723110 630
1723120 629
1723130 629
1723140 629
1723150 628
1723160 628
1723170 628
1723180 628
1723190 628
1723200 628
1723210 628
1723220 628
1723230 628
1723240 627
1723250 627
1723260 627
1723270 627
1723280 627
1723290 627
1723300 627
1723310 627
1723320 627
1723330 626
1723340 627
1723350 630
1723360 630
1723370 636
1723380 640
1723390 640
1723400 644
1723410 648
1723420 648
1723430 650
1723440 651
1723450 651
1723460 651
1723470 651
1723480 651
1723490 651
1723500 651
1723510 651
1723520 651
1723530 651
1723540 651
1723550 650
1723560 650
1723570 650
1723580 649
1723590 648
1723600 648
1723610 647
1723620 646
1723630 645
1723640 645
1723650 643
1723660 642
1723670 642
1723680 640
1723690 637
1723700 637
1723710 634
1723720 632
1723730 632
1723740 629
1723750 632
1723760 632
1723770 631
1723780 631
1723790 631
1723800 631
1723810 631
1723820 631
1723830 631
1723840 631
1723850 631
1723860 631
1723870 631
1723880 631
1723890 631
1723900 631
1723910 631
1723920 631
1723930 632
1723940 632
1723950 632
1723960 631
1723970 631
1723980 631
1723990 631
1724000 630
1724010 630
1724020 631
1724030 632
1724040 632
1724050 632
1724060 632
1724070 632
1724080 632
1724090 632
1724100 632
1724110 631
1724120 631
1724130 631
1724140 631
1724150 630
1724160 630
1724170 630
1724180 632
1724190 635
1724200 635
1724210 636
1724220 637
1724230 637
1724240 638
1724250 639
1724260 639
1724270 639
1724280 640
1724290 640
1724300 641
1724310 642
1724320 642
1724330 643
1724340 644
1724350 644
1724360 645
1724370 646
1724380 646
1724390 648
1724400 649
1724410 649
1724420 649
1724430 650
1724440 651
1724450 651
1724460 652
1724470 653
1724480 653
1724490 653
1724500 654
1724510 654
1724520 654
1724530 655
1724540 655
1724550 655
1724560 656
1724570 656
1724580 656
1724590 656
1724600 656
1724610 656
1724620 656
1724630 656
1724640 656
1724650 655
1724660 655
1724670 655
1724680 654
1724690 654
1724700 654
1724710 653
1724720 653
1724730 653
1724740 652
1724750 652
1724760 652
1724770 651
1724780 650
1724790 650
1724800 649
1724810 648
1724820 648
1724830 647
1724840 646
1724850 646
1724860 646
1724870 645
1724880 645
1724890 644
1724900 643
1724910 642
1724920 642
1724930 641
1724940 641
1724950 641
1724960 640
1724970 640
1724980 640
1724990 639
1725000 639
1725010 639
1725020 638
1725030 638
1725040 638
1725050 637
1725060 637
1725070 637
1725080 636
1725090 636
1725100 636
1725110 635
1725120 635
1725130 635
1725140 635
1725150 634
1725160 634
1725170 634
1725180 633
1725190 632
1725200 632
1725210 631
1725220 631
1725230 630
1725240 629
1725250 628
1725260 628
1725270 630
1725280 631
1725290 631
1725300 631
1725310 630
1725320 630
1725330 630
1725340 629
1725350 629
1725360 629
1725370 629
1725380 629
1725390 629
1725400 629
1725410 629
1725420 628
1725430 628
1725440 628
1725450 628
1725460 627
1725470 627
1725480 627
1725490 627
1725500 627
1725510 627
1725520 627
1725530 627
1725540 627
1725550 627
1725560 626
1725570 626
1725580 626
1725590 626
1725600 626
1725610 626
1725620 626
1725630 626
1725640 626
1725650 626
1725660 626
1725670 626
1725680 626
1725690 626
1725700 626
1725710 625
1725720 625
1725730 625
1725740 626
1725750 626
1725760 626
1725770 625
1725780 625
1725790 625
1725800 625
1725810 625
1725820 625
1725830 624
1725840 624
1725850 624
1725860 624
1725870 624
1725880 624
1725890 623
1725900 623
1725910 623
1725920 623
1725930 623
1725940 623
1725950 623
1725960 623
1725970 623
1725980 623
1725990 623
1726000 623
1726010 623
1726020 623
1726030 623
1726040 623
1726050 623
1726060 623
1726070 623
1726080 623
1726090 623
1726100 623
1726110 623
1726120 623
1726130 623
1726140 623
1726150 623
1726160 623
1726170 624
1726180 624
1726190 624
1726200 624
1726210 624
1726220 624
1726230 624
1726240 625
1726250 626
1726260 626
1726270 625
1726280 625
1726290 625
1726300 625
1726310 625
1726320 625
1726330 625
1726340 625
1726350 625
1726360 625
1726370 625
1726380 625
1726390 625
1726400 626
1726410 626
1726420 626
1726430 626
1726440 626
1726450 626
1726460 626
1726470 626
1726480 626
1726490 627
1726500 628
1726510 628
1726520 629
1726530 630
1726540 630
1726550 631
1726560 632
1726570 632
1726580 632
1726590 633
1726600 633
1726610 635
1726620 636
1726630 636
1726640 637
1726650 638
1726660 638
1726670 639
1726680 641
1726690 641
1726700 642
1726710 643
1726720 643
1726730 644
1726740 645
1726750 647
1726760 647
1726770 647
1726780 649
1726790 649
1726800 650
1726810 650
1726820 650
1726830 650
1726840 652
1726850 652
1726860 653
1726870 654
1726880 654
1726890 655
1726900 655
1726910 655
1726920 656
1726930 657
1726940 657
1726950 657
1726960 658
1726970 658
1726980 658
1726990 659
1727000 659
1727010 659
1727020 659
1727030 659
1727040 659
1727050 660
1727060 660
1727070 660
1727080 660
1727090 660
1727100 660
1727110 661
1727120 661
1727130 661
1727140 661
1727150 662
1727160 662
1727170 662
1727180 662
1727190 662
1727200 662
1727210 663
1727220 663
1727230 663
1727240 663
1727250 663
1727260 663
1727270 663
1727280 662
1727290 662
1727300 663
1727310 663
1727320 663
1727330 662
1727340 661
1727350 661
1727360 661
1727370 660
1727380 660
1727390 660
1727400 659
1727410 659
1727420 659
1727430 658
1727440 658
1727450 658
1727460 657
1727470 657
1727480 657
1727490 655
1727500 655
1727510 655
1727520 655
1727530 654
1727540 654
1727550 650
1727560 653
1727570 653
1727580 653
1727590 652
1727600 652
1727610 652
1727620 652
1727630 652
1727640 652
1727650 652
1727660 652
1727670 652
1727680 653
1727690 653
1727700 653
1727710 653
1727720 653
1727730 653
1727740 653
1727750 653
1727760 652
1727770 652
1727780 651
1727790 651
1727800 650
1727810 649
1727820 649
1727830 649
1727840 648
1727850 648
1727860 646
1727870 642
1727880 642
1727890 637
1727900 632
1727910 632
1727920 625
1727930 622
1727940 622
1727950 622
1727960 622
1727970 622
1727980 623
1727990 623
1728000 623
1728010 623
1728020 623
1728030 623
1728040 623
1728050 623
1728060 623
1728070 623
1728080 623
1728090 623
1728100 623
1728110 623
1728120 627
1728130 627
1728140 633
1728150 639
1728160 639
1728170 645
1728180 646
1728190 646
1728200 646
1728210 646
1728220 646
1728230 645
1728240 645
1728250 645
1728260 645
1728270 644
1728280 644
1728290 645
1728300 645
1728310 645
1728320 645
1728330 645
1728340 645
1728350 645
1728360 644
1728370 644
1728380 644
1728390 643
1728400 643
1728410 643
1728420 642
1728430 642
1728440 642
1728450 642
1728460 642
1728470 642
1728480 642
1728490 642
1728500 642
1728510 643
1728520 643
1728530 643
1728540 643
1728550 644
1728560 644
1728570 644
1728580 644
1728590 644
1728600 644
1728610 644
1728620 645
1728630 645
1728640 645
1728650 646
1728660 646
1728670 646
1728680 647
1728690 647
1728700 647
1728710 648
1728720 648
1728730 648
1728740 649
1728750 649
1728760 649
1728770 650
1728780 650
1728790 649
1728800 649
1728810 649
1728820 651
1728830 649
1728840 651
1728850 651
1728860 652
1728870 653
1728880 653
1728890 654
1728900 654
1728910 654
1728920 655
1728930 656
1728940 656
1728950 657
1728960 657
1728970 657
1728980 658
1728990 659
1729000 659
1729010 660
1729020 660
1729030 660
1729040 661
1729050 662
1729060 662
1729070 663
1729080 664
1729090 664
1729100 664
1729110 665
1729120 665
1729130 665
1729140 666
1729150 666
1729160 666
1729170 666
1729180 665
1729190 665
1729200 666
1729210 665
1729220 665
1729230 665
1729240 665
1729250 665
1729260 665
1729270 663
1729280 663
1729290 662
1729300 661
1729310 661
1729320 661
1729330 661
1729340 661
1729350 661
1729360 660
1729370 661
1729380 661
1729390 661
1729400 661
1729410 661
1729420 661
1729430 661
1729440 661
1729450 661
1729460 661
1729470 661
1729480 660
1729490 659
1729500 659
1729510 657
1729520 656
1729530 656
1729540 653
1729550 649
1729560 649
1729570 644
1729580 639
1729590 639
1729600 639
1729610 639
1729620 639
1729630 639
1729640 639
1729650 640
1729660 639
1729670 639
1729680 640
1729690 640
1729700 639
1729710 639
1729720 639
1729730 640
1729740 640
1729750 640
1729760 640
1729770 640
1729780 640
1729790 640
1729800 641
1729810 641
1729820 641
1729830 642
1729840 642
1729850 642
1729860 642
1729870 642
1729880 642
1729890 643
1729900 642
1729910 642
1729920 642
1729930 642
1729940 642
1729950 643
1729960 643
1729970 643
1729980 643
1729990 642
1730000 642
1730010 642
1730020 643
1730030 643
1730040 644
1730050 645
1730060 645
1730070 645
1730080 645
1730090 645
1730100 645
1730110 645
1730120 643
1730130 643
1730140 644
1730150 648
1730160 648
1730170 649
1730180 651
1730190 651
1730200 653
1730210 654
1730220 654
1730230 653
1730240 650
1730250 650
1730260 651
1730270 653
1730280 653
1730290 656
1730300 656
1730310 656
1730320 656
1730330 657
1730340 657
1730350 657
1730360 658
1730370 658
1730380 659
1730390 660
1730400 661
1730410 661
1730420 662
1730430 663
1730440 663
1730450 664
1730460 665
1730470 665
1730480 666
1730490 667
1730500 667
1730510 668
1730520 668
1730530 668
1730540 670
1730550 671
1730560 671
1730570 672
1730580 674
1730590 674
1730600 675
1730610 676
1730620 676
1730630 677
1730640 678
1730650 679
1730660 679
1730670 680
1730680 681
1730690 681
1730700 682
1730710 682
1730720 682
1730730 683
1730740 684
1730750 684
1730760 685
1730770 685
1730780 685
1730790 686
1730800 687
1730810 687
1730820 688
1730830 689
1730840 689
1730850 690
1730860 691
1730870 691
1730880 692
1730890 692
1730900 694
1730910 694
1730920 694
1730930 695
1730940 695
1730950 695
1730960 695
1730970 695
1730980 696
1730990 696
1731000 696
1731010 697
1731020 697
1731030 697
1731040 697
1731050 698
1731060 698
1731070 698
1731080 699
1731090 699
1731100 700
1731110 700
1731120 700
1731130 701
1731140 702
1731150 702
1731160 702
1731170 703
1731180 704
1731190 704
1731200 704
1731210 705
1731220 705
1731230 705
1731240 705
1731250 705
1731260 707
1731270 707
1731280 707
1731290 707
1731300 707
1731310 707
1731320 707
1731330 709
1731340 709
1731350 712
1731360 712
1731370 712
1731380 712
1731390 713
1731400 713
1731410 714
1731420 715
1731430 715
1731440 715
1731450 716
1731460 716
1731470 716
1731480 717
1731490 717
1731500 717
1731510 717
1731520 718
1731530 718
1731540 718
1731550 718
1731560 718
1731570 720
1731580 721
1731590 721
1731600 722
1731610 723
1731620 723
1731630 724
1731640 726
1731650 726
1731660 727
1731670 728
1731680 729
1731690 729
1731700 730
1731710 732
1731720 732
1731730 733
1731740 734
1731750 734
1731760 735
1731770 737
1731780 737
1731790 738
1731800 739
1731810 739
1731820 741
1731830 742
1731840 742
1731850 743
1731860 743
1731870 743
1731880 744
1731890 744
1731900 744
1731910 744
1731920 744
1731930 744
1731940 743
1731950 742
1731960 741
1731970 741
1731980 738
1731990 735
1732000 735
1732010 733
1732020 728
1732030 728
1732040 725
1732050 723
1732060 723
1732070 724
1732080 726
1732090 726
1732100 725
1732110 723
1732120 723
1732130 724
1732140 724
1732150 724
1732160 722
1732170 723
1732180 723
1732190 724
1732200 724
1732210 724
1732220 724
1732230 724
1732240 726
1732250 726
1732260 727
1732270 730
1732280 730
1732290 732
1732300 733
1732310 733
1732320 729
1732330 724
1732340 724
1732350 718
1732360 714
1732370 714
1732380 713
1732390 717
1732400 717
1732410 718
1732420 720
1732430 720
1732440 723
1732450 725
1732460 726
1732470 726
1732480 727
1732490 729
1732500 729
1732510 731
1732520 733
1732530 733
1732540 734
1732550 735
1732560 735
1732570 736
1732580 738
1732590 738
1732600 739
1732610 741
1732620 741
1732630 742
1732640 744
1732650 744
1732660 746
1732670 748
1732680 748
1732690 749
1732700 751
1732710 751
1732720 752
1732730 753
1732740 755
1732750 755
1732760 756
1732770 757
1732780 757
1732790 758
1732800 760
1732810 760
1732820 761
1732830 761
1732840 761
1732850 761
1732860 762
1732870 762
1732880 763
1732890 765
1732900 765
1732910 766
1732920 767
1732930 767
1732940 768
1732950 769
1732960 769
1732970 770
1732980 771
1732990 772
1733000 772
1733010 773
1733020 774
1733030 774
1733040 774
1733050 775
1733060 775
1733070 776
1733080 777
1733090 777
1733100 779
1733110 781
1733120 781
1733130 783
1733140 784
1733150 784
1733160 785
1733170 787
1733180 787
1733190 787
1733200 787
1733210 787
1733220 787
1733230 786
1733240 786
1733250 786
1733260 786
1733270 786
1733280 786
1733290 787
1733300 788
1733310 788
1733320 789
1733330 789
1733340 789
1733350 789
1733360 789
1733370 789
1733380 789
1733390 788
1733400 788
1733410 788
1733420 788
1733430 788
1733440 789
1733450 787
1733460 787
1733470 787
1733480 786
1733490 786
1733500 785
1733510 784
1733520 784
1733530 784
1733540 783
1733550 781
1733560 781
1733570 778
1733580 775
1733590 775
1733600 772
1733610 767
1733620 767
1733630 763
1733640 758
1733650 758
1733660 752
1733670 745
1733680 745
1733690 739
1733700 732
1733710 732
1733720 725
1733730 720
1733740 720
1733750 715
1733760 709
1733770 705
1733780 705
1733790 698
1733800 692
1733810 692
1733820 687
1733830 682
1733840 682
1733850 677
1733860 673
1733870 673
1733880 666
1733890 661
1733900 661
1733910 656
1733920 651
1733930 651
1733940 645
1733950 640
1733960 640
1733970 635
1733980 629
1733990 629
1734000 625
1734010 619
1734020 619
1734030 615
1734040 611
1734050 604
1734060 604
1734070 603
1734080 602
1734090 602
1734100 604
1734110 616
1734120 616
1734130 624
1734140 633
1734150 633
1734160 641
1734170 648
1734180 648
1734190 655
1734200 661
1734210 661
1734220 666
1734230 672
1734240 672
1734250 681
1734260 689
1734270 689
1734280 696
1734290 702
1734300 712
1734310 712
1734320 719
1734330 725
1734340 725
1734350 733
1734360 741
1734370 741
1734380 744
1734390 747
1734400 747
1734410 752
1734420 755
1734430 755
1734440 759
1734450 761
1734460 761
1734470 766
1734480 770
1734490 770
1734500 776
1734510 781
1734520 781
1734530 789
1734540 797
1734550 805
1734560 805
1734570 811
1734580 817
1734590 817
1734600 824
1734610 830
1734620 830
1734630 837
1734640 845
1734650 845
1734660 852
1734670 856
1734680 856
1734690 859
1734700 860
1734710 860
1734720 859
1734730 858
1734740 858
1734750 862
1734760 869
1734770 869
1734780 866
1734790 857
1734800 857
1734810 859
1734820 864
1734830 868
1734840 868
1734850 874
1734860 881
1734870 881
1734880 896
1734890 909
1734900 909
1734910 918
1734920 921
1734930 921
1734940 926
1734950 931
1734960 931
1734970 937
1734980 936
1734990 936
1735000 940
1735010 948
1735020 948
1735030 960
1735040 974
1735050 974
1735060 978
1735070 985
1735080 984
1735090 984
1735100 983
1735110 982
1735120 982
1735130 980
1735140 978
1735150 978
1735160 976
1735170 974
1735180 974
1735190 972
1735200 970
1735210 970
1735220 968
1735230 966
1735240 966
1735250 963
1735260 961
1735270 961
1735280 958
1735290 957
1735300 957
1735310 956
1735320 956
1735330 957
1735340 957
1735350 958
1735360 959
1735370 959
1735380 960
1735390 961
1735400 961
1735410 961
1735420 960
1735430 960
1735440 961
1735450 962
1735460 962
1735470 963
1735480 965
1735490 965
1735500 967
1735510 968
1735520 968
1735530 970
1735540 972
1735550 972
1735560 973
1735570 975
1735580 975
1735590 976
1735600 978
1735610 979
1735620 979
1735630 980
1735640 981
1735650 981
1735660 981
1735670 982
1735680 982
1735690 983
1735700 984
1735710 984
1735720 985
1735730 987
1735740 987
1735750 989
1735760 992
1735770 992
1735780 993
1735790 996
1735800 996
1735810 998
1735820 1001
1735830 1001
1735840 1003
1735850 1006
1735860 1009
1735870 1009
1735880 1011
1735890 1013
1735900 1013
1735910 1016
1735920 1018
1735930 1018
1735940 1020
1735950 1022
1735960 1022
1735970 1024
1735980 1026
1735990 1026
1736000 1029
1736010 1032
1736020 1032
1736030 1034
1736040 1036
1736050 1036
1736060 1040
1736070 1043
1736080 1043
1736090 1046
1736100 1049
1736110 1052
1736120 1052
1736130 1055
1736140 1058
1736150 1058
1736160 1061
1736170 1064
1736180 1064
1736190 1067
1736200 1069
1736210 1069
1736220 1071
1736230 1073
1736240 1073
1736250 1077
1736260 1080
1736270 1080
1736280 1081
1736290 1080
1736300 1080
1736310 1078
1736320 1076
1736330 1076
1736340 1074
1736350 1070
1736360 1070
1736370 1067
1736380 1064
1736390 1062
1736400 1062
1736410 1061
1736420 1060
1736430 1060
1736440 1058
1736450 1056
1736460 1056
1736470 1055
1736480 1052
1736490 1052
1736500 1049
1736510 1045
1736520 1045
1736530 1043
1736540 1040
1736550 1040
1736560 1037
1736570 1035
1736580 1035
1736590 1033
1736600 1032
1736610 1032
1736620 1031
1736630 1029
1736640 1026
1736650 1026
1736660 1023
1736670 1021
1736680 1021
1736690 1018
1736700 1016
1736710 1016
1736720 1014
1736730 1012
1736740 1012
1736750 1011
1736760 1010
1736770 1010
1736780 1010
1736790 1009
1736800 1009
1736810 1008
1736820 1008
1736830 1008
1736840 1008
1736850 1007
1736860 1007
1736870 1006
1736880 1006
1736890 1006
1736900 1006
1736910 1004
1736920 1005
1736930 1005
1736940 1004
1736950 1003
1736960 1003
1736970 1002
1736980 1002
1736990 1002
1737000 1001
1737010 1001
1737020 1001
1737030 1001
1737040 1000
1737050 1000
1737060 1001
1737070 1001
1737080 1001
1737090 1002
1737100 1002
1737110 1002
1737120 1002
1737130 1003
1737140 1003
1737150 1002
1737160 1002
1737170 1002
1737180 1002
1737190 1002
1737200 1002
1737210 1002
1737220 1002
1737230 1003
1737240 1003
1737250 1003
1737260 1003
1737270 1003
1737280 1002
1737290 1001
1737300 1001
1737310 998
1737320 996
1737330 996
1737340 993
1737350 990
1737360 990
1737370 988
1737380 986
1737390 986
1737400 985
1737410 983
1737420 982
1737430 982
1737440 980
1737450 980
1737460 980
1737470 978
1737480 977
1737490 977
1737500 976
1737510 976
1737520 976
1737530 975
1737540 975
1737550 975
1737560 975
1737570 974
1737580 974
1737590 974
1737600 973
1737610 973
1737620 972
1737630 972
1737640 972
1737650 972
1737660 970
1737670 971
1737680 971
1737690 971
1737700 972
1737710 972
1737720 972
1737730 971
1737740 971
1737750 970
1737760 968
1737770 968
1737780 966
1737790 965
1737800 965
1737810 964
1737820 963
1737830 963
1737840 960
1737850 957
1737860 957
1737870 955
1737880 954
1737890 954
1737900 951
1737910 949
1737920 949
1737930 947
1737940 946
1737950 944
1737960 944
1737970 942
1737980 940
1737990 940
1738000 938
1738010 936
1738020 936
1738030 935
1738040 933
1738050 933
1738060 932
1738070 931
1738080 931
1738090 930
1738100 928
1738110 928
1738120 927
1738130 926
1738140 926
1738150 924
1738160 923
1738170 923
1738180 922
1738190 920
1738200 918
1738210 918
1738220 916
1738230 913
1738240 913
1738250 911
1738260 909
1738270 909
1738280 908
1738290 906
1738300 906
1738310 906
1738320 905
1738330 905
1738340 903
1738350 902
1738360 902
1738370 901
1738380 899
1738390 899
1738400 898
1738410 897
1738420 897
1738430 896
1738440 895
1738450 894
1738460 894
1738470 892
1738480 891
1738490 891
1738500 889
1738510 886
1738520 886
1738530 884
1738540 881
1738550 881
1738560 878
1738570 877
1738580 877
1738590 875
1738600 874
1738610 874
1738620 872
1738630 871
1738640 871
1738650 870
1738660 868
1738670 868
1738680 867
1738690 864
1738700 864
1738710 861
1738720 858
1738730 854
1738740 854
1738750 850
1738760 845
1738770 845
1738780 844
1738790 839
1738800 839
1738810 836
1738820 833
1738830 833
1738840 829
1738850 825
1738860 825
1738870 822
1738880 817
1738890 817
1738900 815
1738910 813
1738920 813
1738930 812
1738940 811
1738950 811
1738960 811
1738970 810
1738980 810
1738990 810
1739000 810
1739010 808
1739020 808
1739030 805
1739040 801
1739050 801
1739060 798
1739070 796
1739080 796
1739090 792
1739100 787
1739110 787
1739120 782
1739130 775
1739140 775
1739150 774
1739160 768
1739170 768
1739180 764
1739190 761
1739200 761
1739210 758
1739220 757
1739230 757
1739240 756
1739250 754
1739260 753
1739270 753
1739280 752
1739290 753
1739300 753
1739310 748
1739320 745
1739330 745
1739340 742
1739350 738
1739360 738
1739370 734
1739380 728
1739390 728
1739400 723
1739410 718
1739420 718
1739430 715
1739440 710
1739450 710
1739460 706
1739470 703
1739480 703
1739490 700
1739500 697
1739510 696
1739520 694
1739530 692
1739540 691
1739550 691
1739560 690
1739570 690
1739580 690
1739590 690
1739600 690
1739610 690
1739620 690
1739630 690
1739640 690
1739650 689
1739660 688
1739670 688
1739680 687
1739690 686
1739700 686
1739710 685
1739720 684
1739730 684
1739740 682
1739750 680
1739760 678
1739770 678
1739780 675
1739790 673
1739800 673
1739810 671
1739820 670
1739830 670
1739840 669
1739850 669
1739860 669
1739870 668
1739880 667
1739890 667
1739900 666
1739910 666
1739920 666
1739930 665
1739940 664
1739950 664
1739960 664
1739970 665
1739980 665
1739990 665
