1720000 735
1720010 736
1720020 736
1720030 737
1720040 737
1720050 737
1720060 738
1720070 738
1720080 738
1720090 739
1720100 739
1720110 739
1720120 739
1720130 739
1720140 739
1720150 738
1720160 738
1720170 738
1720180 737
1720190 737
1720200 736
1720210 735
1720220 735
1720230 734
1720240 733
1720250 733
1720260 732
1720270 730
1720280 728
1720290 728
1720300 726
1720310 725
1720320 725
1720330 723
1720340 720
1720350 720
1720360 719
1720370 717
1720380 717
1720390 715
1720400 713
1720410 713
1720420 713
1720430 712
1720440 712
1720450 711
1720460 710
1720470 710
1720480 709
1720490 707
1720500 707
1720510 705
1720520 704
1720530 704
1720540 702
1720550 700
1720560 699
1720570 699
1720580 696
1720590 695
1720600 695
1720610 693
1720620 690
1720630 690
1720640 689
1720650 688
1720660 688
1720670 688
1720680 688
1720690 688
1720700 687
1720710 685
1720720 685
1720730 687
1720740 688
1720750 688
1720760 691
1720770 692
1720780 692
1720790 694
1720800 696
1720810 697
1720820 697
1720830 699
1720840 702
1720850 702
1720860 704
1720870 706
1720880 706
1720890 708
1720900 710
1720910 710
1720920 713
1720930 715
1720940 715
1720950 718
1720960 720
1720970 720
1720980 721
1720990 723
1721000 724
1721010 724
1721020 724
1721030 724
1721040 723
1721050 723
1721060 720
1721070 720
1721080 721
1721090 720
1721100 720
1721110 718
1721120 717
1721130 717
1721140 715
1721150 714
1721160 714
1721170 713
1721180 712
1721190 712
1721200 711
1721210 709
1721220 709
1721230 708
1721240 707
1721250 707
1721260 705
1721270 704
1721280 704
1721290 703
1721300 701
1721310 701
1721320 699
1721330 698
1721340 696
1721350 696
1721360 695
1721370 695
1721380 695
1721390 693
1721400 692
1721410 692
1721420 690
1721430 689
1721440 689
1721450 687
1721460 684
1721470 684
1721480 680
1721490 680
1721500 680
1721510 680
1721520 681
1721530 681
1721540 683
1721550 683
1721560 683
1721570 682
1721580 681
1721590 681
1721600 681
1721610 680
1721620 679
1721630 679
1721640 678
1721650 678
1721660 678
1721670 674
1721680 671
1721690 671
1721700 670
1721710 670
1721720 670
1721730 672
1721740 673
1721750 673
1721760 672
1721770 672
1721780 672
1721790 672
1721800 671
1721810 671
1721820 671
1721830 670
1721840 670
1721850 669
1721860 669
1721870 668
1721880 668
1721890 667
1721900 666
1721910 666
1721920 665
1721930 665
1721940 665
1721950 664
1721960 663
1721970 663
1721980 662
1721990 660
1722000 660
1722010 659
1722020 658
1722030 658
1722040 657
1722050 657
1722060 657
1722070 656
1722080 655
1722090 655
1722100 654
1722110 654
1722120 653
1722130 653
1722140 652
1722150 651
1722160 651
1722170 651
1722180 651
1722190 651
1722200 650
1722210 650
1722220 650
1722230 649
1722240 649
1722250 649
1722260 648
1722270 647
1722280 647
1722290 648
1722300 647
1722310 647
1722320 647
1722330 645
1722340 645
1722350 646
1722360 647
1722370 648
1722380 648
1722390 649
1722400 648
1722410 648
1722420 650
1722430 651
1722440 651
1722450 652
1722460 652
1722470 652
1722480 652
1722490 653
1722500 653
1722510 654
1722520 654
1722530 654
1722540 655
1722550 656
1722560 656
1722570 657
1722580 658
1722590 658
1722600 659
1722610 659
1722620 659
1722630 660
1722640 660
1722650 661
1722660 661
1722670 662
1722680 663
1722690 663
1722700 663
1722710 664
1722720 664
1722730 664
1722740 665
1722750 665
1722760 665
1722770 666
1722780 666
1722790 666
1722800 665
1722810 665
1722820 664
1722830 664
1722840 664
1722850 665
1722860 667
1722870 667
1722880 668
1722890 669
1722900 669
1722910 669
1722920 669
1722930 669
1722940 669
1722950 669
1722960 669
1722970 669
1722980 669
1722990 668
1723000 668
1723010 668
1723020 668
1723030 668
1723040 667
1723050 667
1723060 667
1723070 666
1723080 665
1723090 665
1723100 664
1723110 663
1723120 663
1723130 663
1723140 663
1723150 663
1723160 662
1723170 661
1723180 660
1723190 660
1723200 659
1723210 658
1723220 658
1723230 658
1723240 657
1723250 657
1723260 656
1723270 655
1723280 655
1723290 654
1723300 654
1723310 654
1723320 653
1723330 652
1723340 652
1723350 651
1723360 649
1723370 649
1723380 649
1723390 649
1723400 649
1723410 649
1723420 649
1723430 649
1723440 649
1723450 649
1723460 649
1723470 649
1723480 649
1723490 648
1723500 648
1723510 648
1723520 649
1723530 649
1723540 650
1723550 651
1723560 651
1723570 652
1723580 653
1723590 653
1723600 655
1723610 656
1723620 656
1723630 657
1723640 658
1723650 658
1723660 659
1723670 659
1723680 663
1723690 663
1723700 664
1723710 665
1723720 665
1723730 666
1723740 667
1723750 667
1723760 668
1723770 669
1723780 669
1723790 670
1723800 670
1723810 670
1723820 670
1723830 668
1723840 668
1723850 664
1723860 660
1723870 660
1723880 655
1723890 651
1723900 651
1723910 648
1723920 647
1723930 647
1723940 647
1723950 648
1723960 648
1723970 648
1723980 648
1723990 648
1724000 648
1724010 648
1724020 648
1724030 648
1724040 648
1724050 648
1724060 648
1724070 649
1724080 649
1724090 649
1724100 649
1724110 650
1724120 650
1724130 650
1724140 648
1724150 648
1724160 649
1724170 650
1724180 650
1724190 650
1724200 651
1724210 651
1724220 651
1724230 651
1724240 652
1724250 652
1724260 652
1724270 652
1724280 652
1724290 653
1724300 654
1724310 654
1724320 656
1724330 656
1724340 656
1724350 657
1724360 657
1724370 657
1724380 657
1724390 658
1724400 658
1724410 659
1724420 660
1724430 660
1724440 662
1724450 663
1724460 663
1724470 665
1724480 665
1724490 665
1724500 665
1724510 668
1724520 671
1724530 671
1724540 672
1724550 673
1724560 673
1724570 676
1724580 676
1724590 676
1724600 677
1724610 678
1724620 678
1724630 678
1724640 679
1724650 679
1724660 680
1724670 680
1724680 680
1724690 681
1724700 681
1724710 681
1724720 681
1724730 682
1724740 681
1724750 681
1724760 681
1724770 683
1724780 683
1724790 684
1724800 684
1724810 684
1724820 686
1724830 687
1724840 687
1724850 688
1724860 689
1724870 689
1724880 691
1724890 693
1724900 693
1724910 695
1724920 695
1724930 695
1724940 697
1724950 698
1724960 698
1724970 698
1724980 698
1724990 698
1725000 698
1725010 698
1725020 697
1725030 697
1725040 696
1725050 695
1725060 695
1725070 693
1725080 690
1725090 690
1725100 688
1725110 685
1725120 685
1725130 682
1725140 680
1725150 680
1725160 676
1725170 675
1725180 675
1725190 674
1725200 672
1725210 672
1725220 671
1725230 669
1725240 669
1725250 668
1725260 665
1725270 665
1725280 665
1725290 663
1725300 662
1725310 662
1725320 662
1725330 662
1725340 662
1725350 661
1725360 661
1725370 661
1725380 661
1725390 661
1725400 661
1725410 661
1725420 662
1725430 662
1725440 662
1725450 662
1725460 662
1725470 662
1725480 663
1725490 663
1725500 662
1725510 662
1725520 662
1725530 662
1725540 661
1725550 661
1725560 661
1725570 660
1725580 660
1725590 660
1725600 659
1725610 659
1725620 659
1725630 658
1725640 658
1725650 658
1725660 657
1725670 656
1725680 656
1725690 655
1725700 655
1725710 655
1725720 653
1725730 653
1725740 653
1725750 653
1725760 653
1725770 653
1725780 652
1725790 652
1725800 652
1725810 652
1725820 651
1725830 650
1725840 650
1725850 650
1725860 650
1725870 650
1725880 650
1725890 650
1725900 650
1725910 649
1725920 648
1725930 648
1725940 647
1725950 646
1725960 646
1725970 646
1725980 646
1725990 646
1726000 646
1726010 648
1726020 648
1726030 648
1726040 648
1726050 648
1726060 648
1726070 648
1726080 649
1726090 649
1726100 649
1726110 649
1726120 649
1726130 649
1726140 652
1726150 652
1726160 654
1726170 655
1726180 655
1726190 657
1726200 658
1726210 658
1726220 659
1726230 660
1726240 660
1726250 660
1726260 661
1726270 661
1726280 661
1726290 662
1726300 662
1726310 662
1726320 662
1726330 662
1726340 662
1726350 661
1726360 661
1726370 661
1726380 661
1726390 661
1726400 661
1726410 659
1726420 658
1726430 658
1726440 657
1726450 655
1726460 655
1726470 654
1726480 652
1726490 652
1726500 651
1726510 650
1726520 650
1726530 649
1726540 648
1726550 648
1726560 647
1726570 646
1726580 646
1726590 646
1726600 645
1726610 644
1726620 644
1726630 644
1726640 643
1726650 643
1726660 643
1726670 643
1726680 643
1726690 643
1726700 643
1726710 643
1726720 643
1726730 643
1726740 643
1726750 643
1726760 643
1726770 643
1726780 643
1726790 643
1726800 643
1726810 644
1726820 644
1726830 644
1726840 644
1726850 644
1726860 644
1726870 644
1726880 644
1726890 644
1726900 644
1726910 644
1726920 644
1726930 644
1726940 644
1726950 644
1726960 644
1726970 644
1726980 644
1726990 644
1727000 644
1727010 644
1727020 644
1727030 644
1727040 644
1727050 644
1727060 645
1727070 645
1727080 645
1727090 644
1727100 644
1727110 644
1727120 644
1727130 644
1727140 644
1727150 644
1727160 643
1727170 643
1727180 643
1727190 643
1727200 643
1727210 643
1727220 643
1727230 643
1727240 643
1727250 643
1727260 643
1727270 643
1727280 643
1727290 643
1727300 643
1727310 644
1727320 643
1727330 643
1727340 644
1727350 644
1727360 644
1727370 644
1727380 643
1727390 643
1727400 643
1727410 643
1727420 643
1727430 643
1727440 642
1727450 640
1727460 640
1727470 640
1727480 641
1727490 641
1727500 642
1727510 642
1727520 642
1727530 642
1727540 642
1727550 642
1727560 642
1727570 642
1727580 642
1727590 642
1727600 641
1727610 641
1727620 642
1727630 642
1727640 642
1727650 642
1727660 642
1727670 642
1727680 642
1727690 642
1727700 643
1727710 643
1727720 643
1727730 643
1727740 643
1727750 644
1727760 645
1727770 645
1727780 647
1727790 648
1727800 648
1727810 648
1727820 649
1727830 649
1727840 650
1727850 651
1727860 651
1727870 651
1727880 651
1727890 652
1727900 652
1727910 653
1727920 653
1727930 653
1727940 654
1727950 654
1727960 654
1727970 655
1727980 655
1727990 655
1728000 654
1728010 656
1728020 656
1728030 657
1728040 658
1728050 658
1728060 658
1728070 659
1728080 659
1728090 660
1728100 660
1728110 660
1728120 661
1728130 661
1728140 661
1728150 661
1728160 661
1728170 661
1728180 661
1728190 661
1728200 661
1728210 661
1728220 661
1728230 661
1728240 661
1728250 661
1728260 660
1728270 660
1728280 660
1728290 660
1728300 660
1728310 660
1728320 660
1728330 660
1728340 659
1728350 659
1728360 659
1728370 658
1728380 658
1728390 658
1728400 657
1728410 657
1728420 656
1728430 656
1728440 655
1728450 654
1728460 654
1728470 653
1728480 653
1728490 653
1728500 652
1728510 652
1728520 652
1728530 652
1728540 654
1728550 654
1728560 654
1728570 654
1728580 654
1728590 655
1728600 655
1728610 655
1728620 656
1728630 656
1728640 656
1728650 656
1728660 657
1728670 657
1728680 657
1728690 658
1728700 658
1728710 658
1728720 658
1728730 659
1728740 659
1728750 660
1728760 660
1728770 660
1728780 661
1728790 661
1728800 661
1728810 662
1728820 662
1728830 662
1728840 663
1728850 663
1728860 663
1728870 662
1728880 662
1728890 662
1728900 662
1728910 662
1728920 662
1728930 661
1728940 660
1728950 659
1728960 659
1728970 661
1728980 662
1728990 662
1729000 662
1729010 662
1729020 662
1729030 663
1729040 664
1729050 664
1729060 664
1729070 665
1729080 665
1729090 666
1729100 667
1729110 667
1729120 668
1729130 669
1729140 669
1729150 670
1729160 671
1729170 671
1729180 672
1729190 674
1729200 675
1729210 675
1729220 676
1729230 676
1729240 676
1729250 677
1729260 678
1729270 678
1729280 679
1729290 679
1729300 679
1729310 680
1729320 680
1729330 680
1729340 680
1729350 680
1729360 680
1729370 679
1729380 679
1729390 679
1729400 678
1729410 678
1729420 678
1729430 678
1729440 678
1729450 677
1729460 677
1729470 677
1729480 677
1729490 677
1729500 676
1729510 676
1729520 676
1729530 676
1729540 676
1729550 676
1729560 676
1729570 675
1729580 675
1729590 674
1729600 673
1729610 673
1729620 673
1729630 673
1729640 673
1729650 672
1729660 672
1729670 672
1729680 673
1729690 672
1729700 672
1729710 672
1729720 672
1729730 672
1729740 672
1729750 672
1729760 672
1729770 672
1729780 672
1729790 672
1729800 672
1729810 672
1729820 672
1729830 672
1729840 672
1729850 672
1729860 672
1729870 672
1729880 671
1729890 671
1729900 671
1729910 671
1729920 671
1729930 671
1729940 671
1729950 671
1729960 671
1729970 671
1729980 671
1729990 671
1730000 671
1730010 671
1730020 671
1730030 672
1730040 672
1730050 672
1730060 672
1730070 673
1730080 673
1730090 673
1730100 673
1730110 673
1730120 673
1730130 674
1730140 674
1730150 674
1730160 675
1730170 675
1730180 675
1730190 675
1730200 675
1730210 675
1730220 675
1730230 675
1730240 674
1730250 675
1730260 674
1730270 674
1730280 674
1730290 674
1730300 674
1730310 674
1730320 675
1730330 675
1730340 675
1730350 675
1730360 675
1730370 675
1730380 675
1730390 675
1730400 675
1730410 676
1730420 676
1730430 677
1730440 677
1730450 677
1730460 678
1730470 676
1730480 676
1730490 679
1730500 679
1730510 679
1730520 679
1730530 680
1730540 680
1730550 680
1730560 681
1730570 681
1730580 681
1730590 681
1730600 682
1730610 682
1730620 682
1730630 683
1730640 683
1730650 682
1730660 682
1730670 682
1730680 681
1730690 681
1730700 681
1730710 682
1730720 681
1730730 681
1730740 681
1730750 681
1730760 681
1730770 681
1730780 682
1730790 683
1730800 683
1730810 683
1730820 684
1730830 684
1730840 685
1730850 685
1730860 685
1730870 686
1730880 686
1730890 686
1730900 687
1730910 688
1730920 688
1730930 688
1730940 688
1730950 688
1730960 689
1730970 689
1730980 689
1730990 688
1731000 688
1731010 688
1731020 688
1731030 688
1731040 688
1731050 688
1731060 688
1731070 688
1731080 688
1731090 689
1731100 688
1731110 688
1731120 688
1731130 688
1731140 688
1731150 688
1731160 688
1731170 688
1731180 687
1731190 686
1731200 686
1731210 686
1731220 685
1731230 685
1731240 685
1731250 685
1731260 685
1731270 684
1731280 683
1731290 684
1731300 684
1731310 686
1731320 687
1731330 687
1731340 688
1731350 690
1731360 690
1731370 691
1731380 692
1731390 692
1731400 694
1731410 696
1731420 696
1731430 697
1731440 700
1731450 700
1731460 701
1731470 702
1731480 702
1731490 704
1731500 705
1731510 705
1731520 706
1731530 707
1731540 707
1731550 708
1731560 709
1731570 710
1731580 710
1731590 711
1731600 712
1731610 712
1731620 714
1731630 715
1731640 715
1731650 716
1731660 717
1731670 717
1731680 718
1731690 720
1731700 720
1731710 721
1731720 723
1731730 723
1731740 725
1731750 727
1731760 727
1731770 729
1731780 731
1731790 731
1731800 732
1731810 734
1731820 735
1731830 735
1731840 736
1731850 737
1731860 737
1731870 737
1731880 737
1731890 737
1731900 736
1731910 735
1731920 735
1731930 734
1731940 734
1731950 734
1731960 733
1731970 731
1731980 731
1731990 730
1732000 729
1732010 729
1732020 728
1732030 727
1732040 727
1732050 725
1732060 724
1732070 723
1732080 723
1732090 721
1732100 719
1732110 719
1732120 718
1732130 715
1732140 715
1732150 709
1732160 709
1732170 709
1732180 706
1732190 703
1732200 703
1732210 700
1732220 696
1732230 696
1732240 695
1732250 693
1732260 693
1732270 691
1732280 689
1732290 689
1732300 686
1732310 685
1732320 685
1732330 683
1732340 679
1732350 679
1732360 679
1732370 680
1732380 679
1732390 679
1732400 680
1732410 679
1732420 679
1732430 680
1732440 680
1732450 680
1732460 680
1732470 680
1732480 680
1732490 680
1732500 680
1732510 680
1732520 680
1732530 680
1732540 680
1732550 680
1732560 680
1732570 680
1732580 679
1732590 678
1732600 678
1732610 678
1732620 676
1732630 675
1732640 675
1732650 673
1732660 670
1732670 670
1732680 667
1732690 666
1732700 666
1732710 663
1732720 661
1732730 661
1732740 658
1732750 651
1732760 651
1732770 645
1732780 644
1732790 644
1732800 646
1732810 645
1732820 645
1732830 643
1732840 642
1732850 642
1732860 643
1732870 646
1732880 646
1732890 646
1732900 646
1732910 648
1732920 648
1732930 652
1732940 653
1732950 653
1732960 656
1732970 658
1732980 658
1732990 658
1733000 657
1733010 657
1733020 657
1733030 657
1733040 657
1733050 655
1733060 654
1733070 654
1733080 653
1733090 650
1733100 650
1733110 647
1733120 643
1733130 645
1733140 645
1733150 646
1733160 642
1733170 642
1733180 643
1733190 644
1733200 644
1733210 644
1733220 645
1733230 645
1733240 643
1733250 642
1733260 642
1733270 642
1733280 641
1733290 641
1733300 640
1733310 639
1733320 639
1733330 639
1733340 637
1733350 637
1733360 636
1733370 636
1733380 634
1733390 634
1733400 626
1733410 626
1733420 626
1733430 625
1733440 624
1733450 624
1733460 624
1733470 624
1733480 624
1733490 629
1733500 630
1733510 630
1733520 631
1733530 630
1733540 630
1733550 627
1733560 625
1733570 625
1733580 622
1733590 621
1733600 621
1733610 619
1733620 619
1733630 619
1733640 619
1733650 619
1733660 619
1733670 619
1733680 618
1733690 618
1733700 618
1733710 620
1733720 620
1733730 620
1733740 621
1733750 628
1733760 628
1733770 635
1733780 641
1733790 641
1733800 648
1733810 656
1733820 656
1733830 664
1733840 669
1733850 669
1733860 674
1733870 679
1733880 679
1733890 683
1733900 690
1733910 696
1733920 696
1733930 700
1733940 705
1733950 705
1733960 710
1733970 714
1733980 714
1733990 719
1734000 723
1734010 723
1734020 727
1734030 730
1734040 730
1734050 736
1734060 739
1734070 739
1734080 742
1734090 745
1734100 745
1734110 747
1734120 749
1734130 749
1734140 750
1734150 748
1734160 748
1734170 749
1734180 749
1734190 751
1734200 751
1734210 755
1734220 758
1734230 758
1734240 760
1734250 761
1734260 759
1734270 760
1734280 761
1734290 761
1734300 763
1734310 765
1734320 765
1734330 766
1734340 767
1734350 767
1734360 768
1734370 770
1734380 770
1734390 773
1734400 775
1734410 775
1734420 777
1734430 779
1734440 780
1734450 780
1734460 782
1734470 784
1734480 784
1734490 786
1734500 787
1734510 787
1734520 788
1734530 791
1734540 791
1734550 793
1734560 795
1734570 795
1734580 798
1734590 801
1734600 801
1734610 804
1734620 807
1734630 807
1734640 810
1734650 813
1734660 813
1734670 816
1734680 819
1734690 821
1734700 821
1734710 824
1734720 827
1734730 827
1734740 830
1734750 834
1734760 834
1734770 838
1734780 841
1734790 841
1734800 844
1734810 848
1734820 848
1734830 851
1734840 855
1734850 855
1734860 859
1734870 862
1734880 862
1734890 866
1734900 869
1734910 869
1734920 874
1734930 878
1734940 878
1734950 881
1734960 885
1734970 889
1734980 889
1734990 893
1735000 897
1735010 897
1735020 902
1735030 905
1735040 905
1735050 909
1735060 913
1735070 913
1735080 917
1735090 922
1735100 922
1735110 926
1735120 931
1735130 931
1735140 936
1735150 940
1735160 940
1735170 944
1735180 947
1735190 947
1735200 949
1735210 950
1735220 951
1735230 951
1735240 952
1735250 953
1735260 953
1735270 953
1735280 955
1735290 955
1735300 957
1735310 959
1735320 959
1735330 962
1735340 966
1735350 966
1735360 970
1735370 974
1735380 974
1735390 979
1735400 983
1735410 983
1735420 985
1735430 989
1735440 989
1735450 992
1735460 996
1735470 996
1735480 1000
1735490 1003
1735500 1006
1735510 1006
1735520 1007
1735530 1010
1735540 1010
1735550 1014
1735560 1017
1735570 1017
1735580 1020
1735590 1024
1735600 1024
1735610 1026
1735620 1029
1735630 1029
1735640 1033
1735650 1036
1735660 1036
1735670 1039
1735680 1043
1735690 1043
1735700 1047
1735710 1049
1735720 1049
1735730 1054
1735740 1058
1735750 1062
1735760 1062
1735770 1066
1735780 1070
1735790 1070
1735800 1074
1735810 1078
1735820 1078
1735830 1082
1735840 1087
1735850 1087
1735860 1091
1735870 1095
1735880 1095
1735890 1099
1735900 1104
1735910 1104
1735920 1109
1735930 1113
1735940 1113
1735950 1118
1735960 1122
1735970 1122
1735980 1126
1735990 1130
1736000 1133
1736010 1133
1736020 1136
1736030 1140
1736040 1140
1736050 1144
1736060 1148
1736070 1148
1736080 1152
1736090 1155
1736100 1155
1736110 1159
1736120 1163
1736130 1163
1736140 1166
1736150 1167
1736160 1167
1736170 1177
1736180 1178
1736190 1178
1736200 1186
1736210 1183
1736220 1183
1736230 1190
1736240 1195
1736250 1195
1736260 1200
1736270 1205
1736280 1211
1736290 1211
1736300 1218
1736310 1226
1736320 1226
1736330 1233
1736340 1239
1736350 1239
1736360 1242
1736370 1245
1736380 1245
1736390 1248
1736400 1250
1736410 1250
1736420 1249
1736430 1248
1736440 1248
1736450 1246
1736460 1244
1736470 1244
1736480 1241
1736490 1239
1736500 1239
1736510 1237
1736520 1235
1736530 1233
1736540 1233
1736550 1231
1736560 1229
1736570 1229
1736580 1226
1736590 1224
1736600 1224
1736610 1221
1736620 1219
1736630 1219
1736640 1217
1736650 1214
1736660 1214
1736670 1212
1736680 1211
1736690 1211
1736700 1209
1736710 1206
1736720 1206
1736730 1204
1736740 1201
1736750 1201
1736760 1198
1736770 1196
1736780 1196
1736790 1194
1736800 1192
1736810 1189
1736820 1189
1736830 1187
1736840 1185
1736850 1185
1736860 1182
1736870 1179
1736880 1179
1736890 1177
1736900 1174
1736910 1174
1736920 1173
1736930 1170
1736940 1170
1736950 1167
1736960 1163
1736970 1163
1736980 1160
1736990 1156
1737000 1156
1737010 1155
1737020 1152
1737030 1152
1737040 1149
1737050 1147
1737060 1143
1737070 1143
1737080 1140
1737090 1137
1737100 1137
1737110 1134
1737120 1131
1737130 1131
1737140 1128
1737150 1123
1737160 1123
1737170 1119
1737180 1116
1737190 1116
1737200 1112
1737210 1108
1737220 1108
1737230 1103
1737240 1098
1737250 1098
1737260 1094
1737270 1090
1737280 1090
1737290 1087
1737300 1083
1737310 1083
1737320 1080
1737330 1077
1737340 1073
1737350 1073
1737360 1069
1737370 1066
1737380 1066
1737390 1061
1737400 1057
1737410 1057
1737420 1053
1737430 1048
1737440 1048
1737450 1044
1737460 1040
1737470 1040
1737480 1035
1737490 1032
1737500 1032
1737510 1029
1737520 1026
1737530 1026
1737540 1023
1737550 1021
1737560 1021
1737570 1018
1737580 1015
1737590 1012
1737600 1012
1737610 1009
1737620 1005
1737630 1005
1737640 1000
1737650 995
1737660 995
1737670 991
1737680 987
1737690 987
1737700 984
1737710 981
1737720 981
1737730 977
1737740 974
1737750 974
1737760 971
1737770 970
1737780 970
1737790 970
1737800 969
1737810 969
1737820 968
1737830 968
1737840 968
1737850 968
1737860 967
1737870 968
1737880 968
1737890 968
1737900 967
1737910 967
1737920 967
1737930 965
1737940 965
1737950 963
1737960 963
1737970 963
1737980 963
1737990 963
1738000 963
1738010 964
1738020 965
1738030 965
1738040 966
1738050 967
1738060 967
1738070 968
1738080 969
1738090 969
1738100 971
1738110 973
1738120 976
1738130 976
1738140 977
1738150 977
1738160 977
1738170 977
1738180 977
1738190 977
1738200 976
1738210 975
1738220 975
1738230 975
1738240 974
1738250 974
1738260 975
1738270 975
1738280 975
1738290 975
1738300 973
1738310 973
1738320 972
1738330 970
1738340 970
1738350 969
1738360 968
1738370 966
1738380 966
1738390 966
1738400 965
1738410 965
1738420 963
1738430 962
1738440 962
1738450 960
1738460 959
1738470 959
1738480 957
1738490 955
1738500 955
1738510 953
1738520 951
1738530 951
1738540 950
1738550 948
1738560 948
1738570 947
1738580 946
1738590 946
1738600 945
1738610 945
1738620 945
1738630 945
1738640 945
1738650 944
1738660 944
1738670 943
1738680 941
1738690 941
1738700 940
1738710 938
1738720 938
1738730 937
1738740 936
1738750 936
1738760 934
1738770 933
1738780 933
1738790 933
1738800 931
1738810 931
1738820 930
1738830 927
1738840 927
1738850 925
1738860 923
1738870 923
1738880 922
1738890 921
1738900 919
1738910 919
1738920 917
1738930 915
1738940 915
1738950 912
1738960 909
1738970 909
1738980 907
1738990 905
1739000 905
1739010 901
1739020 898
1739030 898
1739040 894
1739050 890
1739060 890
1739070 886
1739080 883
1739090 883
1739100 880
1739110 878
1739120 878
1739130 877
1739140 876
1739150 875
1739160 875
1739170 872
1739180 870
1739190 870
1739200 869
1739210 869
1739220 869
1739230 868
1739240 868
1739250 868
1739260 868
1739270 867
1739280 867
1739290 865
1739300 862
1739310 862
1739320 858
1739330 855
1739340 855
1739350 851
1739360 848
1739370 848
1739380 844
1739390 840
1739400 840
1739410 834
1739420 829
1739430 824
1739440 824
1739450 819
1739460 814
1739470 814
1739480 810
1739490 804
1739500 804
1739510 799
1739520 794
1739530 794
1739540 790
1739550 784
1739560 784
1739570 780
1739580 774
1739590 774
1739600 771
1739610 766
1739620 766
1739630 760
1739640 757
1739650 757
1739660 754
1739670 750
1739680 746
1739690 746
1739700 744
1739710 741
1739720 741
1739730 738
1739740 735
1739750 735
1739760 732
1739770 729
1739780 729
1739790 723
1739800 718
1739810 718
1739820 714
1739830 710
1739840 710
1739850 707
1739860 706
1739870 706
1739880 706
1739890 706
1739900 706
1739910 706
1739920 707
1739930 707
1739940 708
1739950 712
1739960 717
1739970 717
1739980 719
1739990 725
