1720000 760
1720010 760
1720020 759
1720030 759
1720040 759
1720050 759
1720060 759
1720070 758
1720080 758
1720090 758
1720100 758
1720110 758
1720120 758
1720130 758
1720140 758
1720150 759
1720160 760
1720170 760
1720180 762
1720190 763
1720200 763
1720210 765
1720220 766
1720230 766
1720240 767
1720250 767
1720260 767
1720270 768
1720280 767
1720290 767
1720300 767
1720310 767
1720320 767
1720330 767
1720340 768
1720350 767
1720360 767
1720370 769
1720380 770
1720390 770
1720400 770
1720410 771
1720420 771
1720430 772
1720440 773
1720450 773
1720460 773
1720470 774
1720480 774
1720490 775
1720500 776
1720510 776
1720520 777
1720530 777
1720540 777
1720550 777
1720560 778
1720570 778
1720580 778
1720590 778
1720600 778
1720610 778
1720620 777
1720630 777
1720640 777
1720650 776
1720660 776
1720670 776
1720680 777
1720690 777
1720700 777
1720710 776
1720720 775
1720730 775
1720740 772
1720750 768
1720760 768
1720770 764
1720780 761
1720790 761
1720800 759
1720810 756
1720820 756
1720830 752
1720840 750
1720850 748
1720860 748
1720870 746
1720880 743
1720890 743
1720900 741
1720910 737
1720920 737
1720930 734
1720940 731
1720950 731
1720960 728
1720970 725
1720980 725
1720990 720
1721000 716
1721010 716
1721020 711
1721030 707
1721040 707
1721050 701
1721060 696
1721070 696
1721080 691
1721090 687
1721100 685
1721110 685
1721120 684
1721130 683
1721140 683
1721150 683
1721160 683
1721170 683
1721180 682
1721190 680
1721200 680
1721210 681
1721220 683
1721230 683
1721240 684
1721250 686
1721260 686
1721270 689
1721280 691
1721290 691
1721300 692
1721310 694
1721320 694
1721330 700
1721340 702
1721350 702
1721360 704
1721370 706
1721380 708
1721390 708
1721400 710
1721410 713
1721420 713
1721430 716
1721440 718
1721450 718
1721460 720
1721470 723
1721480 723
1721490 726
1721500 729
1721510 729
1721520 731
1721530 734
1721540 734
1721550 738
1721560 741
1721570 741
1721580 744
1721590 747
1721600 747
1721610 750
1721620 754
1721630 757
1721640 757
1721650 760
1721660 764
1721670 764
1721680 767
1721690 770
1721700 770
1721710 773
1721720 776
1721730 776
1721740 779
1721750 781
1721760 781
1721770 783
1721780 785
1721790 785
1721800 786
1721810 788
1721820 788
1721830 789
1721840 791
1721850 791
1721860 792
1721870 794
1721880 794
1721890 796
1721900 798
1721910 800
1721920 800
1721930 801
1721940 802
1721950 802
1721960 802
1721970 801
1721980 801
1721990 799
1722000 797
1722010 797
1722020 795
1722030 789
1722040 789
1722050 789
1722060 788
1722070 788
1722080 786
1722090 781
1722100 781
1722110 778
1722120 777
1722130 777
1722140 774
1722150 770
1722160 767
1722170 767
1722180 764
1722190 761
1722200 761
1722210 759
1722220 758
1722230 758
1722240 756
1722250 754
1722260 754
1722270 757
1722280 759
1722290 759
1722300 763
1722310 764
1722320 764
1722330 766
1722340 767
1722350 767
1722360 770
1722370 770
1722380 770
1722390 768
1722400 767
1722410 767
1722420 766
1722430 765
1722440 764
1722450 764
1722460 762
1722470 761
1722480 761
1722490 759
1722500 758
1722510 758
1722520 756
1722530 755
1722540 755
1722550 754
1722560 753
1722570 753
1722580 752
1722590 751
1722600 751
1722610 751
1722620 750
1722630 750
1722640 746
1722650 746
1722660 746
1722670 743
1722680 743
1722690 738
1722700 738
1722710 735
1722720 731
1722730 731
1722740 729
1722750 728
1722760 728
1722770 727
1722780 726
1722790 726
1722800 725
1722810 724
1722820 724
1722830 725
1722840 726
1722850 726
1722860 727
1722870 728
1722880 728
1722890 729
1722900 729
1722910 729
1722920 728
1722930 729
1722940 729
1722950 729
1722960 730
1722970 730
1722980 730
1722990 730
1723000 730
1723010 730
1723020 731
1723030 731
1723040 731
1723050 731
1723060 731
1723070 731
1723080 731
1723090 731
1723100 731
1723110 731
1723120 731
1723130 731
1723140 731
1723150 732
1723160 732
1723170 732
1723180 732
1723190 732
1723200 733
1723210 733
1723220 734
1723230 734
1723240 734
1723250 734
1723260 734
1723270 735
1723280 735
1723290 735
1723300 735
1723310 735
1723320 735
1723330 735
1723340 735
1723350 735
1723360 735
1723370 735
1723380 735
1723390 733
1723400 732
1723410 732
1723420 732
1723430 731
1723440 731
1723450 730
1723460 729
1723470 729
1723480 729
1723490 728
1723500 727
1723510 727
1723520 725
1723530 724
1723540 724
1723550 723
1723560 721
1723570 721
1723580 720
1723590 719
1723600 719
1723610 718
1723620 717
1723630 717
1723640 715
1723650 714
1723660 714
1723670 713
1723680 712
1723690 712
1723700 711
1723710 710
1723720 710
1723730 709
1723740 709
1723750 710
1723760 710
1723770 710
1723780 710
1723790 710
1723800 711
1723810 711
1723820 711
1723830 711
1723840 712
1723850 712
1723860 712
1723870 713
1723880 713
1723890 713
1723900 713
1723910 713
1723920 714
1723930 714
1723940 714
1723950 715
1723960 715
1723970 715
1723980 715
1723990 716
1724000 716
1724010 716
1724020 716
1724030 716
1724040 716
1724050 716
1724060 715
1724070 715
1724080 716
1724090 717
1724100 717
1724110 717
1724120 717
1724130 717
1724140 717
1724150 716
1724160 716
1724170 715
1724180 714
1724190 714
1724200 713
1724210 713
1724220 713
1724230 711
1724240 711
1724250 711
1724260 709
1724270 708
1724280 707
1724290 707
1724300 706
1724310 704
1724320 704
1724330 703
1724340 701
1724350 701
1724360 698
1724370 696
1724380 696
1724390 694
1724400 693
1724410 693
1724420 693
1724430 694
1724440 694
1724450 695
1724460 696
1724470 696
1724480 697
1724490 697
1724500 697
1724510 697
1724520 697
1724530 697
1724540 695
1724550 693
1724560 691
1724570 691
1724580 688
1724590 685
1724600 685
1724610 684
1724620 684
1724630 684
1724640 684
1724650 685
1724660 685
1724670 684
1724680 684
1724690 684
1724700 684
1724710 682
1724720 682
1724730 684
1724740 684
1724750 684
1724760 685
1724770 685
1724780 685
1724790 686
1724800 686
1724810 686
1724820 686
1724830 686
1724840 687
1724850 687
1724860 689
1724870 691
1724880 691
1724890 693
1724900 695
1724910 695
1724920 696
1724930 698
1724940 698
1724950 699
1724960 701
1724970 701
1724980 702
1724990 704
1725000 704
1725010 706
1725020 707
1725030 707
1725040 709
1725050 710
1725060 710
1725070 712
1725080 713
1725090 714
1725100 714
1725110 715
1725120 716
1725130 716
1725140 717
1725150 719
1725160 719
1725170 720
1725180 721
1725190 721
1725200 722
1725210 724
1725220 724
1725230 725
1725240 726
1725250 726
1725260 727
1725270 728
1725280 728
1725290 729
1725300 730
1725310 730
1725320 731
1725330 732
1725340 733
1725350 733
1725360 734
1725370 735
1725380 735
1725390 736
1725400 737
1725410 737
1725420 738
1725430 739
1725440 739
1725450 740
1725460 741
1725470 741
1725480 743
1725490 744
1725500 744
1725510 745
1725520 746
1725530 746
1725540 747
1725550 748
1725560 748
1725570 749
1725580 750
1725590 750
1725600 750
1725610 751
1725620 752
1725630 752
1725640 753
1725650 754
1725660 754
1725670 754
1725680 755
1725690 755
1725700 756
1725710 756
1725720 756
1725730 757
1725740 757
1725750 757
1725760 758
1725770 758
1725780 758
1725790 757
1725800 757
1725810 757
1725820 757
1725830 756
1725840 756
1725850 756
1725860 756
1725870 755
1725880 755
1725890 755
1725900 755
1725910 755
1725920 754
1725930 754
1725940 754
1725950 754
1725960 753
1725970 753
1725980 753
1725990 752
1726000 752
1726010 752
1726020 750
1726030 750
1726040 749
1726050 747
1726060 747
1726070 745
1726080 743
1726090 743
1726100 744
1726110 745
1726120 745
1726130 746
1726140 747
1726150 748
1726160 748
1726170 749
1726180 751
1726190 751
1726200 752
1726210 755
1726220 755
1726230 757
1726240 758
1726250 758
1726260 759
1726270 760
1726280 760
1726290 761
1726300 763
1726310 763
1726320 765
1726330 766
1726340 766
1726350 768
1726360 770
1726370 770
1726380 771
1726390 773
1726400 774
1726410 774
1726420 775
1726430 776
1726440 776
1726450 776
1726460 776
1726470 776
1726480 776
1726490 775
1726500 775
1726510 773
1726520 772
1726530 772
1726540 769
1726550 767
1726560 767
1726570 764
1726580 760
1726590 760
1726600 757
1726610 753
1726620 753
1726630 750
1726640 747
1726650 747
1726660 744
1726670 741
1726680 739
1726690 739
1726700 737
1726710 735
1726720 735
1726730 733
1726740 731
1726750 731
1726760 728
1726770 726
1726780 726
1726790 723
1726800 720
1726810 720
1726820 718
1726830 715
1726840 715
1726850 712
1726860 708
1726870 708
1726880 706
1726890 705
1726900 705
1726910 703
1726920 700
1726930 699
1726940 699
1726950 697
1726960 694
1726970 694
1726980 691
1726990 687
1727000 687
1727010 684
1727020 681
1727030 681
1727040 678
1727050 675
1727060 675
1727070 674
1727080 673
1727090 673
1727100 672
1727110 671
1727120 671
1727130 671
1727140 672
1727150 672
1727160 671
1727170 672
1727180 672
1727190 673
1727200 675
1727210 679
1727220 679
1727230 682
1727240 688
1727250 688
1727260 694
1727270 700
1727280 700
1727290 706
1727300 711
1727310 711
1727320 717
1727330 723
1727340 723
1727350 729
1727360 736
1727370 736
1727380 742
1727390 745
1727400 745
1727410 749
1727420 752
1727430 752
1727440 754
1727450 756
1727460 759
1727470 759
1727480 762
1727490 765
1727500 765
1727510 768
1727520 772
1727530 772
1727540 774
1727550 778
1727560 778
1727570 780
1727580 783
1727590 783
1727600 784
1727610 786
1727620 786
1727630 787
1727640 788
1727650 788
1727660 789
1727670 790
1727680 790
1727690 790
1727700 791
1727710 791
1727720 792
1727730 792
1727740 792
1727750 792
1727760 792
1727770 792
1727780 792
1727790 792
1727800 793
1727810 793
1727820 793
1727830 793
1727840 793
1727850 793
1727860 793
1727870 793
1727880 794
1727890 794
1727900 794
1727910 794
1727920 795
1727930 795
1727940 796
1727950 797
1727960 797
1727970 797
1727980 799
1727990 799
1728000 799
1728010 800
1728020 801
1728030 801
1728040 802
1728050 803
1728060 803
1728070 806
1728080 809
1728090 809
1728100 812
1728110 814
1728120 814
1728130 816
1728140 818
1728150 818
1728160 818
1728170 819
1728180 819
1728190 819
1728200 820
1728210 820
1728220 820
1728230 821
1728240 821
1728250 821
1728260 822
1728270 823
1728280 823
1728290 824
1728300 824
1728310 824
1728320 825
1728330 827
1728340 827
1728350 828
1728360 829
1728370 829
1728380 830
1728390 830
1728400 830
1728410 831
1728420 831
1728430 831
1728440 832
1728450 833
1728460 833
1728470 834
1728480 834
1728490 834
1728500 835
1728510 835
1728520 836
1728530 836
1728540 836
1728550 836
1728560 836
1728570 836
1728580 835
1728590 835
1728600 836
1728610 835
1728620 835
1728630 835
1728640 834
1728650 834
1728660 834
1728670 834
1728680 834
1728690 834
1728700 834
1728710 834
1728720 834
1728730 834
1728740 834
1728750 834
1728760 834
1728770 834
1728780 834
1728790 833
1728800 832
1728810 832
1728820 831
1728830 829
1728840 829
1728850 828
1728860 827
1728870 827
1728880 825
1728890 824
1728900 824
1728910 824
1728920 823
1728930 823
1728940 823
1728950 823
1728960 823
1728970 822
1728980 822
1728990 822
1729000 821
1729010 820
1729020 820
1729030 819
1729040 819
1729050 817
1729060 817
1729070 816
1729080 814
1729090 814
1729100 813
1729110 811
1729120 811
1729130 809
1729140 808
1729150 808
1729160 805
1729170 803
1729180 803
1729190 800
1729200 798
1729210 798
1729220 796
1729230 793
1729240 793
1729250 790
1729260 787
1729270 787
1729280 784
1729290 781
1729300 781
1729310 777
1729320 773
1729330 769
1729340 769
1729350 765
1729360 762
1729370 762
1729380 757
1729390 754
1729400 754
1729410 751
1729420 748
1729430 748
1729440 745
1729450 742
1729460 742
1729470 739
1729480 735
1729490 735
1729500 731
1729510 727
1729520 727
1729530 722
1729540 718
1729550 718
1729560 714
1729570 711
1729580 706
1729590 706
1729600 704
1729610 706
1729620 706
1729630 706
1729640 706
1729650 706
1729660 707
1729670 711
1729680 711
1729690 716
1729700 720
1729710 720
1729720 724
1729730 727
1729740 727
1729750 730
1729760 733
1729770 733
1729780 736
1729790 739
1729800 739
1729810 742
1729820 746
1729830 746
1729840 751
1729850 755
1729860 759
1729870 759
1729880 763
1729890 767
1729900 767
1729910 771
1729920 775
1729930 775
1729940 779
1729950 783
1729960 783
1729970 787
1729980 791
1729990 791
1730000 794
1730010 798
1730020 798
1730030 801
1730040 803
1730050 803
1730060 803
1730070 803
1730080 803
1730090 803
1730100 803
1730110 804
1730120 804
1730130 804
1730140 805
1730150 805
1730160 806
1730170 807
1730180 807
1730190 808
1730200 810
1730210 810
1730220 811
1730230 812
1730240 812
1730250 813
1730260 814
1730270 814
1730280 815
1730290 817
1730300 817
1730310 819
1730320 822
1730330 822
1730340 824
1730350 825
1730360 825
1730370 826
1730380 827
1730390 828
1730400 828
1730410 829
1730420 829
1730430 829
1730440 831
1730450 832
1730460 832
1730470 833
1730480 834
1730490 834
1730500 835
1730510 836
1730520 836
1730530 838
1730540 838
1730550 838
1730560 839
1730570 840
1730580 840
1730590 841
1730600 841
1730610 841
1730620 842
1730630 842
1730640 842
1730650 842
1730660 842
1730670 841
1730680 841
1730690 841
1730700 841
1730710 841
1730720 841
1730730 841
1730740 841
1730750 841
1730760 841
1730770 841
1730780 842
1730790 842
1730800 842
1730810 842
1730820 843
1730830 843
1730840 843
1730850 842
1730860 842
1730870 842
1730880 841
1730890 841
1730900 840
1730910 839
1730920 839
1730930 839
1730940 838
1730950 838
1730960 838
1730970 838
1730980 837
1730990 837
1731000 836
1731010 835
1731020 835
1731030 834
1731040 833
1731050 833
1731060 832
1731070 831
1731080 831
1731090 830
1731100 829
1731110 829
1731120 830
1731130 827
1731140 827
1731150 827
1731160 826
1731170 826
1731180 826
1731190 825
1731200 824
1731210 824
1731220 823
1731230 822
1731240 822
1731250 822
1731260 822
1731270 822
1731280 823
1731290 822
1731300 822
1731310 823
1731320 824
1731330 824
1731340 824
1731350 824
1731360 824
1731370 825
1731380 825
1731390 825
1731400 826
1731410 826
1731420 826
1731430 826
1731440 826
1731450 825
1731460 825
1731470 824
1731480 823
1731490 823
1731500 821
1731510 818
1731520 818
1731530 816
1731540 814
1731550 814
1731560 813
1731570 811
1731580 811
1731590 810
1731600 809
1731610 809
1731620 806
1731630 804
1731640 804
1731650 803
1731660 800
1731670 800
1731680 798
1731690 795
1731700 793
1731710 793
1731720 789
1731730 787
1731740 787
1731750 785
1731760 782
1731770 782
1731780 780
1731790 777
1731800 777
1731810 773
1731820 768
1731830 768
1731840 765
1731850 763
1731860 763
1731870 762
1731880 758
1731890 758
1731900 756
1731910 755
1731920 755
1731930 755
1731940 755
1731950 755
1731960 753
1731970 752
1731980 748
1731990 748
1732000 747
1732010 743
1732020 743
1732030 740
1732040 741
1732050 741
1732060 738
1732070 736
1732080 736
1732090 738
1732100 738
1732110 738
1732120 733
1732130 731
1732140 731
1732150 731
1732160 732
1732170 732
1732180 732
1732190 731
1732200 731
1732210 729
1732220 725
1732230 724
1732240 724
1732250 722
1732260 719
1732270 719
1732280 717
1732290 713
1732300 713
1732310 711
1732320 709
1732330 709
1732340 706
1732350 703
1732360 703
1732370 693
1732380 687
1732390 687
1732400 694
1732410 694
1732420 694
1732430 690
1732440 687
1732450 687
1732460 684
1732470 681
1732480 681
1732490 678
1732500 675
1732510 668
1732520 666
1732530 661
1732540 658
1732550 658
1732560 656
1732570 654
1732580 654
1732590 652
1732600 650
1732610 650
1732620 649
1732630 650
1732640 650
1732650 651
1732660 651
1732670 651
1732680 651
1732690 653
1732700 653
1732710 658
1732720 663
1732730 663
1732740 669
1732750 673
1732760 679
1732770 679
1732780 688
1732790 694
1732800 694
1732810 700
1732820 697
1732830 697
1732840 692
1732850 685
1732860 685
1732870 681
1732880 689
1732890 689
1732900 698
1732910 704
1732920 704
1732930 708
1732940 714
1732950 714
1732960 717
1732970 722
1732980 722
1732990 726
1733000 731
1733010 731
1733020 735
1733030 738
1733040 742
1733050 742
1733060 746
1733070 750
1733080 750
1733090 755
1733100 762
1733110 762
1733120 766
1733130 770
1733140 770
1733150 774
1733160 779
1733170 779
1733180 784
1733190 790
1733200 790
1733210 794
1733220 800
1733230 800
1733240 805
1733250 810
1733260 810
1733270 813
1733280 817
1733290 820
1733300 820
1733310 822
1733320 823
1733330 823
1733340 824
1733350 821
1733360 821
1733370 817
1733380 814
1733390 814
1733400 808
1733410 803
1733420 803
1733430 798
1733440 794
1733450 794
1733460 789
1733470 787
1733480 787
1733490 783
1733500 781
1733510 781
1733520 778
1733530 777
1733540 777
1733550 774
1733560 771
1733570 768
1733580 768
1733590 764
1733600 762
1733610 762
1733620 756
1733630 751
1733640 751
1733650 748
1733660 745
1733670 745
1733680 744
1733690 743
1733700 743
1733710 741
1733720 740
1733730 740
1733740 738
1733750 737
1733760 737
1733770 735
1733780 731
1733790 731
1733800 729
1733810 739
1733820 747
1733830 747
1733840 751
1733850 756
1733860 756
1733870 759
1733880 762
1733890 762
1733900 766
1733910 770
1733920 770
1733930 774
1733940 779
1733950 779
1733960 783
1733970 787
1733980 787
1733990 790
1734000 794
1734010 794
1734020 798
1734030 803
1734040 803
1734050 808
1734060 810
1734070 810
1734080 813
1734090 816
1734100 819
1734110 819
1734120 822
1734130 826
1734140 826
1734150 829
1734160 833
1734170 833
1734180 836
1734190 841
1734200 841
1734210 844
1734220 847
1734230 847
1734240 849
1734250 852
1734260 852
1734270 854
1734280 856
1734290 856
1734300 859
1734310 861
1734320 861
1734330 863
1734340 865
1734350 868
1734360 868
1734370 870
1734380 873
1734390 873
1734400 875
1734410 878
1734420 878
1734430 880
1734440 881
1734450 881
1734460 883
1734470 884
1734480 884
1734490 886
1734500 887
1734510 887
1734520 890
1734530 892
1734540 892
1734550 893
1734560 894
1734570 894
1734580 894
1734590 894
1734600 894
1734610 895
1734620 896
1734630 896
1734640 896
1734650 896
1734660 897
1734670 897
1734680 898
1734690 899
1734700 899
1734710 899
1734720 899
1734730 899
1734740 899
1734750 900
1734760 900
1734770 901
1734780 902
1734790 902
1734800 902
1734810 903
1734820 903
1734830 904
1734840 904
1734850 904
1734860 905
1734870 905
1734880 905
1734890 905
1734900 905
1734910 902
1734920 902
1734930 894
1734940 886
1734950 886
1734960 880
1734970 878
1734980 878
1734990 875
1735000 868
1735010 868
1735020 871
1735030 869
1735040 869
1735050 867
1735060 866
1735070 866
1735080 861
1735090 857
1735100 857
1735110 851
1735120 857
1735130 857
1735140 865
1735150 866
1735160 871
1735170 871
1735180 879
1735190 882
1735200 882
1735210 885
1735220 889
1735230 889
1735240 893
1735250 897
1735260 897
1735270 902
1735280 907
1735290 907
1735300 913
1735310 917
1735320 917
1735330 921
1735340 925
1735350 925
1735360 929
1735370 932
1735380 932
1735390 937
1735400 941
1735410 944
1735420 944
1735430 947
1735440 949
1735450 949
1735460 952
1735470 955
1735480 955
1735490 958
1735500 961
1735510 961
1735520 964
1735530 966
1735540 966
1735550 969
1735560 971
1735570 971
1735580 974
1735590 977
1735600 977
1735610 979
1735620 982
1735630 982
1735640 985
1735650 988
1735660 988
1735670 993
1735680 995
1735690 998
1735700 998
1735710 1000
1735720 1003
1735730 1003
1735740 1005
1735750 1006
1735760 1006
1735770 1007
1735780 1008
1735790 1008
1735800 1009
1735810 1010
1735820 1010
1735830 1012
1735840 1014
1735850 1014
1735860 1016
1735870 1019
1735880 1019
1735890 1021
1735900 1024
1735910 1024
1735920 1026
1735930 1030
1735940 1032
1735950 1032
1735960 1035
1735970 1037
1735980 1037
1735990 1040
1736000 1043
1736010 1043
1736020 1045
1736030 1048
1736040 1048
1736050 1050
1736060 1052
1736070 1052
1736080 1054
1736090 1057
1736100 1057
1736110 1059
1736120 1061
1736130 1061
1736140 1062
1736150 1064
1736160 1064
1736170 1065
1736180 1068
1736190 1068
1736200 1070
1736210 1072
1736220 1074
1736230 1074
1736240 1077
1736250 1079
1736260 1079
1736270 1082
1736280 1084
1736290 1084
1736300 1087
1736310 1089
1736320 1089
1736330 1091
1736340 1093
1736350 1093
1736360 1094
1736370 1094
1736380 1094
1736390 1093
1736400 1092
1736410 1092
1736420 1091
1736430 1090
1736440 1090
1736450 1088
1736460 1086
1736470 1084
1736480 1084
1736490 1082
1736500 1080
1736510 1080
1736520 1078
1736530 1075
1736540 1075
1736550 1073
1736560 1070
1736570 1070
1736580 1066
1736590 1063
1736600 1063
1736610 1059
1736620 1056
1736630 1056
1736640 1052
1736650 1048
1736660 1048
1736670 1044
1736680 1041
1736690 1041
1736700 1037
1736710 1034
1736720 1034
1736730 1031
1736740 1029
1736750 1026
1736760 1026
1736770 1023
1736780 1021
1736790 1021
1736800 1020
1736810 1019
1736820 1019
1736830 1018
1736840 1018
1736850 1018
1736860 1018
1736870 1019
1736880 1019
1736890 1017
1736900 1019
1736910 1019
1736920 1017
1736930 1016
1736940 1016
1736950 1013
1736960 1011
1736970 1011
1736980 1009
1736990 1007
1737000 1005
1737010 1005
1737020 1005
1737030 1002
1737040 1002
1737050 1001
1737060 1002
1737070 1002
1737080 1004
1737090 1005
1737100 1005
1737110 1003
1737120 999
1737130 999
1737140 995
1737150 992
1737160 992
1737170 990
1737180 987
1737190 987
1737200 984
1737210 981
1737220 981
1737230 977
1737240 973
1737250 973
1737260 970
1737270 968
1737280 967
1737290 967
1737300 965
1737310 963
1737320 963
1737330 962
1737340 960
1737350 960
1737360 959
1737370 958
1737380 958
1737390 959
1737400 959
1737410 959
1737420 960
1737430 960
1737440 960
1737450 961
1737460 961
1737470 961
1737480 961
1737490 961
1737500 961
1737510 961
1737520 961
1737530 961
1737540 961
1737550 962
1737560 961
1737570 961
1737580 961
1737590 961
1737600 961
1737610 960
1737620 960
1737630 960
1737640 959
1737650 960
1737660 960
1737670 961
1737680 960
1737690 960
1737700 960
1737710 960
1737720 960
1737730 960
1737740 959
1737750 959
1737760 957
1737770 957
1737780 957
1737790 955
1737800 954
1737810 954
1737820 954
1737830 953
1737840 953
1737850 953
1737860 953
1737870 954
1737880 954
1737890 954
1737900 954
1737910 954
1737920 953
1737930 953
1737940 953
1737950 952
1737960 952
1737970 952
1737980 951
1737990 949
1738000 949
1738010 949
1738020 948
1738030 948
1738040 948
1738050 948
1738060 947
1738070 947
1738080 947
1738090 946
1738100 946
1738110 945
1738120 945
1738130 945
1738140 945
1738150 945
1738160 945
1738170 944
1738180 944
1738190 944
1738200 943
1738210 942
1738220 942
1738230 942
1738240 941
1738250 941
1738260 942
1738270 942
1738280 942
1738290 941
1738300 940
1738310 940
1738320 939
1738330 939
1738340 938
1738350 938
1738360 933
1738370 931
1738380 931
1738390 931
1738400 931
1738410 931
1738420 931
1738430 930
1738440 930
1738450 931
1738460 930
1738470 930
1738480 930
1738490 928
1738500 928
1738510 927
1738520 926
1738530 926
1738540 925
1738550 925
1738560 925
1738570 926
1738580 926
1738590 927
1738600 927
1738610 927
1738620 928
1738630 928
1738640 929
1738650 929
1738660 929
1738670 927
1738680 925
1738690 925
1738700 925
1738710 924
1738720 924
1738730 923
1738740 918
1738750 918
1738760 915
1738770 912
1738780 912
1738790 909
1738800 907
1738810 907
1738820 904
1738830 901
1738840 901
1738850 898
1738860 894
1738870 888
1738880 888
1738890 882
1738900 872
1738910 872
1738920 856
1738930 854
1738940 854
1738950 857
1738960 862
1738970 862
1738980 865
1738990 867
1739000 867
1739010 869
1739020 868
1739030 868
1739040 868
1739050 868
1739060 868
1739070 872
1739080 875
1739090 875
1739100 880
1739110 884
1739120 888
1739130 888
1739140 891
1739150 895
1739160 895
1739170 898
1739180 899
1739190 899
1739200 901
1739210 903
1739220 903
1739230 904
1739240 906
1739250 906
1739260 908
1739270 910
1739280 910
1739290 912
1739300 914
1739310 914
1739320 915
1739330 916
1739340 916
1739350 918
1739360 919
1739370 919
1739380 921
1739390 924
1739400 926
1739410 926
1739420 927
1739430 929
1739440 929
1739450 932
1739460 934
1739470 934
1739480 936
1739490 938
1739500 938
1739510 941
1739520 942
1739530 942
1739540 944
1739550 946
1739560 946
1739570 947
1739580 948
1739590 948
1739600 946
1739610 944
1739620 944
1739630 944
1739640 944
1739650 943
1739660 943
1739670 938
1739680 933
1739690 933
1739700 928
1739710 924
1739720 924
1739730 923
1739740 926
1739750 926
1739760 931
1739770 935
1739780 935
1739790 941
1739800 944
1739810 944
1739820 950
1739830 953
1739840 953
1739850 956
1739860 960
1739870 960
1739880 964
1739890 968
1739900 968
1739910 973
1739920 977
1739930 981
1739940 981
1739950 986
1739960 990
1739970 990
1739980 994
1739990 998
