1720000 791
1720010 786
1720020 781
1720030 781
1720040 777
1720050 773
1720060 773
1720070 770
1720080 767
1720090 767
1720100 765
1720110 762
1720120 762
1720130 760
1720140 758
1720150 758
1720160 756
1720170 756
1720180 756
1720190 751
1720200 750
1720210 750
1720220 749
1720230 748
1720240 748
1720250 744
1720260 740
1720270 740
1720280 735
1720290 730
1720300 726
1720310 726
1720320 724
1720330 723
1720340 723
1720350 722
1720360 722
1720370 722
1720380 721
1720390 721
1720400 721
1720410 721
1720420 723
1720430 723
1720440 724
1720450 727
1720460 727
1720470 731
1720480 735
1720490 735
1720500 739
1720510 743
1720520 743
1720530 748
1720540 752
1720550 756
1720560 756
1720570 760
1720580 762
1720590 762
1720600 764
1720610 767
1720620 767
1720630 769
1720640 771
1720650 771
1720660 773
1720670 775
1720680 775
1720690 777
1720700 778
1720710 778
1720720 779
1720730 781
1720740 781
1720750 782
1720760 783
1720770 783
1720780 784
1720790 785
1720800 785
1720810 786
1720820 788
1720830 789
1720840 789
1720850 790
1720860 790
1720870 790
1720880 790
1720890 791
1720900 791
1720910 790
1720920 789
1720930 789
1720940 783
1720950 778
1720960 778
1720970 771
1720980 765
1720990 765
1721000 760
1721010 761
1721020 761
1721030 761
1721040 769
1721050 769
1721060 775
1721070 781
1721080 786
1721090 786
1721100 791
1721110 796
1721120 796
1721130 801
1721140 806
1721150 806
1721160 810
1721170 813
1721180 813
1721190 817
1721200 821
1721210 821
1721220 825
1721230 829
1721240 829
1721250 833
1721260 836
1721270 836
1721280 839
1721290 843
1721300 843
1721310 846
1721320 849
1721330 849
1721340 852
1721350 856
1721360 859
1721370 859
1721380 863
1721390 866
1721400 866
1721410 869
1721420 872
1721430 872
1721440 875
1721450 879
1721460 879
1721470 882
1721480 885
1721490 885
1721500 887
1721510 890
1721520 890
1721530 892
1721540 893
1721550 893
1721560 895
1721570 897
1721580 897
1721590 900
1721600 902
1721610 902
1721620 904
1721630 906
1721640 908
1721650 908
1721660 909
1721670 911
1721680 911
1721690 914
1721700 915
1721710 915
1721720 917
1721730 918
1721740 918
1721750 921
1721760 923
1721770 923
1721780 926
1721790 929
1721800 929
1721810 932
1721820 935
1721830 935
1721840 938
1721850 941
1721860 941
1721870 945
1721880 948
1721890 952
1721900 952
1721910 955
1721920 959
1721930 959
1721940 962
1721950 966
1721960 966
1721970 970
1721980 973
1721990 973
1722000 977
1722010 980
1722020 980
1722030 983
1722040 987
1722050 987
1722060 990
1722070 994
1722080 994
1722090 997
1722100 1000
1722110 1000
1722120 1003
1722130 1005
1722140 1005
1722150 1008
1722160 1010
1722170 1013
1722180 1013
1722190 1016
1722200 1019
1722210 1019
1722220 1023
1722230 1026
1722240 1026
1722250 1029
1722260 1032
1722270 1032
1722280 1035
1722290 1038
1722300 1038
1722310 1040
1722320 1042
1722330 1042
1722340 1044
1722350 1046
1722360 1046
1722370 1048
1722380 1051
1722390 1051
1722400 1054
1722410 1058
1722420 1061
1722430 1061
1722440 1064
1722450 1068
1722460 1068
1722470 1070
1722480 1071
1722490 1071
1722500 1073
1722510 1074
1722520 1074
1722530 1075
1722540 1074
1722550 1074
1722560 1074
1722570 1073
1722580 1073
1722590 1072
1722600 1072
1722610 1072
1722620 1070
1722630 1070
1722640 1070
1722650 1068
1722660 1066
1722670 1066
1722680 1065
1722690 1063
1722700 1061
1722710 1061
1722720 1058
1722730 1057
1722740 1057
1722750 1055
1722760 1053
1722770 1053
1722780 1050
1722790 1048
1722800 1048
1722810 1045
1722820 1044
1722830 1044
1722840 1041
1722850 1039
1722860 1039
1722870 1037
1722880 1037
1722890 1037
1722900 1034
1722910 1031
1722920 1031
1722930 1028
1722940 1026
1722950 1026
1722960 1023
1722970 1020
1722980 1018
1722990 1018
1723000 1015
1723010 1012
1723020 1012
1723030 1009
1723040 1006
1723050 1006
1723060 1003
1723070 1000
1723080 1000
1723090 997
1723100 994
1723110 994
1723120 990
1723130 987
1723140 987
1723150 985
1723160 982
1723170 982
1723180 979
1723190 975
1723200 975
1723210 971
1723220 967
1723230 963
1723240 963
1723250 958
1723260 954
1723270 954
1723280 950
1723290 946
1723300 946
1723310 942
1723320 937
1723330 937
1723340 931
1723350 933
1723360 933
1723370 934
1723380 935
1723390 935
1723400 936
1723410 937
1723420 937
1723430 938
1723440 940
1723450 940
1723460 941
1723470 942
1723480 942
1723490 943
1723500 944
1723510 945
1723520 945
1723530 945
1723540 946
1723550 946
1723560 947
1723570 948
1723580 948
1723590 948
1723600 947
1723610 947
1723620 947
1723630 946
1723640 946
1723650 945
1723660 945
1723670 945
1723680 944
1723690 943
1723700 943
1723710 941
1723720 940
1723730 940
1723740 938
1723750 937
1723760 935
1723770 935
1723780 933
1723790 930
1723800 930
1723810 928
1723820 926
1723830 926
1723840 925
1723850 923
1723860 923
1723870 921
1723880 918
1723890 918
1723900 916
1723910 914
1723920 914
1723930 911
1723940 909
1723950 909
1723960 906
1723970 904
1723980 904
1723990 901
1724000 899
1724010 899
1724020 896
1724030 894
1724040 892
1724050 892
1724060 888
1724070 882
1724080 882
1724090 879
1724100 876
1724110 876
1724120 874
1724130 873
1724140 873
1724150 868
1724160 866
1724170 866
1724180 862
1724190 858
1724200 858
1724210 854
1724220 852
1724230 852
1724240 849
1724250 847
1724260 847
1724270 846
1724280 845
1724290 845
1724300 846
1724310 844
1724320 842
1724330 842
1724340 840
1724350 837
1724360 837
1724370 834
1724380 831
1724390 831
1724400 828
1724410 826
1724420 826
1724430 824
1724440 822
1724450 822
1724460 819
1724470 818
1724480 818
1724490 817
1724500 814
1724510 814
1724520 809
1724530 806
1724540 806
1724550 803
1724560 800
1724570 797
1724580 797
1724590 794
1724600 791
1724610 791
1724620 788
1724630 784
1724640 784
1724650 779
1724660 775
1724670 775
1724680 769
1724690 766
1724700 766
1724710 760
1724720 756
1724730 756
1724740 752
1724750 748
1724760 748
1724770 743
1724780 740
1724790 740
1724800 736
1724810 733
1724820 733
1724830 727
1724840 722
1724850 721
1724860 721
1724870 720
1724880 719
1724890 719
1724900 720
1724910 724
1724920 724
1724930 730
1724940 736
1724950 736
1724960 743
1724970 750
1724980 750
1724990 754
1725000 756
1725010 756
1725020 758
1725030 761
1725040 761
1725050 764
1725060 769
1725070 769
1725080 775
1725090 780
1725100 784
1725110 784
1725120 788
1725130 791
1725140 791
1725150 794
1725160 797
1725170 797
1725180 799
1725190 801
1725200 801
1725210 802
1725220 805
1725230 805
1725240 809
1725250 808
1725260 808
1725270 808
1725280 807
1725290 807
1725300 806
1725310 805
1725320 805
1725330 805
1725340 804
1725350 804
1725360 803
1725370 802
1725380 802
1725390 802
1725400 801
1725410 800
1725420 800
1725430 800
1725440 799
1725450 799
1725460 799
1725470 798
1725480 798
1725490 797
1725500 796
1725510 796
1725520 795
1725530 793
1725540 793
1725550 791
1725560 789
1725570 789
1725580 787
1725590 786
1725600 786
1725610 785
1725620 784
1725630 783
1725640 783
1725650 781
1725660 780
1725670 780
1725680 778
1725690 777
1725700 777
1725710 776
1725720 775
1725730 775
1725740 773
1725750 772
1725760 772
1725770 771
1725780 770
1725790 770
1725800 769
1725810 768
1725820 768
1725830 766
1725840 766
1725850 766
1725860 765
1725870 764
1725880 764
1725890 762
1725900 761
1725910 760
1725920 760
1725930 758
1725940 757
1725950 757
1725960 756
1725970 755
1725980 755
1725990 754
1726000 753
1726010 753
1726020 753
1726030 751
1726040 751
1726050 750
1726060 749
1726070 749
1726080 749
1726090 747
1726100 747
1726110 746
1726120 745
1726130 745
1726140 744
1726150 743
1726160 743
1726170 741
1726180 740
1726190 739
1726200 739
1726210 738
1726220 736
1726230 736
1726240 735
1726250 733
1726260 733
1726270 732
1726280 729
1726290 729
1726300 727
1726310 721
1726320 721
1726330 721
1726340 725
1726350 725
1726360 725
1726370 725
1726380 725
1726390 725
1726400 725
1726410 725
1726420 726
1726430 726
1726440 726
1726450 726
1726460 727
1726470 727
1726480 727
1726490 728
1726500 729
1726510 729
1726520 729
1726530 729
1726540 729
1726550 728
1726560 727
1726570 727
1726580 726
1726590 724
1726600 724
1726610 723
1726620 721
1726630 721
1726640 719
1726650 717
1726660 717
1726670 715
1726680 712
1726690 712
1726700 709
1726710 706
1726720 704
1726730 704
1726740 702
1726750 702
1726760 702
1726770 702
1726780 702
1726790 702
1726800 702
1726810 702
1726820 702
1726830 701
1726840 701
1726850 701
1726860 701
1726870 701
1726880 701
1726890 701
1726900 700
1726910 700
1726920 699
1726930 702
1726940 702
1726950 702
1726960 704
1726970 705
1726980 705
1726990 706
1727000 707
1727010 707
1727020 709
1727030 711
1727040 711
1727050 714
1727060 715
1727070 715
1727080 717
1727090 719
1727100 719
1727110 721
1727120 723
1727130 723
1727140 724
1727150 727
1727160 727
1727170 729
1727180 731
1727190 731
1727200 732
1727210 734
1727220 734
1727230 736
1727240 738
1727250 740
1727260 740
1727270 741
1727280 742
1727290 742
1727300 744
1727310 745
1727320 745
1727330 746
1727340 748
1727350 748
1727360 749
1727370 750
1727380 750
1727390 752
1727400 753
1727410 753
1727420 754
1727430 756
1727440 756
1727450 757
1727460 758
1727470 758
1727480 759
1727490 760
1727500 760
1727510 761
1727520 763
1727530 764
1727540 764
1727550 765
1727560 766
1727570 766
1727580 767
1727590 768
1727600 768
1727610 769
1727620 769
1727630 769
1727640 770
1727650 771
1727660 771
1727670 772
1727680 773
1727690 773
1727700 773
1727710 774
1727720 774
1727730 775
1727740 775
1727750 775
1727760 777
1727770 777
1727780 778
1727790 778
1727800 778
1727810 779
1727820 779
1727830 780
1727840 780
1727850 780
1727860 781
1727870 781
1727880 781
1727890 781
1727900 782
1727910 782
1727920 782
1727930 782
1727940 782
1727950 783
1727960 783
1727970 783
1727980 783
1727990 783
1728000 783
1728010 783
1728020 783
1728030 783
1728040 783
1728050 783
1728060 782
1728070 782
1728080 782
1728090 782
1728100 782
1728110 782
1728120 782
1728130 782
1728140 781
1728150 781
1728160 781
1728170 780
1728180 780
1728190 780
1728200 780
1728210 779
1728220 779
1728230 779
1728240 778
1728250 778
1728260 777
1728270 777
1728280 777
1728290 776
1728300 775
1728310 774
1728320 774
1728330 774
1728340 773
1728350 773
1728360 772
1728370 772
1728380 772
1728390 771
1728400 770
1728410 770
1728420 769
1728430 768
1728440 768
1728450 768
1728460 768
1728470 768
1728480 769
1728490 769
1728500 769
1728510 770
1728520 770
1728530 770
1728540 771
1728550 772
1728560 772
1728570 773
1728580 775
1728590 776
1728600 776
1728610 777
1728620 778
1728630 778
1728640 779
1728650 780
1728660 780
1728670 781
1728680 782
1728690 782
1728700 782
1728710 784
1728720 784
1728730 784
1728740 785
1728750 785
1728760 786
1728770 786
1728780 786
1728790 787
1728800 787
1728810 787
1728820 788
1728830 788
1728840 788
1728850 789
1728860 790
1728870 790
1728880 790
1728890 791
1728900 791
1728910 791
1728920 791
1728930 791
1728940 791
1728950 791
1728960 790
1728970 790
1728980 789
1728990 789
1729000 789
1729010 788
1729020 787
1729030 787
1729040 786
1729050 785
1729060 785
1729070 784
1729080 783
1729090 783
1729100 782
1729110 781
1729120 780
1729130 780
1729140 779
1729150 778
1729160 778
1729170 777
1729180 776
1729190 776
1729200 774
1729210 772
1729220 772
1729230 771
1729240 770
1729250 770
1729260 769
1729270 767
1729280 767
1729290 766
1729300 764
1729310 764
1729320 763
1729330 762
1729340 762
1729350 760
1729360 759
1729370 759
1729380 758
1729390 756
1729400 754
1729410 754
1729420 754
1729430 753
1729440 753
1729450 750
1729460 747
1729470 747
1729480 752
1729490 748
1729500 748
1729510 751
1729520 752
1729530 752
1729540 752
1729550 752
1729560 752
1729570 753
1729580 753
1729590 753
1729600 754
1729610 755
1729620 755
1729630 756
1729640 756
1729650 757
1729660 757
1729670 759
1729680 760
1729690 760
1729700 761
1729710 762
1729720 762
1729730 763
1729740 764
1729750 764
1729760 765
1729770 766
1729780 766
1729790 767
1729800 768
1729810 768
1729820 769
1729830 770
1729840 770
1729850 771
1729860 771
1729870 771
1729880 772
1729890 774
1729900 774
1729910 775
1729920 776
1729930 776
1729940 776
1729950 776
1729960 777
1729970 777
1729980 778
1729990 779
1730000 779
1730010 779
1730020 780
1730030 780
1730040 780
1730050 781
1730060 781
1730070 782
1730080 783
1730090 783
1730100 784
1730110 785
1730120 785
1730130 785
1730140 786
1730150 786
1730160 787
1730170 788
1730180 788
1730190 789
1730200 790
1730210 792
1730220 792
1730230 793
1730240 793
1730250 793
1730260 794
1730270 794
1730280 794
1730290 795
1730300 795
1730310 795
1730320 795
1730330 793
1730340 793
1730350 791
1730360 790
1730370 790
1730380 789
1730390 790
1730400 790
1730410 790
1730420 791
1730430 791
1730440 791
1730450 790
1730460 790
1730470 790
1730480 790
1730490 790
1730500 790
1730510 789
1730520 792
1730530 792
1730540 795
1730550 796
1730560 796
1730570 797
1730580 799
1730590 799
1730600 800
1730610 801
1730620 801
1730630 802
1730640 803
1730650 803
1730660 804
1730670 806
1730680 806
1730690 808
1730700 809
1730710 809
1730720 811
1730730 812
1730740 814
1730750 814
1730760 815
1730770 817
1730780 817
1730790 819
1730800 820
1730810 820
1730820 821
1730830 822
1730840 822
1730850 823
1730860 824
1730870 824
1730880 825
1730890 827
1730900 827
1730910 828
1730920 829
1730930 829
1730940 830
1730950 832
1730960 832
1730970 833
1730980 834
1730990 836
1731000 836
1731010 837
1731020 838
1731030 838
1731040 839
1731050 840
1731060 840
1731070 840
1731080 840
1731090 840
1731100 838
1731110 836
1731120 836
1731130 834
1731140 833
1731150 833
1731160 832
1731170 830
1731180 830
1731190 829
1731200 827
1731210 827
1731220 824
1731230 822
1731240 822
1731250 819
1731260 817
1731270 814
1731280 814
1731290 811
1731300 807
1731310 807
1731320 804
1731330 800
1731340 800
1731350 795
1731360 792
1731370 792
1731380 787
1731390 784
1731400 784
1731410 780
1731420 776
1731430 776
1731440 773
1731450 770
1731460 770
1731470 767
1731480 764
1731490 764
1731500 762
1731510 759
1731520 757
1731530 757
1731540 753
1731550 750
1731560 750
1731570 747
1731580 743
1731590 743
1731600 740
1731610 736
1731620 736
1731630 733
1731640 729
1731650 729
1731660 725
1731670 721
1731680 721
1731690 716
1731700 711
1731710 711
1731720 707
1731730 702
1731740 702
1731750 697
1731760 693
1731770 693
1731780 690
1731790 687
1731800 684
1731810 684
1731820 684
1731830 682
1731840 682
1731850 682
1731860 681
1731870 681
1731880 681
1731890 681
1731900 681
1731910 681
1731920 681
1731930 681
1731940 682
1731950 684
1731960 684
1731970 687
1731980 690
1731990 690
1732000 693
1732010 696
1732020 696
1732030 700
1732040 703
1732050 703
1732060 707
1732070 711
1732080 715
1732090 715
1732100 719
1732110 723
1732120 723
1732130 725
1732140 728
1732150 728
1732160 731
1732170 734
1732180 734
1732190 739
1732200 742
1732210 742
1732220 745
1732230 750
1732240 750
1732250 755
1732260 758
1732270 758
1732280 763
1732290 767
1732300 767
1732310 772
1732320 775
1732330 778
1732340 778
1732350 780
1732360 783
1732370 783
1732380 787
1732390 790
1732400 790
1732410 794
1732420 798
1732430 798
1732440 801
1732450 804
1732460 804
1732470 807
1732480 811
1732490 811
1732500 815
1732510 817
1732520 817
1732530 819
1732540 823
1732550 823
1732560 826
1732570 829
1732580 829
1732590 833
1732600 838
1732610 843
1732620 843
1732630 846
1732640 851
1732650 851
1732660 854
1732670 859
1732680 859
1732690 862
1732700 866
1732710 866
1732720 870
1732730 875
1732740 875
1732750 879
1732760 884
1732770 884
1732780 888
1732790 893
1732800 893
1732810 897
1732820 901
1732830 901
1732840 905
1732850 909
1732860 914
1732870 914
1732880 918
1732890 921
1732900 921
1732910 925
1732920 929
1732930 929
1732940 934
1732950 939
1732960 939
1732970 944
1732980 949
1732990 949
1733000 952
1733010 954
1733020 954
1733030 952
1733040 945
1733050 945
1733060 940
1733070 934
1733080 934
1733090 928
1733100 921
1733110 921
1733120 914
1733130 908
1733140 903
1733150 903
1733160 898
1733170 894
1733180 894
1733190 888
1733200 883
1733210 883
1733220 877
1733230 871
1733240 871
1733250 867
1733260 862
1733270 862
1733280 856
1733290 850
1733300 850
1733310 843
1733320 837
1733330 837
1733340 827
1733350 827
1733360 827
1733370 826
1733380 830
1733390 830
1733400 835
1733410 835
1733420 841
1733430 841
1733440 846
1733450 851
1733460 851
1733470 857
1733480 862
1733490 862
1733500 866
1733510 871
1733520 871
1733530 876
1733540 881
1733550 881
1733560 886
1733570 891
1733580 891
1733590 896
1733600 901
1733610 901
1733620 905
1733630 908
1733640 908
1733650 911
1733660 917
1733670 919
1733680 919
1733690 926
1733700 929
1733710 929
1733720 931
1733730 933
1733740 933
1733750 936
1733760 938
1733770 938
1733780 939
1733790 940
1733800 944
1733810 943
1733820 942
1733830 942
1733840 941
1733850 940
1733860 940
1733870 940
1733880 939
1733890 939
1733900 940
1733910 938
1733920 938
1733930 942
1733940 946
1733950 949
1733960 949
1733970 950
1733980 952
1733990 952
1734000 955
1734010 958
1734020 958
1734030 959
1734040 962
1734050 962
1734060 963
1734070 968
1734080 968
1734090 969
1734100 970
1734110 970
1734120 971
1734130 972
1734140 972
1734150 974
1734160 976
1734170 976
1734180 977
1734190 979
1734200 981
1734210 981
1734220 982
1734230 983
1734240 983
1734250 983
1734260 984
1734270 984
1734280 984
1734290 984
1734300 984
1734310 985
1734320 985
1734330 985
1734340 985
1734350 985
1734360 985
1734370 986
1734380 986
1734390 986
1734400 986
1734410 987
1734420 987
1734430 987
1734440 987
1734450 987
1734460 987
1734470 988
1734480 988
1734490 988
1734500 989
1734510 989
1734520 989
1734530 989
1734540 989
1734550 989
1734560 988
1734570 982
1734580 982
1734590 978
1734600 974
1734610 974
1734620 971
1734630 968
1734640 968
1734650 965
1734660 963
1734670 963
1734680 962
1734690 958
1734700 958
1734710 956
1734720 952
1734730 952
1734740 958
1734750 960
1734760 963
1734770 963
1734780 966
1734790 970
1734800 970
1734810 973
1734820 975
1734830 975
1734840 976
1734850 977
1734860 977
1734870 976
1734880 976
1734890 976
1734900 981
1734910 983
1734920 983
1734930 986
1734940 988
1734950 988
1734960 990
1734970 992
1734980 992
1734990 994
1735000 996
1735010 998
1735020 998
1735030 1000
1735040 1001
1735050 1001
1735060 1004
1735070 1007
1735080 1007
1735090 1008
1735100 1010
1735110 1010
1735120 1011
1735130 1012
1735140 1012
1735150 1011
1735160 1011
1735170 1011
1735180 1010
1735190 1009
1735200 1009
1735210 1008
1735220 1005
1735230 1005
1735240 1002
1735250 1000
1735260 1000
1735270 997
1735280 997
1735290 996
1735300 996
1735310 994
1735320 992
1735330 992
1735340 991
1735350 988
1735360 988
1735370 983
1735380 978
1735390 978
1735400 973
1735410 979
1735420 979
1735430 982
1735440 985
1735450 985
1735460 987
1735470 989
1735480 989
1735490 989
1735500 990
1735510 990
1735520 990
1735530 990
1735540 990
1735550 990
1735560 989
1735570 988
1735580 988
1735590 986
1735600 986
1735610 986
1735620 985
1735630 992
1735640 992
1735650 999
1735660 1007
1735670 1007
1735680 1009
1735690 1009
1735700 1009
1735710 1012
1735720 1015
1735730 1015
1735740 1018
1735750 1022
1735760 1020
1735770 1024
1735780 1025
1735790 1025
1735800 1026
1735810 1028
1735820 1028
1735830 1028
1735840 1029
1735850 1029
1735860 1029
1735870 1028
1735880 1027
1735890 1027
1735900 1028
1735910 1028
1735920 1028
1735930 1028
1735940 1028
1735950 1028
1735960 1027
1735970 1027
1735980 1027
1735990 1025
1736000 1023
1736010 1023
1736020 1019
1736030 1021
1736040 1021
1736050 1021
1736060 1022
1736070 1022
1736080 1023
1736090 1025
1736100 1026
1736110 1026
1736120 1027
1736130 1028
1736140 1028
1736150 1029
1736160 1030
1736170 1030
1736180 1031
1736190 1033
1736200 1033
1736210 1034
1736220 1036
1736230 1036
1736240 1038
1736250 1040
1736260 1040
1736270 1041
1736280 1043
1736290 1043
1736300 1045
1736310 1046
1736320 1046
1736330 1046
1736340 1047
1736350 1046
1736360 1046
1736370 1046
1736380 1046
1736390 1046
1736400 1045
1736410 1044
1736420 1044
1736430 1041
1736440 1036
1736450 1036
1736460 1030
1736470 1025
1736480 1025
1736490 1021
1736500 1016
1736510 1016
1736520 1010
1736530 1012
1736540 1012
1736550 1017
1736560 1021
1736570 1021
1736580 1027
1736590 1029
1736600 1029
1736610 1024
1736620 1019
1736630 1015
1736640 1015
1736650 1012
1736660 1010
1736670 1010
1736680 1004
1736690 997
1736700 997
1736710 998
1736720 1002
1736730 1002
1736740 1006
1736750 1012
1736760 1012
1736770 1016
1736780 1020
1736790 1020
1736800 1024
1736810 1028
1736820 1028
1736830 1034
1736840 1037
1736850 1037
1736860 1041
1736870 1047
1736880 1050
1736890 1050
1736900 1056
1736910 1061
1736920 1061
1736930 1066
1736940 1071
1736950 1071
1736960 1076
1736970 1080
1736980 1080
1736990 1085
1737000 1089
1737010 1089
1737020 1093
1737030 1097
1737040 1097
1737050 1101
1737060 1105
1737070 1105
1737080 1108
1737090 1113
1737100 1113
1737110 1116
1737120 1121
1737130 1121
1737140 1123
1737150 1128
1737160 1132
1737170 1132
1737180 1135
1737190 1139
1737200 1139
1737210 1142
1737220 1144
1737230 1144
1737240 1146
1737250 1148
1737260 1148
1737270 1149
1737280 1152
1737290 1152
1737300 1154
1737310 1157
1737320 1157
1737330 1160
1737340 1163
1737350 1163
1737360 1165
1737370 1167
1737380 1167
1737390 1169
1737400 1171
1737410 1171
1737420 1173
1737430 1175
1737440 1178
1737450 1178
1737460 1180
1737470 1183
1737480 1183
1737490 1185
1737500 1188
1737510 1188
1737520 1190
1737530 1193
1737540 1193
1737550 1194
1737560 1197
1737570 1197
1737580 1200
1737590 1203
1737600 1203
1737610 1206
1737620 1209
1737630 1209
1737640 1212
1737650 1214
1737660 1214
1737670 1216
1737680 1223
1737690 1227
1737700 1227
1737710 1232
1737720 1234
1737730 1234
1737740 1234
1737750 1234
1737760 1234
1737770 1234
1737780 1235
1737790 1235
1737800 1236
1737810 1237
1737820 1237
1737830 1238
1737840 1239
1737850 1239
1737860 1240
1737870 1242
1737880 1242
1737890 1243
1737900 1245
1737910 1245
1737920 1246
1737930 1244
1737940 1244
1737950 1241
1737960 1238
1737970 1235
1737980 1235
1737990 1233
1738000 1230
1738010 1230
1738020 1228
1738030 1227
1738040 1227
1738050 1225
1738060 1224
1738070 1224
1738080 1221
1738090 1216
1738100 1216
1738110 1211
1738120 1207
1738130 1207
1738140 1202
1738150 1198
1738160 1198
1738170 1194
1738180 1191
1738190 1191
1738200 1188
1738210 1183
1738220 1178
1738230 1178
1738240 1174
1738250 1171
1738260 1171
1738270 1166
1738280 1162
1738290 1162
1738300 1159
1738310 1155
1738320 1155
1738330 1151
1738340 1147
1738350 1147
1738360 1144
1738370 1141
1738380 1141
1738390 1138
1738400 1135
1738410 1135
1738420 1132
1738430 1129
1738440 1129
1738450 1126
1738460 1123
1738470 1123
1738480 1120
1738490 1118
1738500 1113
1738510 1113
1738520 1109
1738530 1111
1738540 1111
1738550 1115
1738560 1115
1738570 1115
1738580 1117
1738590 1122
1738600 1122
1738610 1124
1738620 1128
1738630 1128
1738640 1131
1738650 1134
1738660 1134
1738670 1138
1738680 1141
1738690 1141
1738700 1144
1738710 1148
1738720 1148
1738730 1151
1738740 1155
1738750 1159
1738760 1159
1738770 1163
1738780 1165
1738790 1165
1738800 1168
1738810 1171
1738820 1171
1738830 1175
1738840 1177
1738850 1177
1738860 1180
1738870 1183
1738880 1183
1738890 1185
1738900 1187
1738910 1187
1738920 1189
1738930 1190
1738940 1190
1738950 1192
1738960 1192
1738970 1192
1738980 1192
1738990 1191
1739000 1191
1739010 1191
1739020 1191
1739030 1191
1739040 1191
1739050 1191
1739060 1191
1739070 1191
1739080 1192
1739090 1192
1739100 1192
1739110 1192
1739120 1192
1739130 1192
1739140 1193
1739150 1193
1739160 1193
1739170 1193
1739180 1194
1739190 1194
1739200 1194
1739210 1194
1739220 1194
1739230 1194
1739240 1194
1739250 1194
1739260 1194
1739270 1193
1739280 1193
1739290 1194
1739300 1194
1739310 1193
1739320 1193
1739330 1193
1739340 1191
1739350 1191
1739360 1189
1739370 1188
1739380 1188
1739390 1189
1739400 1188
1739410 1188
1739420 1188
1739430 1187
1739440 1187
1739450 1183
1739460 1181
1739470 1181
1739480 1180
1739490 1179
1739500 1179
1739510 1179
1739520 1179
1739530 1184
1739540 1185
1739550 1187
1739560 1189
1739570 1189
1739580 1191
1739590 1193
1739600 1193
1739610 1196
1739620 1199
1739630 1199
1739640 1201
1739650 1203
1739660 1203
1739670 1204
1739680 1206
1739690 1206
1739700 1207
1739710 1208
1739720 1208
1739730 1209
1739740 1210
1739750 1210
1739760 1211
1739770 1209
1739780 1209
1739790 1205
1739800 1201
1739810 1201
1739820 1199
1739830 1193
1739840 1188
1739850 1188
1739860 1185
1739870 1180
1739880 1180
1739890 1175
1739900 1171
1739910 1171
1739920 1167
1739930 1164
1739940 1164
1739950 1160
1739960 1157
1739970 1157
1739980 1154
1739990 1151
