1720000 904
1720010 904
1720020 900
1720030 894
1720040 894
1720050 888
1720060 887
1720070 887
1720080 888
1720090 888
1720100 888
1720110 888
1720120 889
1720130 889
1720140 889
1720150 891
1720160 891
1720170 892
1720180 892
1720190 892
1720200 889
1720210 886
1720220 885
1720230 885
1720240 884
1720250 882
1720260 882
1720270 880
1720280 879
1720290 879
1720300 880
1720310 881
1720320 881
1720330 883
1720340 884
1720350 884
1720360 884
1720370 885
1720380 885
1720390 886
1720400 886
1720410 886
1720420 886
1720430 885
1720440 885
1720450 881
1720460 877
1720470 877
1720480 873
1720490 869
1720500 865
1720510 865
1720520 861
1720530 856
1720540 856
1720550 852
1720560 848
1720570 848
1720580 843
1720590 840
1720600 840
1720610 838
1720620 840
1720630 840
1720640 844
1720650 850
1720660 850
1720670 854
1720680 857
1720690 857
1720700 856
1720710 855
1720720 855
1720730 853
1720740 850
1720750 849
1720760 849
1720770 846
1720780 844
1720790 844
1720800 842
1720810 839
1720820 839
1720830 836
1720840 831
1720850 831
1720860 826
1720870 821
1720880 821
1720890 817
1720900 813
1720910 813
1720920 811
1720930 804
1720940 804
1720950 798
1720960 792
1720970 792
1720980 786
1720990 780
1721000 780
1721010 773
1721020 768
1721030 766
1721040 766
1721050 767
1721060 771
1721070 771
1721080 777
1721090 783
1721100 783
1721110 788
1721120 794
1721130 794
1721140 801
1721150 808
1721160 808
1721170 815
1721180 821
1721190 821
1721200 829
1721210 834
1721220 834
1721230 840
1721240 846
1721250 846
1721260 853
1721270 859
1721280 859
1721290 865
1721300 870
1721310 876
1721320 876
1721330 883
1721340 888
1721350 888
1721360 893
1721370 898
1721380 898
1721390 904
1721400 909
1721410 909
1721420 914
1721430 919
1721440 919
1721450 924
1721460 929
1721470 929
1721480 935
1721490 938
1721500 938
1721510 943
1721520 948
1721530 948
1721540 953
1721550 958
1721560 964
1721570 964
1721580 968
1721590 974
1721600 974
1721610 980
1721620 985
1721630 985
1721640 991
1721650 997
1721660 997
1721670 1003
1721680 1008
1721690 1008
1721700 1014
1721710 1020
1721720 1020
1721730 1025
1721740 1030
1721750 1030
1721760 1035
1721770 1038
1721780 1038
1721790 1041
1721800 1045
1721810 1045
1721820 1048
1721830 1052
1721840 1054
1721850 1054
1721860 1056
1721870 1058
1721880 1058
1721890 1061
1721900 1062
1721910 1062
1721920 1064
1721930 1066
1721940 1066
1721950 1068
1721960 1069
1721970 1069
1721980 1070
1721990 1072
1722000 1072
1722010 1073
1722020 1076
1722030 1076
1722040 1077
1722050 1080
1722060 1080
1722070 1082
1722080 1084
1722090 1084
1722100 1086
1722110 1087
1722120 1088
1722130 1088
1722140 1088
1722150 1089
1722160 1089
1722170 1090
1722180 1091
1722190 1091
1722200 1092
1722210 1093
1722220 1093
1722230 1094
1722240 1096
1722250 1096
1722260 1097
1722270 1098
1722280 1098
1722290 1100
1722300 1102
1722310 1102
1722320 1103
1722330 1103
1722340 1103
1722350 1104
1722360 1105
1722370 1105
1722380 1105
1722390 1106
1722400 1107
1722410 1107
1722420 1111
1722430 1111
1722440 1111
1722450 1111
1722460 1111
1722470 1111
1722480 1112
1722490 1112
1722500 1112
1722510 1112
1722520 1113
1722530 1113
1722540 1114
1722550 1116
1722560 1116
1722570 1117
1722580 1117
1722590 1117
1722600 1118
1722610 1119
1722620 1119
1722630 1121
1722640 1123
1722650 1124
1722660 1124
1722670 1126
1722680 1128
1722690 1128
1722700 1130
1722710 1132
1722720 1132
1722730 1134
1722740 1136
1722750 1136
1722760 1138
1722770 1141
1722780 1141
1722790 1143
1722800 1145
1722810 1145
1722820 1148
1722830 1149
1722840 1149
1722850 1149
1722860 1150
1722870 1150
1722880 1151
1722890 1152
1722900 1152
1722910 1154
1722920 1156
1722930 1158
1722940 1158
1722950 1159
1722960 1161
1722970 1161
1722980 1162
1722990 1164
1723000 1164
1723010 1166
1723020 1167
1723030 1167
1723040 1168
1723050 1169
1723060 1169
1723070 1169
1723080 1169
1723090 1169
1723100 1169
1723110 1169
1723120 1169
1723130 1167
1723140 1166
1723150 1166
1723160 1165
1723170 1163
1723180 1163
1723190 1160
1723200 1159
1723210 1156
1723220 1156
1723230 1154
1723240 1152
1723250 1152
1723260 1149
1723270 1146
1723280 1146
1723290 1142
1723300 1138
1723310 1138
1723320 1134
1723330 1130
1723340 1130
1723350 1126
1723360 1122
1723370 1122
1723380 1118
1723390 1114
1723400 1114
1723410 1110
1723420 1106
1723430 1106
1723440 1104
1723450 1102
1723460 1101
1723470 1101
1723480 1099
1723490 1097
1723500 1097
1723510 1097
1723520 1096
1723530 1096
1723540 1095
1723550 1094
1723560 1094
1723570 1093
1723580 1090
1723590 1090
1723600 1088
1723610 1085
1723620 1085
1723630 1083
1723640 1080
1723650 1080
1723660 1077
1723670 1074
1723680 1074
1723690 1072
1723700 1070
1723710 1070
1723720 1068
1723730 1065
1723740 1060
1723750 1060
1723760 1058
1723770 1053
1723780 1053
1723790 1050
1723800 1046
1723810 1046
1723820 1043
1723830 1040
1723840 1040
1723850 1037
1723860 1034
1723870 1034
1723880 1030
1723890 1028
1723900 1028
1723910 1024
1723920 1022
1723930 1022
1723940 1019
1723950 1016
1723960 1016
1723970 1013
1723980 1009
1723990 1009
1724000 1006
1724010 1004
1724020 1001
1724030 1001
1724040 998
1724050 996
1724060 996
1724070 994
1724080 992
1724090 992
1724100 991
1724110 989
1724120 989
1724130 988
1724140 986
1724150 986
1724160 984
1724170 983
1724180 983
1724190 979
1724200 976
1724210 976
1724220 973
1724230 967
1724240 967
1724250 960
1724260 953
1724270 947
1724280 947
1724290 941
1724300 935
1724310 935
1724320 929
1724330 924
1724340 924
1724350 918
1724360 911
1724370 911
1724380 906
1724390 900
1724400 900
1724410 895
1724420 891
1724430 891
1724440 886
1724450 880
1724460 880
1724470 875
1724480 868
1724490 868
1724500 862
1724510 856
1724520 856
1724530 848
1724540 842
1724550 835
1724560 835
1724570 827
1724580 819
1724590 819
1724600 812
1724610 805
1724620 805
1724630 798
1724640 791
1724650 791
1724660 784
1724670 779
1724680 779
1724690 772
1724700 763
1724710 763
1724720 760
1724730 760
1724740 760
1724750 760
1724760 760
1724770 760
1724780 760
1724790 762
1724800 765
1724810 772
1724820 775
1724830 779
1724840 779
1724850 783
1724860 788
1724870 788
1724880 793
1724890 798
1724900 798
1724910 802
1724920 810
1724930 810
1724940 816
1724950 824
1724960 824
1724970 831
1724980 838
1724990 838
1725000 847
1725010 848
1725020 848
1725030 849
1725040 859
1725050 859
1725060 863
1725070 868
1725080 873
1725090 873
1725100 878
1725110 882
1725120 882
1725130 886
1725140 891
1725150 891
1725160 896
1725170 902
1725180 902
1725190 903
1725200 906
1725210 906
1725220 910
1725230 913
1725240 913
1725250 915
1725260 917
1725270 917
1725280 919
1725290 920
1725300 920
1725310 921
1725320 922
1725330 922
1725340 922
1725350 922
1725360 923
1725370 923
1725380 923
1725390 924
1725400 924
1725410 924
1725420 925
1725430 925
1725440 925
1725450 925
1725460 925
1725470 925
1725480 925
1725490 925
1725500 925
1725510 925
1725520 925
1725530 925
1725540 924
1725550 924
1725560 923
1725570 921
1725580 921
1725590 919
1725600 917
1725610 917
1725620 914
1725630 912
1725640 910
1725650 910
1725660 907
1725670 905
1725680 905
1725690 903
1725700 901
1725710 901
1725720 898
1725730 896
1725740 896
1725750 893
1725760 890
1725770 890
1725780 887
1725790 885
1725800 885
1725810 883
1725820 881
1725830 881
1725840 879
1725850 878
1725860 878
1725870 877
1725880 875
1725890 873
1725900 873
1725910 871
1725920 868
1725930 868
1725940 866
1725950 864
1725960 864
1725970 863
1725980 861
1725990 861
1726000 859
1726010 858
1726020 858
1726030 855
1726040 852
1726050 852
1726060 850
1726070 847
1726080 847
1726090 844
1726100 841
1726110 841
1726120 840
1726130 837
1726140 837
1726150 834
1726160 831
1726170 828
1726180 828
1726190 824
1726200 820
1726210 820
1726220 817
1726230 814
1726240 814
1726250 811
1726260 808
1726270 808
1726280 805
1726290 804
1726300 804
1726310 804
1726320 803
1726330 803
1726340 802
1726350 802
1726360 802
1726370 802
1726380 805
1726390 805
1726400 807
1726410 808
1726420 808
1726430 807
1726440 803
1726450 801
1726460 801
1726470 799
1726480 796
1726490 796
1726500 792
1726510 788
1726520 788
1726530 784
1726540 781
1726550 781
1726560 776
1726570 774
1726580 774
1726590 780
1726600 783
1726610 783
1726620 789
1726630 796
1726640 796
1726650 803
1726660 809
1726670 809
1726680 815
1726690 819
1726700 824
1726710 824
1726720 829
1726730 834
1726740 834
1726750 840
1726760 844
1726770 844
1726780 847
1726790 852
1726800 852
1726810 858
1726820 863
1726830 863
1726840 864
1726850 863
1726860 863
1726870 860
1726880 858
1726890 858
1726900 855
1726910 851
1726920 851
1726930 847
1726940 843
1726950 843
1726960 839
1726970 834
1726980 829
1726990 829
1727000 824
1727010 819
1727020 819
1727030 812
1727040 809
1727050 809
1727060 802
1727070 795
1727080 798
1727090 792
1727100 785
1727110 785
1727120 779
1727130 773
1727140 773
1727150 766
1727160 761
1727170 761
1727180 755
1727190 749
1727200 749
1727210 742
1727220 737
1727230 737
1727240 734
1727250 732
1727260 733
1727270 733
1727280 734
1727290 734
1727300 734
1727310 734
1727320 737
1727330 737
1727340 740
1727350 746
1727360 746
1727370 752
1727380 757
1727390 757
1727400 763
1727410 769
1727420 769
1727430 774
1727440 781
1727450 781
1727460 786
1727470 792
1727480 792
1727490 799
1727500 805
1727510 812
1727520 812
1727530 820
1727540 826
1727550 826
1727560 832
1727570 838
1727580 838
1727590 845
1727600 852
1727610 852
1727620 859
1727630 866
1727640 866
1727650 873
1727660 880
1727670 880
1727680 887
1727690 895
1727700 895
1727710 902
1727720 908
1727730 908
1727740 916
1727750 922
1727760 922
1727770 928
1727780 932
1727790 934
1727800 934
1727810 934
1727820 935
1727830 935
1727840 936
1727850 936
1727860 936
1727870 937
1727880 938
1727890 938
1727900 938
1727910 939
1727920 939
1727930 939
1727940 938
1727950 938
1727960 938
1727970 938
1727980 938
1727990 938
1728000 938
1728010 938
1728020 937
1728030 937
1728040 937
1728050 938
1728060 937
1728070 937
1728080 937
1728090 937
1728100 937
1728110 937
1728120 937
1728130 936
1728140 936
1728150 935
1728160 935
1728170 935
1728180 935
1728190 936
1728200 936
1728210 936
1728220 936
1728230 936
1728240 935
1728250 935
1728260 935
1728270 934
1728280 934
1728290 934
1728300 933
1728310 932
1728320 932
1728330 932
1728340 931
1728350 929
1728360 929
1728370 928
1728380 926
1728390 926
1728400 925
1728410 924
1728420 924
1728430 923
1728440 922
1728450 922
1728460 920
1728470 919
1728480 919
1728490 917
1728500 916
1728510 916
1728520 914
1728530 912
1728540 912
1728550 910
1728560 910
1728570 910
1728580 910
1728590 911
1728600 911
1728610 911
1728620 912
1728630 913
1728640 913
1728650 913
1728660 914
1728670 914
1728680 914
1728690 914
1728700 914
1728710 913
1728720 913
1728730 913
1728740 912
1728750 911
1728760 911
1728770 909
1728780 906
1728790 906
1728800 902
1728810 899
1728820 899
1728830 897
1728840 895
1728850 895
1728860 895
1728870 895
1728880 894
1728890 894
1728900 896
1728910 897
1728920 897
1728930 899
1728940 901
1728950 901
1728960 903
1728970 904
1728980 904
1728990 906
1729000 907
1729010 907
1729020 909
1729030 909
1729040 909
1729050 910
1729060 910
1729070 910
1729080 909
1729090 908
1729100 908
1729110 908
1729120 907
1729130 907
1729140 907
1729150 907
1729160 906
1729170 906
1729180 906
1729190 905
1729200 905
1729210 905
1729220 905
1729230 905
1729240 905
1729250 905
1729260 907
1729270 907
1729280 907
1729290 907
1729300 907
1729310 906
1729320 906
1729330 905
1729340 903
1729350 903
1729360 901
1729370 899
1729380 899
1729390 896
1729400 893
1729410 890
1729420 890
1729430 887
1729440 885
1729450 885
1729460 882
1729470 880
1729480 880
1729490 876
1729500 876
1729510 876
1729520 877
1729530 878
1729540 878
1729550 877
1729560 876
1729570 876
1729580 874
1729590 871
1729600 871
1729610 868
1729620 867
1729630 867
1729640 866
1729650 863
1729660 863
1729670 858
1729680 853
1729690 849
1729700 849
1729710 844
1729720 840
1729730 840
1729740 840
1729750 841
1729760 841
1729770 843
1729780 845
1729790 845
1729800 849
1729810 854
1729820 854
1729830 861
1729840 866
1729850 866
1729860 870
1729870 873
1729880 873
1729890 875
1729900 878
1729910 878
1729920 881
1729930 885
1729940 888
1729950 888
1729960 890
1729970 891
1729980 891
1729990 893
1730000 893
1730010 893
1730020 892
1730030 891
1730040 891
1730050 889
1730060 887
1730070 887
1730080 885
1730090 883
1730100 883
1730110 881
1730120 878
1730130 878
1730140 874
1730150 871
1730160 871
1730170 867
1730180 864
1730190 864
1730200 861
1730210 860
1730220 860
1730230 860
1730240 864
1730250 864
1730260 864
1730270 866
1730280 867
1730290 867
1730300 869
1730310 871
1730320 871
1730330 874
1730340 876
1730350 876
1730360 879
1730370 881
1730380 881
1730390 882
1730400 884
1730410 884
1730420 886
1730430 887
1730440 887
1730450 887
1730460 884
1730470 884
1730480 880
1730490 876
1730500 872
1730510 872
1730520 872
1730530 871
1730540 871
1730550 869
1730560 868
1730570 868
1730580 866
1730590 865
1730600 865
1730610 864
1730620 862
1730630 862
1730640 861
1730650 859
1730660 859
1730670 857
1730680 855
1730690 855
1730700 853
1730710 851
1730720 851
1730730 849
1730740 848
1730750 846
1730760 846
1730770 844
1730780 842
1730790 842
1730800 840
1730810 838
1730820 838
1730830 835
1730840 833
1730850 833
1730860 831
1730870 828
1730880 828
1730890 825
1730900 821
1730910 821
1730920 818
1730930 814
1730940 814
1730950 810
1730960 807
1730970 807
1730980 803
1730990 800
1731000 800
1731010 796
1731020 793
1731030 789
1731040 789
1731050 786
1731060 784
1731070 784
1731080 781
1731090 779
1731100 779
1731110 778
1731120 775
1731130 775
1731140 773
1731150 769
1731160 769
1731170 766
1731180 763
1731190 763
1731200 759
1731210 756
1731220 756
1731230 753
1731240 749
1731250 749
1731260 746
1731270 747
1731280 747
1731290 747
1731300 746
1731310 746
1731320 746
1731330 747
1731340 748
1731350 748
1731360 750
1731370 753
1731380 753
1731390 754
1731400 756
1731410 756
1731420 757
1731430 758
1731440 758
1731450 760
1731460 761
1731470 761
1731480 762
1731490 762
1731500 762
1731510 763
1731520 765
1731530 765
1731540 766
1731550 768
1731560 770
1731570 770
1731580 772
1731590 774
1731600 774
1731610 776
1731620 778
1731630 778
1731640 779
1731650 780
1731660 780
1731670 780
1731680 779
1731690 779
1731700 779
1731710 779
1731720 779
1731730 778
1731740 776
1731750 776
1731760 775
1731770 773
1731780 773
1731790 771
1731800 769
1731810 769
1731820 769
1731830 768
1731840 767
1731850 767
1731860 766
1731870 765
1731880 765
1731890 765
1731900 764
1731910 764
1731920 763
1731930 762
1731940 762
1731950 761
1731960 760
1731970 760
1731980 759
1731990 758
1732000 758
1732010 757
1732020 756
1732030 756
1732040 754
1732050 753
1732060 753
1732070 751
1732080 750
1732090 750
1732100 748
1732110 747
1732120 745
1732130 745
1732140 742
1732150 738
1732160 738
1732170 732
1732180 728
1732190 728
1732200 722
1732210 716
1732220 716
1732230 714
1732240 713
1732250 713
1732260 712
1732270 712
1732280 712
1732290 710
1732300 711
1732310 711
1732320 712
1732330 712
1732340 712
1732350 711
1732360 712
1732370 714
1732380 714
1732390 714
1732400 715
1732410 715
1732420 716
1732430 716
1732440 716
1732450 717
1732460 718
1732470 718
1732480 719
1732490 719
1732500 719
1732510 720
1732520 720
1732530 720
1732540 720
1732550 718
1732560 718
1732570 721
1732580 722
1732590 722
1732600 724
1732610 726
1732620 726
1732630 728
1732640 734
1732650 739
1732660 739
1732670 742
1732680 746
1732690 746
1732700 752
1732710 754
1732720 754
1732730 758
1732740 762
1732750 762
1732760 765
1732770 769
1732780 769
1732790 772
1732800 775
1732810 775
1732820 778
1732830 781
1732840 781
1732850 784
1732860 787
1732870 787
1732880 790
1732890 793
1732900 793
1732910 797
1732920 800
1732930 804
1732940 804
1732950 807
1732960 811
1732970 811
1732980 815
1732990 819
1733000 819
1733010 823
1733020 826
1733030 826
1733040 829
1733050 833
1733060 833
1733070 837
1733080 841
1733090 841
1733100 845
1733110 849
1733120 849
1733130 853
1733140 857
1733150 857
1733160 861
1733170 865
1733180 868
1733190 868
1733200 872
1733210 877
1733220 877
1733230 882
1733240 887
1733250 887
1733260 892
1733270 898
1733280 898
1733290 904
1733300 911
1733310 911
1733320 916
1733330 921
1733340 921
1733350 927
1733360 931
1733370 931
1733380 937
1733390 941
1733400 941
1733410 944
1733420 943
1733430 943
1733440 944
1733450 946
1733460 947
1733470 947
1733480 948
1733490 948
1733500 948
1733510 948
1733520 947
1733530 947
1733540 947
1733550 947
1733560 947
1733570 947
1733580 946
1733590 946
1733600 946
1733610 945
1733620 945
1733630 944
1733640 944
1733650 944
1733660 945
1733670 946
1733680 946
1733690 946
1733700 947
1733710 947
1733720 948
1733730 950
1733740 953
1733750 953
1733760 954
1733770 957
1733780 957
1733790 958
1733800 960
1733810 960
1733820 963
1733830 966
1733840 966
1733850 969
1733860 973
1733870 973
1733880 976
1733890 979
1733900 979
1733910 981
1733920 984
1733930 984
1733940 986
1733950 989
1733960 989
1733970 991
1733980 993
1733990 995
1734000 995
1734010 997
1734020 999
1734030 999
1734040 1002
1734050 1004
1734060 1004
1734070 1006
1734080 1008
1734090 1008
1734100 1010
1734110 1013
1734120 1013
1734130 1015
1734140 1017
1734150 1017
1734160 1019
1734170 1021
1734180 1021
1734190 1023
1734200 1025
1734210 1025
1734220 1027
1734230 1028
1734240 1028
1734250 1029
1734260 1028
1734270 1028
1734280 1028
1734290 1027
1734300 1025
1734310 1025
1734320 1023
1734330 1020
1734340 1020
1734350 1018
1734360 1016
1734370 1016
1734380 1014
1734390 1010
1734400 1010
1734410 1007
1734420 1004
1734430 1004
1734440 1003
1734450 1003
1734460 1003
1734470 1003
1734480 1002
1734490 1002
1734500 1003
1734510 1005
1734520 1005
1734530 1004
1734540 1004
1734550 1005
1734560 1005
1734570 1006
1734580 1007
1734590 1007
1734600 1007
1734610 1009
1734620 1009
1734630 1007
1734640 1006
1734650 1006
1734660 1004
1734670 1004
1734680 1004
1734690 1003
1734700 1001
1734710 1001
1734720 999
1734730 998
1734740 998
1734750 997
1734760 997
1734770 997
1734780 997
1734790 996
1734800 996
1734810 994
1734820 991
1734830 989
1734840 989
1734850 988
1734860 985
1734870 985
1734880 983
1734890 981
1734900 981
1734910 980
1734920 978
1734930 978
1734940 975
1734950 973
1734960 973
1734970 971
1734980 969
1734990 969
1735000 969
1735010 969
1735020 969
1735030 969
1735040 969
1735050 969
1735060 971
1735070 972
1735080 974
1735090 974
1735100 974
1735110 975
1735120 975
1735130 977
1735140 978
1735150 978
1735160 979
1735170 980
1735180 980
1735190 982
1735200 983
1735210 983
1735220 984
1735230 986
1735240 986
1735250 988
1735260 990
1735270 990
1735280 991
1735290 994
1735300 994
1735310 997
1735320 1001
1735330 1001
1735340 1003
1735350 1005
1735360 1008
1735370 1008
1735380 1014
1735390 1014
1735400 1014
1735410 1016
1735420 1018
1735430 1018
1735440 1019
1735450 1019
1735460 1019
1735470 1021
1735480 1023
1735490 1023
1735500 1025
1735510 1028
1735520 1028
1735530 1030
1735540 1032
1735550 1032
1735560 1034
1735570 1035
1735580 1035
1735590 1036
1735600 1038
1735610 1038
1735620 1040
1735630 1044
1735640 1049
1735650 1049
1735660 1051
1735670 1053
1735680 1053
1735690 1057
1735700 1060
1735710 1060
1735720 1062
1735730 1063
1735740 1063
1735750 1066
1735760 1068
1735770 1068
1735780 1072
1735790 1075
1735800 1075
1735810 1077
1735820 1079
1735830 1079
1735840 1081
1735850 1084
1735860 1084
1735870 1087
1735880 1091
1735890 1094
1735900 1094
1735910 1098
1735920 1100
1735930 1100
1735940 1101
1735950 1105
1735960 1105
1735970 1108
1735980 1112
1735990 1112
1736000 1115
1736010 1118
1736020 1118
1736030 1120
1736040 1123
1736050 1123
1736060 1124
1736070 1126
1736080 1126
1736090 1128
1736100 1130
1736110 1130
1736120 1132
1736130 1134
1736140 1134
1736150 1136
1736160 1138
1736170 1140
1736180 1140
1736190 1141
1736200 1143
1736210 1143
1736220 1145
1736230 1147
1736240 1147
1736250 1149
1736260 1150
1736270 1150
1736280 1152
1736290 1153
1736300 1153
1736310 1155
1736320 1157
1736330 1157
1736340 1158
1736350 1160
1736360 1160
1736370 1162
1736380 1164
1736390 1164
1736400 1167
1736410 1169
1736420 1169
1736430 1171
1736440 1173
1736450 1176
1736460 1176
1736470 1178
1736480 1180
1736490 1180
1736500 1183
1736510 1187
1736520 1187
1736530 1190
1736540 1193
1736550 1193
1736560 1197
1736570 1200
1736580 1200
1736590 1203
1736600 1208
1736610 1208
1736620 1212
1736630 1214
1736640 1214
1736650 1215
1736660 1216
1736670 1216
1736680 1217
1736690 1218
1736700 1219
1736710 1219
1736720 1220
1736730 1220
1736740 1220
1736750 1221
1736760 1221
1736770 1221
1736780 1222
1736790 1222
1736800 1222
1736810 1223
1736820 1223
1736830 1223
1736840 1223
1736850 1223
1736860 1223
1736870 1224
1736880 1224
1736890 1224
1736900 1224
1736910 1224
1736920 1224
1736930 1224
1736940 1224
1736950 1224
1736960 1224
1736970 1224
1736980 1224
1736990 1224
1737000 1223
1737010 1223
1737020 1223
1737030 1223
1737040 1223
1737050 1223
1737060 1222
1737070 1221
1737080 1221
1737090 1220
1737100 1219
1737110 1219
1737120 1218
1737130 1216
1737140 1216
1737150 1215
1737160 1213
1737170 1213
1737180 1211
1737190 1209
1737200 1209
1737210 1207
1737220 1203
1737230 1203
1737240 1201
1737250 1199
1737260 1197
1737270 1197
1737280 1195
1737290 1193
1737300 1193
1737310 1191
1737320 1191
1737330 1191
1737340 1190
1737350 1191
1737360 1191
1737370 1191
1737380 1190
1737390 1190
1737400 1189
1737410 1189
1737420 1189
1737430 1189
1737440 1190
1737450 1190
1737460 1190
1737470 1192
1737480 1192
1737490 1193
1737500 1195
1737510 1197
1737520 1197
1737530 1199
1737540 1200
1737550 1200
1737560 1201
1737570 1202
1737580 1202
1737590 1203
1737600 1204
1737610 1204
1737620 1206
1737630 1207
1737640 1207
1737650 1208
1737660 1209
1737670 1209
1737680 1209
1737690 1209
1737700 1209
1737710 1209
1737720 1209
1737730 1209
1737740 1208
1737750 1206
1737760 1206
1737770 1202
1737780 1192
1737790 1185
1737800 1185
1737810 1176
1737820 1172
1737830 1172
1737840 1165
1737850 1161
1737860 1161
1737870 1158
1737880 1155
1737890 1155
1737900 1152
1737910 1151
1737920 1151
1737930 1148
1737940 1147
1737950 1147
1737960 1146
1737970 1144
1737980 1144
1737990 1143
1738000 1142
1738010 1142
1738020 1141
1738030 1141
1738040 1141
1738050 1139
1738060 1139
1738070 1139
1738080 1139
1738090 1139
1738100 1139
1738110 1139
1738120 1139
1738130 1139
1738140 1139
1738150 1138
1738160 1136
1738170 1136
1738180 1135
1738190 1132
1738200 1132
1738210 1130
1738220 1127
1738230 1127
1738240 1125
1738250 1122
1738260 1122
1738270 1119
1738280 1114
1738290 1114
1738300 1110
1738310 1103
1738320 1097
1738330 1097
1738340 1091
1738350 1085
1738360 1085
1738370 1077
1738380 1070
1738390 1070
1738400 1064
1738410 1055
1738420 1055
1738430 1048
1738440 1041
1738450 1041
1738460 1034
1738470 1027
1738480 1027
1738490 1020
1738500 1014
1738510 1014
1738520 1008
1738530 1001
1738540 1001
1738550 1004
1738560 1008
1738570 1008
1738580 1009
1738590 1008
1738600 1009
1738610 1009
1738620 1009
1738630 1009
1738640 1009
1738650 1008
1738660 1008
1738670 1008
1738680 1007
1738690 1006
1738700 1006
1738710 1005
1738720 1004
1738730 1004
1738740 1003
1738750 1002
1738760 1002
1738770 1000
1738780 998
1738790 998
1738800 995
1738810 991
1738820 991
1738830 989
1738840 986
1738850 986
1738860 983
1738870 980
1738880 977
1738890 977
1738900 975
1738910 973
1738920 973
1738930 972
1738940 972
1738950 972
1738960 973
1738970 977
1738980 977
1738990 981
1739000 986
1739010 986
1739020 991
1739030 997
1739040 997
1739050 1002
1739060 1007
1739070 1007
1739080 1012
1739090 1018
1739100 1018
1739110 1023
1739120 1028
1739130 1033
1739140 1033
1739150 1038
1739160 1043
1739170 1043
1739180 1047
1739190 1052
1739200 1052
1739210 1057
1739220 1063
1739230 1063
1739240 1067
1739250 1071
1739260 1071
1739270 1075
1739280 1079
1739290 1079
1739300 1082
1739310 1085
1739320 1085
1739330 1087
1739340 1089
1739350 1089
1739360 1091
1739370 1092
1739380 1092
1739390 1092
1739400 1092
1739410 1092
1739420 1092
1739430 1091
1739440 1091
1739450 1091
1739460 1091
1739470 1091
1739480 1091
1739490 1090
1739500 1090
1739510 1090
1739520 1090
1739530 1089
1739540 1089
1739550 1089
1739560 1088
1739570 1088
1739580 1088
1739590 1087
1739600 1087
1739610 1085
1739620 1084
1739630 1084
1739640 1083
1739650 1081
1739660 1081
1739670 1080
1739680 1079
1739690 1077
1739700 1077
1739710 1075
1739720 1073
1739730 1073
1739740 1071
1739750 1069
1739760 1069
1739770 1067
1739780 1065
1739790 1065
1739800 1064
1739810 1062
1739820 1062
1739830 1060
1739840 1059
1739850 1059
1739860 1057
1739870 1054
1739880 1054
1739890 1051
1739900 1049
1739910 1049
1739920 1046
1739930 1044
1739940 1041
1739950 1041
1739960 1040
1739970 1036
1739980 1036
1739990 1028
