1720000 1111
1720010 1110
1720020 1110
1720030 1107
1720040 1107
1720050 1107
1720060 1106
1720070 1105
1720080 1104
1720090 1104
1720100 1101
1720110 1099
1720120 1099
1720130 1097
1720140 1094
1720150 1094
1720160 1092
1720170 1089
1720180 1089
1720190 1087
1720200 1085
1720210 1085
1720220 1083
1720230 1081
1720240 1081
1720250 1079
1720260 1076
1720270 1076
1720280 1074
1720290 1072
1720300 1072
1720310 1070
1720320 1067
1720330 1067
1720340 1064
1720350 1062
1720360 1061
1720370 1061
1720380 1059
1720390 1056
1720400 1056
1720410 1054
1720420 1052
1720430 1052
1720440 1050
1720450 1048
1720460 1048
1720470 1046
1720480 1043
1720490 1043
1720500 1040
1720510 1038
1720520 1038
1720530 1038
1720540 1035
1720550 1035
1720560 1033
1720570 1030
1720580 1030
1720590 1027
1720600 1025
1720610 1025
1720620 1022
1720630 1017
1720640 1015
1720650 1015
1720660 1010
1720670 1005
1720680 1005
1720690 1000
1720700 996
1720710 996
1720720 991
1720730 987
1720740 987
1720750 983
1720760 977
1720770 977
1720780 973
1720790 969
1720800 969
1720810 965
1720820 961
1720830 961
1720840 956
1720850 952
1720860 952
1720870 946
1720880 941
1720890 941
1720900 934
1720910 929
1720920 923
1720930 923
1720940 919
1720950 911
1720960 911
1720970 905
1720980 911
1720990 911
1721000 913
1721010 914
1721020 914
1721030 915
1721040 919
1721050 919
1721060 922
1721070 925
1721080 925
1721090 929
1721100 932
1721110 932
1721120 936
1721130 939
1721140 939
1721150 943
1721160 946
1721170 949
1721180 949
1721190 952
1721200 954
1721210 954
1721220 957
1721230 959
1721240 959
1721250 961
1721260 964
1721270 964
1721280 966
1721290 968
1721300 968
1721310 970
1721320 972
1721330 972
1721340 974
1721350 976
1721360 976
1721370 978
1721380 978
1721390 978
1721400 978
1721410 978
1721420 978
1721430 977
1721440 976
1721450 974
1721460 974
1721470 971
1721480 968
1721490 968
1721500 965
1721510 962
1721520 962
1721530 958
1721540 955
1721550 955
1721560 951
1721570 948
1721580 948
1721590 945
1721600 942
1721610 942
1721620 938
1721630 934
1721640 934
1721650 930
1721660 925
1721670 925
1721680 921
1721690 916
1721700 916
1721710 911
1721720 908
1721730 904
1721740 904
1721750 900
1721760 894
1721770 894
1721780 889
1721790 884
1721800 884
1721810 879
1721820 874
1721830 874
1721840 869
1721850 864
1721860 864
1721870 861
1721880 855
1721890 855
1721900 848
1721910 842
1721920 842
1721930 834
1721940 832
1721950 832
1721960 833
1721970 837
1721980 837
1721990 842
1722000 848
1722010 853
1722020 853
1722030 859
1722040 865
1722050 865
1722060 867
1722070 871
1722080 871
1722090 874
1722100 876
1722110 876
1722120 879
1722130 882
1722140 882
1722150 885
1722160 888
1722170 888
1722180 891
1722190 892
1722200 892
1722210 893
1722220 895
1722230 895
1722240 896
1722250 898
1722260 900
1722270 900
1722280 902
1722290 904
1722300 904
1722310 905
1722320 906
1722330 906
1722340 907
1722350 907
1722360 907
1722370 906
1722380 904
1722390 904
1722400 903
1722410 901
1722420 901
1722430 899
1722440 898
1722450 898
1722460 899
1722470 899
1722480 899
1722490 904
1722500 910
1722510 910
1722520 911
1722530 914
1722540 917
1722550 917
1722560 922
1722570 926
1722580 926
1722590 930
1722600 935
1722610 935
1722620 938
1722630 944
1722640 944
1722650 950
1722660 953
1722670 953
1722680 958
1722690 963
1722700 963
1722710 969
1722720 974
1722730 974
1722740 980
1722750 985
1722760 985
1722770 990
1722780 994
1722790 994
1722800 999
1722810 1004
1722820 1010
1722830 1010
1722840 1015
1722850 1020
1722860 1020
1722870 1025
1722880 1030
1722890 1030
1722900 1035
1722910 1040
1722920 1040
1722930 1045
1722940 1049
1722950 1049
1722960 1054
1722970 1058
1722980 1058
1722990 1062
1723000 1064
1723010 1064
1723020 1067
1723030 1071
1723040 1071
1723050 1076
1723060 1080
1723070 1080
1723080 1084
1723090 1088
1723100 1093
1723110 1093
1723120 1098
1723130 1103
1723140 1103
1723150 1108
1723160 1114
1723170 1114
1723180 1116
1723190 1123
1723200 1123
1723210 1128
1723220 1133
1723230 1133
1723240 1137
1723250 1142
1723260 1142
1723270 1146
1723280 1150
1723290 1150
1723300 1157
1723310 1160
1723320 1160
1723330 1163
1723340 1164
1723350 1166
1723360 1166
1723370 1168
1723380 1168
1723390 1168
1723400 1167
1723410 1166
1723420 1166
1723430 1163
1723440 1159
1723450 1159
1723460 1153
1723470 1148
1723480 1148
1723490 1143
1723500 1138
1723510 1138
1723520 1133
1723530 1127
1723540 1127
1723550 1120
1723560 1112
1723570 1112
1723580 1103
1723590 1095
1723600 1095
1723610 1088
1723620 1079
1723630 1071
1723640 1071
1723650 1062
1723660 1055
1723670 1055
1723680 1047
1723690 1040
1723700 1040
1723710 1033
1723720 1026
1723730 1026
1723740 1016
1723750 1009
1723760 1009
1723770 1001
1723780 993
1723790 993
1723800 985
1723810 978
1723820 978
1723830 971
1723840 965
1723850 965
1723860 958
1723870 951
1723880 951
1723890 945
1723900 939
1723910 932
1723920 932
1723930 926
1723940 920
1723950 920
1723960 914
1723970 906
1723980 906
1723990 898
1724000 892
1724010 892
1724020 884
1724030 876
1724040 876
1724050 870
1724060 862
1724070 862
1724080 855
1724090 848
1724100 848
1724110 841
1724120 835
1724130 835
1724140 829
1724150 824
1724160 824
1724170 820
1724180 813
1724190 805
1724200 805
1724210 799
1724220 800
1724230 800
1724240 801
1724250 802
1724260 802
1724270 806
1724280 813
1724290 813
1724300 819
1724310 824
1724320 824
1724330 830
1724340 837
1724350 837
1724360 844
1724370 850
1724380 850
1724390 857
1724400 864
1724410 864
1724420 871
1724430 876
1724440 883
1724450 883
1724460 889
1724470 896
1724480 896
1724490 902
1724500 908
1724510 908
1724520 914
1724530 919
1724540 919
1724550 925
1724560 931
1724570 931
1724580 935
1724590 939
1724600 939
1724610 942
1724620 946
1724630 946
1724640 950
1724650 954
1724660 954
1724670 958
1724680 962
1724690 962
1724700 966
1724710 970
1724720 974
1724730 974
1724740 978
1724750 983
1724760 983
1724770 987
1724780 992
1724790 992
1724800 996
1724810 1001
1724820 1001
1724830 1004
1724840 1010
1724850 1010
1724860 1016
1724870 1021
1724880 1021
1724890 1027
1724900 1034
1724910 1034
1724920 1040
1724930 1047
1724940 1047
1724950 1054
1724960 1061
1724970 1061
1724980 1068
1724990 1076
1725000 1083
1725010 1083
1725020 1091
1725030 1098
1725040 1098
1725050 1104
1725060 1109
1725070 1109
1725080 1116
1725090 1121
1725100 1121
1725110 1125
1725120 1128
1725130 1128
1725140 1130
1725150 1131
1725160 1131
1725170 1132
1725180 1133
1725190 1133
1725200 1133
1725210 1134
1725220 1134
1725230 1134
1725240 1135
1725250 1135
1725260 1134
1725270 1134
1725280 1134
1725290 1134
1725300 1133
1725310 1133
1725320 1133
1725330 1132
1725340 1131
1725350 1131
1725360 1130
1725370 1128
1725380 1128
1725390 1127
1725400 1125
1725410 1125
1725420 1123
1725430 1122
1725440 1122
1725450 1120
1725460 1117
1725470 1117
1725480 1115
1725490 1113
1725500 1113
1725510 1110
1725520 1108
1725530 1105
1725540 1105
1725550 1103
1725560 1101
1725570 1101
1725580 1099
1725590 1097
1725600 1097
1725610 1094
1725620 1090
1725630 1090
1725640 1089
1725650 1087
1725660 1087
1725670 1084
1725680 1080
1725690 1080
1725700 1078
1725710 1074
1725720 1074
1725730 1070
1725740 1067
1725750 1067
1725760 1064
1725770 1059
1725780 1059
1725790 1056
1725800 1052
1725810 1048
1725820 1048
1725830 1043
1725840 1039
1725850 1039
1725860 1035
1725870 1031
1725880 1031
1725890 1026
1725900 1022
1725910 1022
1725920 1017
1725930 1013
1725940 1013
1725950 1008
1725960 1003
1725970 1003
1725980 998
1725990 993
1726000 993
1726010 988
1726020 982
1726030 982
1726040 977
1726050 972
1726060 972
1726070 967
1726080 962
1726090 958
1726100 958
1726110 953
1726120 947
1726130 947
1726140 943
1726150 939
1726160 939
1726170 934
1726180 933
1726190 933
1726200 934
1726210 937
1726220 937
1726230 940
1726240 942
1726250 942
1726260 945
1726270 947
1726280 947
1726290 950
1726300 953
1726310 953
1726320 955
1726330 956
1726340 956
1726350 954
1726360 952
1726370 949
1726380 949
1726390 945
1726400 941
1726410 941
1726420 937
1726430 933
1726440 933
1726450 928
1726460 924
1726470 924
1726480 920
1726490 915
1726500 915
1726510 909
1726520 908
1726530 908
1726540 902
1726550 897
1726560 897
1726570 894
1726580 893
1726590 893
1726600 893
1726610 894
1726620 896
1726630 896
1726640 901
1726650 906
1726660 906
1726670 911
1726680 917
1726690 917
1726700 922
1726710 927
1726720 927
1726730 932
1726740 937
1726750 937
1726760 941
1726770 945
1726780 945
1726790 948
1726800 951
1726810 951
1726820 953
1726830 955
1726840 955
1726850 956
1726860 955
1726870 955
1726880 953
1726890 949
1726900 943
1726910 943
1726920 939
1726930 936
1726940 936
1726950 933
1726960 928
1726970 928
1726980 925
1726990 921
1727000 921
1727010 916
1727020 911
1727030 911
1727040 908
1727050 904
1727060 904
1727070 900
1727080 896
1727090 896
1727100 891
1727110 886
1727120 886
1727130 880
1727140 875
1727150 875
1727160 870
1727170 865
1727180 861
1727190 861
1727200 856
1727210 854
1727220 854
1727230 849
1727240 846
1727250 846
1727260 843
1727270 839
1727280 839
1727290 837
1727300 833
1727310 833
1727320 828
1727330 823
1727340 823
1727350 818
1727360 812
1727370 812
1727380 807
1727390 801
1727400 801
1727410 796
1727420 790
1727430 785
1727440 785
1727450 780
1727460 775
1727470 775
1727480 772
1727490 766
1727500 766
1727510 766
1727520 766
1727530 766
1727540 765
1727550 765
1727560 765
1727570 761
1727580 764
1727590 764
1727600 765
1727610 765
1727620 765
1727630 766
1727640 770
1727650 770
1727660 778
1727670 781
1727680 781
1727690 786
1727700 792
1727710 798
1727720 798
1727730 803
1727740 809
1727750 809
1727760 815
1727770 821
1727780 821
1727790 826
1727800 832
1727810 832
1727820 837
1727830 843
1727840 843
1727850 848
1727860 853
1727870 853
1727880 856
1727890 861
1727900 861
1727910 864
1727920 866
1727930 866
1727940 869
1727950 870
1727960 870
1727970 871
1727980 871
1727990 874
1728000 874
1728010 875
1728020 875
1728030 875
1728040 876
1728050 877
1728060 877
1728070 879
1728080 881
1728090 881
1728100 882
1728110 884
1728120 884
1728130 885
1728140 887
1728150 887
1728160 891
1728170 895
1728180 895
1728190 898
1728200 901
1728210 901
1728220 903
1728230 906
1728240 906
1728250 907
1728260 907
1728270 906
1728280 906
1728290 905
1728300 907
1728310 907
1728320 912
1728330 917
1728340 917
1728350 924
1728360 929
1728370 929
1728380 935
1728390 942
1728400 942
1728410 946
1728420 950
1728430 950
1728440 955
1728450 961
1728460 961
1728470 966
1728480 971
1728490 971
1728500 976
1728510 982
1728520 986
1728530 986
1728540 992
1728550 998
1728560 998
1728570 1004
1728580 1011
1728590 1011
1728600 1015
1728610 1021
1728620 1021
1728630 1027
1728640 1032
1728650 1032
1728660 1038
1728670 1043
1728680 1043
1728690 1048
1728700 1052
1728710 1052
1728720 1057
1728730 1062
1728740 1062
1728750 1067
1728760 1073
1728770 1073
1728780 1076
1728790 1081
1728800 1086
1728810 1086
1728820 1091
1728830 1095
1728840 1095
1728850 1100
1728860 1105
1728870 1105
1728880 1110
1728890 1115
1728900 1115
1728910 1119
1728920 1123
1728930 1123
1728940 1126
1728950 1128
1728960 1128
1728970 1130
1728980 1131
1728990 1131
1729000 1130
1729010 1129
1729020 1129
1729030 1128
1729040 1127
1729050 1127
1729060 1125
1729070 1124
1729080 1123
1729090 1123
1729100 1121
1729110 1118
1729120 1118
1729130 1116
1729140 1113
1729150 1113
1729160 1110
1729170 1108
1729180 1108
1729190 1106
1729200 1104
1729210 1104
1729220 1101
1729230 1099
1729240 1099
1729250 1097
1729260 1094
1729270 1094
1729280 1092
1729290 1090
1729300 1090
1729310 1088
1729320 1086
1729330 1086
1729340 1084
1729350 1082
1729360 1081
1729370 1081
1729380 1079
1729390 1077
1729400 1077
1729410 1075
1729420 1073
1729430 1073
1729440 1071
1729450 1068
1729460 1068
1729470 1065
1729480 1060
1729490 1060
1729500 1055
1729510 1050
1729520 1050
1729530 1045
1729540 1040
1729550 1040
1729560 1034
1729570 1029
1729580 1029
1729590 1023
1729600 1018
1729610 1012
1729620 1012
1729630 1010
1729640 1003
1729650 1003
1729660 1000
1729670 1002
1729680 1002
1729690 1005
1729700 1005
1729710 1005
1729720 1012
1729730 1016
1729740 1016
1729750 1022
1729760 1026
1729770 1026
1729780 1031
1729790 1036
1729800 1036
1729810 1040
1729820 1045
1729830 1045
1729840 1050
1729850 1053
1729860 1053
1729870 1058
1729880 1062
1729890 1065
1729900 1065
1729910 1070
1729920 1073
1729930 1073
1729940 1077
1729950 1081
1729960 1081
1729970 1084
1729980 1087
1729990 1087
1730000 1089
1730010 1090
1730020 1090
1730030 1091
1730040 1094
1730050 1094
1730060 1094
1730070 1093
1730080 1093
1730090 1094
1730100 1093
1730110 1093
1730120 1092
1730130 1090
1730140 1090
1730150 1089
1730160 1090
1730170 1088
1730180 1088
1730190 1086
1730200 1084
1730210 1084
1730220 1082
1730230 1080
1730240 1080
1730250 1078
1730260 1075
1730270 1075
1730280 1073
1730290 1069
1730300 1069
1730310 1066
1730320 1061
1730330 1061
1730340 1056
1730350 1050
1730360 1050
1730370 1045
1730380 1039
1730390 1039
1730400 1033
1730410 1027
1730420 1027
1730430 1019
1730440 1013
1730450 1006
1730460 1006
1730470 1000
1730480 994
1730490 994
1730500 987
1730510 981
1730520 981
1730530 974
1730540 967
1730550 967
1730560 962
1730570 956
1730580 956
1730590 949
1730600 942
1730610 942
1730620 936
1730630 930
1730640 930
1730650 923
1730660 917
1730670 917
1730680 911
1730690 905
1730700 899
1730710 899
1730720 892
1730730 887
1730740 887
1730750 887
1730760 891
1730770 891
1730780 895
1730790 899
1730800 899
1730810 904
1730820 908
1730830 908
1730840 913
1730850 917
1730860 917
1730870 920
1730880 924
1730890 924
1730900 928
1730910 932
1730920 932
1730930 937
1730940 941
1730950 941
1730960 945
1730970 948
1730980 950
1730990 950
1731000 950
1731010 943
1731020 943
1731030 938
1731040 933
1731050 933
1731060 929
1731070 924
1731080 924
1731090 920
1731100 915
1731110 915
1731120 911
1731130 908
1731140 908
1731150 907
1731160 907
1731170 907
1731180 910
1731190 913
1731200 913
1731210 916
1731220 919
1731230 919
1731240 923
1731250 928
1731260 932
1731270 932
1731280 934
1731290 938
1731300 938
1731310 941
1731320 944
1731330 944
1731340 947
1731350 949
1731360 949
1731370 952
1731380 954
1731390 954
1731400 958
1731410 960
1731420 960
1731430 963
1731440 966
1731450 966
1731460 969
1731470 972
1731480 972
1731490 974
1731500 977
1731510 977
1731520 980
1731530 982
1731540 983
1731550 983
1731560 985
1731570 986
1731580 986
1731590 986
1731600 987
1731610 987
1731620 987
1731630 987
1731640 987
1731650 987
1731660 986
1731670 986
1731680 986
1731690 985
1731700 985
1731710 985
1731720 983
1731730 983
1731740 981
1731750 980
1731760 980
1731770 977
1731780 975
1731790 973
1731800 973
1731810 972
1731820 971
1731830 971
1731840 970
1731850 970
1731860 970
1731870 969
1731880 963
1731890 963
1731900 963
1731910 963
1731920 963
1731930 960
1731940 956
1731950 956
1731960 952
1731970 947
1731980 947
1731990 940
1732000 934
1732010 934
1732020 927
1732030 921
1732040 921
1732050 915
1732060 909
1732070 904
1732080 904
1732090 898
1732100 891
1732110 891
1732120 885
1732130 879
1732140 879
1732150 873
1732160 869
1732170 869
1732180 868
1732190 870
1732200 870
1732210 871
1732220 874
1732230 874
1732240 874
1732250 875
1732260 875
1732270 875
1732280 875
1732290 875
1732300 875
1732310 876
1732320 876
1732330 876
1732340 876
1732350 876
1732360 876
1732370 877
1732380 876
1732390 876
1732400 876
1732410 876
1732420 876
1732430 877
1732440 877
1732450 877
1732460 877
1732470 877
1732480 877
1732490 877
1732500 878
1732510 878
1732520 879
1732530 879
1732540 879
1732550 880
1732560 880
1732570 880
1732580 881
1732590 882
1732600 882
1732610 883
1732620 885
1732630 886
1732640 886
1732650 887
1732660 888
1732670 888
1732680 889
1732690 891
1732700 891
1732710 891
1732720 891
1732730 891
1732740 890
1732750 890
1732760 890
1732770 889
1732780 888
1732790 888
1732800 887
1732810 887
1732820 887
1732830 882
1732840 879
1732850 879
1732860 875
1732870 871
1732880 866
1732890 866
1732900 862
1732910 858
1732920 858
1732930 855
1732940 852
1732950 852
1732960 848
1732970 844
1732980 844
1732990 840
1733000 834
1733010 834
1733020 829
1733030 824
1733040 824
1733050 818
1733060 817
1733070 817
1733080 812
1733090 808
1733100 808
1733110 803
1733120 797
1733130 797
1733140 793
1733150 789
1733160 784
1733170 784
1733180 778
1733190 772
1733200 772
1733210 763
1733220 757
1733230 757
1733240 758
1733250 758
1733260 758
1733270 759
1733280 759
1733290 759
1733300 759
1733310 759
1733320 759
1733330 757
1733340 758
1733350 758
1733360 761
1733370 767
1733380 767
1733390 774
1733400 778
1733410 778
1733420 782
1733430 787
1733440 791
1733450 791
1733460 795
1733470 798
1733480 798
1733490 801
1733500 805
1733510 805
1733520 809
1733530 812
1733540 812
1733550 817
1733560 821
1733570 821
1733580 826
1733590 831
1733600 831
1733610 837
1733620 843
1733630 843
1733640 850
1733650 856
1733660 856
1733670 864
1733680 870
1733690 870
1733700 875
1733710 881
1733720 884
1733730 884
1733740 887
1733750 889
1733760 889
1733770 893
1733780 896
1733790 896
1733800 901
1733810 906
1733820 906
1733830 910
1733840 915
1733850 915
1733860 917
1733870 922
1733880 922
1733890 927
1733900 932
1733910 932
1733920 937
1733930 942
1733940 942
1733950 947
1733960 949
1733970 952
1733980 952
1733990 955
1734000 958
1734010 958
1734020 961
1734030 963
1734040 963
1734050 964
1734060 966
1734070 966
1734080 967
1734090 970
1734100 970
1734110 971
1734120 973
1734130 973
1734140 973
1734150 975
1734160 975
1734170 977
1734180 980
1734190 980
1734200 983
1734210 985
1734220 985
1734230 988
1734240 991
1734250 994
1734260 994
1734270 997
1734280 1000
1734290 1000
1734300 1003
1734310 1006
1734320 1006
1734330 1009
1734340 1012
1734350 1012
1734360 1015
1734370 1017
1734380 1017
1734390 1020
1734400 1023
1734410 1023
1734420 1027
1734430 1031
1734440 1031
1734450 1034
1734460 1036
1734470 1036
1734480 1040
1734490 1043
1734500 1043
1734510 1045
1734520 1047
1734530 1049
1734540 1049
1734550 1050
1734560 1052
1734570 1052
1734580 1054
1734590 1056
1734600 1056
1734610 1059
1734620 1061
1734630 1061
1734640 1063
1734650 1065
1734660 1065
1734670 1067
1734680 1068
1734690 1068
1734700 1070
1734710 1071
1734720 1071
1734730 1073
1734740 1075
1734750 1075
1734760 1077
1734770 1079
1734780 1079
1734790 1082
1734800 1084
1734810 1086
1734820 1086
1734830 1088
1734840 1090
1734850 1090
1734860 1092
1734870 1094
1734880 1094
1734890 1095
1734900 1096
1734910 1096
1734920 1097
1734930 1098
1734940 1098
1734950 1099
1734960 1101
1734970 1101
1734980 1102
1734990 1103
1735000 1103
1735010 1104
1735020 1105
1735030 1105
1735040 1106
1735050 1107
1735060 1108
1735070 1108
1735080 1109
1735090 1110
1735100 1110
1735110 1111
1735120 1112
1735130 1112
1735140 1113
1735150 1114
1735160 1114
1735170 1115
1735180 1115
1735190 1115
1735200 1116
1735210 1116
1735220 1116
1735230 1117
1735240 1118
1735250 1118
1735260 1118
1735270 1120
1735280 1120
1735290 1121
1735300 1123
1735310 1123
1735320 1124
1735330 1126
1735340 1127
1735350 1127
1735360 1129
1735370 1131
1735380 1131
1735390 1132
1735400 1133
1735410 1133
1735420 1135
1735430 1136
1735440 1136
1735450 1138
1735460 1139
1735470 1139
1735480 1140
1735490 1142
1735500 1142
1735510 1144
1735520 1146
1735530 1146
1735540 1147
1735550 1149
1735560 1149
1735570 1152
1735580 1154
1735590 1154
1735600 1156
1735610 1159
1735620 1161
1735630 1161
1735640 1164
1735650 1166
1735660 1166
1735670 1168
1735680 1171
1735690 1171
1735700 1173
1735710 1176
1735720 1176
1735730 1178
1735740 1180
1735750 1180
1735760 1182
1735770 1184
1735780 1184
1735790 1187
1735800 1188
1735810 1188
1735820 1191
1735830 1193
1735840 1193
1735850 1195
1735860 1197
1735870 1197
1735880 1199
1735890 1201
1735900 1202
1735910 1202
1735920 1204
1735930 1206
1735940 1206
1735950 1207
1735960 1209
1735970 1209
1735980 1211
1735990 1213
1736000 1213
1736010 1214
1736020 1215
1736030 1215
1736040 1215
1736050 1214
1736060 1214
1736070 1214
1736080 1212
1736090 1212
1736100 1209
1736110 1206
1736120 1206
1736130 1203
1736140 1200
1736150 1197
1736160 1197
1736170 1195
1736180 1194
1736190 1194
1736200 1192
1736210 1190
1736220 1190
1736230 1189
1736240 1187
1736250 1187
1736260 1185
1736270 1184
1736280 1184
1736290 1182
1736300 1180
1736310 1180
1736320 1179
1736330 1176
1736340 1176
1736350 1173
1736360 1169
1736370 1169
1736380 1165
1736390 1161
1736400 1161
1736410 1157
1736420 1153
1736430 1150
1736440 1150
1736450 1147
1736460 1144
1736470 1144
1736480 1142
1736490 1141
1736500 1141
1736510 1140
1736520 1139
1736530 1139
1736540 1139
1736550 1139
1736560 1139
1736570 1139
1736580 1141
1736590 1141
1736600 1140
1736610 1140
1736620 1140
1736630 1140
1736640 1140
1736650 1140
1736660 1141
1736670 1142
1736680 1142
1736690 1143
1736700 1144
1736710 1146
1736720 1146
1736730 1147
1736740 1149
1736750 1149
1736760 1151
1736770 1153
1736780 1153
1736790 1155
1736800 1157
1736810 1157
1736820 1159
1736830 1160
1736840 1160
1736850 1161
1736860 1163
1736870 1163
1736880 1166
1736890 1168
1736900 1168
1736910 1170
1736920 1172
1736930 1172
1736940 1175
1736950 1177
1736960 1177
1736970 1179
1736980 1182
1736990 1184
1737000 1184
1737010 1186
1737020 1189
1737030 1189
1737040 1191
1737050 1193
1737060 1193
1737070 1196
1737080 1198
1737090 1198
1737100 1199
1737110 1202
1737120 1202
1737130 1204
1737140 1207
1737150 1207
1737160 1210
1737170 1213
1737180 1213
1737190 1216
1737200 1219
1737210 1219
1737220 1222
1737230 1226
1737240 1229
1737250 1229
1737260 1232
1737270 1234
1737280 1234
1737290 1236
1737300 1236
1737310 1236
1737320 1237
1737330 1238
1737340 1238
1737350 1239
1737360 1239
1737370 1239
1737380 1239
1737390 1239
1737400 1239
1737410 1238
1737420 1237
1737430 1237
1737440 1235
1737450 1233
1737460 1233
1737470 1231
1737480 1229
1737490 1229
1737500 1227
1737510 1226
1737520 1223
1737530 1223
1737540 1219
1737550 1214
1737560 1214
1737570 1210
1737580 1206
1737590 1206
1737600 1203
1737610 1199
1737620 1199
1737630 1195
1737640 1192
1737650 1192
1737660 1187
1737670 1183
1737680 1183
1737690 1179
1737700 1176
1737710 1176
1737720 1174
1737730 1170
1737740 1170
1737750 1167
1737760 1163
1737770 1163
1737780 1160
1737790 1157
1737800 1153
1737810 1153
1737820 1151
1737830 1148
1737840 1148
1737850 1145
1737860 1142
1737870 1142
1737880 1138
1737890 1135
1737900 1135
1737910 1132
1737920 1128
1737930 1128
1737940 1125
1737950 1123
1737960 1123
1737970 1120
1737980 1117
1737990 1117
1738000 1113
1738010 1110
1738020 1110
1738030 1107
1738040 1105
1738050 1105
1738060 1102
1738070 1098
1738080 1095
1738090 1095
1738100 1091
1738110 1089
1738120 1089
1738130 1087
1738140 1084
1738150 1084
1738160 1082
1738170 1080
1738180 1080
1738190 1078
1738200 1075
1738210 1075
1738220 1073
1738230 1071
1738240 1071
1738250 1069
1738260 1067
1738270 1067
1738280 1065
1738290 1063
1738300 1063
1738310 1061
1738320 1058
1738330 1057
1738340 1057
1738350 1054
1738360 1053
1738370 1053
1738380 1052
1738390 1050
1738400 1050
1738410 1048
1738420 1046
1738430 1046
1738440 1043
1738450 1041
1738460 1041
1738470 1039
1738480 1038
1738490 1038
1738500 1037
1738510 1036
1738520 1036
1738530 1034
1738540 1033
1738550 1033
1738560 1032
1738570 1030
1738580 1030
1738590 1029
1738600 1027
1738610 1026
1738620 1026
1738630 1025
1738640 1023
1738650 1023
1738660 1022
1738670 1022
1738680 1022
1738690 1020
1738700 1019
1738710 1019
1738720 1018
1738730 1017
1738740 1017
1738750 1016
1738760 1016
1738770 1016
1738780 1016
1738790 1016
1738800 1016
1738810 1017
1738820 1017
1738830 1017
1738840 1010
1738850 1001
1738860 1001
1738870 996
1738880 988
1738890 981
1738900 981
1738910 974
1738920 968
1738930 968
1738940 963
1738950 955
1738960 955
1738970 949
1738980 943
1738990 943
1739000 937
1739010 929
1739020 929
1739030 922
1739040 917
1739050 917
1739060 910
1739070 901
1739080 901
1739090 895
1739100 886
1739110 886
1739120 880
1739130 874
1739140 874
1739150 868
1739160 864
1739170 859
1739180 859
1739190 853
1739200 848
1739210 848
1739220 843
1739230 839
1739240 839
1739250 834
1739260 830
1739270 830
1739280 827
1739290 825
1739300 825
1739310 821
1739320 818
1739330 818
1739340 814
1739350 810
1739360 810
1739370 804
1739380 796
1739390 796
1739400 792
1739410 787
1739420 782
1739430 782
1739440 780
1739450 777
1739460 777
1739470 774
1739480 772
1739490 772
1739500 768
1739510 766
1739520 766
1739530 763
1739540 759
1739550 759
1739560 756
1739570 754
1739580 754
1739590 751
1739600 749
1739610 749
1739620 751
1739630 752
1739640 752
1739650 755
1739660 758
1739670 758
1739680 760
1739690 763
1739700 768
1739710 768
1739720 768
1739730 769
1739740 769
1739750 769
1739760 770
1739770 770
1739780 772
1739790 774
1739800 774
1739810 778
1739820 782
1739830 782
1739840 787
1739850 785
1739860 785
1739870 784
1739880 784
1739890 784
1739900 784
1739910 785
1739920 785
1739930 787
1739940 789
1739950 789
1739960 791
1739970 793
1739980 794
1739990 794
