1720000 1214
1720010 1214
1720020 1214
1720030 1215
1720040 1215
1720050 1214
1720060 1213
1720070 1212
1720080 1212
1720090 1210
1720100 1209
1720110 1209
1720120 1207
1720130 1205
1720140 1205
1720150 1204
1720160 1202
1720170 1202
1720180 1201
1720190 1199
1720200 1199
1720210 1198
1720220 1196
1720230 1196
1720240 1195
1720250 1193
1720260 1193
1720270 1191
1720280 1188
1720290 1188
1720300 1187
1720310 1185
1720320 1185
1720330 1183
1720340 1181
1720350 1178
1720360 1178
1720370 1177
1720380 1174
1720390 1174
1720400 1172
1720410 1170
1720420 1170
1720430 1168
1720440 1165
1720450 1165
1720460 1163
1720470 1160
1720480 1160
1720490 1158
1720500 1155
1720510 1155
1720520 1152
1720530 1148
1720540 1148
1720550 1145
1720560 1141
1720570 1141
1720580 1136
1720590 1134
1720600 1134
1720610 1130
1720620 1126
1720630 1123
1720640 1123
1720650 1119
1720660 1116
1720670 1116
1720680 1113
1720690 1110
1720700 1110
1720710 1106
1720720 1105
1720730 1105
1720740 1103
1720750 1100
1720760 1100
1720770 1096
1720780 1098
1720790 1098
1720800 1100
1720810 1103
1720820 1103
1720830 1106
1720840 1108
1720850 1108
1720860 1112
1720870 1115
1720880 1115
1720890 1118
1720900 1123
1720910 1126
1720920 1126
1720930 1130
1720940 1134
1720950 1134
1720960 1137
1720970 1139
1720980 1139
1720990 1141
1721000 1143
1721010 1143
1721020 1144
1721030 1145
1721040 1145
1721050 1147
1721060 1148
1721070 1148
1721080 1150
1721090 1151
1721100 1151
1721110 1152
1721120 1154
1721130 1154
1721140 1154
1721150 1154
1721160 1154
1721170 1151
1721180 1145
1721190 1139
1721200 1139
1721210 1131
1721220 1123
1721230 1123
1721240 1116
1721250 1110
1721260 1110
1721270 1105
1721280 1099
1721290 1099
1721300 1095
1721310 1091
1721320 1091
1721330 1087
1721340 1084
1721350 1084
1721360 1079
1721370 1075
1721380 1075
1721390 1072
1721400 1069
1721410 1069
1721420 1066
1721430 1062
1721440 1061
1721450 1061
1721460 1056
1721470 1053
1721480 1053
1721490 1050
1721500 1047
1721510 1047
1721520 1043
1721530 1040
1721540 1040
1721550 1036
1721560 1032
1721570 1032
1721580 1029
1721590 1024
1721600 1024
1721610 1019
1721620 1014
1721630 1014
1721640 1008
1721650 1004
1721660 1004
1721670 1000
1721680 994
1721690 994
1721700 989
1721710 984
1721720 980
1721730 980
1721740 975
1721750 973
1721760 973
1721770 965
1721780 957
1721790 957
1721800 954
1721810 951
1721820 951
1721830 945
1721840 940
1721850 940
1721860 935
1721870 931
1721880 931
1721890 926
1721900 921
1721910 921
1721920 917
1721930 911
1721940 911
1721950 905
1721960 901
1721970 901
1721980 896
1721990 892
1722000 891
1722010 891
1722020 898
1722030 903
1722040 903
1722050 909
1722060 913
1722070 913
1722080 917
1722090 922
1722100 924
1722110 929
1722120 934
1722130 934
1722140 939
1722150 943
1722160 943
1722170 947
1722180 952
1722190 952
1722200 954
1722210 959
1722220 959
1722230 960
1722240 960
1722250 960
1722260 960
1722270 960
1722280 960
1722290 960
1722300 959
1722310 958
1722320 958
1722330 957
1722340 957
1722350 957
1722360 957
1722370 957
1722380 957
1722390 957
1722400 958
1722410 958
1722420 958
1722430 960
1722440 960
1722450 963
1722460 969
1722470 969
1722480 975
1722490 980
1722500 980
1722510 987
1722520 991
1722530 996
1722540 996
1722550 1003
1722560 1008
1722570 1008
1722580 1013
1722590 1018
1722600 1018
1722610 1022
1722620 1025
1722630 1025
1722640 1029
1722650 1034
1722660 1034
1722670 1038
1722680 1044
1722690 1044
1722700 1047
1722710 1053
1722720 1053
1722730 1058
1722740 1064
1722750 1064
1722760 1068
1722770 1073
1722780 1073
1722790 1079
1722800 1085
1722810 1090
1722820 1090
1722830 1095
1722840 1100
1722850 1100
1722860 1105
1722870 1110
1722880 1110
1722890 1115
1722900 1119
1722910 1119
1722920 1122
1722930 1125
1722940 1125
1722950 1127
1722960 1129
1722970 1129
1722980 1130
1722990 1132
1723000 1132
1723010 1132
1723020 1134
1723030 1134
1723040 1135
1723050 1137
1723060 1137
1723070 1139
1723080 1141
1723090 1143
1723100 1143
1723110 1146
1723120 1146
1723130 1146
1723140 1150
1723150 1152
1723160 1152
1723170 1154
1723180 1156
1723190 1156
1723200 1158
1723210 1160
1723220 1160
1723230 1161
1723240 1162
1723250 1162
1723260 1162
1723270 1163
1723280 1163
1723290 1161
1723300 1158
1723310 1158
1723320 1154
1723330 1149
1723340 1149
1723350 1144
1723360 1140
1723370 1134
1723380 1134
1723390 1128
1723400 1123
1723410 1123
1723420 1117
1723430 1112
1723440 1112
1723450 1106
1723460 1100
1723470 1100
1723480 1096
1723490 1090
1723500 1090
1723510 1084
1723520 1079
1723530 1079
1723540 1074
1723550 1069
1723560 1069
1723570 1064
1723580 1058
1723590 1058
1723600 1051
1723610 1047
1723620 1047
1723630 1042
1723640 1036
1723650 1031
1723660 1031
1723670 1028
1723680 1022
1723690 1022
1723700 1016
1723710 1013
1723720 1013
1723730 1007
1723740 1002
1723750 1002
1723760 997
1723770 996
1723780 996
1723790 997
1723800 987
1723810 987
1723820 981
1723830 972
1723840 972
1723850 966
1723860 961
1723870 961
1723880 956
1723890 951
1723900 947
1723910 947
1723920 943
1723930 936
1723940 936
1723950 929
1723960 923
1723970 923
1723980 918
1723990 913
1724000 913
1724010 909
1724020 903
1724030 903
1724040 898
1724050 892
1724060 892
1724070 888
1724080 883
1724090 883
1724100 878
1724110 874
1724120 874
1724130 870
1724140 864
1724150 864
1724160 859
1724170 855
1724180 852
1724190 852
1724200 850
1724210 847
1724220 847
1724230 844
1724240 839
1724250 839
1724260 831
1724270 828
1724280 828
1724290 829
1724300 831
1724310 831
1724320 832
1724330 835
1724340 835
1724350 839
1724360 844
1724370 844
1724380 848
1724390 852
1724400 852
1724410 856
1724420 862
1724430 862
1724440 866
1724450 870
1724460 875
1724470 875
1724480 881
1724490 882
1724500 882
1724510 885
1724520 892
1724530 892
1724540 898
1724550 903
1724560 903
1724570 911
1724580 915
1724590 915
1724600 921
1724610 927
1724620 927
1724630 933
1724640 939
1724650 939
1724660 944
1724670 949
1724680 949
1724690 954
1724700 960
1724710 960
1724720 965
1724730 970
1724740 976
1724750 976
1724760 982
1724770 987
1724780 987
1724790 994
1724800 1000
1724810 1000
1724820 1004
1724830 1012
1724840 1012
1724850 1018
1724860 1024
1724870 1024
1724880 1030
1724890 1036
1724900 1036
1724910 1042
1724920 1047
1724930 1047
1724940 1052
1724950 1057
1724960 1057
1724970 1062
1724980 1068
1724990 1068
1725000 1071
1725010 1076
1725020 1080
1725030 1080
1725040 1082
1725050 1083
1725060 1083
1725070 1083
1725080 1084
1725090 1084
1725100 1085
1725110 1086
1725120 1086
1725130 1084
1725140 1084
1725150 1084
1725160 1088
1725170 1093
1725180 1093
1725190 1096
1725200 1099
1725210 1099
1725220 1104
1725230 1106
1725240 1106
1725250 1111
1725260 1117
1725270 1124
1725280 1124
1725290 1130
1725300 1137
1725310 1137
1725320 1143
1725330 1148
1725340 1148
1725350 1153
1725360 1160
1725370 1160
1725380 1168
1725390 1173
1725400 1173
1725410 1181
1725420 1188
1725430 1188
1725440 1195
1725450 1201
1725460 1201
1725470 1208
1725480 1216
1725490 1216
1725500 1224
1725510 1230
1725520 1230
1725530 1234
1725540 1237
1725550 1236
1725560 1236
1725570 1233
1725580 1229
1725590 1229
1725600 1226
1725610 1221
1725620 1221
1725630 1217
1725640 1212
1725650 1212
1725660 1208
1725670 1203
1725680 1203
1725690 1198
1725700 1193
1725710 1193
1725720 1188
1725730 1183
1725740 1183
1725750 1178
1725760 1174
1725770 1174
1725780 1170
1725790 1167
1725800 1167
1725810 1162
1725820 1158
1725830 1155
1725840 1155
1725850 1150
1725860 1149
1725870 1149
1725880 1148
1725890 1146
1725900 1146
1725910 1145
1725920 1144
1725930 1144
1725940 1144
1725950 1143
1725960 1143
1725970 1142
1725980 1141
1725990 1141
1726000 1139
1726010 1137
1726020 1137
1726030 1135
1726040 1132
1726050 1132
1726060 1128
1726070 1125
1726080 1125
1726090 1125
1726100 1121
1726110 1117
1726120 1117
1726130 1113
1726140 1108
1726150 1108
1726160 1103
1726170 1098
1726180 1098
1726190 1093
1726200 1087
1726210 1087
1726220 1082
1726230 1075
1726240 1075
1726250 1070
1726260 1064
1726270 1064
1726280 1059
1726290 1054
1726300 1054
1726310 1048
1726320 1042
1726330 1042
1726340 1036
1726350 1030
1726360 1030
1726370 1024
1726380 1018
1726390 1013
1726400 1013
1726410 1010
1726420 1006
1726430 1006
1726440 1006
1726450 1007
1726460 1007
1726470 1009
1726480 1012
1726490 1012
1726500 1016
1726510 1020
1726520 1020
1726530 1025
1726540 1029
1726550 1029
1726560 1034
1726570 1038
1726580 1038
1726590 1042
1726600 1046
1726610 1046
1726620 1049
1726630 1053
1726640 1057
1726650 1057
1726660 1061
1726670 1064
1726680 1064
1726690 1069
1726700 1071
1726710 1071
1726720 1074
1726730 1077
1726740 1077
1726750 1079
1726760 1081
1726770 1081
1726780 1086
1726790 1087
1726800 1087
1726810 1088
1726820 1088
1726830 1088
1726840 1088
1726850 1089
1726860 1089
1726870 1087
1726880 1087
1726890 1087
1726900 1084
1726910 1081
1726920 1078
1726930 1078
1726940 1075
1726950 1071
1726960 1071
1726970 1066
1726980 1060
1726990 1060
1727000 1054
1727010 1047
1727020 1047
1727030 1040
1727040 1034
1727050 1034
1727060 1028
1727070 1022
1727080 1022
1727090 1017
1727100 1012
1727110 1012
1727120 1006
1727130 1001
1727140 1001
1727150 996
1727160 991
1727170 991
1727180 987
1727190 983
1727200 979
1727210 979
1727220 975
1727230 971
1727240 971
1727250 967
1727260 962
1727270 962
1727280 958
1727290 954
1727300 954
1727310 951
1727320 947
1727330 947
1727340 943
1727350 939
1727360 939
1727370 935
1727380 931
1727390 931
1727400 927
1727410 923
1727420 923
1727430 919
1727440 914
1727450 914
1727460 910
1727470 904
1727480 899
1727490 899
1727500 893
1727510 887
1727520 887
1727530 882
1727540 876
1727550 876
1727560 872
1727570 866
1727580 866
1727590 861
1727600 856
1727610 856
1727620 851
1727630 846
1727640 846
1727650 842
1727660 837
1727670 837
1727680 832
1727690 828
1727700 828
1727710 823
1727720 818
1727730 818
1727740 813
1727750 809
1727760 805
1727770 805
1727780 801
1727790 795
1727800 795
1727810 788
1727820 784
1727830 784
1727840 783
1727850 786
1727860 786
1727870 786
1727880 787
1727890 787
1727900 788
1727910 795
1727920 795
1727930 803
1727940 809
1727950 809
1727960 814
1727970 820
1727980 820
1727990 825
1728000 830
1728010 834
1728020 834
1728030 838
1728040 842
1728050 842
1728060 845
1728070 849
1728080 849
1728090 854
1728100 855
1728110 855
1728120 861
1728130 865
1728140 865
1728150 869
1728160 873
1728170 873
1728180 877
1728190 880
1728200 880
1728210 884
1728220 887
1728230 887
1728240 890
1728250 894
1728260 894
1728270 897
1728280 901
1728290 905
1728300 905
1728310 908
1728320 912
1728330 912
1728340 917
1728350 921
1728360 921
1728370 926
1728380 930
1728390 930
1728400 934
1728410 938
1728420 938
1728430 944
1728440 949
1728450 949
1728460 954
1728470 960
1728480 960
1728490 964
1728500 971
1728510 971
1728520 974
1728530 980
1728540 980
1728550 985
1728560 991
1728570 995
1728580 995
1728590 1001
1728600 1006
1728610 1006
1728620 1011
1728630 1017
1728640 1017
1728650 1022
1728660 1027
1728670 1027
1728680 1032
1728690 1038
1728700 1038
1728710 1043
1728720 1048
1728730 1048
1728740 1053
1728750 1058
1728760 1058
1728770 1063
1728780 1068
1728790 1068
1728800 1074
1728810 1080
1728820 1080
1728830 1086
1728840 1093
1728850 1097
1728860 1097
1728870 1104
1728880 1110
1728890 1110
1728900 1116
1728910 1123
1728920 1123
1728930 1129
1728940 1135
1728950 1135
1728960 1141
1728970 1148
1728980 1148
1728990 1155
1729000 1162
1729010 1162
1729020 1169
1729030 1176
1729040 1176
1729050 1184
1729060 1190
1729070 1190
1729080 1198
1729090 1203
1729100 1203
1729110 1209
1729120 1215
1729130 1218
1729140 1218
1729150 1216
1729160 1214
1729170 1214
1729180 1213
1729190 1209
1729200 1209
1729210 1206
1729220 1202
1729230 1202
1729240 1199
1729250 1195
1729260 1195
1729270 1191
1729280 1188
1729290 1188
1729300 1185
1729310 1180
1729320 1180
1729330 1180
1729340 1176
1729350 1176
1729360 1173
1729370 1170
1729380 1169
1729390 1169
1729400 1168
1729410 1167
1729420 1167
1729430 1168
1729440 1169
1729450 1169
1729460 1171
1729470 1173
1729480 1173
1729490 1176
1729500 1179
1729510 1179
1729520 1183
1729530 1185
1729540 1185
1729550 1186
1729560 1187
1729570 1187
1729580 1189
1729590 1191
1729600 1191
1729610 1193
1729620 1193
1729630 1193
1729640 1195
1729650 1196
1729660 1198
1729670 1198
1729680 1200
1729690 1202
1729700 1202
1729710 1203
1729720 1204
1729730 1204
1729740 1205
1729750 1205
1729760 1205
1729770 1205
1729780 1205
1729790 1205
1729800 1205
1729810 1201
1729820 1201
1729830 1196
1729840 1191
1729850 1191
1729860 1186
1729870 1181
1729880 1181
1729890 1177
1729900 1174
1729910 1174
1729920 1170
1729930 1166
1729940 1162
1729950 1162
1729960 1157
1729970 1153
1729980 1153
1729990 1149
1730000 1145
1730010 1145
1730020 1141
1730030 1138
1730040 1138
1730050 1134
1730060 1131
1730070 1131
1730080 1128
1730090 1124
1730100 1124
1730110 1121
1730120 1117
1730130 1117
1730140 1114
1730150 1110
1730160 1110
1730170 1107
1730180 1103
1730190 1103
1730200 1100
1730210 1097
1730220 1093
1730230 1093
1730240 1089
1730250 1086
1730260 1086
1730270 1082
1730280 1081
1730290 1081
1730300 1077
1730310 1076
1730320 1076
1730330 1074
1730340 1071
1730350 1071
1730360 1073
1730370 1077
1730380 1077
1730390 1078
1730400 1082
1730410 1082
1730420 1085
1730430 1088
1730440 1088
1730450 1090
1730460 1093
1730470 1093
1730480 1096
1730490 1098
1730500 1101
1730510 1101
1730520 1103
1730530 1106
1730540 1106
1730550 1108
1730560 1111
1730570 1111
1730580 1114
1730590 1116
1730600 1116
1730610 1118
1730620 1120
1730630 1120
1730640 1122
1730650 1123
1730660 1123
1730670 1125
1730680 1126
1730690 1126
1730700 1125
1730710 1121
1730720 1121
1730730 1117
1730740 1114
1730750 1110
1730760 1110
1730770 1105
1730780 1101
1730790 1101
1730800 1096
1730810 1091
1730820 1091
1730830 1087
1730840 1081
1730850 1081
1730860 1077
1730870 1072
1730880 1072
1730890 1068
1730900 1064
1730910 1064
1730920 1060
1730930 1056
1730940 1056
1730950 1053
1730960 1051
1730970 1051
1730980 1053
1730990 1056
1731000 1056
1731010 1059
1731020 1063
1731030 1068
1731040 1068
1731050 1073
1731060 1078
1731070 1078
1731080 1082
1731090 1086
1731100 1090
1731110 1094
1731120 1098
1731130 1098
1731140 1102
1731150 1106
1731160 1106
1731170 1109
1731180 1112
1731190 1112
1731200 1114
1731210 1116
1731220 1116
1731230 1116
1731240 1118
1731250 1118
1731260 1119
1731270 1120
1731280 1120
1731290 1121
1731300 1121
1731310 1120
1731320 1120
1731330 1119
1731340 1118
1731350 1118
1731360 1117
1731370 1115
1731380 1115
1731390 1112
1731400 1110
1731410 1110
1731420 1107
1731430 1104
1731440 1104
1731450 1101
1731460 1098
1731470 1098
1731480 1096
1731490 1094
1731500 1094
1731510 1091
1731520 1087
1731530 1087
1731540 1086
1731550 1085
1731560 1085
1731570 1083
1731580 1081
1731590 1079
1731600 1079
1731610 1077
1731620 1073
1731630 1073
1731640 1073
1731650 1071
1731660 1071
1731670 1070
1731680 1069
1731690 1069
1731700 1067
1731710 1065
1731720 1065
1731730 1062
1731740 1060
1731750 1060
1731760 1059
1731770 1056
1731780 1056
1731790 1055
1731800 1054
1731810 1054
1731820 1053
1731830 1052
1731840 1052
1731850 1051
1731860 1051
1731870 1050
1731880 1050
1731890 1049
1731900 1048
1731910 1048
1731920 1046
1731930 1044
1731940 1044
1731950 1043
1731960 1042
1731970 1042
1731980 1040
1731990 1039
1732000 1039
1732010 1038
1732020 1037
1732030 1037
1732040 1036
1732050 1036
1732060 1036
1732070 1035
1732080 1035
1732090 1035
1732100 1034
1732110 1035
1732120 1037
1732130 1037
1732140 1039
1732150 1041
1732160 1041
1732170 1043
1732180 1046
1732190 1046
1732200 1048
1732210 1050
1732220 1050
1732230 1052
1732240 1055
1732250 1055
1732260 1057
1732270 1058
1732280 1058
1732290 1062
1732300 1064
1732310 1064
1732320 1066
1732330 1068
1732340 1068
1732350 1069
1732360 1070
1732370 1070
1732380 1070
1732390 1069
1732400 1071
1732410 1071
1732420 1074
1732430 1074
1732440 1074
1732450 1075
1732460 1075
1732470 1075
1732480 1074
1732490 1074
1732500 1074
1732510 1073
1732520 1071
1732530 1071
1732540 1068
1732550 1066
1732560 1066
1732570 1063
1732580 1059
1732590 1059
1732600 1054
1732610 1049
1732620 1049
1732630 1043
1732640 1038
1732650 1038
1732660 1033
1732670 1029
1732680 1024
1732690 1024
1732700 1019
1732710 1015
1732720 1015
1732730 1011
1732740 1007
1732750 1007
1732760 1003
1732770 1001
1732780 1001
1732790 999
1732800 998
1732810 998
1732820 996
1732830 995
1732840 995
1732850 993
1732860 991
1732870 991
1732880 990
1732890 987
1732900 987
1732910 985
1732920 982
1732930 982
1732940 980
1732950 979
1732960 977
1732970 977
1732980 975
1732990 973
1733000 973
1733010 971
1733020 968
1733030 968
1733040 964
1733050 961
1733060 961
1733070 958
1733080 955
1733090 955
1733100 952
1733110 950
1733120 950
1733130 948
1733140 946
1733150 946
1733160 943
1733170 941
1733180 941
1733190 941
1733200 936
1733210 936
1733220 934
1733230 932
1733240 929
1733250 929
1733260 927
1733270 922
1733280 922
1733290 920
1733300 918
1733310 918
1733320 916
1733330 913
1733340 913
1733350 910
1733360 907
1733370 907
1733380 905
1733390 899
1733400 899
1733410 895
1733420 891
1733430 891
1733440 885
1733450 880
1733460 880
1733470 875
1733480 869
1733490 864
1733500 864
1733510 858
1733520 853
1733530 853
1733540 848
1733550 844
1733560 844
1733570 840
1733580 837
1733590 837
1733600 831
1733610 827
1733620 827
1733630 824
1733640 821
1733650 821
1733660 820
1733670 818
1733680 818
1733690 814
1733700 810
1733710 810
1733720 804
1733730 793
1733740 793
1733750 793
1733760 794
1733770 795
1733780 795
1733790 798
1733800 803
1733810 803
1733820 808
1733830 814
1733840 814
1733850 819
1733860 822
1733870 822
1733880 825
1733890 828
1733900 828
1733910 830
1733920 832
1733930 832
1733940 834
1733950 835
1733960 835
1733970 836
1733980 837
1733990 837
1734000 838
1734010 839
1734020 839
1734030 841
1734040 843
1734050 845
1734060 845
1734070 847
1734080 851
1734090 851
1734100 856
1734110 860
1734120 860
1734130 863
1734140 865
1734150 865
1734160 869
1734170 872
1734180 872
1734190 872
1734200 871
1734210 871
1734220 873
1734230 875
1734240 875
1734250 877
1734260 880
1734270 880
1734280 882
1734290 885
1734300 885
1734310 887
1734320 890
1734330 893
1734340 893
1734350 896
1734360 899
1734370 899
1734380 902
1734390 905
1734400 905
1734410 907
1734420 911
1734430 911
1734440 914
1734450 916
1734460 916
1734470 917
1734480 918
1734490 918
1734500 918
1734510 917
1734520 917
1734530 917
1734540 918
1734550 918
1734560 920
1734570 921
1734580 922
1734590 922
1734600 924
1734610 925
1734620 925
1734630 927
1734640 930
1734650 930
1734660 934
1734670 937
1734680 937
1734690 940
1734700 942
1734710 942
1734720 945
1734730 946
1734740 946
1734750 948
1734760 951
1734770 951
1734780 955
1734790 958
1734800 958
1734810 961
1734820 966
1734830 966
1734840 968
1734850 971
1734860 976
1734870 976
1734880 980
1734890 984
1734900 984
1734910 987
1734920 991
1734930 991
1734940 994
1734950 997
1734960 997
1734970 1000
1734980 1004
1734990 1004
1735000 1007
1735010 1011
1735020 1011
1735030 1015
1735040 1018
1735050 1018
1735060 1022
1735070 1025
1735080 1025
1735090 1029
1735100 1032
1735110 1032
1735120 1036
1735130 1040
1735140 1043
1735150 1043
1735160 1048
1735170 1051
1735180 1051
1735190 1054
1735200 1057
1735210 1057
1735220 1061
1735230 1063
1735240 1063
1735250 1065
1735260 1066
1735270 1066
1735280 1067
1735290 1069
1735300 1069
1735310 1072
1735320 1074
1735330 1074
1735340 1077
1735350 1080
1735360 1080
1735370 1085
1735380 1088
1735390 1088
1735400 1091
1735410 1094
1735420 1098
1735430 1098
1735440 1100
1735450 1102
1735460 1102
1735470 1104
1735480 1106
1735490 1106
1735500 1109
1735510 1112
1735520 1112
1735530 1114
1735540 1116
1735550 1116
1735560 1119
1735570 1122
1735580 1122
1735590 1126
1735600 1129
1735610 1129
1735620 1133
1735630 1137
1735640 1137
1735650 1140
1735660 1144
1735670 1144
1735680 1148
1735690 1152
1735700 1154
1735710 1154
1735720 1156
1735730 1159
1735740 1159
1735750 1162
1735760 1165
1735770 1165
1735780 1168
1735790 1170
1735800 1170
1735810 1173
1735820 1177
1735830 1177
1735840 1180
1735850 1182
1735860 1182
1735870 1184
1735880 1186
1735890 1186
1735900 1189
1735910 1191
1735920 1191
1735930 1194
1735940 1196
1735950 1198
1735960 1198
1735970 1201
1735980 1203
1735990 1203
1736000 1205
1736010 1208
1736020 1208
1736030 1209
1736040 1211
1736050 1211
1736060 1212
1736070 1212
1736080 1212
1736090 1212
1736100 1212
1736110 1212
1736120 1210
1736130 1209
1736140 1209
1736150 1207
1736160 1205
1736170 1205
1736180 1202
1736190 1198
1736200 1198
1736210 1196
1736220 1193
1736230 1189
1736240 1189
1736250 1185
1736260 1178
1736270 1178
1736280 1172
1736290 1166
1736300 1166
1736310 1160
1736320 1154
1736330 1154
1736340 1147
1736350 1140
1736360 1140
1736370 1135
1736380 1128
1736390 1128
1736400 1123
1736410 1119
1736420 1119
1736430 1113
1736440 1108
1736450 1108
1736460 1102
1736470 1097
1736480 1097
1736490 1091
1736500 1085
1736510 1079
1736520 1079
1736530 1074
1736540 1069
1736550 1069
1736560 1064
1736570 1059
1736580 1059
1736590 1054
1736600 1050
1736610 1050
1736620 1045
1736630 1041
1736640 1041
1736650 1037
1736660 1033
1736670 1033
1736680 1028
1736690 1025
1736700 1025
1736710 1023
1736720 1021
1736730 1021
1736740 1021
1736750 1024
1736760 1024
1736770 1026
1736780 1028
1736790 1029
1736800 1029
1736810 1031
1736820 1033
1736830 1033
1736840 1031
1736850 1031
1736860 1031
1736870 1030
1736880 1030
1736890 1030
1736900 1031
1736910 1033
1736920 1033
1736930 1034
1736940 1034
1736950 1034
1736960 1035
1736970 1034
1736980 1034
1736990 1034
1737000 1033
1737010 1033
1737020 1033
1737030 1032
1737040 1032
1737050 1032
1737060 1027
1737070 1028
1737080 1028
1737090 1027
1737100 1027
1737110 1027
1737120 1028
1737130 1028
1737140 1028
1737150 1029
1737160 1030
1737170 1030
1737180 1030
1737190 1031
1737200 1031
1737210 1032
1737220 1033
1737230 1033
1737240 1032
1737250 1031
1737260 1031
1737270 1030
1737280 1032
1737290 1032
1737300 1032
1737310 1032
1737320 1032
1737330 1032
1737340 1032
1737350 1032
1737360 1032
1737370 1031
1737380 1031
1737390 1031
1737400 1031
1737410 1031
1737420 1031
1737430 1032
1737440 1033
1737450 1033
1737460 1034
1737470 1034
1737480 1034
1737490 1034
1737500 1034
1737510 1034
1737520 1034
1737530 1034
1737540 1034
1737550 1034
1737560 1033
1737570 1033
1737580 1033
1737590 1034
1737600 1034
1737610 1034
1737620 1034
1737630 1034
1737640 1034
1737650 1035
1737660 1035
1737670 1035
1737680 1035
1737690 1034
1737700 1034
1737710 1034
1737720 1034
1737730 1034
1737740 1034
1737750 1034
1737760 1034
1737770 1035
1737780 1036
1737790 1036
1737800 1037
1737810 1038
1737820 1038
1737830 1039
1737840 1041
1737850 1041
1737860 1042
1737870 1045
1737880 1047
1737890 1047
1737900 1050
1737910 1052
1737920 1052
1737930 1055
1737940 1057
1737950 1057
1737960 1060
1737970 1062
1737980 1062
1737990 1065
1738000 1066
1738010 1066
1738020 1068
1738030 1070
1738040 1070
1738050 1071
1738060 1071
1738070 1071
1738080 1071
1738090 1070
1738100 1070
1738110 1070
1738120 1069
1738130 1069
1738140 1069
1738150 1068
1738160 1067
1738170 1067
1738180 1065
1738190 1064
1738200 1064
1738210 1062
1738220 1061
1738230 1061
1738240 1059
1738250 1057
1738260 1057
1738270 1055
1738280 1052
1738290 1052
1738300 1050
1738310 1047
1738320 1047
1738330 1045
1738340 1043
1738350 1043
1738360 1041
1738370 1040
1738380 1040
1738390 1038
1738400 1037
1738410 1037
1738420 1036
1738430 1036
1738440 1036
1738450 1036
1738460 1036
1738470 1036
1738480 1036
1738490 1036
1738500 1036
1738510 1036
1738520 1036
1738530 1037
1738540 1037
1738550 1036
1738560 1036
1738570 1036
1738580 1036
1738590 1035
1738600 1035
1738610 1034
1738620 1033
1738630 1033
1738640 1031
1738650 1028
1738660 1028
1738670 1024
1738680 1019
1738690 1016
1738700 1016
1738710 1012
1738720 1008
1738730 1008
1738740 1003
1738750 997
1738760 997
1738770 991
1738780 985
1738790 985
1738800 973
1738810 965
1738820 965
1738830 957
1738840 948
1738850 948
1738860 943
1738870 935
1738880 935
1738890 927
1738900 920
1738910 920
1738920 913
1738930 907
1738940 907
1738950 901
1738960 895
1738970 889
1738980 889
1738990 883
1739000 878
1739010 878
1739020 872
1739030 867
1739040 867
1739050 863
1739060 858
1739070 858
1739080 853
1739090 849
1739100 849
1739110 844
1739120 839
1739130 839
1739140 834
1739150 831
1739160 831
1739170 826
1739180 822
1739190 822
1739200 817
1739210 813
1739220 813
1739230 814
1739240 817
1739250 821
1739260 821
1739270 824
1739280 827
1739290 827
1739300 831
1739310 834
1739320 834
1739330 836
1739340 839
1739350 839
1739360 843
1739370 847
1739380 847
1739390 851
1739400 855
1739410 855
1739420 860
1739430 864
1739440 864
1739450 867
1739460 871
1739470 871
1739480 876
1739490 879
1739500 879
1739510 883
1739520 886
1739530 890
1739540 890
1739550 895
1739560 899
1739570 899
1739580 903
1739590 907
1739600 907
1739610 911
1739620 914
1739630 914
1739640 916
1739650 919
1739660 919
1739670 921
1739680 925
1739690 925
1739700 925
1739710 924
1739720 924
1739730 923
1739740 923
1739750 923
1739760 922
1739770 920
1739780 920
1739790 918
1739800 915
1739810 912
1739820 912
1739830 909
1739840 906
1739850 906
1739860 902
1739870 902
1739880 902
1739890 900
1739900 897
1739910 897
1739920 893
1739930 888
1739940 888
1739950 884
1739960 880
1739970 880
1739980 877
1739990 873
