1720000 1211
1720010 1211
1720020 1211
1720030 1211
1720040 1211
1720050 1212
1720060 1212
1720070 1212
1720080 1212
1720090 1212
1720100 1212
1720110 1211
1720120 1211
1720130 1211
1720140 1211
1720150 1212
1720160 1213
1720170 1213
1720180 1215
1720190 1216
1720200 1216
1720210 1216
1720220 1216
1720230 1216
1720240 1215
1720250 1214
1720260 1214
1720270 1212
1720280 1210
1720290 1210
1720300 1208
1720310 1206
1720320 1206
1720330 1204
1720340 1202
1720350 1202
1720360 1200
1720370 1197
1720380 1197
1720390 1195
1720400 1193
1720410 1191
1720420 1191
1720430 1189
1720440 1188
1720450 1188
1720460 1186
1720470 1185
1720480 1185
1720490 1182
1720500 1180
1720510 1180
1720520 1178
1720530 1176
1720540 1176
1720550 1173
1720560 1170
1720570 1170
1720580 1168
1720590 1165
1720600 1165
1720610 1163
1720620 1160
1720630 1160
1720640 1157
1720650 1154
1720660 1151
1720670 1151
1720680 1148
1720690 1146
1720700 1146
1720710 1144
1720720 1141
1720730 1141
1720740 1140
1720750 1137
1720760 1137
1720770 1135
1720780 1137
1720790 1137
1720800 1140
1720810 1141
1720820 1141
1720830 1143
1720840 1145
1720850 1145
1720860 1147
1720870 1151
1720880 1151
1720890 1154
1720900 1157
1720910 1157
1720920 1159
1720930 1162
1720940 1164
1720950 1164
1720960 1165
1720970 1167
1720980 1167
1720990 1168
1721000 1169
1721010 1169
1721020 1170
1721030 1171
1721040 1171
1721050 1171
1721060 1171
1721070 1171
1721080 1173
1721090 1175
1721100 1175
1721110 1176
1721120 1175
1721130 1175
1721140 1174
1721150 1171
1721160 1171
1721170 1167
1721180 1160
1721190 1160
1721200 1153
1721210 1145
1721220 1138
1721230 1138
1721240 1130
1721250 1123
1721260 1123
1721270 1117
1721280 1111
1721290 1111
1721300 1106
1721310 1101
1721320 1101
1721330 1097
1721340 1092
1721350 1092
1721360 1088
1721370 1083
1721380 1083
1721390 1079
1721400 1075
1721410 1075
1721420 1071
1721430 1067
1721440 1067
1721450 1063
1721460 1059
1721470 1059
1721480 1055
1721490 1051
1721500 1047
1721510 1047
1721520 1043
1721530 1039
1721540 1039
1721550 1036
1721560 1032
1721570 1032
1721580 1028
1721590 1024
1721600 1024
1721610 1020
1721620 1015
1721630 1015
1721640 1010
1721650 1006
1721660 1006
1721670 1000
1721680 996
1721690 996
1721700 991
1721710 986
1721720 986
1721730 981
1721740 977
1721750 977
1721760 972
1721770 967
1721780 963
1721790 963
1721800 957
1721810 952
1721820 952
1721830 947
1721840 943
1721850 943
1721860 939
1721870 934
1721880 934
1721890 930
1721900 926
1721910 926
1721920 921
1721930 915
1721940 915
1721950 909
1721960 903
1721970 903
1721980 905
1721990 903
1722000 903
1722010 909
1722020 910
1722030 914
1722040 914
1722050 920
1722060 924
1722070 924
1722080 930
1722090 936
1722100 936
1722110 944
1722120 948
1722130 948
1722140 952
1722150 959
1722160 959
1722170 960
1722180 961
1722190 961
1722200 968
1722210 973
1722220 973
1722230 977
1722240 981
1722250 981
1722260 986
1722270 990
1722280 990
1722290 994
1722300 997
1722310 997
1722320 997
1722330 998
1722340 998
1722350 998
1722360 997
1722370 996
1722380 996
1722390 995
1722400 995
1722410 995
1722420 995
1722430 995
1722440 995
1722450 995
1722460 995
1722470 995
1722480 995
1722490 995
1722500 995
1722510 995
1722520 995
1722530 995
1722540 995
1722550 996
1722560 996
1722570 997
1722580 997
1722590 1001
1722600 1001
1722610 1005
1722620 1010
1722630 1010
1722640 1015
1722650 1019
1722660 1019
1722670 1023
1722680 1027
1722690 1027
1722700 1033
1722710 1039
1722720 1039
1722730 1044
1722740 1050
1722750 1050
1722760 1054
1722770 1061
1722780 1061
1722790 1066
1722800 1072
1722810 1072
1722820 1078
1722830 1083
1722840 1083
1722850 1089
1722860 1094
1722870 1099
1722880 1099
1722890 1105
1722900 1110
1722910 1110
1722920 1115
1722930 1120
1722940 1120
1722950 1125
1722960 1131
1722970 1131
1722980 1134
1722990 1138
1723000 1138
1723010 1142
1723020 1146
1723030 1146
1723040 1150
1723050 1154
1723060 1154
1723070 1155
1723080 1161
1723090 1161
1723100 1163
1723110 1166
1723120 1166
1723130 1170
1723140 1172
1723150 1175
1723160 1175
1723170 1177
1723180 1179
1723190 1179
1723200 1181
1723210 1181
1723220 1181
1723230 1177
1723240 1172
1723250 1172
1723260 1166
1723270 1160
1723280 1160
1723290 1154
1723300 1148
1723310 1148
1723320 1143
1723330 1137
1723340 1137
1723350 1131
1723360 1125
1723370 1125
1723380 1118
1723390 1112
1723400 1105
1723410 1105
1723420 1098
1723430 1093
1723440 1093
1723450 1088
1723460 1083
1723470 1083
1723480 1078
1723490 1074
1723500 1074
1723510 1069
1723520 1064
1723530 1064
1723540 1059
1723550 1055
1723560 1055
1723570 1052
1723580 1048
1723590 1048
1723600 1044
1723610 1040
1723620 1040
1723630 1036
1723640 1033
1723650 1033
1723660 1029
1723670 1020
1723680 1013
1723690 1013
1723700 1007
1723710 1001
1723720 1001
1723730 997
1723740 994
1723750 994
1723760 992
1723770 990
1723780 990
1723790 987
1723800 985
1723810 985
1723820 983
1723830 980
1723840 980
1723850 977
1723860 972
1723870 972
1723880 968
1723890 963
1723900 963
1723910 959
1723920 955
1723930 955
1723940 951
1723950 946
1723960 941
1723970 941
1723980 936
1723990 931
1724000 931
1724010 927
1724020 922
1724030 922
1724040 916
1724050 911
1724060 911
1724070 906
1724080 900
1724090 900
1724100 895
1724110 890
1724120 890
1724130 885
1724140 880
1724150 880
1724160 875
1724170 867
1724180 867
1724190 862
1724200 858
1724210 858
1724220 853
1724230 846
1724240 838
1724250 838
1724260 834
1724270 834
1724280 834
1724290 841
1724300 846
1724310 846
1724320 851
1724330 855
1724340 855
1724350 856
1724360 854
1724370 854
1724380 851
1724390 847
1724400 847
1724410 841
1724420 839
1724430 839
1724440 842
1724450 843
1724460 843
1724470 847
1724480 853
1724490 853
1724500 858
1724510 864
1724520 869
1724530 869
1724540 873
1724550 878
1724560 878
1724570 882
1724580 886
1724590 886
1724600 893
1724610 898
1724620 898
1724630 904
1724640 911
1724650 911
1724660 916
1724670 919
1724680 919
1724690 926
1724700 931
1724710 931
1724720 937
1724730 942
1724740 942
1724750 947
1724760 953
1724770 959
1724780 959
1724790 964
1724800 970
1724810 970
1724820 975
1724830 981
1724840 981
1724850 986
1724860 991
1724870 991
1724880 996
1724890 1002
1724900 1002
1724910 1005
1724920 1010
1724930 1010
1724940 1014
1724950 1017
1724960 1012
1724970 1014
1724980 1016
1724990 1016
1725000 1017
1725010 1015
1725020 1015
1725030 1010
1725040 1010
1725050 1015
1725060 1015
1725070 1015
1725080 1025
1725090 1025
1725100 1034
1725110 1041
1725120 1041
1725130 1048
1725140 1056
1725150 1056
1725160 1063
1725170 1069
1725180 1069
1725190 1077
1725200 1084
1725210 1084
1725220 1090
1725230 1097
1725240 1097
1725250 1105
1725260 1110
1725270 1110
1725280 1117
1725290 1124
1725300 1124
1725310 1130
1725320 1136
1725330 1142
1725340 1142
1725350 1149
1725360 1155
1725370 1155
1725380 1161
1725390 1168
1725400 1168
1725410 1174
1725420 1181
1725430 1181
1725440 1187
1725450 1194
1725460 1194
1725470 1200
1725480 1207
1725490 1207
1725500 1213
1725510 1219
1725520 1219
1725530 1225
1725540 1231
1725550 1231
1725560 1236
1725570 1241
1725580 1241
1725590 1243
1725600 1242
1725610 1241
1725620 1241
1725630 1238
1725640 1236
1725650 1236
1725660 1233
1725670 1228
1725680 1228
1725690 1227
1725700 1223
1725710 1223
1725720 1220
1725730 1216
1725740 1216
1725750 1213
1725760 1210
1725770 1210
1725780 1207
1725790 1205
1725800 1205
1725810 1202
1725820 1199
1725830 1199
1725840 1197
1725850 1195
1725860 1195
1725870 1193
1725880 1191
1725890 1190
1725900 1190
1725910 1188
1725920 1187
1725930 1187
1725940 1185
1725950 1184
1725960 1184
1725970 1182
1725980 1180
1725990 1180
1726000 1177
1726010 1173
1726020 1173
1726030 1169
1726040 1164
1726050 1164
1726060 1159
1726070 1154
1726080 1154
1726090 1149
1726100 1144
1726110 1144
1726120 1138
1726130 1133
1726140 1127
1726150 1127
1726160 1122
1726170 1116
1726180 1116
1726190 1111
1726200 1105
1726210 1105
1726220 1099
1726230 1094
1726240 1094
1726250 1088
1726260 1083
1726270 1083
1726280 1076
1726290 1070
1726300 1070
1726310 1063
1726320 1058
1726330 1058
1726340 1052
1726350 1047
1726360 1047
1726370 1041
1726380 1036
1726390 1036
1726400 1035
1726410 1039
1726420 1040
1726430 1040
1726440 1043
1726450 1046
1726460 1046
1726470 1050
1726480 1052
1726490 1052
1726500 1055
1726510 1058
1726520 1058
1726530 1062
1726540 1067
1726550 1067
1726560 1071
1726570 1074
1726580 1074
1726590 1078
1726600 1081
1726610 1081
1726620 1084
1726630 1086
1726640 1086
1726650 1090
1726660 1093
1726670 1093
1726680 1097
1726690 1101
1726700 1104
1726710 1104
1726720 1107
1726730 1110
1726740 1110
1726750 1112
1726760 1114
1726770 1114
1726780 1116
1726790 1116
1726800 1116
1726810 1117
1726820 1117
1726830 1117
1726840 1117
1726850 1117
1726860 1117
1726870 1116
1726880 1115
1726890 1115
1726900 1113
1726910 1111
1726920 1111
1726930 1106
1726940 1102
1726950 1102
1726960 1098
1726970 1092
1726980 1085
1726990 1085
1727000 1079
1727010 1074
1727020 1074
1727030 1068
1727040 1063
1727050 1063
1727060 1058
1727070 1053
1727080 1053
1727090 1049
1727100 1044
1727110 1044
1727120 1039
1727130 1035
1727140 1035
1727150 1030
1727160 1025
1727170 1025
1727180 1021
1727190 1016
1727200 1016
1727210 1011
1727220 1006
1727230 1009
1727240 1004
1727250 999
1727260 993
1727270 993
1727280 988
1727290 982
1727300 982
1727310 976
1727320 970
1727330 970
1727340 965
1727350 960
1727360 960
1727370 953
1727380 947
1727390 947
1727400 942
1727410 936
1727420 936
1727430 930
1727440 924
1727450 924
1727460 918
1727470 912
1727480 912
1727490 906
1727500 900
1727510 895
1727520 895
1727530 889
1727540 884
1727550 884
1727560 878
1727570 875
1727580 875
1727590 869
1727600 865
1727610 865
1727620 860
1727630 856
1727640 856
1727650 852
1727660 847
1727670 847
1727680 842
1727690 838
1727700 838
1727710 835
1727720 831
1727730 831
1727740 827
1727750 823
1727760 823
1727770 819
1727780 812
1727790 811
1727800 811
1727810 810
1727820 804
1727830 804
1727840 800
1727850 794
1727860 794
1727870 789
1727880 788
1727890 788
1727900 789
1727910 791
1727920 791
1727930 797
1727940 807
1727950 807
1727960 814
1727970 822
1727980 822
1727990 827
1728000 833
1728010 833
1728020 840
1728030 846
1728040 846
1728050 851
1728060 856
1728070 862
1728080 862
1728090 867
1728100 872
1728110 872
1728120 877
1728130 879
1728140 879
1728150 884
1728160 889
1728170 889
1728180 893
1728190 898
1728200 898
1728210 901
1728220 905
1728230 905
1728240 908
1728250 913
1728260 913
1728270 917
1728280 921
1728290 921
1728300 925
1728310 930
1728320 930
1728330 936
1728340 942
1728350 945
1728360 945
1728370 948
1728380 951
1728390 951
1728400 955
1728410 958
1728420 958
1728430 961
1728440 964
1728450 964
1728460 968
1728470 973
1728480 973
1728490 977
1728500 981
1728510 981
1728520 986
1728530 990
1728540 990
1728550 995
1728560 999
1728570 999
1728580 1003
1728590 1008
1728600 1008
1728610 1013
1728620 1017
1728630 1022
1728640 1022
1728650 1028
1728660 1034
1728670 1034
1728680 1039
1728690 1044
1728700 1044
1728710 1050
1728720 1055
1728730 1055
1728740 1061
1728750 1066
1728760 1066
1728770 1071
1728780 1075
1728790 1075
1728800 1080
1728810 1084
1728820 1084
1728830 1089
1728840 1095
1728850 1095
1728860 1102
1728870 1105
1728880 1112
1728890 1112
1728900 1118
1728910 1125
1728920 1125
1728930 1129
1728940 1137
1728950 1137
1728960 1144
1728970 1151
1728980 1151
1728990 1158
1729000 1164
1729010 1164
1729020 1171
1729030 1179
1729040 1179
1729050 1186
1729060 1191
1729070 1191
1729080 1198
1729090 1203
1729100 1203
1729110 1206
1729120 1206
1729130 1206
1729140 1203
1729150 1201
1729160 1196
1729170 1196
1729180 1193
1729190 1187
1729200 1187
1729210 1182
1729220 1175
1729230 1175
1729240 1170
1729250 1162
1729260 1162
1729270 1157
1729280 1151
1729290 1151
1729300 1146
1729310 1139
1729320 1139
1729330 1132
1729340 1127
1729350 1127
1729360 1123
1729370 1118
1729380 1118
1729390 1115
1729400 1111
1729410 1105
1729420 1100
1729430 1105
1729440 1107
1729450 1107
1729460 1110
1729470 1111
1729480 1111
1729490 1114
1729500 1117
1729510 1117
1729520 1119
1729530 1124
1729540 1124
1729550 1127
1729560 1130
1729570 1130
1729580 1132
1729590 1136
1729600 1136
1729610 1140
1729620 1145
1729630 1145
1729640 1150
1729650 1156
1729660 1156
1729670 1160
1729680 1166
1729690 1166
1729700 1171
1729710 1177
1729720 1180
1729730 1180
1729740 1185
1729750 1189
1729760 1189
1729770 1193
1729780 1197
1729790 1197
1729800 1199
1729810 1202
1729820 1202
1729830 1204
1729840 1207
1729850 1207
1729860 1205
1729870 1200
1729880 1200
1729890 1197
1729900 1193
1729910 1193
1729920 1190
1729930 1187
1729940 1187
1729950 1185
1729960 1182
1729970 1182
1729980 1180
1729990 1177
1730000 1175
1730010 1175
1730020 1172
1730030 1170
1730040 1170
1730050 1167
1730060 1164
1730070 1164
1730080 1161
1730090 1159
1730100 1159
1730110 1157
1730120 1154
1730130 1154
1730140 1152
1730150 1150
1730160 1150
1730170 1149
1730180 1147
1730190 1147
1730200 1145
1730210 1143
1730220 1143
1730230 1141
1730240 1139
1730250 1137
1730260 1137
1730270 1134
1730280 1132
1730290 1132
1730300 1130
1730310 1127
1730320 1127
1730330 1126
1730340 1126
1730350 1126
1730360 1127
1730370 1128
1730380 1128
1730390 1130
1730400 1132
1730410 1132
1730420 1135
1730430 1137
1730440 1137
1730450 1139
1730460 1141
1730470 1141
1730480 1144
1730490 1146
1730500 1146
1730510 1149
1730520 1151
1730530 1153
1730540 1153
1730550 1156
1730560 1157
1730570 1157
1730580 1160
1730590 1161
1730600 1161
1730610 1160
1730620 1160
1730630 1160
1730640 1160
1730650 1159
1730660 1159
1730670 1158
1730680 1157
1730690 1157
1730700 1154
1730710 1150
1730720 1150
1730730 1147
1730740 1143
1730750 1143
1730760 1138
1730770 1133
1730780 1133
1730790 1129
1730800 1124
1730810 1120
1730820 1120
1730830 1115
1730840 1111
1730850 1111
1730860 1106
1730870 1103
1730880 1103
1730890 1099
1730900 1096
1730910 1096
1730920 1096
1730930 1095
1730940 1095
1730950 1094
1730960 1093
1730970 1093
1730980 1092
1730990 1092
1731000 1092
1731010 1093
1731020 1092
1731030 1092
1731040 1092
1731050 1093
1731060 1093
1731070 1097
1731080 1102
1731090 1107
1731100 1107
1731110 1111
1731120 1116
1731130 1116
1731140 1120
1731150 1124
1731160 1124
1731170 1127
1731180 1130
1731190 1130
1731200 1132
1731210 1133
1731220 1133
1731230 1135
1731240 1137
1731250 1137
1731260 1140
1731270 1142
1731280 1142
1731290 1144
1731300 1147
1731310 1147
1731320 1147
1731330 1146
1731340 1146
1731350 1146
1731360 1145
1731370 1144
1731380 1144
1731390 1142
1731400 1139
1731410 1139
1731420 1135
1731430 1131
1731440 1131
1731450 1128
1731460 1125
1731470 1125
1731480 1122
1731490 1119
1731500 1119
1731510 1116
1731520 1119
1731530 1119
1731540 1116
1731550 1114
1731560 1114
1731570 1113
1731580 1111
1731590 1111
1731600 1110
1731610 1108
1731620 1107
1731630 1107
1731640 1107
1731650 1105
1731660 1105
1731670 1104
1731680 1104
1731690 1104
1731700 1104
1731710 1103
1731720 1103
1731730 1104
1731740 1105
1731750 1105
1731760 1105
1731770 1104
1731780 1104
1731790 1101
1731800 1102
1731810 1102
1731820 1100
1731830 1098
1731840 1098
1731850 1096
1731860 1094
1731870 1094
1731880 1092
1731890 1091
1731900 1090
1731910 1090
1731920 1089
1731930 1088
1731940 1088
1731950 1087
1731960 1086
1731970 1086
1731980 1085
1731990 1085
1732000 1085
1732010 1083
1732020 1081
1732030 1081
1732040 1080
1732050 1079
1732060 1079
1732070 1078
1732080 1079
1732090 1079
1732100 1079
1732110 1080
1732120 1080
1732130 1082
1732140 1083
1732150 1083
1732160 1085
1732170 1087
1732180 1089
1732190 1089
1732200 1092
1732210 1093
1732220 1093
1732230 1096
1732240 1098
1732250 1098
1732260 1100
1732270 1102
1732280 1102
1732290 1105
1732300 1106
1732310 1106
1732320 1108
1732330 1108
1732340 1108
1732350 1109
1732360 1109
1732370 1109
1732380 1107
1732390 1106
1732400 1106
1732410 1105
1732420 1104
1732430 1104
1732440 1103
1732450 1100
1732460 1098
1732470 1098
1732480 1096
1732490 1092
1732500 1092
1732510 1090
1732520 1086
1732530 1086
1732540 1085
1732550 1083
1732560 1083
1732570 1080
1732580 1078
1732590 1078
1732600 1074
1732610 1069
1732620 1069
1732630 1064
1732640 1059
1732650 1059
1732660 1055
1732670 1050
1732680 1050
1732690 1045
1732700 1041
1732710 1041
1732720 1038
1732730 1033
1732740 1026
1732750 1026
1732760 1017
1732770 1012
1732780 1012
1732790 1008
1732800 1005
1732810 1005
1732820 1002
1732830 1000
1732840 1000
1732850 998
1732860 996
1732870 996
1732880 995
1732890 994
1732900 994
1732910 993
1732920 991
1732930 991
1732940 989
1732950 986
1732960 986
1732970 984
1732980 981
1732990 979
1733000 979
1733010 976
1733020 972
1733030 972
1733040 969
1733050 965
1733060 965
1733070 960
1733080 955
1733090 955
1733100 950
1733110 946
1733120 946
1733130 942
1733140 940
1733150 940
1733160 939
1733170 936
1733180 936
1733190 933
1733200 931
1733210 931
1733220 929
1733230 925
1733240 925
1733250 920
1733260 913
1733270 909
1733280 909
1733290 902
1733300 896
1733310 896
1733320 891
1733330 885
1733340 885
1733350 884
1733360 878
1733370 878
1733380 874
1733390 871
1733400 871
1733410 870
1733420 867
1733430 867
1733440 862
1733450 857
1733460 857
1733470 852
1733480 847
1733490 847
1733500 843
1733510 839
1733520 839
1733530 834
1733540 829
1733550 825
1733560 823
1733570 818
1733580 816
1733590 816
1733600 818
1733610 819
1733620 819
1733630 821
1733640 821
1733650 821
1733660 821
1733670 821
1733680 821
1733690 823
1733700 825
1733710 825
1733720 826
1733730 821
1733740 821
1733750 818
1733760 812
1733770 812
1733780 804
1733790 798
1733800 798
1733810 800
1733820 801
1733830 802
1733840 802
1733850 804
1733860 805
1733870 805
1733880 807
1733890 809
1733900 809
1733910 814
1733920 822
1733930 822
1733940 834
1733950 841
1733960 841
1733970 838
1733980 837
1733990 837
1734000 835
1734010 835
1734020 835
1734030 835
1734040 834
1734050 834
1734060 837
1734070 841
1734080 841
1734090 845
1734100 848
1734110 851
1734120 851
1734130 855
1734140 858
1734150 858
1734160 855
1734170 854
1734180 854
1734190 855
1734200 856
1734210 856
1734220 857
1734230 857
1734240 857
1734250 855
1734260 859
1734270 859
1734280 861
1734290 866
1734300 866
1734310 871
1734320 874
1734330 874
1734340 875
1734350 876
1734360 877
1734370 877
1734380 876
1734390 879
1734400 879
1734410 881
1734420 882
1734430 882
1734440 883
1734450 885
1734460 885
1734470 888
1734480 890
1734490 890
1734500 892
1734510 893
1734520 893
1734530 893
1734540 896
1734550 896
1734560 898
1734570 900
1734580 900
1734590 902
1734600 904
1734610 904
1734620 906
1734630 909
1734640 909
1734650 909
1734660 913
1734670 915
1734680 915
1734690 920
1734700 924
1734710 924
1734720 930
1734730 934
1734740 934
1734750 941
1734760 943
1734770 943
1734780 946
1734790 951
1734800 951
1734810 956
1734820 960
1734830 960
1734840 964
1734850 969
1734860 969
1734870 972
1734880 976
1734890 976
1734900 982
1734910 985
1734920 990
1734930 990
1734940 994
1734950 999
1734960 999
1734970 1003
1734980 1007
1734990 1007
1735000 1012
1735010 1016
1735020 1016
1735030 1020
1735040 1023
1735050 1023
1735060 1026
1735070 1029
1735080 1029
1735090 1031
1735100 1034
1735110 1034
1735120 1037
1735130 1040
1735140 1040
1735150 1044
1735160 1047
1735170 1047
1735180 1050
1735190 1053
1735200 1055
1735210 1055
1735220 1057
1735230 1059
1735240 1059
1735250 1061
1735260 1063
1735270 1063
1735280 1065
1735290 1068
1735300 1068
1735310 1071
1735320 1073
1735330 1073
1735340 1075
1735350 1078
1735360 1078
1735370 1080
1735380 1084
1735390 1084
1735400 1087
1735410 1090
1735420 1090
1735430 1093
1735440 1096
1735450 1096
1735460 1098
1735470 1100
1735480 1102
1735490 1102
1735500 1106
1735510 1109
1735520 1109
1735530 1111
1735540 1112
1735550 1112
1735560 1114
1735570 1117
1735580 1117
1735590 1120
1735600 1123
1735610 1123
1735620 1126
1735630 1130
1735640 1130
1735650 1133
1735660 1137
1735670 1137
1735680 1140
1735690 1144
1735700 1144
1735710 1148
1735720 1151
1735730 1154
1735740 1154
1735750 1158
1735760 1161
1735770 1161
1735780 1163
1735790 1165
1735800 1165
1735810 1167
1735820 1169
1735830 1169
1735840 1172
1735850 1175
1735860 1175
1735870 1178
1735880 1180
1735890 1180
1735900 1182
1735910 1185
1735920 1185
1735930 1186
1735940 1188
1735950 1188
1735960 1192
1735970 1195
1735980 1195
1735990 1198
1736000 1201
1736010 1203
1736020 1203
1736030 1205
1736040 1207
1736050 1207
1736060 1209
1736070 1210
1736080 1210
1736090 1211
1736100 1211
1736110 1211
1736120 1211
1736130 1210
1736140 1210
1736150 1210
1736160 1209
1736170 1209
1736180 1209
1736190 1207
1736200 1207
1736210 1204
1736220 1202
1736230 1202
1736240 1200
1736250 1196
1736260 1196
1736270 1190
1736280 1184
1736290 1177
1736300 1177
1736310 1170
1736320 1164
1736330 1164
1736340 1157
1736350 1151
1736360 1151
1736370 1145
1736380 1140
1736390 1140
1736400 1134
1736410 1129
1736420 1129
1736430 1124
1736440 1118
1736450 1118
1736460 1114
1736470 1109
1736480 1109
1736490 1104
1736500 1099
1736510 1099
1736520 1094
1736530 1089
1736540 1089
1736550 1084
1736560 1079
1736570 1074
1736580 1074
1736590 1070
1736600 1065
1736610 1065
1736620 1060
1736630 1056
1736640 1056
1736650 1051
1736660 1044
1736670 1044
1736680 1038
1736690 1033
1736700 1033
1736710 1028
1736720 1023
1736730 1023
1736740 1019
1736750 1014
1736760 1014
1736770 1009
1736780 1005
1736790 1005
1736800 1001
1736810 998
1736820 998
1736830 994
1736840 991
1736850 988
1736860 988
1736870 986
1736880 984
1736890 984
1736900 983
1736910 984
1736920 984
1736930 984
1736940 985
1736950 985
1736960 984
1736970 985
1736980 985
1736990 985
1737000 986
1737010 986
1737020 986
1737030 987
1737040 987
1737050 987
1737060 988
1737070 988
1737080 988
1737090 989
1737100 989
1737110 990
1737120 991
1737130 992
1737140 992
1737150 992
1737160 992
1737170 992
1737180 992
1737190 993
1737200 993
1737210 993
1737220 992
1737230 992
1737240 992
1737250 992
1737260 992
1737270 991
1737280 991
1737290 991
1737300 990
1737310 989
1737320 989
1737330 988
1737340 987
1737350 987
1737360 987
1737370 986
1737380 987
1737390 987
1737400 986
1737410 986
1737420 986
1737430 986
1737440 986
1737450 980
1737460 980
1737470 979
1737480 979
1737490 979
1737500 980
1737510 980
1737520 981
1737530 981
1737540 981
1737550 982
1737560 983
1737570 983
1737580 983
1737590 983
1737600 983
1737610 984
1737620 984
1737630 984
1737640 985
1737650 986
1737660 987
1737670 987
1737680 988
1737690 989
1737700 989
1737710 990
1737720 990
1737730 990
1737740 992
1737750 993
1737760 993
1737770 993
1737780 994
1737790 994
1737800 997
1737810 1000
1737820 1000
1737830 1003
1737840 1006
1737850 1006
1737860 1007
1737870 1010
1737880 1010
1737890 1013
1737900 1016
1737910 1016
1737920 1019
1737930 1022
1737940 1024
1737950 1024
1737960 1027
1737970 1030
1737980 1030
1737990 1032
1738000 1035
1738010 1035
1738020 1038
1738030 1040
1738040 1040
1738050 1043
1738060 1045
1738070 1045
1738080 1047
1738090 1049
1738100 1049
1738110 1051
1738120 1054
1738130 1054
1738140 1056
1738150 1058
1738160 1058
1738170 1059
1738180 1060
1738190 1060
1738200 1061
1738210 1062
1738220 1061
1738230 1061
1738240 1060
1738250 1058
1738260 1058
1738270 1056
1738280 1055
1738290 1055
1738300 1054
1738310 1052
1738320 1052
1738330 1051
1738340 1050
1738350 1050
1738360 1050
1738370 1050
1738380 1050
1738390 1050
1738400 1050
1738410 1050
1738420 1050
1738430 1050
1738440 1050
1738450 1050
1738460 1049
1738470 1049
1738480 1048
1738490 1047
1738500 1046
1738510 1046
1738520 1046
1738530 1046
1738540 1046
1738550 1046
1738560 1045
1738570 1045
1738580 1041
1738590 1039
1738600 1039
1738610 1035
1738620 1033
1738630 1033
1738640 1031
1738650 1028
1738660 1028
1738670 1025
1738680 1021
1738690 1021
1738700 1019
1738710 1014
1738720 1014
1738730 1011
1738740 1004
1738750 997
1738760 997
1738770 990
1738780 982
1738790 982
1738800 974
1738810 967
1738820 967
1738830 960
1738840 953
1738850 953
1738860 946
1738870 937
1738880 937
1738890 932
1738900 926
1738910 926
1738920 918
1738930 912
1738940 912
1738950 906
1738960 899
1738970 899
1738980 893
1738990 887
1739000 887
1739010 881
1739020 874
1739030 867
1739040 867
1739050 861
1739060 856
1739070 856
1739080 849
1739090 844
1739100 844
1739110 843
1739120 837
1739130 837
1739140 831
1739150 829
1739160 829
1739170 823
1739180 820
1739190 820
1739200 815
1739210 812
1739220 812
1739230 809
1739240 806
1739250 806
1739260 801
1739270 793
1739280 793
1739290 796
1739300 801
1739310 801
1739320 801
1739330 805
1739340 808
1739350 808
1739360 811
1739370 815
1739380 815
1739390 818
1739400 823
1739410 823
1739420 828
1739430 831
1739440 831
1739450 834
1739460 835
1739470 835
1739480 841
1739490 844
1739500 844
1739510 847
1739520 851
1739530 851
1739540 855
1739550 858
1739560 858
1739570 862
1739580 866
1739590 869
1739600 869
1739610 871
1739620 874
1739630 874
1739640 877
1739650 879
1739660 879
1739670 881
1739680 882
1739690 882
1739700 883
1739710 885
1739720 885
1739730 884
1739740 880
1739750 880
1739760 878
1739770 877
1739780 877
1739790 876
1739800 874
1739810 874
1739820 873
1739830 871
1739840 871
1739850 869
1739860 866
1739870 863
1739880 863
1739890 858
1739900 854
1739910 854
1739920 850
1739930 847
1739940 847
1739950 844
1739960 841
1739970 841
1739980 837
1739990 833
