1720000 1274
1720010 1274
1720020 1274
1720030 1275
1720040 1276
1720050 1276
1720060 1276
1720070 1277
1720080 1277
1720090 1277
1720100 1278
1720110 1279
1720120 1279
1720130 1280
1720140 1281
1720150 1281
1720160 1282
1720170 1282
1720180 1282
1720190 1282
1720200 1282
1720210 1282
1720220 1281
1720230 1281
1720240 1281
1720250 1280
1720260 1278
1720270 1278
1720280 1276
1720290 1275
1720300 1275
1720310 1274
1720320 1273
1720330 1272
1720340 1272
1720350 1270
1720360 1268
1720370 1268
1720380 1266
1720390 1264
1720400 1264
1720410 1263
1720420 1261
1720430 1261
1720440 1259
1720450 1258
1720460 1258
1720470 1256
1720480 1253
1720490 1253
1720500 1250
1720510 1249
1720520 1249
1720530 1248
1720540 1247
1720550 1247
1720560 1246
1720570 1247
1720580 1247
1720590 1248
1720600 1249
1720610 1249
1720620 1249
1720630 1249
1720640 1248
1720650 1248
1720660 1248
1720670 1247
1720680 1247
1720690 1247
1720700 1247
1720710 1247
1720720 1246
1720730 1245
1720740 1245
1720750 1245
1720760 1244
1720770 1244
1720780 1243
1720790 1242
1720800 1242
1720810 1240
1720820 1239
1720830 1239
1720840 1239
1720850 1237
1720860 1237
1720870 1236
1720880 1235
1720890 1234
1720900 1231
1720910 1229
1720920 1228
1720930 1228
1720940 1227
1720950 1226
1720960 1226
1720970 1225
1720980 1224
1720990 1224
1721000 1223
1721010 1221
1721020 1221
1721030 1220
1721040 1218
1721050 1218
1721060 1217
1721070 1215
1721080 1215
1721090 1214
1721100 1212
1721110 1212
1721120 1211
1721130 1209
1721140 1209
1721150 1207
1721160 1205
1721170 1205
1721180 1203
1721190 1202
1721200 1200
1721210 1200
1721220 1197
1721230 1195
1721240 1195
1721250 1194
1721260 1192
1721270 1192
1721280 1190
1721290 1188
1721300 1188
1721310 1187
1721320 1186
1721330 1186
1721340 1185
1721350 1184
1721360 1184
1721370 1183
1721380 1182
1721390 1182
1721400 1182
1721410 1181
1721420 1181
1721430 1181
1721440 1180
1721450 1180
1721460 1180
1721470 1179
1721480 1179
1721490 1179
1721500 1179
1721510 1179
1721520 1179
1721530 1179
1721540 1178
1721550 1178
1721560 1178
1721570 1177
1721580 1177
1721590 1177
1721600 1177
1721610 1177
1721620 1176
1721630 1176
1721640 1176
1721650 1176
1721660 1176
1721670 1176
1721680 1176
1721690 1175
1721700 1175
1721710 1175
1721720 1175
1721730 1175
1721740 1175
1721750 1175
1721760 1175
1721770 1175
1721780 1175
1721790 1174
1721800 1174
1721810 1174
1721820 1174
1721830 1174
1721840 1174
1721850 1174
1721860 1174
1721870 1174
1721880 1174
1721890 1174
1721900 1174
1721910 1174
1721920 1174
1721930 1174
1721940 1174
1721950 1174
1721960 1174
1721970 1174
1721980 1174
1721990 1174
1722000 1174
1722010 1174
1722020 1174
1722030 1174
1722040 1174
1722050 1174
1722060 1174
1722070 1174
1722080 1174
1722090 1174
1722100 1174
1722110 1174
1722120 1175
1722130 1175
1722140 1175
1722150 1175
1722160 1175
1722170 1175
1722180 1175
1722190 1175
1722200 1175
1722210 1175
1722220 1175
1722230 1175
1722240 1175
1722250 1175
1722260 1175
1722270 1175
1722280 1176
1722290 1176
1722300 1176
1722310 1176
1722320 1177
1722330 1177
1722340 1177
1722350 1177
1722360 1177
1722370 1178
1722380 1178
1722390 1178
1722400 1179
1722410 1179
1722420 1179
1722430 1180
1722440 1180
1722450 1180
1722460 1181
1722470 1181
1722480 1181
1722490 1181
1722500 1181
1722510 1181
1722520 1181
1722530 1182
1722540 1182
1722550 1182
1722560 1182
1722570 1182
1722580 1182
1722590 1182
1722600 1182
1722610 1182
1722620 1183
1722630 1183
1722640 1183
1722650 1183
1722660 1183
1722670 1183
1722680 1184
1722690 1184
1722700 1184
1722710 1184
1722720 1184
1722730 1184
1722740 1185
1722750 1185
1722760 1185
1722770 1185
1722780 1185
1722790 1185
1722800 1185
1722810 1185
1722820 1185
1722830 1185
1722840 1185
1722850 1185
1722860 1185
1722870 1185
1722880 1185
1722890 1185
1722900 1185
1722910 1185
1722920 1185
1722930 1185
1722940 1186
1722950 1186
1722960 1186
1722970 1186
1722980 1186
1722990 1186
1723000 1186
1723010 1186
1723020 1186
1723030 1186
1723040 1186
1723050 1186
1723060 1186
1723070 1186
1723080 1186
1723090 1186
1723100 1186
1723110 1186
1723120 1186
1723130 1186
1723140 1186
1723150 1185
1723160 1185
1723170 1185
1723180 1185
1723190 1185
1723200 1185
1723210 1185
1723220 1184
1723230 1184
1723240 1184
1723250 1184
1723260 1184
1723270 1184
1723280 1185
1723290 1185
1723300 1185
1723310 1185
1723320 1185
1723330 1186
1723340 1186
1723350 1186
1723360 1187
1723370 1187
1723380 1187
1723390 1188
1723400 1189
1723410 1189
1723420 1190
1723430 1191
1723440 1191
1723450 1191
1723460 1193
1723470 1196
1723480 1196
1723490 1196
1723500 1198
1723510 1198
1723520 1200
1723530 1203
1723540 1203
1723550 1205
1723560 1207
1723570 1207
1723580 1210
1723590 1212
1723600 1212
1723610 1214
1723620 1217
1723630 1217
1723640 1220
1723650 1222
1723660 1222
1723670 1224
1723680 1228
1723690 1228
1723700 1230
1723710 1233
1723720 1236
1723730 1236
1723740 1239
1723750 1242
1723760 1242
1723770 1244
1723780 1247
1723790 1247
1723800 1251
1723810 1255
1723820 1255
1723830 1258
1723840 1261
1723850 1261
1723860 1264
1723870 1267
1723880 1267
1723890 1270
1723900 1273
1723910 1273
1723920 1276
1723930 1278
1723940 1278
1723950 1281
1723960 1283
1723970 1283
1723980 1284
1723990 1286
1724000 1287
1724010 1287
1724020 1287
1724030 1288
1724040 1288
1724050 1288
1724060 1288
1724070 1288
1724080 1288
1724090 1287
1724100 1287
1724110 1286
1724120 1285
1724130 1285
1724140 1284
1724150 1282
1724160 1282
1724170 1280
1724180 1278
1724190 1278
1724200 1276
1724210 1274
1724220 1274
1724230 1271
1724240 1268
1724250 1268
1724260 1266
1724270 1263
1724280 1261
1724290 1261
1724300 1257
1724310 1256
1724320 1256
1724330 1253
1724340 1249
1724350 1249
1724360 1247
1724370 1244
1724380 1244
1724390 1241
1724400 1237
1724410 1237
1724420 1239
1724430 1243
1724440 1243
1724450 1248
1724460 1252
1724470 1252
1724480 1255
1724490 1259
1724500 1259
1724510 1263
1724520 1266
1724530 1266
1724540 1270
1724550 1274
1724560 1278
1724570 1278
1724580 1282
1724590 1286
1724600 1286
1724610 1290
1724620 1294
1724630 1294
1724640 1296
1724650 1300
1724660 1300
1724670 1304
1724680 1307
1724690 1307
1724700 1311
1724710 1314
1724720 1314
1724730 1317
1724740 1321
1724750 1321
1724760 1324
1724770 1327
1724780 1327
1724790 1330
1724800 1333
1724810 1333
1724820 1336
1724830 1340
1724840 1343
1724850 1343
1724860 1345
1724870 1349
1724880 1349
1724890 1351
1724900 1354
1724910 1354
1724920 1357
1724930 1360
1724940 1360
1724950 1363
1724960 1366
1724970 1366
1724980 1369
1724990 1371
1725000 1371
1725010 1373
1725020 1375
1725030 1375
1725040 1377
1725050 1379
1725060 1379
1725070 1380
1725080 1381
1725090 1381
1725100 1382
1725110 1383
1725120 1384
1725130 1384
1725140 1385
1725150 1385
1725160 1385
1725170 1385
1725180 1385
1725190 1385
1725200 1385
1725210 1384
1725220 1384
1725230 1384
1725240 1384
1725250 1384
1725260 1383
1725270 1383
1725280 1383
1725290 1383
1725300 1382
1725310 1382
1725320 1382
1725330 1381
1725340 1381
1725350 1380
1725360 1381
1725370 1381
1725380 1382
1725390 1384
1725400 1387
1725410 1387
1725420 1390
1725430 1394
1725440 1394
1725450 1397
1725460 1400
1725470 1400
1725480 1403
1725490 1405
1725500 1405
1725510 1409
1725520 1412
1725530 1412
1725540 1414
1725550 1417
1725560 1417
1725570 1419
1725580 1421
1725590 1421
1725600 1423
1725610 1424
1725620 1424
1725630 1425
1725640 1426
1725650 1426
1725660 1428
1725670 1423
1725680 1424
1725690 1424
1725700 1424
1725710 1424
1725720 1424
1725730 1424
1725740 1424
1725750 1424
1725760 1425
1725770 1425
1725780 1425
1725790 1425
1725800 1425
1725810 1425
1725820 1425
1725830 1425
1725840 1425
1725850 1425
1725860 1426
1725870 1426
1725880 1426
1725890 1426
1725900 1426
1725910 1426
1725920 1426
1725930 1426
1725940 1427
1725950 1427
1725960 1427
1725970 1427
1725980 1427
1725990 1427
1726000 1427
1726010 1426
1726020 1425
1726030 1425
1726040 1425
1726050 1424
1726060 1424
1726070 1423
1726080 1421
1726090 1421
1726100 1419
1726110 1417
1726120 1417
1726130 1414
1726140 1411
1726150 1411
1726160 1409
1726170 1406
1726180 1406
1726190 1403
1726200 1399
1726210 1399
1726220 1396
1726230 1392
1726240 1388
1726250 1388
1726260 1384
1726270 1380
1726280 1380
1726290 1375
1726300 1372
1726310 1372
1726320 1367
1726330 1363
1726340 1363
1726350 1358
1726360 1353
1726370 1353
1726380 1348
1726390 1344
1726400 1344
1726410 1339
1726420 1334
1726430 1334
1726440 1329
1726450 1324
1726460 1324
1726470 1320
1726480 1316
1726490 1316
1726500 1313
1726510 1309
1726520 1305
1726530 1305
1726540 1301
1726550 1297
1726560 1297
1726570 1293
1726580 1289
1726590 1289
1726600 1285
1726610 1281
1726620 1281
1726630 1279
1726640 1275
1726650 1275
1726660 1272
1726670 1268
1726680 1268
1726690 1264
1726700 1260
1726710 1260
1726720 1257
1726730 1253
1726740 1253
1726750 1249
1726760 1246
1726770 1246
1726780 1242
1726790 1238
1726800 1235
1726810 1235
1726820 1231
1726830 1228
1726840 1228
1726850 1225
1726860 1221
1726870 1221
1726880 1217
1726890 1213
1726900 1213
1726910 1210
1726920 1208
1726930 1208
1726940 1208
1726950 1208
1726960 1208
1726970 1208
1726980 1208
1726990 1208
1727000 1208
1727010 1209
1727020 1209
1727030 1208
1727040 1208
1727050 1208
1727060 1207
1727070 1206
1727080 1206
1727090 1204
1727100 1200
1727110 1197
1727120 1197
1727130 1189
1727140 1182
1727150 1182
1727160 1178
1727170 1174
1727180 1174
1727190 1173
1727200 1172
1727210 1172
1727220 1172
1727230 1173
1727240 1173
1727250 1173
1727260 1173
1727270 1173
1727280 1178
1727290 1181
1727300 1181
1727310 1186
1727320 1190
1727330 1190
1727340 1194
1727350 1198
1727360 1198
1727370 1201
1727380 1204
1727390 1208
1727400 1208
1727410 1212
1727420 1216
1727430 1216
1727440 1220
1727450 1223
1727460 1223
1727470 1225
1727480 1230
1727490 1230
1727500 1234
1727510 1238
1727520 1238
1727530 1241
1727540 1245
1727550 1245
1727560 1248
1727570 1252
1727580 1252
1727590 1255
1727600 1258
1727610 1258
1727620 1262
1727630 1265
1727640 1265
1727650 1268
1727660 1271
1727670 1274
1727680 1274
1727690 1277
1727700 1279
1727710 1279
1727720 1279
1727730 1277
1727740 1277
1727750 1275
1727760 1271
1727770 1271
1727780 1266
1727790 1262
1727800 1262
1727810 1257
1727820 1253
1727830 1253
1727840 1250
1727850 1248
1727860 1248
1727870 1248
1727880 1247
1727890 1247
1727900 1249
1727910 1251
1727920 1257
1727930 1259
1727940 1261
1727950 1263
1727960 1263
1727970 1266
1727980 1269
1727990 1269
1728000 1273
1728010 1273
1728020 1273
1728030 1276
1728040 1278
1728050 1278
1728060 1280
1728070 1282
1728080 1282
1728090 1285
1728100 1286
1728110 1286
1728120 1287
1728130 1289
1728140 1289
1728150 1292
1728160 1295
1728170 1295
1728180 1298
1728190 1301
1728200 1301
1728210 1304
1728220 1307
1728230 1310
1728240 1310
1728250 1313
1728260 1316
1728270 1316
1728280 1318
1728290 1320
1728300 1320
1728310 1322
1728320 1322
1728330 1322
1728340 1324
1728350 1327
1728360 1327
1728370 1329
1728380 1331
1728390 1331
1728400 1332
1728410 1333
1728420 1333
1728430 1333
1728440 1334
1728450 1334
1728460 1334
1728470 1334
1728480 1334
1728490 1334
1728500 1333
1728510 1331
1728520 1331
1728530 1329
1728540 1328
1728550 1328
1728560 1327
1728570 1326
1728580 1326
1728590 1326
1728600 1326
1728610 1326
1728620 1327
1728630 1329
1728640 1329
1728650 1329
1728660 1330
1728670 1330
1728680 1330
1728690 1331
1728700 1331
1728710 1331
1728720 1331
1728730 1331
1728740 1332
1728750 1332
1728760 1332
1728770 1332
1728780 1333
1728790 1333
1728800 1333
1728810 1334
1728820 1334
1728830 1334
1728840 1335
1728850 1336
1728860 1336
1728870 1336
1728880 1337
1728890 1337
1728900 1338
1728910 1338
1728920 1338
1728930 1339
1728940 1339
1728950 1339
1728960 1339
1728970 1339
1728980 1339
1728990 1338
1729000 1338
1729010 1338
1729020 1337
1729030 1335
1729040 1335
1729050 1334
1729060 1332
1729070 1330
1729080 1330
1729090 1328
1729100 1326
1729110 1326
1729120 1324
1729130 1322
1729140 1322
1729150 1319
1729160 1317
1729170 1317
1729180 1315
1729190 1312
1729200 1312
1729210 1310
1729220 1307
1729230 1307
1729240 1305
1729250 1302
1729260 1302
1729270 1300
1729280 1297
1729290 1297
1729300 1294
1729310 1291
1729320 1291
1729330 1288
1729340 1287
1729350 1287
1729360 1287
1729370 1287
1729380 1288
1729390 1288
1729400 1288
1729410 1288
1729420 1288
1729430 1288
1729440 1287
1729450 1287
1729460 1286
1729470 1285
1729480 1285
1729490 1283
1729500 1283
1729510 1283
1729520 1283
1729530 1283
1729540 1283
1729550 1282
1729560 1281
1729570 1281
1729580 1280
1729590 1280
1729600 1280
1729610 1278
1729620 1278
1729630 1276
1729640 1276
1729650 1274
1729660 1274
1729670 1274
1729680 1272
1729690 1272
1729700 1272
1729710 1272
1729720 1272
1729730 1272
1729740 1272
1729750 1272
1729760 1272
1729770 1273
1729780 1273
1729790 1273
1729800 1273
1729810 1273
1729820 1273
1729830 1274
1729840 1274
1729850 1274
1729860 1275
1729870 1275
1729880 1275
1729890 1275
1729900 1276
1729910 1277
1729920 1277
1729930 1278
1729940 1279
1729950 1279
1729960 1280
1729970 1281
1729980 1281
1729990 1282
1730000 1283
1730010 1283
1730020 1285
1730030 1286
1730040 1286
1730050 1287
1730060 1289
1730070 1289
1730080 1292
1730090 1294
1730100 1294
1730110 1296
1730120 1298
1730130 1298
1730140 1299
1730150 1300
1730160 1300
1730170 1302
1730180 1303
1730190 1304
1730200 1304
1730210 1305
1730220 1307
1730230 1307
1730240 1308
1730250 1309
1730260 1309
1730270 1311
1730280 1313
1730290 1313
1730300 1314
1730310 1316
1730320 1316
1730330 1318
1730340 1320
1730350 1320
1730360 1322
1730370 1324
1730380 1324
1730390 1326
1730400 1328
1730410 1328
1730420 1330
1730430 1331
1730440 1331
1730450 1332
1730460 1334
1730470 1335
1730480 1335
1730490 1336
1730500 1337
1730510 1337
1730520 1339
1730530 1340
1730540 1340
1730550 1340
1730560 1341
1730570 1341
1730580 1341
1730590 1341
1730600 1341
1730610 1341
1730620 1340
1730630 1340
1730640 1337
1730650 1335
1730660 1335
1730670 1333
1730680 1331
1730690 1331
1730700 1329
1730710 1328
1730720 1328
1730730 1327
1730740 1326
1730750 1325
1730760 1325
1730770 1324
1730780 1322
1730790 1322
1730800 1319
1730810 1317
1730820 1317
1730830 1319
1730840 1322
1730850 1322
1730860 1323
1730870 1328
1730880 1328
1730890 1331
1730900 1335
1730910 1335
1730920 1338
1730930 1341
1730940 1341
1730950 1344
1730960 1348
1730970 1348
1730980 1352
1730990 1356
1731000 1356
1731010 1359
1731020 1363
1731030 1366
1731040 1366
1731050 1368
1731060 1371
1731070 1371
1731080 1374
1731090 1377
1731100 1377
1731110 1380
1731120 1383
1731130 1383
1731140 1386
1731150 1389
1731160 1389
1731170 1392
1731180 1395
1731190 1395
1731200 1397
1731210 1401
1731220 1401
1731230 1404
1731240 1407
1731250 1407
1731260 1410
1731270 1412
1731280 1412
1731290 1414
1731300 1416
1731310 1418
1731320 1418
1731330 1419
1731340 1420
1731350 1420
1731360 1421
1731370 1420
1731380 1420
1731390 1420
1731400 1420
1731410 1420
1731420 1419
1731430 1419
1731440 1419
1731450 1417
1731460 1415
1731470 1415
1731480 1413
1731490 1411
1731500 1411
1731510 1408
1731520 1407
1731530 1407
1731540 1406
1731550 1404
1731560 1404
1731570 1402
1731580 1401
1731590 1400
1731600 1400
1731610 1398
1731620 1397
1731630 1397
1731640 1394
1731650 1391
1731660 1391
1731670 1389
1731680 1386
1731690 1386
1731700 1383
1731710 1380
1731720 1380
1731730 1377
1731740 1374
1731750 1374
1731760 1370
1731770 1367
1731780 1367
1731790 1363
1731800 1359
1731810 1359
1731820 1356
1731830 1352
1731840 1352
1731850 1348
1731860 1345
1731870 1341
1731880 1341
1731890 1338
1731900 1336
1731910 1336
1731920 1338
1731930 1339
1731940 1339
1731950 1340
1731960 1341
1731970 1341
1731980 1342
1731990 1343
1732000 1343
1732010 1343
1732020 1344
1732030 1344
1732040 1344
1732050 1344
1732060 1344
1732070 1345
1732080 1345
1732090 1345
1732100 1346
1732110 1346
1732120 1346
1732130 1346
1732140 1344
1732150 1343
1732160 1347
1732170 1347
1732180 1345
1732190 1345
1732200 1344
1732210 1342
1732220 1342
1732230 1339
1732240 1336
1732250 1336
1732260 1332
1732270 1327
1732280 1327
1732290 1322
1732300 1317
1732310 1317
1732320 1311
1732330 1305
1732340 1305
1732350 1299
1732360 1293
1732370 1293
1732380 1287
1732390 1280
1732400 1280
1732410 1273
1732420 1267
1732430 1260
1732440 1260
1732450 1254
1732460 1248
1732470 1248
1732480 1241
1732490 1234
1732500 1234
1732510 1228
1732520 1222
1732530 1222
1732540 1215
1732550 1209
1732560 1209
1732570 1204
1732580 1198
1732590 1198
1732600 1192
1732610 1187
1732620 1187
1732630 1181
1732640 1175
1732650 1175
1732660 1170
1732670 1164
1732680 1164
1732690 1159
1732700 1155
1732710 1150
1732720 1150
1732730 1146
1732740 1142
1732750 1142
1732760 1139
1732770 1137
1732780 1137
1732790 1136
1732800 1135
1732810 1135
1732820 1134
1732830 1134
1732840 1134
1732850 1136
1732860 1136
1732870 1136
1732880 1133
1732890 1128
1732900 1128
1732910 1128
1732920 1127
1732930 1127
1732940 1126
1732950 1129
1732960 1129
1732970 1134
1732980 1139
1732990 1139
1733000 1143
1733010 1147
1733020 1151
1733030 1151
1733040 1155
1733050 1161
1733060 1161
1733070 1165
1733080 1169
1733090 1169
1733100 1173
1733110 1176
1733120 1176
1733130 1180
1733140 1183
1733150 1183
1733160 1187
1733170 1190
1733180 1190
1733190 1194
1733200 1196
1733210 1196
1733220 1198
1733230 1200
1733240 1200
1733250 1203
1733260 1206
1733270 1206
1733280 1207
1733290 1208
1733300 1209
1733310 1209
1733320 1211
1733330 1211
1733340 1211
1733350 1209
1733360 1208
1733370 1208
1733380 1207
1733390 1207
1733400 1207
1733410 1207
1733420 1206
1733430 1206
1733440 1205
1733450 1204
1733460 1204
1733470 1204
1733480 1203
1733490 1203
1733500 1202
1733510 1203
1733520 1203
1733530 1203
1733540 1203
1733550 1203
1733560 1203
1733570 1203
1733580 1203
1733590 1203
1733600 1204
1733610 1204
1733620 1204
1733630 1205
1733640 1207
1733650 1207
1733660 1208
1733670 1210
1733680 1210
1733690 1212
1733700 1214
1733710 1214
1733720 1215
1733730 1217
1733740 1217
1733750 1218
1733760 1218
1733770 1218
1733780 1219
1733790 1219
1733800 1219
1733810 1219
1733820 1220
1733830 1220
1733840 1221
1733850 1221
1733860 1222
1733870 1222
1733880 1222
1733890 1223
1733900 1223
1733910 1223
1733920 1223
1733930 1223
1733940 1223
1733950 1224
1733960 1224
1733970 1224
1733980 1225
1733990 1225
1734000 1225
1734010 1226
1734020 1226
1734030 1227
1734040 1228
1734050 1228
1734060 1230
1734070 1231
1734080 1231
1734090 1233
1734100 1233
1734110 1233
1734120 1235
1734130 1236
1734140 1238
1734150 1238
1734160 1237
1734170 1236
1734180 1238
1734190 1235
1734200 1232
1734210 1232
1734220 1229
1734230 1226
1734240 1226
1734250 1222
1734260 1219
1734270 1219
1734280 1215
1734290 1212
1734300 1212
1734310 1209
1734320 1205
1734330 1205
1734340 1202
1734350 1200
1734360 1200
1734370 1197
1734380 1194
1734390 1194
1734400 1191
1734410 1189
1734420 1186
1734430 1186
1734440 1183
1734450 1181
1734460 1181
1734470 1178
1734480 1175
1734490 1175
1734500 1172
1734510 1171
1734520 1171
1734530 1169
1734540 1165
1734550 1165
1734560 1162
1734570 1159
1734580 1159
1734590 1157
1734600 1154
1734610 1154
1734620 1151
1734630 1147
1734640 1147
1734650 1143
1734660 1139
1734670 1139
1734680 1136
1734690 1134
1734700 1130
1734710 1130
1734720 1126
1734730 1122
1734740 1122
1734750 1118
1734760 1114
1734770 1114
1734780 1110
1734790 1105
1734800 1105
1734810 1100
1734820 1096
1734830 1096
1734840 1091
1734850 1086
1734860 1086
1734870 1081
1734880 1077
1734890 1077
1734900 1075
1734910 1081
1734920 1081
1734930 1084
1734940 1088
1734950 1088
1734960 1094
1734970 1098
1734980 1103
1734990 1103
1735000 1106
1735010 1111
1735020 1111
1735030 1115
1735040 1119
1735050 1119
1735060 1122
1735070 1123
1735080 1123
1735090 1126
1735100 1129
1735110 1129
1735120 1131
1735130 1134
1735140 1134
1735150 1137
1735160 1140
1735170 1140
1735180 1143
1735190 1145
1735200 1145
1735210 1146
1735220 1147
1735230 1147
1735240 1147
1735250 1148
1735260 1148
1735270 1148
1735280 1148
1735290 1148
1735300 1148
1735310 1148
1735320 1148
1735330 1148
1735340 1147
1735350 1147
1735360 1147
1735370 1146
1735380 1139
1735390 1139
1735400 1134
1735410 1130
1735420 1130
1735430 1126
1735440 1120
1735450 1120
1735460 1114
1735470 1108
1735480 1108
1735490 1106
1735500 1100
1735510 1100
1735520 1096
1735530 1092
1735540 1087
1735550 1087
1735560 1082
1735570 1079
1735580 1079
1735590 1084
1735600 1085
1735610 1085
1735620 1086
1735630 1087
1735640 1087
1735650 1091
1735660 1095
1735670 1095
1735680 1097
1735690 1101
1735700 1101
1735710 1106
1735720 1110
1735730 1110
1735740 1114
1735750 1118
1735760 1118
1735770 1123
1735780 1128
1735790 1128
1735800 1132
1735810 1137
1735820 1141
1735830 1141
1735840 1145
1735850 1150
1735860 1150
1735870 1154
1735880 1158
1735890 1158
1735900 1163
1735910 1167
1735920 1167
1735930 1171
1735940 1175
1735950 1175
1735960 1179
1735970 1183
1735980 1183
1735990 1187
1736000 1190
1736010 1190
1736020 1194
1736030 1198
1736040 1198
1736050 1201
1736060 1204
1736070 1204
1736080 1206
1736090 1208
1736100 1211
1736110 1211
1736120 1213
1736130 1215
1736140 1215
1736150 1217
1736160 1220
1736170 1220
1736180 1221
1736190 1222
1736200 1222
1736210 1223
1736220 1224
1736230 1224
1736240 1225
1736250 1225
1736260 1225
1736270 1225
1736280 1222
1736290 1222
1736300 1217
1736310 1213
1736320 1213
1736330 1210
1736340 1209
1736350 1209
1736360 1208
1736370 1208
1736380 1207
1736390 1207
1736400 1206
1736410 1206
1736420 1206
1736430 1205
1736440 1205
1736450 1205
1736460 1205
1736470 1205
1736480 1205
1736490 1205
1736500 1205
1736510 1205
1736520 1205
1736530 1206
1736540 1206
1736550 1206
1736560 1206
1736570 1206
1736580 1206
1736590 1207
1736600 1207
1736610 1207
1736620 1207
1736630 1207
1736640 1208
1736650 1208
1736660 1209
1736670 1209
1736680 1209
1736690 1210
1736700 1210
1736710 1209
1736720 1209
1736730 1209
1736740 1210
1736750 1211
1736760 1211
1736770 1212
1736780 1212
1736790 1212
1736800 1212
1736810 1212
1736820 1212
1736830 1213
1736840 1213
1736850 1213
1736860 1213
1736870 1212
1736880 1212
1736890 1212
1736900 1211
1736910 1211
1736920 1211
1736930 1210
1736940 1210
1736950 1210
1736960 1209
1736970 1208
1736980 1208
1736990 1207
1737000 1207
1737010 1207
1737020 1205
1737030 1204
1737040 1204
1737050 1203
1737060 1202
1737070 1202
1737080 1201
1737090 1201
1737100 1201
1737110 1200
1737120 1199
1737130 1199
1737140 1199
1737150 1198
1737160 1198
1737170 1198
1737180 1197
1737190 1197
1737200 1196
1737210 1195
1737220 1193
1737230 1193
1737240 1192
1737250 1191
1737260 1191
1737270 1189
1737280 1187
1737290 1187
1737300 1186
1737310 1184
1737320 1184
1737330 1182
1737340 1180
1737350 1180
1737360 1179
1737370 1175
1737380 1175
1737390 1172
1737400 1170
1737410 1170
1737420 1167
1737430 1165
1737440 1165
1737450 1162
1737460 1160
1737470 1160
1737480 1158
1737490 1156
1737500 1153
1737510 1153
1737520 1151
1737530 1148
1737540 1148
1737550 1146
1737560 1143
1737570 1143
1737580 1141
1737590 1138
1737600 1138
1737610 1136
1737620 1133
1737630 1133
1737640 1131
1737650 1128
1737660 1128
1737670 1125
1737680 1123
1737690 1123
1737700 1120
1737710 1118
1737720 1118
1737730 1115
1737740 1113
1737750 1113
1737760 1111
1737770 1108
1737780 1106
1737790 1106
1737800 1104
1737810 1101
1737820 1101
1737830 1099
1737840 1097
1737850 1097
1737860 1095
1737870 1092
1737880 1092
1737890 1088
1737900 1084
1737910 1084
1737920 1081
1737930 1078
1737940 1078
1737950 1075
1737960 1071
1737970 1071
1737980 1068
1737990 1066
1738000 1066
1738010 1066
1738020 1064
1738030 1059
1738040 1056
1738050 1054
1738060 1051
1738070 1051
1738080 1047
1738090 1044
1738100 1044
1738110 1040
1738120 1037
1738130 1037
1738140 1034
1738150 1030
1738160 1030
1738170 1030
1738180 1027
1738190 1027
1738200 1024
1738210 1022
1738220 1022
1738230 1018
1738240 1014
1738250 1014
1738260 1011
1738270 1008
1738280 1008
1738290 1005
1738300 1002
1738310 1002
1738320 999
1738330 997
1738340 993
1738350 993
1738360 990
1738370 986
1738380 986
1738390 982
1738400 978
1738410 978
1738420 975
1738430 971
1738440 971
1738450 967
1738460 963
1738470 963
1738480 959
1738490 956
1738500 956
1738510 952
1738520 949
1738530 949
1738540 945
1738550 941
1738560 941
1738570 936
1738580 933
1738590 933
1738600 928
1738610 922
1738620 919
1738630 919
1738640 914
1738650 910
1738660 910
1738670 906
1738680 906
1738690 906
1738700 904
1738710 899
1738720 899
1738730 895
1738740 892
1738750 892
1738760 888
1738770 884
1738780 884
1738790 880
1738800 876
1738810 876
1738820 871
1738830 868
1738840 868
1738850 862
1738860 860
1738870 860
1738880 867
1738890 871
1738900 871
1738910 876
1738920 880
1738930 887
1738940 887
1738950 892
1738960 896
1738970 896
1738980 900
1738990 905
1739000 905
1739010 906
1739020 908
1739030 908
1739040 910
1739050 913
1739060 913
1739070 913
1739080 910
1739090 910
1739100 909
1739110 907
1739120 907
1739130 906
1739140 904
1739150 904
1739160 900
1739170 895
1739180 895
1739190 890
1739200 887
1739210 882
1739220 882
1739230 877
1739240 872
1739250 872
1739260 867
1739270 860
1739280 860
1739290 852
1739300 846
1739310 846
1739320 841
1739330 835
1739340 835
1739350 833
1739360 843
1739370 843
1739380 842
1739390 843
1739400 843
1739410 848
1739420 853
1739430 853
1739440 859
1739450 864
1739460 864
1739470 870
1739480 876
1739490 882
1739500 882
1739510 883
1739520 890
1739530 890
1739540 893
1739550 895
1739560 895
1739570 899
1739580 902
1739590 902
1739600 907
1739610 911
1739620 911
1739630 915
1739640 919
1739650 919
1739660 922
1739670 926
1739680 926
1739690 929
1739700 932
1739710 932
1739720 934
1739730 937
1739740 937
1739750 938
1739760 940
1739770 942
1739780 942
1739790 943
1739800 945
1739810 945
1739820 946
1739830 947
1739840 947
1739850 949
1739860 951
1739870 951
1739880 947
1739890 949
1739900 949
1739910 951
1739920 954
1739930 954
1739940 955
1739950 960
1739960 960
1739970 963
1739980 966
1739990 966
