1720000 1259
1720010 1259
1720020 1263
1720030 1266
1720040 1266
1720050 1268
1720060 1269
1720070 1269
1720080 1269
1720090 1268
1720100 1268
1720110 1268
1720120 1267
1720130 1267
1720140 1264
1720150 1263
1720160 1263
1720170 1262
1720180 1261
1720190 1261
1720200 1259
1720210 1257
1720220 1257
1720230 1256
1720240 1252
1720250 1249
1720260 1249
1720270 1246
1720280 1246
1720290 1246
1720300 1248
1720310 1250
1720320 1250
1720330 1253
1720340 1255
1720350 1255
1720360 1257
1720370 1259
1720380 1259
1720390 1261
1720400 1263
1720410 1263
1720420 1265
1720430 1267
1720440 1267
1720450 1269
1720460 1270
1720470 1270
1720480 1271
1720490 1272
1720500 1272
1720510 1272
1720520 1272
1720530 1271
1720540 1271
1720550 1270
1720560 1268
1720570 1268
1720580 1265
1720590 1262
1720600 1262
1720610 1260
1720620 1258
1720630 1258
1720640 1257
1720650 1257
1720660 1257
1720670 1256
1720680 1256
1720690 1256
1720700 1254
1720710 1255
1720720 1255
1720730 1252
1720740 1249
1720750 1249
1720760 1247
1720770 1245
1720780 1245
1720790 1245
1720800 1242
1720810 1242
1720820 1240
1720830 1236
1720840 1233
1720850 1233
1720860 1232
1720870 1230
1720880 1230
1720890 1229
1720900 1232
1720910 1232
1720920 1236
1720930 1240
1720940 1240
1720950 1243
1720960 1247
1720970 1247
1720980 1251
1720990 1255
1721000 1255
1721010 1259
1721020 1262
1721030 1262
1721040 1266
1721050 1270
1721060 1270
1721070 1273
1721080 1276
1721090 1276
1721100 1278
1721110 1281
1721120 1284
1721130 1284
1721140 1286
1721150 1288
1721160 1288
1721170 1290
1721180 1292
1721190 1292
1721200 1294
1721210 1295
1721220 1295
1721230 1296
1721240 1296
1721250 1296
1721260 1296
1721270 1296
1721280 1296
1721290 1294
1721300 1292
1721310 1292
1721320 1289
1721330 1286
1721340 1286
1721350 1283
1721360 1280
1721370 1280
1721380 1276
1721390 1271
1721400 1269
1721410 1269
1721420 1265
1721430 1262
1721440 1262
1721450 1260
1721460 1257
1721470 1257
1721480 1256
1721490 1253
1721500 1253
1721510 1250
1721520 1247
1721530 1247
1721540 1245
1721550 1242
1721560 1242
1721570 1239
1721580 1235
1721590 1235
1721600 1232
1721610 1228
1721620 1228
1721630 1225
1721640 1221
1721650 1221
1721660 1219
1721670 1216
1721680 1212
1721690 1212
1721700 1211
1721710 1209
1721720 1209
1721730 1207
1721740 1205
1721750 1205
1721760 1201
1721770 1200
1721780 1200
1721790 1199
1721800 1203
1721810 1203
1721820 1207
1721830 1212
1721840 1212
1721850 1216
1721860 1220
1721870 1220
1721880 1225
1721890 1230
1721900 1230
1721910 1234
1721920 1236
1721930 1236
1721940 1239
1721950 1243
1721960 1246
1721970 1246
1721980 1250
1721990 1253
1722000 1253
1722010 1255
1722020 1258
1722030 1258
1722040 1261
1722050 1261
1722060 1261
1722070 1258
1722080 1257
1722090 1257
1722100 1256
1722110 1256
1722120 1256
1722130 1255
1722140 1254
1722150 1254
1722160 1255
1722170 1255
1722180 1255
1722190 1255
1722200 1255
1722210 1255
1722220 1256
1722230 1257
1722240 1259
1722250 1259
1722260 1261
1722270 1263
1722280 1263
1722290 1265
1722300 1267
1722310 1267
1722320 1269
1722330 1271
1722340 1271
1722350 1272
1722360 1274
1722370 1274
1722380 1276
1722390 1279
1722400 1279
1722410 1281
1722420 1283
1722430 1283
1722440 1285
1722450 1287
1722460 1287
1722470 1289
1722480 1291
1722490 1291
1722500 1293
1722510 1295
1722520 1297
1722530 1297
1722540 1299
1722550 1301
1722560 1301
1722570 1304
1722580 1305
1722590 1305
1722600 1307
1722610 1310
1722620 1310
1722630 1313
1722640 1316
1722650 1316
1722660 1319
1722670 1321
1722680 1321
1722690 1323
1722700 1325
1722710 1325
1722720 1327
1722730 1330
1722740 1330
1722750 1332
1722760 1334
1722770 1334
1722780 1336
1722790 1338
1722800 1338
1722810 1340
1722820 1342
1722830 1344
1722840 1344
1722850 1346
1722860 1347
1722870 1347
1722880 1349
1722890 1351
1722900 1351
1722910 1353
1722920 1354
1722930 1354
1722940 1355
1722950 1356
1722960 1356
1722970 1357
1722980 1359
1722990 1359
1723000 1361
1723010 1362
1723020 1362
1723030 1364
1723040 1365
1723050 1365
1723060 1366
1723070 1368
1723080 1368
1723090 1370
1723100 1372
1723110 1375
1723120 1375
1723130 1376
1723140 1379
1723150 1379
1723160 1381
1723170 1386
1723180 1386
1723190 1388
1723200 1390
1723210 1390
1723220 1392
1723230 1394
1723240 1394
1723250 1395
1723260 1397
1723270 1397
1723280 1398
1723290 1399
1723300 1399
1723310 1401
1723320 1402
1723330 1402
1723340 1403
1723350 1404
1723360 1404
1723370 1404
1723380 1405
1723390 1406
1723400 1406
1723410 1406
1723420 1406
1723430 1406
1723440 1407
1723450 1406
1723460 1406
1723470 1406
1723480 1406
1723490 1406
1723500 1405
1723510 1404
1723520 1404
1723530 1402
1723540 1401
1723550 1401
1723560 1398
1723570 1395
1723580 1395
1723590 1391
1723600 1388
1723610 1388
1723620 1385
1723630 1381
1723640 1381
1723650 1378
1723660 1374
1723670 1369
1723680 1369
1723690 1365
1723700 1364
1723710 1364
1723720 1357
1723730 1353
1723740 1353
1723750 1348
1723760 1344
1723770 1344
1723780 1340
1723790 1337
1723800 1337
1723810 1333
1723820 1329
1723830 1329
1723840 1325
1723850 1321
1723860 1321
1723870 1317
1723880 1314
1723890 1314
1723900 1310
1723910 1307
1723920 1307
1723930 1304
1723940 1301
1723950 1297
1723960 1297
1723970 1294
1723980 1290
1723990 1290
1724000 1288
1724010 1284
1724020 1284
1724030 1281
1724040 1278
1724050 1278
1724060 1275
1724070 1275
1724080 1275
1724090 1278
1724100 1283
1724110 1283
1724120 1288
1724130 1293
1724140 1293
1724150 1297
1724160 1302
1724170 1302
1724180 1307
1724190 1310
1724200 1310
1724210 1314
1724220 1318
1724230 1322
1724240 1322
1724250 1326
1724260 1330
1724270 1330
1724280 1333
1724290 1336
1724300 1336
1724310 1339
1724320 1342
1724330 1342
1724340 1345
1724350 1347
1724360 1347
1724370 1350
1724380 1352
1724390 1352
1724400 1354
1724410 1356
1724420 1356
1724430 1358
1724440 1359
1724450 1359
1724460 1360
1724470 1361
1724480 1361
1724490 1362
1724500 1362
1724510 1362
1724520 1362
1724530 1361
1724540 1360
1724550 1360
1724560 1359
1724570 1358
1724580 1358
1724590 1357
1724600 1356
1724610 1356
1724620 1354
1724630 1352
1724640 1352
1724650 1349
1724660 1346
1724670 1346
1724680 1344
1724690 1342
1724700 1342
1724710 1340
1724720 1338
1724730 1338
1724740 1338
1724750 1338
1724760 1338
1724770 1338
1724780 1338
1724790 1338
1724800 1339
1724810 1339
1724820 1339
1724830 1339
1724840 1338
1724850 1338
1724860 1338
1724870 1337
1724880 1336
1724890 1336
1724900 1334
1724910 1333
1724920 1333
1724930 1333
1724940 1332
1724950 1332
1724960 1330
1724970 1327
1724980 1327
1724990 1324
1725000 1322
1725010 1322
1725020 1320
1725030 1318
1725040 1318
1725050 1317
1725060 1314
1725070 1314
1725080 1312
1725090 1310
1725100 1308
1725110 1308
1725120 1306
1725130 1305
1725140 1305
1725150 1303
1725160 1301
1725170 1301
1725180 1299
1725190 1297
1725200 1297
1725210 1295
1725220 1292
1725230 1292
1725240 1292
1725250 1295
1725260 1295
1725270 1297
1725280 1299
1725290 1299
1725300 1302
1725310 1305
1725320 1305
1725330 1307
1725340 1309
1725350 1309
1725360 1312
1725370 1314
1725380 1314
1725390 1314
1725400 1316
1725410 1317
1725420 1317
1725430 1318
1725440 1319
1725450 1319
1725460 1320
1725470 1322
1725480 1322
1725490 1322
1725500 1323
1725510 1326
1725520 1326
1725530 1327
1725540 1327
1725550 1327
1725560 1328
1725570 1328
1725580 1328
1725590 1328
1725600 1328
1725610 1327
1725620 1327
1725630 1327
1725640 1326
1725650 1325
1725660 1323
1725670 1323
1725680 1322
1725690 1319
1725700 1319
1725710 1317
1725720 1313
1725730 1313
1725740 1310
1725750 1308
1725760 1308
1725770 1305
1725780 1302
1725790 1302
1725800 1299
1725810 1296
1725820 1296
1725830 1294
1725840 1291
1725850 1291
1725860 1288
1725870 1286
1725880 1286
1725890 1284
1725900 1282
1725910 1282
1725920 1281
1725930 1279
1725940 1277
1725950 1277
1725960 1276
1725970 1274
1725980 1274
1725990 1273
1726000 1272
1726010 1272
1726020 1270
1726030 1270
1726040 1270
1726050 1270
1726060 1269
1726070 1269
1726080 1268
1726090 1267
1726100 1267
1726110 1266
1726120 1266
1726130 1266
1726140 1265
1726150 1264
1726160 1264
1726170 1263
1726180 1262
1726190 1262
1726200 1261
1726210 1260
1726220 1259
1726230 1259
1726240 1259
1726250 1259
1726260 1259
1726270 1258
1726280 1258
1726290 1258
1726300 1258
1726310 1258
1726320 1258
1726330 1259
1726340 1259
1726350 1259
1726360 1260
1726370 1260
1726380 1260
1726390 1261
1726400 1262
1726410 1262
1726420 1264
1726430 1265
1726440 1265
1726450 1267
1726460 1270
1726470 1270
1726480 1272
1726490 1275
1726500 1277
1726510 1277
1726520 1279
1726530 1281
1726540 1281
1726550 1284
1726560 1287
1726570 1287
1726580 1289
1726590 1292
1726600 1292
1726610 1295
1726620 1298
1726630 1298
1726640 1301
1726650 1304
1726660 1304
1726670 1307
1726680 1310
1726690 1310
1726700 1313
1726710 1316
1726720 1316
1726730 1319
1726740 1321
1726750 1321
1726760 1324
1726770 1327
1726780 1327
1726790 1330
1726800 1333
1726810 1336
1726820 1336
1726830 1338
1726840 1341
1726850 1341
1726860 1344
1726870 1346
1726880 1346
1726890 1348
1726900 1350
1726910 1350
1726920 1351
1726930 1353
1726940 1353
1726950 1356
1726960 1358
1726970 1358
1726980 1359
1726990 1361
1727000 1361
1727010 1362
1727020 1363
1727030 1363
1727040 1363
1727050 1364
1727060 1364
1727070 1364
1727080 1364
1727090 1364
1727100 1364
1727110 1363
1727120 1362
1727130 1362
1727140 1360
1727150 1357
1727160 1357
1727170 1356
1727180 1355
1727190 1355
1727200 1353
1727210 1351
1727220 1351
1727230 1350
1727240 1349
1727250 1349
1727260 1347
1727270 1345
1727280 1345
1727290 1344
1727300 1343
1727310 1343
1727320 1342
1727330 1340
1727340 1340
1727350 1339
1727360 1339
1727370 1338
1727380 1338
1727390 1338
1727400 1338
1727410 1338
1727420 1338
1727430 1338
1727440 1338
1727450 1338
1727460 1337
1727470 1337
1727480 1338
1727490 1337
1727500 1337
1727510 1337
1727520 1337
1727530 1337
1727540 1337
1727550 1337
1727560 1337
1727570 1337
1727580 1337
1727590 1337
1727600 1336
1727610 1336
1727620 1336
1727630 1335
1727640 1334
1727650 1333
1727660 1333
1727670 1332
1727680 1330
1727690 1330
1727700 1328
1727710 1326
1727720 1326
1727730 1324
1727740 1323
1727750 1323
1727760 1322
1727770 1321
1727780 1321
1727790 1319
1727800 1317
1727810 1317
1727820 1316
1727830 1315
1727840 1315
1727850 1314
1727860 1314
1727870 1314
1727880 1314
1727890 1313
1727900 1313
1727910 1310
1727920 1312
1727930 1313
1727940 1313
1727950 1314
1727960 1314
1727970 1314
1727980 1315
1727990 1316
1728000 1316
1728010 1317
1728020 1318
1728030 1318
1728040 1319
1728050 1320
1728060 1320
1728070 1321
1728080 1321
1728090 1321
1728100 1320
1728110 1319
1728120 1319
1728130 1318
1728140 1317
1728150 1317
1728160 1315
1728170 1313
1728180 1313
1728190 1312
1728200 1311
1728210 1309
1728220 1309
1728230 1308
1728240 1306
1728250 1306
1728260 1304
1728270 1303
1728280 1303
1728290 1301
1728300 1299
1728310 1299
1728320 1298
1728330 1297
1728340 1297
1728350 1295
1728360 1292
1728370 1292
1728380 1293
1728390 1292
1728400 1292
1728410 1295
1728420 1296
1728430 1296
1728440 1298
1728450 1298
1728460 1298
1728470 1297
1728480 1299
1728490 1300
1728500 1300
1728510 1302
1728520 1303
1728530 1303
1728540 1305
1728550 1307
1728560 1307
1728570 1309
1728580 1312
1728590 1312
1728600 1314
1728610 1317
1728620 1317
1728630 1319
1728640 1321
1728650 1321
1728660 1323
1728670 1325
1728680 1325
1728690 1327
1728700 1329
1728710 1329
1728720 1332
1728730 1334
1728740 1334
1728750 1335
1728760 1337
1728770 1339
1728780 1339
1728790 1341
1728800 1342
1728810 1342
1728820 1344
1728830 1345
1728840 1345
1728850 1346
1728860 1347
1728870 1347
1728880 1348
1728890 1349
1728900 1349
1728910 1350
1728920 1351
1728930 1351
1728940 1352
1728950 1353
1728960 1353
1728970 1354
1728980 1355
1728990 1355
1729000 1355
1729010 1356
1729020 1356
1729030 1356
1729040 1357
1729050 1357
1729060 1357
1729070 1357
1729080 1357
1729090 1357
1729100 1357
1729110 1357
1729120 1357
1729130 1357
1729140 1357
1729150 1357
1729160 1356
1729170 1356
1729180 1356
1729190 1356
1729200 1355
1729210 1355
1729220 1355
1729230 1355
1729240 1355
1729250 1354
1729260 1354
1729270 1354
1729280 1354
1729290 1353
1729300 1353
1729310 1353
1729320 1352
1729330 1352
1729340 1351
1729350 1351
1729360 1351
1729370 1351
1729380 1350
1729390 1350
1729400 1350
1729410 1350
1729420 1349
1729430 1349
1729440 1348
1729450 1346
1729460 1346
1729470 1344
1729480 1343
1729490 1343
1729500 1342
1729510 1340
1729520 1340
1729530 1339
1729540 1338
1729550 1338
1729560 1338
1729570 1338
1729580 1338
1729590 1337
1729600 1338
1729610 1338
1729620 1338
1729630 1339
1729640 1340
1729650 1340
1729660 1341
1729670 1341
1729680 1341
1729690 1343
1729700 1344
1729710 1344
1729720 1345
1729730 1346
1729740 1346
1729750 1347
1729760 1348
1729770 1348
1729780 1348
1729790 1349
1729800 1349
1729810 1349
1729820 1349
1729830 1349
1729840 1349
1729850 1348
1729860 1348
1729870 1348
1729880 1347
1729890 1347
1729900 1347
1729910 1347
1729920 1349
1729930 1349
1729940 1350
1729950 1350
1729960 1350
1729970 1351
1729980 1352
1729990 1352
1730000 1353
1730010 1354
1730020 1354
1730030 1355
1730040 1356
1730050 1356
1730060 1357
1730070 1357
1730080 1357
1730090 1357
1730100 1360
1730110 1360
1730120 1362
1730130 1362
1730140 1362
1730150 1362
1730160 1364
1730170 1364
1730180 1366
1730190 1367
1730200 1369
1730210 1369
1730220 1371
1730230 1373
1730240 1373
1730250 1373
1730260 1375
1730270 1375
1730280 1377
1730290 1378
1730300 1378
1730310 1381
1730320 1382
1730330 1382
1730340 1384
1730350 1387
1730360 1387
1730370 1388
1730380 1392
1730390 1392
1730400 1395
1730410 1398
1730420 1398
1730430 1400
1730440 1402
1730450 1402
1730460 1405
1730470 1407
1730480 1409
1730490 1409
1730500 1412
1730510 1415
1730520 1415
1730530 1417
1730540 1420
1730550 1420
1730560 1423
1730570 1426
1730580 1426
1730590 1429
1730600 1432
1730610 1432
1730620 1435
1730630 1438
1730640 1438
1730650 1441
1730660 1443
1730670 1443
1730680 1446
1730690 1448
1730700 1448
1730710 1451
1730720 1454
1730730 1454
1730740 1456
1730750 1458
1730760 1461
1730770 1461
1730780 1462
1730790 1465
1730800 1465
1730810 1466
1730820 1468
1730830 1468
1730840 1470
1730850 1472
1730860 1472
1730870 1473
1730880 1474
1730890 1474
1730900 1475
1730910 1475
1730920 1475
1730930 1474
1730940 1472
1730950 1472
1730960 1468
1730970 1463
1730980 1463
1730990 1458
1731000 1452
1731010 1452
1731020 1447
1731030 1441
1731040 1441
1731050 1435
1731060 1428
1731070 1422
1731080 1422
1731090 1415
1731100 1408
1731110 1408
1731120 1400
1731130 1393
1731140 1393
1731150 1387
1731160 1382
1731170 1382
1731180 1378
1731190 1374
1731200 1374
1731210 1370
1731220 1365
1731230 1365
1731240 1362
1731250 1357
1731260 1357
1731270 1355
1731280 1351
1731290 1351
1731300 1347
1731310 1343
1731320 1343
1731330 1338
1731340 1335
1731350 1332
1731360 1332
1731370 1328
1731380 1328
1731390 1328
1731400 1324
1731410 1320
1731420 1320
1731430 1322
1731440 1327
1731450 1327
1731460 1331
1731470 1336
1731480 1336
1731490 1341
1731500 1346
1731510 1346
1731520 1351
1731530 1356
1731540 1356
1731550 1360
1731560 1365
1731570 1365
1731580 1370
1731590 1374
1731600 1374
1731610 1379
1731620 1384
1731630 1389
1731640 1389
1731650 1393
1731660 1398
1731670 1398
1731680 1402
1731690 1407
1731700 1407
1731710 1413
1731720 1418
1731730 1418
1731740 1424
1731750 1429
1731760 1429
1731770 1435
1731780 1441
1731790 1441
1731800 1446
1731810 1451
1731820 1451
1731830 1456
1731840 1461
1731850 1461
1731860 1466
1731870 1470
1731880 1470
1731890 1473
1731900 1476
1731910 1479
1731920 1479
1731930 1482
1731940 1484
1731950 1484
1731960 1485
1731970 1484
1731980 1484
1731990 1481
1732000 1478
1732010 1474
1732020 1471
1732030 1468
1732040 1468
1732050 1465
1732060 1461
1732070 1461
1732080 1457
1732090 1451
1732100 1451
1732110 1446
1732120 1440
1732130 1440
1732140 1435
1732150 1428
1732160 1428
1732170 1420
1732180 1415
1732190 1408
1732200 1408
1732210 1402
1732220 1396
1732230 1396
1732240 1391
1732250 1386
1732260 1386
1732270 1382
1732280 1378
1732290 1378
1732300 1372
1732310 1367
1732320 1367
1732330 1364
1732340 1362
1732350 1362
1732360 1361
1732370 1358
1732380 1358
1732390 1354
1732400 1349
1732410 1349
1732420 1344
1732430 1339
1732440 1339
1732450 1333
1732460 1326
1732470 1321
1732480 1321
1732490 1315
1732500 1317
1732510 1317
1732520 1319
1732530 1319
1732540 1319
1732550 1319
1732560 1322
1732570 1322
1732580 1324
1732590 1326
1732600 1326
1732610 1326
1732620 1326
1732630 1326
1732640 1327
1732650 1328
1732660 1328
1732670 1327
1732680 1328
1732690 1328
1732700 1329
1732710 1330
1732720 1330
1732730 1332
1732740 1333
1732750 1335
1732760 1335
1732770 1336
1732780 1335
1732790 1335
1732800 1336
1732810 1340
1732820 1340
1732830 1343
1732840 1345
1732850 1345
1732860 1347
1732870 1346
1732880 1346
1732890 1352
1732900 1356
1732910 1356
1732920 1359
1732930 1362
1732940 1362
1732950 1364
1732960 1365
1732970 1365
1732980 1366
1732990 1366
1733000 1366
1733010 1367
1733020 1367
1733030 1367
1733040 1368
1733050 1368
1733060 1368
1733070 1368
1733080 1368
1733090 1368
1733100 1368
1733110 1368
1733120 1368
1733130 1368
1733140 1367
1733150 1366
1733160 1366
1733170 1365
1733180 1362
1733190 1362
1733200 1361
1733210 1359
1733220 1359
1733230 1358
1733240 1356
1733250 1356
1733260 1355
1733270 1353
1733280 1353
1733290 1351
1733300 1349
1733310 1349
1733320 1347
1733330 1345
1733340 1343
1733350 1343
1733360 1341
1733370 1339
1733380 1339
1733390 1337
1733400 1335
1733410 1335
1733420 1333
1733430 1331
1733440 1331
1733450 1330
1733460 1328
1733470 1328
1733480 1327
1733490 1325
1733500 1325
1733510 1323
1733520 1321
1733530 1321
1733540 1320
1733550 1318
1733560 1318
1733570 1316
1733580 1314
1733590 1314
1733600 1312
1733610 1311
1733620 1310
1733630 1310
1733640 1309
1733650 1307
1733660 1307
1733670 1306
1733680 1306
1733690 1306
1733700 1305
1733710 1305
1733720 1305
1733730 1305
1733740 1305
1733750 1305
1733760 1305
1733770 1306
1733780 1306
1733790 1307
1733800 1308
1733810 1308
1733820 1309
1733830 1310
1733840 1310
1733850 1311
1733860 1312
1733870 1312
1733880 1314
1733890 1315
1733900 1317
1733910 1317
1733920 1318
1733930 1320
1733940 1320
1733950 1322
1733960 1324
1733970 1324
1733980 1326
1733990 1328
1734000 1328
1734010 1330
1734020 1332
1734030 1335
1734040 1337
1734050 1340
1734060 1340
1734070 1341
1734080 1344
1734090 1344
1734100 1346
1734110 1347
1734120 1347
1734130 1350
1734140 1352
1734150 1352
1734160 1353
1734170 1355
1734180 1357
1734190 1357
1734200 1358
1734210 1359
1734220 1359
1734230 1360
1734240 1361
1734250 1361
1734260 1361
1734270 1362
1734280 1362
1734290 1363
1734300 1363
1734310 1363
1734320 1364
1734330 1364
1734340 1364
1734350 1365
1734360 1365
1734370 1365
1734380 1365
1734390 1366
1734400 1366
1734410 1366
1734420 1367
1734430 1367
1734440 1367
1734450 1367
1734460 1368
1734470 1368
1734480 1369
1734490 1370
1734500 1370
1734510 1371
1734520 1372
1734530 1372
1734540 1373
1734550 1373
1734560 1373
1734570 1375
1734580 1377
1734590 1377
1734600 1378
1734610 1380
1734620 1380
1734630 1381
1734640 1383
1734650 1383
1734660 1384
1734670 1386
1734680 1386
1734690 1387
1734700 1387
1734710 1387
1734720 1387
1734730 1386
1734740 1385
1734750 1385
1734760 1384
1734770 1382
1734780 1382
1734790 1380
1734800 1379
1734810 1379
1734820 1378
1734830 1377
1734840 1377
1734850 1374
1734860 1370
1734870 1370
1734880 1365
1734890 1362
1734900 1362
1734910 1359
1734920 1356
1734930 1356
1734940 1355
1734950 1352
1734960 1352
1734970 1350
1734980 1349
1734990 1349
1735000 1347
1735010 1345
1735020 1345
1735030 1345
1735040 1343
1735050 1340
1735060 1340
1735070 1336
1735080 1333
1735090 1333
1735100 1327
1735110 1325
1735120 1325
1735130 1321
1735140 1316
1735150 1316
1735160 1313
1735170 1309
1735180 1309
1735190 1305
1735200 1301
1735210 1301
1735220 1297
1735230 1292
1735240 1292
1735250 1288
1735260 1283
1735270 1283
1735280 1278
1735290 1274
1735300 1274
1735310 1270
1735320 1265
1735330 1261
1735340 1261
1735350 1255
1735360 1255
1735370 1255
1735380 1251
1735390 1247
1735400 1247
1735410 1243
1735420 1241
1735430 1241
1735440 1239
1735450 1238
1735460 1238
1735470 1237
1735480 1236
1735490 1236
1735500 1236
1735510 1235
1735520 1235
1735530 1233
1735540 1233
1735550 1233
1735560 1234
1735570 1233
1735580 1233
1735590 1233
1735600 1232
1735610 1231
1735620 1231
1735630 1229
1735640 1229
1735650 1229
1735660 1228
1735670 1227
1735680 1227
1735690 1225
1735700 1224
1735710 1224
1735720 1222
1735730 1221
1735740 1221
1735750 1217
1735760 1214
1735770 1214
1735780 1211
1735790 1208
1735800 1208
1735810 1207
1735820 1205
1735830 1205
1735840 1203
1735850 1200
1735860 1200
1735870 1196
1735880 1193
1735890 1189
1735900 1189
1735910 1186
1735920 1183
1735930 1183
1735940 1181
1735950 1179
1735960 1179
1735970 1178
1735980 1176
1735990 1172
1736000 1170
1736010 1170
1736020 1170
1736030 1167
1736040 1167
1736050 1167
1736060 1165
1736070 1163
1736080 1163
1736090 1161
1736100 1159
1736110 1159
1736120 1158
1736130 1156
1736140 1156
1736150 1154
1736160 1151
1736170 1150
1736180 1150
1736190 1147
1736200 1145
1736210 1145
1736220 1142
1736230 1140
1736240 1140
1736250 1137
1736260 1134
1736270 1134
1736280 1131
1736290 1128
1736300 1128
1736310 1124
1736320 1121
1736330 1121
1736340 1117
1736350 1112
1736360 1112
1736370 1109
1736380 1108
1736390 1108
1736400 1105
1736410 1101
1736420 1101
1736430 1096
1736440 1093
1736450 1088
1736460 1088
1736470 1084
1736480 1081
1736490 1081
1736500 1077
1736510 1074
1736520 1074
1736530 1071
1736540 1067
1736550 1067
1736560 1065
1736570 1060
1736580 1060
1736590 1057
1736600 1052
1736610 1052
1736620 1048
1736630 1045
1736640 1045
1736650 1038
1736660 1036
1736670 1036
1736680 1034
1736690 1031
1736700 1031
1736710 1028
1736720 1024
1736730 1024
1736740 1024
1736750 1021
1736760 1018
1736770 1018
1736780 1016
1736790 1013
1736800 1013
1736810 1010
1736820 1009
1736830 1009
1736840 1006
1736850 1003
1736860 1003
1736870 1001
1736880 998
1736890 998
1736900 996
1736910 993
1736920 993
1736930 990
1736940 987
1736950 987
1736960 987
1736970 988
1736980 988
1736990 986
1737000 985
1737010 986
1737020 986
1737030 983
1737040 984
1737050 984
1737060 987
1737070 988
1737080 988
1737090 990
1737100 991
1737110 991
1737120 992
1737130 993
1737140 993
1737150 993
1737160 993
1737170 993
1737180 992
1737190 990
1737200 990
1737210 992
1737220 991
1737230 991
1737240 993
1737250 993
1737260 993
1737270 991
1737280 991
1737290 991
1737300 992
1737310 993
1737320 994
1737330 994
1737340 997
1737350 999
1737360 999
1737370 1001
1737380 1003
1737390 1003
1737400 1005
1737410 1007
1737420 1007
1737430 1010
1737440 1012
1737450 1012
1737460 1015
1737470 1018
1737480 1018
1737490 1019
1737500 1021
1737510 1021
1737520 1022
1737530 1023
1737540 1023
1737550 1022
1737560 1021
1737570 1021
1737580 1021
1737590 1022
1737600 1017
1737610 1017
1737620 1024
1737630 1029
1737640 1029
1737650 1033
1737660 1037
1737670 1037
1737680 1041
1737690 1043
1737700 1043
1737710 1045
1737720 1047
1737730 1047
1737740 1049
1737750 1052
1737760 1052
1737770 1054
1737780 1057
1737790 1057
1737800 1060
1737810 1062
1737820 1062
1737830 1065
1737840 1067
1737850 1067
1737860 1069
1737870 1071
1737880 1073
1737890 1073
1737900 1078
1737910 1080
1737920 1080
1737930 1082
1737940 1085
1737950 1085
1737960 1089
1737970 1091
1737980 1091
1737990 1093
1738000 1094
1738010 1094
1738020 1096
1738030 1098
1738040 1098
1738050 1100
1738060 1103
1738070 1103
1738080 1104
1738090 1105
1738100 1105
1738110 1106
1738120 1108
1738130 1108
1738140 1109
1738150 1109
1738160 1111
1738170 1111
1738180 1114
1738190 1116
1738200 1116
1738210 1118
1738220 1118
1738230 1118
1738240 1118
1738250 1118
1738260 1118
1738270 1117
1738280 1116
1738290 1116
1738300 1115
1738310 1113
1738320 1113
1738330 1110
1738340 1106
1738350 1106
1738360 1102
1738370 1097
1738380 1097
1738390 1092
1738400 1086
1738410 1086
1738420 1080
1738430 1074
1738440 1069
1738450 1069
1738460 1062
1738470 1057
1738480 1057
1738490 1051
1738500 1046
1738510 1046
1738520 1040
1738530 1035
1738540 1035
1738550 1029
1738560 1024
1738570 1024
1738580 1019
1738590 1014
1738600 1014
1738610 1009
1738620 1004
1738630 1004
1738640 1000
1738650 996
1738660 996
1738670 991
1738680 987
1738690 987
1738700 983
1738710 979
1738720 975
1738730 975
1738740 968
1738750 963
1738760 963
1738770 957
1738780 955
1738790 955
1738800 952
1738810 951
1738820 951
1738830 953
1738840 951
1738850 951
1738860 951
1738870 951
1738880 951
1738890 950
1738900 947
1738910 947
1738920 942
1738930 941
1738940 941
1738950 939
1738960 938
1738970 938
1738980 936
1738990 937
1739000 938
1739010 938
1739020 940
1739030 942
1739040 942
1739050 944
1739060 944
1739070 944
1739080 945
1739090 947
1739100 947
1739110 947
1739120 946
1739130 946
1739140 946
1739150 945
1739160 945
1739170 943
1739180 942
1739190 942
1739200 942
1739210 942
1739220 942
1739230 942
1739240 942
1739250 942
1739260 943
1739270 946
1739280 946
1739290 944
1739300 944
1739310 944
1739320 944
1739330 942
1739340 940
1739350 940
1739360 939
1739370 938
1739380 938
1739390 937
1739400 936
1739410 936
1739420 934
1739430 933
1739440 933
1739450 932
1739460 931
1739470 931
1739480 930
1739490 930
1739500 930
1739510 929
1739520 927
1739530 927
1739540 926
1739550 925
1739560 925
1739570 922
1739580 919
1739590 913
1739600 913
1739610 912
1739620 906
1739630 906
1739640 900
1739650 893
1739660 893
1739670 888
1739680 885
1739690 885
1739700 884
1739710 882
1739720 882
1739730 880
1739740 877
1739750 881
1739760 878
1739770 874
1739780 874
1739790 870
1739800 864
1739810 864
1739820 856
1739830 849
1739840 849
1739850 847
1739860 854
1739870 856
1739880 856
1739890 857
1739900 856
1739910 856
1739920 851
1739930 842
1739940 842
1739950 840
1739960 833
1739970 833
1739980 828
1739990 822
