1720000 1265
1720010 1265
1720020 1269
1720030 1272
1720040 1272
1720050 1274
1720060 1276
1720070 1276
1720080 1276
1720090 1276
1720100 1276
1720110 1276
1720120 1277
1720130 1277
1720140 1276
1720150 1276
1720160 1276
1720170 1276
1720180 1274
1720190 1274
1720200 1271
1720210 1269
1720220 1269
1720230 1266
1720240 1264
1720250 1264
1720260 1265
1720270 1266
1720280 1269
1720290 1269
1720300 1271
1720310 1273
1720320 1273
1720330 1275
1720340 1278
1720350 1278
1720360 1280
1720370 1281
1720380 1281
1720390 1285
1720400 1286
1720410 1286
1720420 1289
1720430 1291
1720440 1291
1720450 1293
1720460 1294
1720470 1294
1720480 1295
1720490 1296
1720500 1296
1720510 1297
1720520 1297
1720530 1297
1720540 1297
1720550 1297
1720560 1296
1720570 1296
1720580 1295
1720590 1293
1720600 1293
1720610 1292
1720620 1291
1720630 1291
1720640 1289
1720650 1288
1720660 1288
1720670 1286
1720680 1284
1720690 1284
1720700 1280
1720710 1277
1720720 1277
1720730 1273
1720740 1269
1720750 1269
1720760 1265
1720770 1263
1720780 1263
1720790 1261
1720800 1260
1720810 1260
1720820 1258
1720830 1255
1720840 1255
1720850 1253
1720860 1252
1720870 1249
1720880 1249
1720890 1247
1720900 1244
1720910 1244
1720920 1242
1720930 1244
1720940 1244
1720950 1249
1720960 1253
1720970 1253
1720980 1257
1720990 1261
1721000 1261
1721010 1266
1721020 1270
1721030 1270
1721040 1274
1721050 1278
1721060 1278
1721070 1281
1721080 1284
1721090 1284
1721100 1288
1721110 1291
1721120 1291
1721130 1293
1721140 1296
1721150 1299
1721160 1299
1721170 1301
1721180 1304
1721190 1304
1721200 1306
1721210 1308
1721220 1308
1721230 1310
1721240 1312
1721250 1312
1721260 1311
1721270 1309
1721280 1309
1721290 1306
1721300 1304
1721310 1304
1721320 1301
1721330 1297
1721340 1297
1721350 1294
1721360 1289
1721370 1289
1721380 1285
1721390 1282
1721400 1282
1721410 1279
1721420 1276
1721430 1272
1721440 1272
1721450 1269
1721460 1267
1721470 1267
1721480 1265
1721490 1262
1721500 1262
1721510 1259
1721520 1256
1721530 1256
1721540 1252
1721550 1249
1721560 1249
1721570 1246
1721580 1242
1721590 1242
1721600 1238
1721610 1233
1721620 1233
1721630 1229
1721640 1226
1721650 1226
1721660 1223
1721670 1220
1721680 1220
1721690 1217
1721700 1215
1721710 1213
1721720 1213
1721730 1212
1721740 1210
1721750 1210
1721760 1208
1721770 1206
1721780 1206
1721790 1203
1721800 1202
1721810 1202
1721820 1204
1721830 1208
1721840 1208
1721850 1212
1721860 1218
1721870 1218
1721880 1222
1721890 1226
1721900 1226
1721910 1231
1721920 1235
1721930 1235
1721940 1238
1721950 1241
1721960 1241
1721970 1245
1721980 1248
1721990 1252
1722000 1252
1722010 1255
1722020 1257
1722030 1257
1722040 1260
1722050 1261
1722060 1261
1722070 1260
1722080 1258
1722090 1258
1722100 1256
1722110 1255
1722120 1255
1722130 1254
1722140 1254
1722150 1254
1722160 1253
1722170 1251
1722180 1251
1722190 1252
1722200 1253
1722210 1253
1722220 1254
1722230 1255
1722240 1255
1722250 1257
1722260 1259
1722270 1262
1722280 1262
1722290 1264
1722300 1266
1722310 1266
1722320 1269
1722330 1273
1722340 1273
1722350 1275
1722360 1278
1722370 1278
1722380 1280
1722390 1282
1722400 1282
1722410 1284
1722420 1287
1722430 1287
1722440 1289
1722450 1291
1722460 1291
1722470 1294
1722480 1296
1722490 1296
1722500 1298
1722510 1300
1722520 1300
1722530 1303
1722540 1305
1722550 1307
1722560 1307
1722570 1310
1722580 1313
1722590 1313
1722600 1316
1722610 1319
1722620 1319
1722630 1322
1722640 1325
1722650 1325
1722660 1328
1722670 1330
1722680 1330
1722690 1332
1722700 1335
1722710 1335
1722720 1337
1722730 1339
1722740 1339
1722750 1341
1722760 1343
1722770 1343
1722780 1346
1722790 1348
1722800 1348
1722810 1351
1722820 1353
1722830 1353
1722840 1356
1722850 1358
1722860 1360
1722870 1360
1722880 1362
1722890 1364
1722900 1364
1722910 1366
1722920 1369
1722930 1369
1722940 1371
1722950 1373
1722960 1373
1722970 1375
1722980 1377
1722990 1377
1723000 1379
1723010 1380
1723020 1380
1723030 1382
1723040 1383
1723050 1383
1723060 1386
1723070 1388
1723080 1388
1723090 1389
1723100 1391
1723110 1391
1723120 1394
1723130 1395
1723140 1398
1723150 1398
1723160 1400
1723170 1402
1723180 1402
1723190 1404
1723200 1406
1723210 1406
1723220 1408
1723230 1410
1723240 1410
1723250 1412
1723260 1413
1723270 1413
1723280 1415
1723290 1417
1723300 1417
1723310 1418
1723320 1419
1723330 1419
1723340 1420
1723350 1420
1723360 1420
1723370 1420
1723380 1421
1723390 1421
1723400 1421
1723410 1421
1723420 1420
1723430 1420
1723440 1420
1723450 1419
1723460 1419
1723470 1419
1723480 1418
1723490 1418
1723500 1416
1723510 1415
1723520 1415
1723530 1413
1723540 1411
1723550 1411
1723560 1407
1723570 1404
1723580 1404
1723590 1401
1723600 1397
1723610 1397
1723620 1393
1723630 1389
1723640 1389
1723650 1385
1723660 1381
1723670 1381
1723680 1377
1723690 1374
1723700 1369
1723710 1369
1723720 1366
1723730 1362
1723740 1362
1723750 1358
1723760 1354
1723770 1354
1723780 1349
1723790 1345
1723800 1345
1723810 1342
1723820 1338
1723830 1338
1723840 1334
1723850 1330
1723860 1330
1723870 1326
1723880 1321
1723890 1321
1723900 1318
1723910 1314
1723920 1314
1723930 1310
1723940 1308
1723950 1308
1723960 1305
1723970 1303
1723980 1300
1723990 1300
1724000 1297
1724010 1295
1724020 1295
1724030 1293
1724040 1291
1724050 1291
1724060 1288
1724070 1286
1724080 1286
1724090 1285
1724100 1292
1724110 1292
1724120 1297
1724130 1301
1724140 1301
1724150 1306
1724160 1310
1724170 1310
1724180 1314
1724190 1318
1724200 1318
1724210 1323
1724220 1326
1724230 1326
1724240 1331
1724250 1335
1724260 1339
1724270 1339
1724280 1343
1724290 1346
1724300 1346
1724310 1350
1724320 1353
1724330 1353
1724340 1356
1724350 1359
1724360 1359
1724370 1361
1724380 1364
1724390 1364
1724400 1366
1724410 1368
1724420 1368
1724430 1370
1724440 1372
1724450 1372
1724460 1375
1724470 1376
1724480 1376
1724490 1377
1724500 1378
1724510 1378
1724520 1378
1724530 1378
1724540 1378
1724550 1378
1724560 1380
1724570 1380
1724580 1380
1724590 1379
1724600 1378
1724610 1378
1724620 1377
1724630 1376
1724640 1376
1724650 1375
1724660 1373
1724670 1373
1724680 1371
1724690 1370
1724700 1370
1724710 1369
1724720 1368
1724730 1368
1724740 1367
1724750 1366
1724760 1366
1724770 1365
1724780 1365
1724790 1365
1724800 1365
1724810 1365
1724820 1365
1724830 1365
1724840 1365
1724850 1365
1724860 1365
1724870 1364
1724880 1363
1724890 1363
1724900 1361
1724910 1359
1724920 1359
1724930 1356
1724940 1353
1724950 1353
1724960 1350
1724970 1347
1724980 1347
1724990 1346
1725000 1342
1725010 1342
1725020 1340
1725030 1338
1725040 1338
1725050 1335
1725060 1332
1725070 1332
1725080 1330
1725090 1327
1725100 1327
1725110 1324
1725120 1321
1725130 1319
1725140 1319
1725150 1316
1725160 1315
1725170 1315
1725180 1314
1725190 1314
1725200 1314
1725210 1312
1725220 1310
1725230 1310
1725240 1310
1725250 1312
1725260 1312
1725270 1315
1725280 1317
1725290 1317
1725300 1320
1725310 1322
1725320 1322
1725330 1325
1725340 1327
1725350 1327
1725360 1330
1725370 1332
1725380 1332
1725390 1334
1725400 1336
1725410 1337
1725420 1337
1725430 1339
1725440 1340
1725450 1340
1725460 1342
1725470 1343
1725480 1343
1725490 1344
1725500 1346
1725510 1346
1725520 1347
1725530 1347
1725540 1347
1725550 1347
1725560 1347
1725570 1347
1725580 1346
1725590 1344
1725600 1344
1725610 1343
1725620 1340
1725630 1340
1725640 1339
1725650 1337
1725660 1337
1725670 1335
1725680 1333
1725690 1330
1725700 1330
1725710 1328
1725720 1325
1725730 1325
1725740 1322
1725750 1318
1725760 1318
1725770 1316
1725780 1313
1725790 1313
1725800 1309
1725810 1306
1725820 1306
1725830 1302
1725840 1301
1725850 1301
1725860 1299
1725870 1298
1725880 1298
1725890 1297
1725900 1296
1725910 1296
1725920 1295
1725930 1295
1725940 1295
1725950 1293
1725960 1291
1725970 1289
1725980 1289
1725990 1287
1726000 1286
1726010 1286
1726020 1284
1726030 1282
1726040 1282
1726050 1280
1726060 1278
1726070 1278
1726080 1275
1726090 1273
1726100 1273
1726110 1272
1726120 1271
1726130 1271
1726140 1271
1726150 1270
1726160 1270
1726170 1269
1726180 1268
1726190 1268
1726200 1268
1726210 1267
1726220 1267
1726230 1267
1726240 1266
1726250 1266
1726260 1266
1726270 1266
1726280 1266
1726290 1266
1726300 1266
1726310 1266
1726320 1266
1726330 1266
1726340 1266
1726350 1266
1726360 1267
1726370 1267
1726380 1267
1726390 1268
1726400 1269
1726410 1269
1726420 1270
1726430 1270
1726440 1270
1726450 1272
1726460 1273
1726470 1273
1726480 1275
1726490 1276
1726500 1276
1726510 1279
1726520 1281
1726530 1283
1726540 1283
1726550 1286
1726560 1288
1726570 1288
1726580 1290
1726590 1293
1726600 1293
1726610 1296
1726620 1298
1726630 1298
1726640 1301
1726650 1304
1726660 1304
1726670 1307
1726680 1309
1726690 1309
1726700 1313
1726710 1316
1726720 1316
1726730 1319
1726740 1322
1726750 1322
1726760 1325
1726770 1328
1726780 1328
1726790 1332
1726800 1335
1726810 1335
1726820 1338
1726830 1341
1726840 1344
1726850 1344
1726860 1347
1726870 1349
1726880 1349
1726890 1352
1726900 1355
1726910 1355
1726920 1357
1726930 1359
1726940 1359
1726950 1361
1726960 1363
1726970 1363
1726980 1364
1726990 1367
1727000 1367
1727010 1368
1727020 1369
1727030 1369
1727040 1369
1727050 1370
1727060 1370
1727070 1370
1727080 1370
1727090 1370
1727100 1370
1727110 1369
1727120 1367
1727130 1367
1727140 1365
1727150 1364
1727160 1364
1727170 1362
1727180 1360
1727190 1360
1727200 1360
1727210 1359
1727220 1359
1727230 1358
1727240 1357
1727250 1357
1727260 1356
1727270 1355
1727280 1355
1727290 1355
1727300 1354
1727310 1354
1727320 1353
1727330 1353
1727340 1353
1727350 1353
1727360 1352
1727370 1352
1727380 1351
1727390 1351
1727400 1351
1727410 1351
1727420 1351
1727430 1351
1727440 1351
1727450 1350
1727460 1350
1727470 1350
1727480 1350
1727490 1350
1727500 1350
1727510 1350
1727520 1349
1727530 1349
1727540 1349
1727550 1348
1727560 1348
1727570 1347
1727580 1346
1727590 1346
1727600 1345
1727610 1343
1727620 1343
1727630 1342
1727640 1340
1727650 1340
1727660 1338
1727670 1336
1727680 1334
1727690 1334
1727700 1331
1727710 1330
1727720 1330
1727730 1328
1727740 1327
1727750 1327
1727760 1326
1727770 1325
1727780 1325
1727790 1324
1727800 1324
1727810 1324
1727820 1323
1727830 1322
1727840 1322
1727850 1322
1727860 1321
1727870 1321
1727880 1321
1727890 1319
1727900 1319
1727910 1318
1727920 1319
1727930 1319
1727940 1321
1727950 1322
1727960 1323
1727970 1323
1727980 1323
1727990 1324
1728000 1324
1728010 1325
1728020 1325
1728030 1325
1728040 1325
1728050 1325
1728060 1325
1728070 1325
1728080 1324
1728090 1324
1728100 1323
1728110 1322
1728120 1322
1728130 1321
1728140 1319
1728150 1319
1728160 1318
1728170 1317
1728180 1317
1728190 1316
1728200 1315
1728210 1315
1728220 1315
1728230 1314
1728240 1313
1728250 1313
1728260 1312
1728270 1311
1728280 1311
1728290 1309
1728300 1307
1728310 1307
1728320 1305
1728330 1304
1728340 1304
1728350 1303
1728360 1304
1728370 1304
1728380 1304
1728390 1304
1728400 1304
1728410 1300
1728420 1301
1728430 1301
1728440 1303
1728450 1304
1728460 1304
1728470 1305
1728480 1306
1728490 1306
1728500 1307
1728510 1307
1728520 1306
1728530 1306
1728540 1307
1728550 1309
1728560 1309
1728570 1310
1728580 1311
1728590 1311
1728600 1312
1728610 1313
1728620 1313
1728630 1315
1728640 1317
1728650 1317
1728660 1319
1728670 1321
1728680 1321
1728690 1322
1728700 1323
1728710 1323
1728720 1325
1728730 1326
1728740 1326
1728750 1328
1728760 1330
1728770 1330
1728780 1332
1728790 1333
1728800 1333
1728810 1335
1728820 1337
1728830 1338
1728840 1338
1728850 1340
1728860 1341
1728870 1341
1728880 1343
1728890 1344
1728900 1344
1728910 1345
1728920 1347
1728930 1347
1728940 1348
1728950 1349
1728960 1349
1728970 1350
1728980 1351
1728990 1351
1729000 1353
1729010 1354
1729020 1354
1729030 1355
1729040 1355
1729050 1355
1729060 1356
1729070 1357
1729080 1357
1729090 1358
1729100 1358
1729110 1359
1729120 1359
1729130 1360
1729140 1360
1729150 1360
1729160 1361
1729170 1361
1729180 1361
1729190 1361
1729200 1362
1729210 1362
1729220 1362
1729230 1362
1729240 1362
1729250 1363
1729260 1362
1729270 1362
1729280 1362
1729290 1362
1729300 1362
1729310 1362
1729320 1362
1729330 1362
1729340 1362
1729350 1362
1729360 1362
1729370 1362
1729380 1362
1729390 1361
1729400 1361
1729410 1361
1729420 1360
1729430 1360
1729440 1359
1729450 1358
1729460 1358
1729470 1357
1729480 1356
1729490 1356
1729500 1355
1729510 1354
1729520 1354
1729530 1353
1729540 1352
1729550 1352
1729560 1352
1729570 1351
1729580 1351
1729590 1350
1729600 1349
1729610 1349
1729620 1349
1729630 1349
1729640 1349
1729650 1350
1729660 1350
1729670 1351
1729680 1351
1729690 1352
1729700 1353
1729710 1353
1729720 1355
1729730 1356
1729740 1356
1729750 1357
1729760 1358
1729770 1358
1729780 1359
1729790 1360
1729800 1360
1729810 1360
1729820 1361
1729830 1361
1729840 1361
1729850 1362
1729860 1362
1729870 1361
1729880 1361
1729890 1361
1729900 1360
1729910 1360
1729920 1360
1729930 1360
1729940 1360
1729950 1360
1729960 1360
1729970 1360
1729980 1359
1729990 1359
1730000 1360
1730010 1361
1730020 1361
1730030 1362
1730040 1362
1730050 1362
1730060 1363
1730070 1364
1730080 1364
1730090 1364
1730100 1365
1730110 1365
1730120 1365
1730130 1367
1730140 1367
1730150 1369
1730160 1370
1730170 1370
1730180 1371
1730190 1373
1730200 1373
1730210 1376
1730220 1378
1730230 1379
1730240 1379
1730250 1382
1730260 1383
1730270 1383
1730280 1385
1730290 1388
1730300 1388
1730310 1389
1730320 1392
1730330 1392
1730340 1394
1730350 1396
1730360 1396
1730370 1398
1730380 1401
1730390 1401
1730400 1403
1730410 1405
1730420 1405
1730430 1407
1730440 1409
1730450 1409
1730460 1412
1730470 1414
1730480 1414
1730490 1417
1730500 1419
1730510 1422
1730520 1422
1730530 1425
1730540 1428
1730550 1428
1730560 1431
1730570 1434
1730580 1434
1730590 1437
1730600 1440
1730610 1440
1730620 1443
1730630 1446
1730640 1446
1730650 1449
1730660 1451
1730670 1451
1730680 1454
1730690 1457
1730700 1457
1730710 1459
1730720 1461
1730730 1461
1730740 1463
1730750 1466
1730760 1466
1730770 1468
1730780 1469
1730790 1469
1730800 1471
1730810 1472
1730820 1473
1730830 1473
1730840 1472
1730850 1470
1730860 1470
1730870 1468
1730880 1465
1730890 1465
1730900 1462
1730910 1458
1730920 1458
1730930 1455
1730940 1451
1730950 1451
1730960 1446
1730970 1441
1730980 1441
1730990 1434
1731000 1430
1731010 1430
1731020 1425
1731030 1419
1731040 1419
1731050 1414
1731060 1408
1731070 1408
1731080 1402
1731090 1396
1731100 1389
1731110 1389
1731120 1382
1731130 1378
1731140 1378
1731150 1372
1731160 1363
1731170 1363
1731180 1358
1731190 1353
1731200 1353
1731210 1347
1731220 1341
1731230 1341
1731240 1334
1731250 1331
1731260 1331
1731270 1324
1731280 1322
1731290 1322
1731300 1320
1731310 1317
1731320 1317
1731330 1314
1731340 1310
1731350 1310
1731360 1307
1731370 1304
1731380 1302
1731390 1302
1731400 1298
1731410 1299
1731420 1299
1731430 1307
1731440 1311
1731450 1311
1731460 1315
1731470 1318
1731480 1318
1731490 1322
1731500 1326
1731510 1326
1731520 1333
1731530 1336
1731540 1336
1731550 1342
1731560 1348
1731570 1348
1731580 1353
1731590 1359
1731600 1359
1731610 1364
1731620 1371
1731630 1371
1731640 1376
1731650 1382
1731660 1388
1731670 1388
1731680 1394
1731690 1399
1731700 1399
1731710 1405
1731720 1410
1731730 1410
1731740 1416
1731750 1421
1731760 1421
1731770 1425
1731780 1430
1731790 1430
1731800 1433
1731810 1438
1731820 1438
1731830 1442
1731840 1446
1731850 1446
1731860 1450
1731870 1454
1731880 1454
1731890 1457
1731900 1460
1731910 1460
1731920 1461
1731930 1461
1731940 1461
1731950 1461
1731960 1460
1731970 1459
1731980 1459
1731990 1458
1732000 1456
1732010 1456
1732020 1455
1732030 1454
1732040 1454
1732050 1452
1732060 1451
1732070 1451
1732080 1448
1732090 1446
1732100 1446
1732110 1443
1732120 1440
1732130 1440
1732140 1435
1732150 1429
1732160 1429
1732170 1420
1732180 1414
1732190 1414
1732200 1406
1732210 1399
1732220 1392
1732230 1392
1732240 1387
1732250 1384
1732260 1384
1732270 1380
1732280 1375
1732290 1375
1732300 1371
1732310 1368
1732320 1368
1732330 1363
1732340 1360
1732350 1360
1732360 1354
1732370 1348
1732380 1348
1732390 1341
1732400 1334
1732410 1334
1732420 1328
1732430 1322
1732440 1322
1732450 1315
1732460 1307
1732470 1307
1732480 1300
1732490 1295
1732500 1294
1732510 1294
1732520 1288
1732530 1291
1732540 1291
1732550 1293
1732560 1292
1732570 1292
1732580 1290
1732590 1290
1732600 1290
1732610 1289
1732620 1291
1732630 1291
1732640 1296
1732650 1297
1732660 1297
1732670 1298
1732680 1299
1732690 1299
1732700 1301
1732710 1302
1732720 1302
1732730 1304
1732740 1303
1732750 1303
1732760 1307
1732770 1312
1732780 1312
1732790 1314
1732800 1319
1732810 1323
1732820 1323
1732830 1326
1732840 1330
1732850 1330
1732860 1333
1732870 1337
1732880 1337
1732890 1340
1732900 1343
1732910 1343
1732920 1346
1732930 1350
1732940 1350
1732950 1353
1732960 1356
1732970 1356
1732980 1358
1732990 1360
1733000 1360
1733010 1362
1733020 1364
1733030 1364
1733040 1366
1733050 1368
1733060 1368
1733070 1369
1733080 1370
1733090 1371
1733100 1371
1733110 1372
1733120 1372
1733130 1372
1733140 1372
1733150 1372
1733160 1372
1733170 1371
1733180 1370
1733190 1370
1733200 1369
1733210 1368
1733220 1368
1733230 1367
1733240 1365
1733250 1365
1733260 1363
1733270 1361
1733280 1361
1733290 1359
1733300 1356
1733310 1356
1733320 1355
1733330 1353
1733340 1353
1733350 1352
1733360 1350
1733370 1349
1733380 1349
1733390 1347
1733400 1346
1733410 1346
1733420 1344
1733430 1342
1733440 1342
1733450 1341
1733460 1340
1733470 1340
1733480 1338
1733490 1337
1733500 1337
1733510 1336
1733520 1334
1733530 1334
1733540 1334
1733550 1333
1733560 1333
1733570 1333
1733580 1332
1733590 1332
1733600 1331
1733610 1331
1733620 1331
1733630 1329
1733640 1328
1733650 1327
1733660 1327
1733670 1326
1733680 1325
1733690 1325
1733700 1325
1733710 1325
1733720 1325
1733730 1325
1733740 1326
1733750 1326
1733760 1327
1733770 1328
1733780 1328
1733790 1329
1733800 1329
1733810 1329
1733820 1330
1733830 1331
1733840 1331
1733850 1332
1733860 1333
1733870 1333
1733880 1335
1733890 1336
1733900 1336
1733910 1337
1733920 1339
1733930 1341
1733940 1341
1733950 1342
1733960 1344
1733970 1344
1733980 1346
1733990 1349
1734000 1349
1734010 1349
1734020 1352
1734030 1352
1734040 1354
1734050 1356
1734060 1356
1734070 1358
1734080 1360
1734090 1360
1734100 1362
1734110 1364
1734120 1364
1734130 1366
1734140 1368
1734150 1368
1734160 1370
1734170 1371
1734180 1371
1734190 1372
1734200 1374
1734210 1375
1734220 1375
1734230 1375
1734240 1376
1734250 1376
1734260 1377
1734270 1378
1734280 1378
1734290 1378
1734300 1378
1734310 1378
1734320 1378
1734330 1379
1734340 1379
1734350 1378
1734360 1378
1734370 1378
1734380 1378
1734390 1378
1734400 1378
1734410 1378
1734420 1378
1734430 1378
1734440 1378
1734450 1378
1734460 1378
1734470 1379
1734480 1380
1734490 1381
1734500 1381
1734510 1381
1734520 1382
1734530 1382
1734540 1383
1734550 1384
1734560 1384
1734570 1385
1734580 1385
1734590 1385
1734600 1386
1734610 1387
1734620 1387
1734630 1387
1734640 1387
1734650 1387
1734660 1385
1734670 1384
1734680 1384
1734690 1382
1734700 1380
1734710 1380
1734720 1378
1734730 1376
1734740 1376
1734750 1374
1734760 1372
1734770 1372
1734780 1370
1734790 1368
1734800 1363
1734810 1363
1734820 1362
1734830 1358
1734840 1358
1734850 1355
1734860 1353
1734870 1353
1734880 1351
1734890 1349
1734900 1349
1734910 1347
1734920 1345
1734930 1345
1734940 1343
1734950 1341
1734960 1341
1734970 1338
1734980 1336
1734990 1336
1735000 1334
1735010 1332
1735020 1332
1735030 1329
1735040 1324
1735050 1324
1735060 1322
1735070 1319
1735080 1315
1735090 1315
1735100 1312
1735110 1309
1735120 1309
1735130 1306
1735140 1303
1735150 1303
1735160 1300
1735170 1297
1735180 1297
1735190 1294
1735200 1290
1735210 1290
1735220 1288
1735230 1286
1735240 1286
1735250 1282
1735260 1279
1735270 1279
1735280 1274
1735290 1269
1735300 1269
1735310 1264
1735320 1258
1735330 1258
1735340 1254
1735350 1250
1735360 1243
1735370 1243
1735380 1238
1735390 1233
1735400 1233
1735410 1229
1735420 1225
1735430 1225
1735440 1220
1735450 1219
1735460 1219
1735470 1214
1735480 1212
1735490 1212
1735500 1211
1735510 1210
1735520 1210
1735530 1209
1735540 1208
1735550 1208
1735560 1207
1735570 1206
1735580 1206
1735590 1205
1735600 1205
1735610 1205
1735620 1205
1735630 1204
1735640 1204
1735650 1204
1735660 1203
1735670 1203
1735680 1203
1735690 1202
1735700 1201
1735710 1201
1735720 1199
1735730 1198
1735740 1198
1735750 1196
1735760 1192
1735770 1192
1735780 1189
1735790 1185
1735800 1185
1735810 1181
1735820 1177
1735830 1177
1735840 1173
1735850 1171
1735860 1171
1735870 1168
1735880 1165
1735890 1165
1735900 1161
1735910 1160
1735920 1157
1735930 1157
1735940 1155
1735950 1154
1735960 1154
1735970 1153
1735980 1151
1735990 1151
1736000 1150
1736010 1147
1736020 1147
1736030 1146
1736040 1144
1736050 1144
1736060 1143
1736070 1142
1736080 1142
1736090 1139
1736100 1137
1736110 1137
1736120 1136
1736130 1134
1736140 1134
1736150 1132
1736160 1129
1736170 1129
1736180 1127
1736190 1124
1736200 1122
1736210 1122
1736220 1120
1736230 1117
1736240 1117
1736250 1115
1736260 1112
1736270 1112
1736280 1110
1736290 1108
1736300 1108
1736310 1104
1736320 1101
1736330 1101
1736340 1098
1736350 1095
1736360 1095
1736370 1092
1736380 1088
1736390 1088
1736400 1084
1736410 1079
1736420 1079
1736430 1075
1736440 1071
1736450 1071
1736460 1067
1736470 1064
1736480 1060
1736490 1060
1736500 1054
1736510 1052
1736520 1052
1736530 1051
1736540 1046
1736550 1046
1736560 1044
1736570 1040
1736580 1040
1736590 1036
1736600 1032
1736610 1032
1736620 1028
1736630 1025
1736640 1025
1736650 1019
1736660 1019
1736670 1019
1736680 1018
1736690 1017
1736700 1017
1736710 1012
1736720 1009
1736730 1009
1736740 1006
1736750 1008
1736760 1008
1736770 1009
1736780 1008
1736790 1006
1736800 1006
1736810 1006
1736820 1007
1736830 1007
1736840 1008
1736850 1009
1736860 1009
1736870 1010
1736880 1011
1736890 1011
1736900 1011
1736910 1011
1736920 1011
1736930 1010
1736940 1010
1736950 1010
1736960 1010
1736970 1006
1736980 1006
1736990 1001
1737000 996
1737010 996
1737020 999
1737030 1004
1737040 1004
1737050 1004
1737060 1000
1737070 1002
1737080 1002
1737090 1003
1737100 1004
1737110 1004
1737120 1008
1737130 1009
1737140 1009
1737150 1009
1737160 1009
1737170 1009
1737180 1007
1737190 1005
1737200 1005
1737210 1004
1737220 1004
1737230 1004
1737240 1005
1737250 1006
1737260 1006
1737270 1007
1737280 1010
1737290 1010
1737300 1009
1737310 1010
1737320 1010
1737330 1011
1737340 1013
1737350 1016
1737360 1016
1737370 1020
1737380 1023
1737390 1023
1737400 1025
1737410 1028
1737420 1028
1737430 1031
1737440 1033
1737450 1033
1737460 1035
1737470 1037
1737480 1037
1737490 1039
1737500 1041
1737510 1041
1737520 1043
1737530 1044
1737540 1044
1737550 1046
1737560 1047
1737570 1047
1737580 1047
1737590 1048
1737600 1048
1737610 1050
1737620 1047
1737630 1051
1737640 1051
1737650 1054
1737660 1055
1737670 1055
1737680 1056
1737690 1058
1737700 1058
1737710 1061
1737720 1063
1737730 1063
1737740 1066
1737750 1069
1737760 1069
1737770 1071
1737780 1074
1737790 1074
1737800 1076
1737810 1079
1737820 1079
1737830 1081
1737840 1083
1737850 1083
1737860 1085
1737870 1086
1737880 1086
1737890 1088
1737900 1090
1737910 1092
1737920 1092
1737930 1094
1737940 1097
1737950 1097
1737960 1099
1737970 1102
1737980 1102
1737990 1105
1738000 1108
1738010 1108
1738020 1110
1738030 1113
1738040 1113
1738050 1115
1738060 1117
1738070 1117
1738080 1119
1738090 1120
1738100 1120
1738110 1122
1738120 1124
1738130 1124
1738140 1125
1738150 1126
1738160 1126
1738170 1127
1738180 1128
1738190 1129
1738200 1129
1738210 1131
1738220 1132
1738230 1132
1738240 1133
1738250 1130
1738260 1130
1738270 1127
1738280 1123
1738290 1123
1738300 1118
1738310 1113
1738320 1113
1738330 1109
1738340 1104
1738350 1104
1738360 1099
1738370 1094
1738380 1094
1738390 1087
1738400 1081
1738410 1081
1738420 1075
1738430 1069
1738440 1069
1738450 1063
1738460 1057
1738470 1052
1738480 1052
1738490 1046
1738500 1041
1738510 1041
1738520 1036
1738530 1031
1738540 1031
1738550 1026
1738560 1021
1738570 1021
1738580 1017
1738590 1012
1738600 1012
1738610 1009
1738620 1004
1738630 1004
1738640 999
1738650 994
1738660 994
1738670 993
1738680 991
1738690 991
1738700 990
1738710 990
1738720 990
1738730 989
1738740 989
1738750 989
1738760 987
1738770 985
1738780 981
1738790 981
1738800 980
1738810 980
1738820 980
1738830 979
1738840 978
1738850 978
1738860 977
1738870 975
1738880 975
1738890 974
1738900 971
1738910 971
1738920 967
1738930 963
1738940 963
1738950 960
1738960 956
1738970 956
1738980 954
1738990 962
1739000 962
1739010 965
1739020 967
1739030 967
1739040 969
1739050 970
1739060 971
1739070 971
1739080 971
1739090 971
1739100 971
1739110 971
1739120 971
1739130 971
1739140 971
1739150 970
1739160 970
1739170 970
1739180 970
1739190 970
1739200 970
1739210 970
1739220 970
1739230 970
1739240 972
1739250 972
1739260 973
1739270 973
1739280 973
1739290 973
1739300 972
1739310 972
1739320 971
1739330 970
1739340 968
1739350 968
1739360 966
1739370 964
1739380 964
1739390 962
1739400 960
1739410 960
1739420 958
1739430 956
1739440 956
1739450 955
1739460 953
1739470 953
1739480 949
1739490 945
1739500 945
1739510 941
1739520 937
1739530 937
1739540 932
1739550 927
1739560 927
1739570 923
1739580 920
1739590 920
1739600 918
1739610 917
1739620 915
1739630 915
1739640 911
1739650 908
1739660 908
1739670 904
1739680 900
1739690 900
1739700 896
1739710 890
1739720 890
1739730 886
1739740 881
1739750 881
1739760 875
1739770 867
1739780 867
1739790 868
1739800 871
1739810 871
1739820 870
1739830 872
1739840 872
1739850 872
1739860 872
1739870 872
1739880 871
1739890 870
1739900 868
1739910 868
1739920 866
1739930 864
1739940 864
1739950 860
1739960 852
1739970 852
1739980 846
1739990 842
