1720000 1045
1720010 1047
1720020 1048
1720030 1048
1720040 1049
1720050 1048
1720060 1048
1720070 1045
1720080 1040
1720090 1040
1720100 1036
1720110 1032
1720120 1032
1720130 1030
1720140 1025
1720150 1025
1720160 1021
1720170 1017
1720180 1017
1720190 1014
1720200 1010
1720210 1010
1720220 1007
1720230 1003
1720240 999
1720250 999
1720260 994
1720270 988
1720280 988
1720290 981
1720300 975
1720310 975
1720320 968
1720330 961
1720340 961
1720350 956
1720360 949
1720370 949
1720380 943
1720390 938
1720400 938
1720410 932
1720420 926
1720430 926
1720440 922
1720450 915
1720460 915
1720470 909
1720480 903
1720490 903
1720500 898
1720510 892
1720520 892
1720530 888
1720540 882
1720550 875
1720560 875
1720570 874
1720580 877
1720590 877
1720600 881
1720610 885
1720620 885
1720630 890
1720640 894
1720650 894
1720660 898
1720670 902
1720680 902
1720690 906
1720700 909
1720710 909
1720720 913
1720730 917
1720740 917
1720750 920
1720760 923
1720770 923
1720780 925
1720790 928
1720800 928
1720810 930
1720820 934
1720830 936
1720840 936
1720850 937
1720860 940
1720870 940
1720880 943
1720890 946
1720900 946
1720910 948
1720920 950
1720930 950
1720940 954
1720950 956
1720960 956
1720970 959
1720980 962
1720990 962
1721000 965
1721010 968
1721020 968
1721030 972
1721040 975
1721050 975
1721060 978
1721070 981
1721080 981
1721090 984
1721100 987
1721110 990
1721120 990
1721130 993
1721140 996
1721150 996
1721160 998
1721170 1001
1721180 1001
1721190 1003
1721200 1006
1721210 1006
1721220 1008
1721230 1011
1721240 1011
1721250 1013
1721260 1016
1721270 1016
1721280 1017
1721290 1016
1721300 1016
1721310 1013
1721320 1009
1721330 1009
1721340 1007
1721350 1003
1721360 1003
1721370 999
1721380 995
1721390 995
1721400 989
1721410 982
1721420 976
1721430 976
1721440 968
1721450 961
1721460 961
1721470 954
1721480 946
1721490 946
1721500 938
1721510 929
1721520 929
1721530 920
1721540 912
1721550 912
1721560 904
1721570 896
1721580 896
1721590 887
1721600 878
1721610 878
1721620 870
1721630 862
1721640 862
1721650 856
1721660 849
1721670 849
1721680 843
1721690 836
1721700 829
1721710 829
1721720 822
1721730 815
1721740 815
1721750 810
1721760 803
1721770 803
1721780 796
1721790 789
1721800 789
1721810 782
1721820 774
1721830 774
1721840 768
1721850 760
1721860 760
1721870 754
1721880 749
1721890 749
1721900 744
1721910 744
1721920 744
1721930 744
1721940 748
1721950 748
1721960 755
1721970 762
1721980 767
1721990 767
1722000 768
1722010 764
1722020 764
1722030 763
1722040 761
1722050 761
1722060 755
1722070 752
1722080 752
1722090 755
1722100 761
1722110 761
1722120 770
1722130 779
1722140 779
1722150 786
1722160 792
1722170 792
1722180 799
1722190 806
1722200 806
1722210 812
1722220 819
1722230 819
1722240 828
1722250 831
1722260 831
1722270 835
1722280 841
1722290 847
1722300 847
1722310 852
1722320 858
1722330 858
1722340 863
1722350 868
1722360 868
1722370 874
1722380 879
1722390 879
1722400 885
1722410 891
1722420 891
1722430 896
1722440 902
1722450 902
1722460 907
1722470 912
1722480 912
1722490 917
1722500 923
1722510 923
1722520 928
1722530 932
1722540 932
1722550 936
1722560 941
1722570 945
1722580 945
1722590 949
1722600 954
1722610 954
1722620 958
1722630 962
1722640 962
1722650 966
1722660 970
1722670 970
1722680 974
1722690 977
1722700 980
1722710 977
1722720 969
1722730 969
1722740 960
1722750 952
1722760 952
1722770 944
1722780 937
1722790 937
1722800 928
1722810 920
1722820 920
1722830 912
1722840 905
1722850 905
1722860 897
1722870 889
1722880 882
1722890 882
1722900 875
1722910 868
1722920 868
1722930 860
1722940 854
1722950 854
1722960 848
1722970 841
1722980 841
1722990 833
1723000 824
1723010 824
1723020 834
1723030 841
1723040 841
1723050 848
1723060 853
1723070 853
1723080 860
1723090 866
1723100 866
1723110 871
1723120 877
1723130 877
1723140 883
1723150 888
1723160 893
1723170 893
1723180 899
1723190 904
1723200 904
1723210 909
1723220 914
1723230 914
1723240 920
1723250 926
1723260 926
1723270 930
1723280 935
1723290 935
1723300 939
1723310 945
1723320 945
1723330 950
1723340 955
1723350 955
1723360 960
1723370 964
1723380 964
1723390 969
1723400 973
1723410 973
1723420 978
1723430 982
1723440 987
1723450 987
1723460 989
1723470 994
1723480 994
1723490 997
1723500 999
1723510 999
1723520 1001
1723530 1002
1723540 1002
1723550 1003
1723560 1002
1723570 1002
1723580 996
1723590 989
1723600 989
1723610 982
1723620 975
1723630 975
1723640 968
1723650 961
1723660 961
1723670 955
1723680 948
1723690 948
1723700 942
1723710 937
1723720 937
1723730 930
1723740 925
1723750 918
1723760 918
1723770 911
1723780 904
1723790 904
1723800 896
1723810 888
1723820 888
1723830 880
1723840 872
1723850 872
1723860 864
1723870 856
1723880 856
1723890 848
1723900 839
1723910 839
1723920 831
1723930 823
1723940 823
1723950 816
1723960 808
1723970 808
1723980 801
1723990 794
1724000 794
1724010 787
1724020 781
1724030 773
1724040 773
1724050 773
1724060 771
1724070 771
1724080 782
1724090 790
1724100 790
1724110 797
1724120 804
1724130 804
1724140 811
1724150 818
1724160 818
1724170 824
1724180 831
1724190 831
1724200 839
1724210 843
1724220 843
1724230 846
1724240 856
1724250 856
1724260 863
1724270 870
1724280 870
1724290 877
1724300 883
1724310 890
1724320 890
1724330 896
1724340 903
1724350 903
1724360 910
1724370 916
1724380 916
1724390 923
1724400 929
1724410 929
1724420 935
1724430 941
1724440 941
1724450 946
1724460 951
1724470 951
1724480 955
1724490 958
1724500 958
1724510 957
1724520 953
1724530 953
1724540 949
1724550 945
1724560 945
1724570 941
1724580 938
1724590 938
1724600 934
1724610 931
1724620 927
1724630 927
1724640 924
1724650 920
1724660 920
1724670 916
1724680 911
1724690 911
1724700 908
1724710 903
1724720 903
1724730 899
1724740 894
1724750 894
1724760 888
1724770 884
1724780 884
1724790 879
1724800 874
1724810 874
1724820 869
1724830 865
1724840 865
1724850 859
1724860 855
1724870 855
1724880 849
1724890 845
1724900 840
1724910 840
1724920 836
1724930 832
1724940 832
1724950 826
1724960 821
1724970 821
1724980 818
1724990 814
1725000 814
1725010 811
1725020 809
1725030 809
1725040 807
1725050 803
1725060 802
1725070 797
1725080 791
1725090 791
1725100 785
1725110 780
1725120 780
1725130 775
1725140 769
1725150 769
1725160 764
1725170 761
1725180 757
1725190 757
1725200 752
1725210 751
1725220 751
1725230 751
1725240 750
1725250 750
1725260 750
1725270 749
1725280 749
1725290 749
1725300 751
1725310 751
1725320 758
1725330 766
1725340 766
1725350 774
1725360 779
1725370 779
1725380 786
1725390 790
1725400 790
1725410 794
1725420 791
1725430 791
1725440 786
1725450 782
1725460 782
1725470 779
1725480 777
1725490 774
1725500 774
1725510 773
1725520 773
1725530 773
1725540 773
1725550 773
1725560 773
1725570 772
1725580 772
1725590 772
1725600 771
1725610 770
1725620 770
1725630 768
1725640 766
1725650 766
1725660 762
1725670 761
1725680 761
1725690 761
1725700 762
1725710 762
1725720 764
1725730 766
1725740 766
1725750 770
1725760 772
1725770 774
1725780 774
1725790 776
1725800 777
1725810 777
1725820 777
1725830 774
1725840 774
1725850 774
1725860 774
1725870 774
1725880 776
1725890 780
1725900 780
1725910 783
1725920 786
1725930 786
1725940 788
1725950 791
1725960 791
1725970 793
1725980 797
1725990 797
1726000 799
1726010 802
1726020 802
1726030 806
1726040 811
1726050 815
1726060 815
1726070 820
1726080 826
1726090 826
1726100 832
1726110 837
1726120 837
1726130 841
1726140 845
1726150 845
1726160 849
1726170 853
1726180 853
1726190 857
1726200 862
1726210 862
1726220 867
1726230 873
1726240 873
1726250 878
1726260 882
1726270 882
1726280 886
1726290 889
1726300 889
1726310 894
1726320 896
1726330 896
1726340 901
1726350 905
1726360 908
1726370 908
1726380 911
1726390 913
1726400 913
1726410 915
1726420 917
1726430 917
1726440 918
1726450 921
1726460 921
1726470 925
1726480 928
1726490 928
1726500 931
1726510 935
1726520 935
1726530 938
1726540 942
1726550 942
1726560 946
1726570 948
1726580 948
1726590 952
1726600 955
1726610 955
1726620 958
1726630 961
1726640 963
1726650 963
1726660 966
1726670 968
1726680 968
1726690 970
1726700 973
1726710 973
1726720 976
1726730 979
1726740 979
1726750 983
1726760 986
1726770 986
1726780 989
1726790 992
1726800 992
1726810 995
1726820 1000
1726830 1000
1726840 1001
1726850 1004
1726860 1004
1726870 1007
1726880 1009
1726890 1009
1726900 1011
1726910 1012
1726920 1013
1726930 1013
1726940 1015
1726950 1016
1726960 1016
1726970 1017
1726980 1017
1726990 1017
1727000 1017
1727010 1016
1727020 1016
1727030 1016
1727040 1015
1727050 1015
1727060 1015
1727070 1014
1727080 1014
1727090 1014
1727100 1014
1727110 1014
1727120 1015
1727130 1015
1727140 1015
1727150 1015
1727160 1014
1727170 1014
1727180 1013
1727190 1012
1727200 1012
1727210 1010
1727220 1009
1727230 1008
1727240 1008
1727250 1006
1727260 1005
1727270 1005
1727280 1003
1727290 1001
1727300 1001
1727310 999
1727320 999
1727330 1003
1727340 1003
1727350 1004
1727360 1004
1727370 1004
1727380 1005
1727390 1005
1727400 1005
1727410 1005
1727420 1005
1727430 1005
1727440 1008
1727450 1008
1727460 1008
1727470 1008
1727480 1008
1727490 1009
1727500 1009
1727510 1010
1727520 1010
1727530 1010
1727540 1010
1727550 1010
1727560 1009
1727570 1008
1727580 1008
1727590 1007
1727600 1006
1727610 1006
1727620 1005
1727630 1004
1727640 1004
1727650 1002
1727660 998
1727670 998
1727680 996
1727690 994
1727700 994
1727710 992
1727720 990
1727730 990
1727740 989
1727750 988
1727760 988
1727770 987
1727780 984
1727790 984
1727800 980
1727810 971
1727820 965
1727830 965
1727840 970
1727850 974
1727860 974
1727870 979
1727880 984
1727890 984
1727900 988
1727910 992
1727920 992
1727930 996
1727940 1001
1727950 1001
1727960 1004
1727970 1005
1727980 1005
1727990 1005
1728000 1003
1728010 1003
1728020 998
1728030 994
1728040 994
1728050 988
1728060 984
1728070 984
1728080 981
1728090 979
1728100 975
1728110 975
1728120 973
1728130 973
1728140 973
1728150 970
1728160 969
1728170 969
1728180 972
1728190 975
1728200 975
1728210 978
1728220 980
1728230 980
1728240 983
1728250 984
1728260 984
1728270 988
1728280 994
1728290 994
1728300 1001
1728310 1007
1728320 1007
1728330 1015
1728340 1021
1728350 1021
1728360 1028
1728370 1033
1728380 1038
1728390 1038
1728400 1042
1728410 1046
1728420 1046
1728430 1052
1728440 1055
1728450 1055
1728460 1061
1728470 1066
1728480 1066
1728490 1070
1728500 1072
1728510 1072
1728520 1073
1728530 1074
1728540 1074
1728550 1075
1728560 1076
1728570 1076
1728580 1077
1728590 1079
1728600 1079
1728610 1080
1728620 1082
1728630 1082
1728640 1082
1728650 1083
1728660 1083
1728670 1084
1728680 1085
1728690 1087
1728700 1087
1728710 1087
1728720 1091
1728730 1091
1728740 1094
1728750 1098
1728760 1098
1728770 1103
1728780 1108
1728790 1108
1728800 1114
1728810 1119
1728820 1119
1728830 1124
1728840 1129
1728850 1129
1728860 1135
1728870 1141
1728880 1141
1728890 1147
1728900 1151
1728910 1151
1728920 1157
1728930 1162
1728940 1162
1728950 1168
1728960 1174
1728970 1179
1728980 1179
1728990 1184
1729000 1189
1729010 1189
1729020 1194
1729030 1199
1729040 1199
1729050 1203
1729060 1209
1729070 1209
1729080 1215
1729090 1221
1729100 1221
1729110 1228
1729120 1233
1729130 1233
1729140 1239
1729150 1245
1729160 1245
1729170 1251
1729180 1257
1729190 1257
1729200 1263
1729210 1270
1729220 1270
1729230 1276
1729240 1282
1729250 1288
1729260 1288
1729270 1294
1729280 1299
1729290 1299
1729300 1305
1729310 1310
1729320 1310
1729330 1315
1729340 1320
1729350 1320
1729360 1324
1729370 1328
1729380 1328
1729390 1330
1729400 1331
1729410 1331
1729420 1331
1729430 1327
1729440 1327
1729450 1321
1729460 1315
1729470 1315
1729480 1310
1729490 1304
1729500 1304
1729510 1298
1729520 1292
1729530 1292
1729540 1287
1729550 1281
1729560 1276
1729570 1276
1729580 1271
1729590 1267
1729600 1267
1729610 1263
1729620 1260
1729630 1260
1729640 1256
1729650 1253
1729660 1253
1729670 1249
1729680 1245
1729690 1245
1729700 1247
1729710 1247
1729720 1247
1729730 1248
1729740 1248
1729750 1248
1729760 1250
1729770 1251
1729780 1251
1729790 1251
1729800 1252
1729810 1252
1729820 1252
1729830 1252
1729840 1251
1729850 1251
1729860 1251
1729870 1250
1729880 1250
1729890 1250
1729900 1249
1729910 1249
1729920 1248
1729930 1246
1729940 1246
1729950 1245
1729960 1243
1729970 1243
1729980 1241
1729990 1240
1730000 1240
1730010 1238
1730020 1236
1730030 1236
1730040 1235
1730050 1233
1730060 1233
1730070 1230
1730080 1228
1730090 1228
1730100 1225
1730110 1223
1730120 1221
1730130 1221
1730140 1219
1730150 1215
1730160 1215
1730170 1212
1730180 1208
1730190 1208
1730200 1202
1730210 1196
1730220 1196
1730230 1191
1730240 1186
1730250 1186
1730260 1181
1730270 1177
1730280 1177
1730290 1173
1730300 1169
1730310 1169
1730320 1165
1730330 1161
1730340 1161
1730350 1156
1730360 1149
1730370 1149
1730380 1143
1730390 1138
1730400 1138
1730410 1133
1730420 1128
1730430 1123
1730440 1123
1730450 1117
1730460 1113
1730470 1113
1730480 1103
1730490 1095
1730500 1095
1730510 1089
1730520 1083
1730530 1083
1730540 1079
1730550 1076
1730560 1076
1730570 1073
1730580 1071
1730590 1071
1730600 1069
1730610 1067
1730620 1067
1730630 1066
1730640 1064
1730650 1064
1730660 1061
1730670 1059
1730680 1059
1730690 1056
1730700 1054
1730710 1052
1730720 1052
1730730 1050
1730740 1049
1730750 1049
1730760 1048
1730770 1046
1730780 1046
1730790 1044
1730800 1042
1730810 1042
1730820 1038
1730830 1035
1730840 1035
1730850 1032
1730860 1029
1730870 1029
1730880 1027
1730890 1023
1730900 1023
1730910 1019
1730920 1019
1730930 1019
1730940 1014
1730950 1012
1730960 1012
1730970 1010
1730980 1007
1730990 1005
1731000 1005
1731010 1003
1731020 1002
1731030 1002
1731040 999
1731050 996
1731060 996
1731070 993
1731080 989
1731090 989
1731100 985
1731110 980
1731120 980
1731130 974
1731140 969
1731150 969
1731160 961
1731170 952
1731180 952
1731190 956
1731200 958
1731210 958
1731220 960
1731230 962
1731240 962
1731250 965
1731260 967
1731270 967
1731280 969
1731290 969
1731300 971
1731310 971
1731320 972
1731330 975
1731340 975
1731350 978
1731360 980
1731370 980
1731380 981
1731390 982
1731400 982
1731410 983
1731420 984
1731430 984
1731440 985
1731450 986
1731460 986
1731470 986
1731480 987
1731490 987
1731500 987
1731510 988
1731520 988
1731530 988
1731540 988
1731550 988
1731560 989
1731570 989
1731580 988
1731590 988
1731600 982
1731610 983
1731620 983
1731630 979
1731640 975
1731650 975
1731660 971
1731670 967
1731680 967
1731690 964
1731700 960
1731710 960
1731720 957
1731730 953
1731740 953
1731750 950
1731760 946
1731770 946
1731780 943
1731790 941
1731800 941
1731810 937
1731820 933
1731830 933
1731840 930
1731850 923
1731860 923
1731870 918
1731880 914
1731890 909
1731900 909
1731910 905
1731920 901
1731930 901
1731940 891
1731950 885
1731960 885
1731970 882
1731980 877
1731990 877
1732000 876
1732010 875
1732020 875
1732030 875
1732040 873
1732050 873
1732060 871
1732070 874
1732080 874
1732090 874
1732100 875
1732110 875
1732120 879
1732130 885
1732140 885
1732150 887
1732160 889
1732170 891
1732180 891
1732190 893
1732200 895
1732210 895
1732220 897
1732230 899
1732240 899
1732250 901
1732260 904
1732270 904
1732280 906
1732290 909
1732300 909
1732310 911
1732320 914
1732330 914
1732340 916
1732350 919
1732360 919
1732370 922
1732380 924
1732390 924
1732400 926
1732410 929
1732420 929
1732430 931
1732440 933
1732450 936
1732460 936
1732470 939
1732480 941
1732490 941
1732500 943
1732510 945
1732520 945
1732530 948
1732540 951
1732550 951
1732560 955
1732570 960
1732580 960
1732590 963
1732600 967
1732610 967
1732620 969
1732630 971
1732640 971
1732650 973
1732660 974
1732670 974
1732680 975
1732690 975
1732700 975
1732710 976
1732720 976
1732730 976
1732740 976
1732750 978
1732760 980
1732770 980
1732780 983
1732790 986
1732800 986
1732810 990
1732820 995
1732830 995
1732840 999
1732850 1004
1732860 1004
1732870 1008
1732880 1012
1732890 1012
1732900 1016
1732910 1019
1732920 1019
1732930 1023
1732940 1026
1732950 1026
1732960 1031
1732970 1035
1732980 1035
1732990 1039
1733000 1043
1733010 1043
1733020 1047
1733030 1050
1733040 1053
1733050 1053
1733060 1055
1733070 1057
1733080 1057
1733090 1057
1733100 1058
1733110 1058
1733120 1058
1733130 1059
1733140 1059
1733150 1057
1733160 1053
1733170 1053
1733180 1048
1733190 1044
1733200 1044
1733210 1039
1733220 1034
1733230 1034
1733240 1029
1733250 1024
1733260 1024
1733270 1018
1733280 1014
1733290 1014
1733300 1011
1733310 1005
1733320 1000
1733330 1000
1733340 996
1733350 991
1733360 991
1733370 986
1733380 980
1733390 980
1733400 974
1733410 968
1733420 968
1733430 962
1733440 956
1733450 956
1733460 951
1733470 947
1733480 947
1733490 943
1733500 939
1733510 939
1733520 936
1733530 933
1733540 933
1733550 931
1733560 928
1733570 928
1733580 924
1733590 921
1733600 921
1733610 919
1733620 917
1733630 916
1733640 917
1733650 914
1733660 911
1733670 911
1733680 907
1733690 905
1733700 905
1733710 903
1733720 900
1733730 900
1733740 897
1733750 895
1733760 895
1733770 892
1733780 888
1733790 888
1733800 883
1733810 878
1733820 878
1733830 873
1733840 868
1733850 868
1733860 862
1733870 856
1733880 856
1733890 854
1733900 853
1733910 852
1733920 852
1733930 851
1733940 850
1733950 850
1733960 854
1733970 857
1733980 857
1733990 860
1734000 862
1734010 862
1734020 866
1734030 869
1734040 869
1734050 872
1734060 876
1734070 876
1734080 880
1734090 885
1734100 885
1734110 888
1734120 893
1734130 893
1734140 897
1734150 901
1734160 901
1734170 906
1734180 910
1734190 909
1734200 909
1734210 906
1734220 903
1734230 903
1734240 901
1734250 898
1734260 898
1734270 897
1734280 895
1734290 895
1734300 895
1734310 893
1734320 893
1734330 890
1734340 889
1734350 889
1734360 888
1734370 887
1734380 887
1734390 886
1734400 883
1734410 883
1734420 882
1734430 878
1734440 878
1734450 880
1734460 887
1734470 887
1734480 890
1734490 895
1734500 899
1734510 899
1734520 904
1734530 909
1734540 909
1734550 913
1734560 918
1734570 918
1734580 923
1734590 927
1734600 927
1734610 932
1734620 935
1734630 935
1734640 939
1734650 943
1734660 943
1734670 948
1734680 951
1734690 951
1734700 952
1734710 954
1734720 954
1734730 954
1734740 957
1734750 957
1734760 959
1734770 962
1734780 963
1734790 963
1734800 967
1734810 969
1734820 969
1734830 972
1734840 975
1734850 975
1734860 978
1734870 983
1734880 983
1734890 987
1734900 990
1734910 990
1734920 994
1734930 997
1734940 997
1734950 1000
1734960 1002
1734970 1002
1734980 1005
1734990 1007
1735000 1007
1735010 1012
1735020 1015
1735030 1015
1735040 1018
1735050 1020
1735060 1023
1735070 1023
1735080 1027
1735090 1030
1735100 1030
1735110 1033
1735120 1036
1735130 1036
1735140 1039
1735150 1041
1735160 1041
1735170 1042
1735180 1042
1735190 1042
1735200 1043
1735210 1046
1735220 1046
1735230 1049
1735240 1052
1735250 1052
1735260 1058
1735270 1063
1735280 1063
1735290 1066
1735300 1070
1735310 1070
1735320 1074
1735330 1077
1735340 1077
1735350 1078
1735360 1081
1735370 1085
1735380 1085
1735390 1087
1735400 1091
1735410 1091
1735420 1094
1735430 1098
1735440 1098
1735450 1103
1735460 1109
1735470 1109
1735480 1113
1735490 1116
1735500 1116
1735510 1121
1735520 1127
1735530 1127
1735540 1133
1735550 1137
1735560 1137
1735570 1141
1735580 1145
1735590 1145
1735600 1149
1735610 1158
1735620 1158
1735630 1160
1735640 1164
1735650 1167
1735660 1167
1735670 1168
1735680 1168
1735690 1168
1735700 1167
1735710 1168
1735720 1168
1735730 1168
1735740 1170
1735750 1170
1735760 1171
1735770 1171
1735780 1171
1735790 1172
1735800 1171
1735810 1171
1735820 1173
1735830 1173
1735840 1173
1735850 1174
1735860 1174
1735870 1174
1735880 1173
1735890 1173
1735900 1173
1735910 1174
1735920 1175
1735930 1176
1735940 1176
1735950 1177
1735960 1179
1735970 1179
1735980 1181
1735990 1182
1736000 1182
1736010 1185
1736020 1187
1736030 1187
1736040 1189
1736050 1192
1736060 1192
1736070 1195
1736080 1196
1736090 1196
1736100 1199
1736110 1201
1736120 1201
1736130 1202
1736140 1202
1736150 1202
1736160 1201
1736170 1198
1736180 1198
1736190 1195
1736200 1191
1736210 1191
1736220 1187
1736230 1183
1736240 1180
1736250 1180
1736260 1176
1736270 1172
1736280 1172
1736290 1168
1736300 1163
1736310 1163
1736320 1159
1736330 1154
1736340 1154
1736350 1149
1736360 1144
1736370 1144
1736380 1139
1736390 1134
1736400 1134
1736410 1130
1736420 1125
1736430 1125
1736440 1122
1736450 1117
1736460 1117
1736470 1111
1736480 1106
1736490 1106
1736500 1101
1736510 1096
1736520 1091
1736530 1091
1736540 1086
1736550 1081
1736560 1081
1736570 1077
1736580 1071
1736590 1071
1736600 1064
1736610 1059
1736620 1059
1736630 1054
1736640 1048
1736650 1048
1736660 1046
1736670 1042
1736680 1042
1736690 1042
1736700 1042
1736710 1042
1736720 1039
1736730 1038
1736740 1038
1736750 1036
1736760 1036
1736770 1036
1736780 1034
1736790 1033
1736800 1033
1736810 1031
1736820 1030
1736830 1028
1736840 1028
1736850 1027
1736860 1026
1736870 1026
1736880 1026
1736890 1025
1736900 1025
1736910 1024
1736920 1023
1736930 1023
1736940 1020
1736950 1018
1736960 1018
1736970 1015
1736980 1012
1736990 1012
1737000 1008
1737010 1005
1737020 1005
1737030 1002
1737040 999
1737050 999
1737060 996
1737070 993
1737080 993
1737090 987
1737100 987
1737110 989
1737120 989
1737130 989
1737140 989
1737150 989
1737160 991
1737170 993
1737180 993
1737190 996
1737200 999
1737210 999
1737220 1001
1737230 1001
1737240 1001
1737250 1002
1737260 1001
1737270 1001
1737280 1000
1737290 998
1737300 998
1737310 995
1737320 990
1737330 990
1737340 984
1737350 989
1737360 989
1737370 989
1737380 984
1737390 981
1737400 981
1737410 981
1737420 982
1737430 982
1737440 982
1737450 981
1737460 981
1737470 980
1737480 979
1737490 979
1737500 978
1737510 978
1737520 978
1737530 982
1737540 983
1737550 983
1737560 984
1737570 984
1737580 984
1737590 984
1737600 982
1737610 982
1737620 981
1737630 976
1737640 976
1737650 973
1737660 971
1737670 971
1737680 967
1737690 963
1737700 959
1737710 959
1737720 956
1737730 954
1737740 954
1737750 953
1737760 951
1737770 951
1737780 948
1737790 946
1737800 946
1737810 942
1737820 936
1737830 936
1737840 931
1737850 923
1737860 923
1737870 927
1737880 929
1737890 929
1737900 929
1737910 929
1737920 929
1737930 928
1737940 927
1737950 927
1737960 927
1737970 926
1737980 926
1737990 926
1738000 926
1738010 925
1738020 925
1738030 923
1738040 920
1738050 920
1738060 916
1738070 913
1738080 913
1738090 910
1738100 908
1738110 908
1738120 906
1738130 903
1738140 903
1738150 900
1738160 897
1738170 897
1738180 894
1738190 889
1738200 889
1738210 888
1738220 888
1738230 888
1738240 887
1738250 886
1738260 886
1738270 886
1738280 884
1738290 883
1738300 883
1738310 881
1738320 880
1738330 880
1738340 882
1738350 882
1738360 882
1738370 882
1738380 883
1738390 883
1738400 883
1738410 884
1738420 884
1738430 885
1738440 883
1738450 883
1738460 884
1738470 884
1738480 884
1738490 884
1738500 885
1738510 885
1738520 884
1738530 881
1738540 881
1738550 881
1738560 883
1738570 883
1738580 883
1738590 882
1738600 886
1738610 886
1738620 889
1738630 888
1738640 888
1738650 889
1738660 892
1738670 892
1738680 893
1738690 894
1738700 894
1738710 895
1738720 897
1738730 897
1738740 898
1738750 901
1738760 901
1738770 902
1738780 903
1738790 903
1738800 905
1738810 906
1738820 906
1738830 908
1738840 911
1738850 915
1738860 915
1738870 917
1738880 919
1738890 919
1738900 922
1738910 922
1738920 922
1738930 925
1738940 928
1738950 928
1738960 930
1738970 933
1738980 933
1738990 935
1739000 938
1739010 938
1739020 941
1739030 944
1739040 944
1739050 946
1739060 949
1739070 949
1739080 951
1739090 953
1739100 953
1739110 955
1739120 957
1739130 959
1739140 959
1739150 961
1739160 963
1739170 963
1739180 963
1739190 963
1739200 963
1739210 963
1739220 960
1739230 960
1739240 957
1739250 955
1739260 955
1739270 952
1739280 949
1739290 949
1739300 946
1739310 941
1739320 941
1739330 937
1739340 934
1739350 934
1739360 931
1739370 927
1739380 927
1739390 918
1739400 913
1739410 913
1739420 909
1739430 906
1739440 902
1739450 902
1739460 898
1739470 894
1739480 894
1739490 891
1739500 886
1739510 886
1739520 882
1739530 878
1739540 878
1739550 873
1739560 868
1739570 868
1739580 862
1739590 855
1739600 855
1739610 849
1739620 841
1739630 841
1739640 826
1739650 810
1739660 810
1739670 809
1739680 807
1739690 807
1739700 817
1739710 826
1739720 835
1739730 835
1739740 840
1739750 844
1739760 844
1739770 847
1739780 849
1739790 849
1739800 851
1739810 854
1739820 854
1739830 858
1739840 861
1739850 861
1739860 865
1739870 870
1739880 870
1739890 874
1739900 879
1739910 879
1739920 883
1739930 888
1739940 888
1739950 891
1739960 894
1739970 894
1739980 896
1739990 900
