1720000 738
1720010 738
1720020 736
1720030 735
1720040 735
1720050 733
1720060 732
1720070 732
1720080 730
1720090 729
1720100 729
1720110 728
1720120 726
1720130 724
1720140 724
1720150 722
1720160 720
1720170 720
1720180 716
1720190 712
1720200 712
1720210 711
1720220 710
1720230 710
1720240 709
1720250 709
1720260 709
1720270 708
1720280 708
1720290 708
1720300 707
1720310 706
1720320 706
1720330 705
1720340 705
1720350 705
1720360 705
1720370 703
1720380 703
1720390 702
1720400 701
1720410 701
1720420 700
1720430 700
1720440 699
1720450 699
1720460 698
1720470 698
1720480 698
1720490 696
1720500 695
1720510 695
1720520 694
1720530 693
1720540 693
1720550 691
1720560 691
1720570 691
1720580 690
1720590 689
1720600 689
1720610 687
1720620 685
1720630 685
1720640 683
1720650 679
1720660 679
1720670 673
1720680 666
1720690 666
1720700 667
1720710 665
1720720 661
1720730 661
1720740 659
1720750 657
1720760 657
1720770 656
1720780 656
1720790 656
1720800 654
1720810 652
1720820 652
1720830 651
1720840 650
1720850 650
1720860 649
1720870 649
1720880 649
1720890 649
1720900 649
1720910 649
1720920 650
1720930 650
1720940 650
1720950 651
1720960 653
1720970 653
1720980 654
1720990 656
1721000 656
1721010 657
1721020 658
1721030 657
1721040 657
1721050 658
1721060 659
1721070 659
1721080 659
1721090 659
1721100 659
1721110 659
1721120 659
1721130 659
1721140 659
1721150 658
1721160 658
1721170 658
1721180 657
1721190 657
1721200 655
1721210 654
1721220 654
1721230 655
1721240 655
1721250 655
1721260 655
1721270 655
1721280 655
1721290 655
1721300 655
1721310 654
1721320 654
1721330 654
1721340 655
1721350 655
1721360 656
1721370 657
1721380 657
1721390 656
1721400 656
1721410 656
1721420 657
1721430 658
1721440 658
1721450 657
1721460 658
1721470 658
1721480 658
1721490 658
1721500 658
1721510 658
1721520 659
1721530 659
1721540 659
1721550 659
1721560 659
1721570 660
1721580 660
1721590 660
1721600 660
1721610 660
1721620 661
1721630 661
1721640 661
1721650 661
1721660 661
1721670 661
1721680 661
1721690 661
1721700 661
1721710 661
1721720 661
1721730 661
1721740 661
1721750 661
1721760 661
1721770 662
1721780 662
1721790 663
1721800 664
1721810 664
1721820 664
1721830 665
1721840 665
1721850 666
1721860 667
1721870 667
1721880 668
1721890 670
1721900 670
1721910 670
1721920 671
1721930 672
1721940 672
1721950 672
1721960 671
1721970 671
1721980 670
1721990 667
1722000 667
1722010 667
1722020 666
1722030 666
1722040 666
1722050 667
1722060 667
1722070 667
1722080 668
1722090 668
1722100 668
1722110 669
1722120 669
1722130 669
1722140 669
1722150 669
1722160 670
1722170 670
1722180 670
1722190 670
1722200 670
1722210 670
1722220 670
1722230 671
1722240 671
1722250 671
1722260 671
1722270 671
1722280 671
1722290 672
1722300 672
1722310 672
1722320 672
1722330 673
1722340 673
1722350 673
1722360 673
1722370 673
1722380 673
1722390 673
1722400 673
1722410 673
1722420 673
1722430 673
1722440 673
1722450 674
1722460 674
1722470 674
1722480 673
1722490 677
1722500 677
1722510 677
1722520 677
1722530 677
1722540 677
1722550 681
1722560 681
1722570 685
1722580 690
1722590 690
1722600 693
1722610 697
1722620 697
1722630 701
1722640 703
1722650 703
1722660 706
1722670 705
1722680 705
1722690 708
1722700 710
1722710 710
1722720 710
1722730 710
1722740 710
1722750 707
1722760 706
1722770 703
1722780 703
1722790 699
1722800 695
1722810 695
1722820 691
1722830 690
1722840 690
1722850 689
1722860 689
1722870 689
1722880 688
1722890 688
1722900 688
1722910 687
1722920 687
1722930 687
1722940 687
1722950 688
1722960 688
1722970 689
1722980 690
1722990 690
1723000 691
1723010 693
1723020 693
1723030 694
1723040 695
1723050 695
1723060 695
1723070 695
1723080 694
1723090 694
1723100 693
1723110 693
1723120 693
1723130 693
1723140 695
1723150 695
1723160 695
1723170 695
1723180 695
1723190 695
1723200 696
1723210 696
1723220 699
1723230 701
1723240 701
1723250 703
1723260 705
1723270 705
1723280 706
1723290 706
1723300 706
1723310 705
1723320 705
1723330 705
1723340 708
1723350 709
1723360 708
1723370 708
1723380 707
1723390 707
1723400 707
1723410 710
1723420 711
1723430 711
1723440 711
1723450 713
1723460 713
1723470 715
1723480 717
1723490 717
1723500 719
1723510 721
1723520 721
1723530 723
1723540 723
1723550 723
1723560 726
1723570 727
1723580 727
1723590 728
1723600 731
1723610 731
1723620 734
1723630 743
1723640 743
1723650 744
1723660 745
1723670 746
1723680 746
1723690 747
1723700 746
1723710 746
1723720 747
1723730 750
1723740 750
1723750 752
1723760 754
1723770 754
1723780 755
1723790 756
1723800 756
1723810 758
1723820 761
1723830 761
1723840 763
1723850 764
1723860 764
1723870 765
1723880 765
1723890 765
1723900 763
1723910 763
1723920 763
1723930 766
1723940 768
1723950 769
1723960 769
1723970 771
1723980 773
1723990 773
1724000 774
1724010 776
1724020 776
1724030 778
1724040 780
1724050 780
1724060 782
1724070 784
1724080 784
1724090 786
1724100 789
1724110 789
1724120 791
1724130 794
1724140 794
1724150 798
1724160 801
1724170 801
1724180 804
1724190 808
1724200 808
1724210 812
1724220 815
1724230 817
1724240 817
1724250 819
1724260 821
1724270 821
1724280 823
1724290 825
1724300 825
1724310 827
1724320 829
1724330 829
1724340 830
1724350 832
1724360 832
1724370 834
1724380 836
1724390 836
1724400 839
1724410 843
1724420 843
1724430 847
1724440 853
1724450 853
1724460 855
1724470 858
1724480 858
1724490 859
1724500 858
1724510 858
1724520 855
1724530 853
1724540 853
1724550 853
1724560 855
1724570 856
1724580 856
1724590 858
1724600 859
1724610 859
1724620 854
1724630 848
1724640 848
1724650 842
1724660 835
1724670 835
1724680 828
1724690 822
1724700 822
1724710 815
1724720 811
1724730 811
1724740 802
1724750 793
1724760 793
1724770 782
1724780 767
1724790 767
1724800 757
1724810 750
1724820 758
1724830 758
1724840 766
1724850 774
1724860 774
1724870 782
1724880 789
1724890 789
1724900 796
1724910 801
1724920 801
1724930 805
1724940 807
1724950 807
1724960 808
1724970 806
1724980 806
1724990 804
1725000 801
1725010 801
1725020 798
1725030 795
1725040 795
1725050 793
1725060 790
1725070 790
1725080 787
1725090 785
1725100 785
1725110 782
1725120 777
1725130 772
1725140 772
1725150 767
1725160 763
1725170 763
1725180 759
1725190 754
1725200 754
1725210 750
1725220 748
1725230 748
1725240 746
1725250 746
1725260 746
1725270 747
1725280 746
1725290 746
1725300 747
1725310 746
1725320 746
1725330 750
1725340 758
1725350 758
1725360 764
1725370 769
1725380 769
1725390 774
1725400 779
1725410 783
1725420 783
1725430 789
1725440 792
1725450 792
1725460 798
1725470 803
1725480 803
1725490 808
1725500 813
1725510 813
1725520 818
1725530 824
1725540 824
1725550 827
1725560 833
1725570 833
1725580 839
1725590 845
1725600 845
1725610 851
1725620 856
1725630 856
1725640 863
1725650 868
1725660 868
1725670 875
1725680 882
1725690 882
1725700 888
1725710 893
1725720 899
1725730 899
1725740 906
1725750 911
1725760 911
1725770 917
1725780 924
1725790 924
1725800 930
1725810 936
1725820 936
1725830 942
1725840 946
1725850 946
1725860 952
1725870 958
1725880 958
1725890 964
1725900 970
1725910 970
1725920 976
1725930 980
1725940 980
1725950 978
1725960 982
1725970 982
1725980 987
1725990 991
1726000 994
1726010 994
1726020 997
1726030 1000
1726040 1000
1726050 1002
1726060 1006
1726070 1006
1726080 1010
1726090 1014
1726100 1014
1726110 1019
1726120 1024
1726130 1024
1726140 1029
1726150 1034
1726160 1034
1726170 1040
1726180 1044
1726190 1044
1726200 1049
1726210 1053
1726220 1053
1726230 1057
1726240 1061
1726250 1061
1726260 1065
1726270 1069
1726280 1069
1726290 1069
1726300 1067
1726310 1063
1726320 1063
1726330 1059
1726340 1054
1726350 1054
1726360 1049
1726370 1042
1726380 1042
1726390 1038
1726400 1032
1726410 1032
1726420 1026
1726430 1022
1726440 1022
1726450 1019
1726460 1016
1726470 1016
1726480 1014
1726490 1013
1726500 1013
1726510 1014
1726520 1014
1726530 1014
1726540 1013
1726550 1012
1726560 1012
1726570 1011
1726580 1009
1726590 1007
1726600 1007
1726610 1004
1726620 1002
1726630 1002
1726640 1000
1726650 997
1726660 997
1726670 994
1726680 992
1726690 992
1726700 988
1726710 986
1726720 986
1726730 984
1726740 983
1726750 983
1726760 982
1726770 977
1726780 977
1726790 974
1726800 968
1726810 968
1726820 967
1726830 963
1726840 963
1726850 959
1726860 957
1726870 957
1726880 954
1726890 962
1726900 964
1726910 964
1726920 973
1726930 979
1726940 979
1726950 987
1726960 992
1726970 992
1726980 999
1726990 1006
1727000 1006
1727010 1013
1727020 1020
1727030 1020
1727040 1027
1727050 1034
1727060 1034
1727070 1040
1727080 1046
1727090 1046
1727100 1051
1727110 1056
1727120 1056
1727130 1062
1727140 1067
1727150 1067
1727160 1072
1727170 1077
1727180 1083
1727190 1083
1727200 1088
1727210 1094
1727220 1094
1727230 1098
1727240 1103
1727250 1103
1727260 1108
1727270 1115
1727280 1115
1727290 1120
1727300 1127
1727310 1127
1727320 1133
1727330 1139
1727340 1139
1727350 1145
1727360 1151
1727370 1151
1727380 1158
1727390 1165
1727400 1165
1727410 1173
1727420 1177
1727430 1177
1727440 1184
1727450 1190
1727460 1196
1727470 1196
1727480 1203
1727490 1208
1727500 1208
1727510 1214
1727520 1220
1727530 1220
1727540 1225
1727550 1230
1727560 1230
1727570 1235
1727580 1240
1727590 1240
1727600 1244
1727610 1248
1727620 1248
1727630 1252
1727640 1254
1727650 1254
1727660 1254
1727670 1252
1727680 1252
1727690 1249
1727700 1246
1727710 1246
1727720 1243
1727730 1240
1727740 1240
1727750 1236
1727760 1232
1727770 1228
1727780 1228
1727790 1223
1727800 1218
1727810 1218
1727820 1214
1727830 1208
1727840 1208
1727850 1203
1727860 1199
1727870 1199
1727880 1194
1727890 1190
1727900 1190
1727910 1185
1727920 1182
1727930 1182
1727940 1180
1727950 1177
1727960 1177
1727970 1174
1727980 1171
1727990 1171
1728000 1167
1728010 1164
1728020 1164
1728030 1161
1728040 1158
1728050 1154
1728060 1154
1728070 1153
1728080 1152
1728090 1152
1728100 1146
1728110 1142
1728120 1142
1728130 1138
1728140 1134
1728150 1134
1728160 1130
1728170 1126
1728180 1121
1728190 1119
1728200 1119
1728210 1119
1728220 1117
1728230 1115
1728240 1115
1728250 1114
1728260 1112
1728270 1112
1728280 1110
1728290 1106
1728300 1106
1728310 1101
1728320 1092
1728330 1092
1728340 1095
1728350 1098
1728360 1098
1728370 1098
1728380 1097
1728390 1096
1728400 1096
1728410 1094
1728420 1092
1728430 1092
1728440 1091
1728450 1090
1728460 1090
1728470 1089
1728480 1088
1728490 1088
1728500 1087
1728510 1085
1728520 1085
1728530 1083
1728540 1085
1728550 1085
1728560 1088
1728570 1094
1728580 1094
1728590 1099
1728600 1104
1728610 1104
1728620 1109
1728630 1114
1728640 1117
1728650 1117
1728660 1124
1728670 1129
1728680 1129
1728690 1133
1728700 1138
1728710 1138
1728720 1143
1728730 1148
1728740 1148
1728750 1153
1728760 1158
1728770 1158
1728780 1164
1728790 1171
1728800 1171
1728810 1177
1728820 1182
1728830 1182
1728840 1188
1728850 1193
1728860 1193
1728870 1199
1728880 1204
1728890 1204
1728900 1209
1728910 1214
1728920 1214
1728930 1220
1728940 1225
1728950 1230
1728960 1230
1728970 1234
1728980 1238
1728990 1238
1729000 1242
1729010 1247
1729020 1247
1729030 1251
1729040 1254
1729050 1254
1729060 1257
1729070 1259
1729080 1259
1729090 1262
1729100 1262
1729110 1262
1729120 1262
1729130 1261
1729140 1261
1729150 1259
1729160 1256
1729170 1256
1729180 1252
1729190 1248
1729200 1248
1729210 1243
1729220 1238
1729230 1234
1729240 1234
1729250 1229
1729260 1225
1729270 1225
1729280 1221
1729290 1218
1729300 1218
1729310 1214
1729320 1212
1729330 1212
1729340 1208
1729350 1206
1729360 1206
1729370 1202
1729380 1200
1729390 1200
1729400 1197
1729410 1194
1729420 1194
1729430 1191
1729440 1187
1729450 1187
1729460 1184
1729470 1180
1729480 1180
1729490 1175
1729500 1171
1729510 1171
1729520 1168
1729530 1164
1729540 1160
1729550 1160
1729560 1157
1729570 1151
1729580 1151
1729590 1147
1729600 1143
1729610 1143
1729620 1141
1729630 1139
1729640 1139
1729650 1136
1729660 1130
1729670 1130
1729680 1134
1729690 1133
1729700 1133
1729710 1133
1729720 1134
1729730 1134
1729740 1134
1729750 1133
1729760 1133
1729770 1132
1729780 1129
1729790 1129
1729800 1126
1729810 1123
1729820 1122
1729830 1122
1729840 1121
1729850 1120
1729860 1120
1729870 1120
1729880 1120
1729890 1120
1729900 1121
1729910 1123
1729920 1123
1729930 1126
1729940 1128
1729950 1128
1729960 1130
1729970 1132
1729980 1132
1729990 1135
1730000 1138
1730010 1138
1730020 1141
1730030 1144
1730040 1144
1730050 1146
1730060 1148
1730070 1148
1730080 1150
1730090 1151
1730100 1153
1730110 1153
1730120 1155
1730130 1156
1730140 1156
1730150 1156
1730160 1157
1730170 1157
1730180 1157
1730190 1156
1730200 1156
1730210 1155
1730220 1153
1730230 1153
1730240 1150
1730250 1147
1730260 1147
1730270 1145
1730280 1142
1730290 1142
1730300 1140
1730310 1138
1730320 1138
1730330 1135
1730340 1133
1730350 1133
1730360 1132
1730370 1131
1730380 1131
1730390 1129
1730400 1126
1730410 1120
1730420 1120
1730430 1115
1730440 1109
1730450 1109
1730460 1104
1730470 1100
1730480 1100
1730490 1095
1730500 1090
1730510 1090
1730520 1085
1730530 1080
1730540 1080
1730550 1075
1730560 1070
1730570 1070
1730580 1065
1730590 1061
1730600 1061
1730610 1056
1730620 1051
1730630 1051
1730640 1047
1730650 1039
1730660 1039
1730670 1039
1730680 1040
1730690 1039
1730700 1039
1730710 1039
1730720 1039
1730730 1039
1730740 1039
1730750 1039
1730760 1039
1730770 1039
1730780 1039
1730790 1039
1730800 1039
1730810 1039
1730820 1039
1730830 1039
1730840 1039
1730850 1039
1730860 1038
1730870 1036
1730880 1036
1730890 1035
1730900 1034
1730910 1034
1730920 1033
1730930 1031
1730940 1031
1730950 1031
1730960 1031
1730970 1031
1730980 1031
1730990 1027
1731000 1023
1731010 1023
1731020 1020
1731030 1017
1731040 1017
1731050 1015
1731060 1014
1731070 1014
1731080 1013
1731090 1012
1731100 1012
1731110 1011
1731120 1009
1731130 1009
1731140 1008
1731150 1008
1731160 1008
1731170 1007
1731180 1006
1731190 1006
1731200 1006
1731210 1006
1731220 1006
1731230 1005
1731240 1005
1731250 1005
1731260 1004
1731270 1004
1731280 1004
1731290 1004
1731300 1005
1731310 1007
1731320 1007
1731330 1008
1731340 1009
1731350 1009
1731360 1011
1731370 1012
1731380 1012
1731390 1013
1731400 1014
1731410 1014
1731420 1014
1731430 1014
1731440 1014
1731450 1012
1731460 1008
1731470 1008
1731480 1004
1731490 1001
1731500 1001
1731510 999
1731520 997
1731530 997
1731540 995
1731550 993
1731560 993
1731570 991
1731580 989
1731590 986
1731600 986
1731610 983
1731620 980
1731630 980
1731640 978
1731650 975
1731660 975
1731670 973
1731680 970
1731690 970
1731700 968
1731710 965
1731720 965
1731730 962
1731740 958
1731750 958
1731760 955
1731770 953
1731780 953
1731790 949
1731800 945
1731810 945
1731820 942
1731830 939
1731840 939
1731850 936
1731860 933
1731870 930
1731880 930
1731890 925
1731900 923
1731910 923
1731920 918
1731930 913
1731940 913
1731950 907
1731960 899
1731970 899
1731980 893
1731990 890
1732000 890
1732010 892
1732020 892
1732030 892
1732040 892
1732050 893
1732060 893
1732070 895
1732080 896
1732090 896
1732100 900
1732110 902
1732120 902
1732130 905
1732140 908
1732150 908
1732160 912
1732170 914
1732180 916
1732190 916
1732200 919
1732210 920
1732220 920
1732230 920
1732240 919
1732250 919
1732260 917
1732270 914
1732280 914
1732290 911
1732300 910
1732310 910
1732320 908
1732330 906
1732340 906
1732350 903
1732360 901
1732370 901
1732380 899
1732390 898
1732400 898
1732410 892
1732420 890
1732430 890
1732440 888
1732450 887
1732460 885
1732470 885
1732480 883
1732490 882
1732500 882
1732510 881
1732520 880
1732530 880
1732540 879
1732550 878
1732560 878
1732570 876
1732580 874
1732590 874
1732600 872
1732610 870
1732620 870
1732630 868
1732640 867
1732650 867
1732660 865
1732670 863
1732680 863
1732690 861
1732700 859
1732710 859
1732720 857
1732730 856
1732740 854
1732750 854
1732760 853
1732770 852
1732780 852
1732790 851
1732800 850
1732810 850
1732820 848
1732830 846
1732840 846
1732850 844
1732860 842
1732870 842
1732880 841
1732890 840
1732900 840
1732910 838
1732920 834
1732930 834
1732940 832
1732950 834
1732960 834
1732970 834
1732980 834
1732990 834
1733000 834
1733010 835
1733020 835
1733030 836
1733040 837
1733050 839
1733060 839
1733070 840
1733080 839
1733090 839
1733100 840
1733110 843
1733120 843
1733130 847
1733140 851
1733150 851
1733160 857
1733170 858
1733180 858
1733190 859
1733200 859
1733210 859
1733220 858
1733230 857
1733240 857
1733250 856
1733260 849
1733270 849
1733280 844
1733290 842
1733300 842
1733310 847
1733320 850
1733330 854
1733340 854
1733350 856
1733360 856
1733370 856
1733380 857
1733390 858
1733400 858
1733410 858
1733420 858
1733430 858
1733440 859
1733450 859
1733460 859
1733470 860
1733480 860
1733490 860
1733500 859
1733510 858
1733520 858
1733530 853
1733540 848
1733550 848
1733560 845
1733570 848
1733580 848
1733590 849
1733600 850
1733610 850
1733620 850
1733630 852
1733640 853
1733650 853
1733660 854
1733670 856
1733680 856
1733690 858
1733700 857
1733710 857
1733720 857
1733730 857
1733740 857
1733750 856
1733760 856
1733770 856
1733780 856
1733790 858
1733800 858
1733810 858
1733820 858
1733830 858
1733840 858
1733850 858
1733860 858
1733870 859
1733880 860
1733890 860
1733900 861
1733910 864
1733920 858
1733930 858
1733940 853
1733950 848
1733960 848
1733970 841
1733980 847
1733990 847
1734000 852
1734010 859
1734020 859
1734030 867
1734040 873
1734050 873
1734060 878
1734070 874
1734080 874
1734090 870
1734100 865
1734110 865
1734120 861
1734130 858
1734140 858
1734150 854
1734160 851
1734170 851
1734180 849
1734190 848
1734200 848
1734210 846
1734220 844
1734230 841
1734240 841
1734250 838
1734260 828
1734270 828
1734280 832
1734290 834
1734300 834
1734310 837
1734320 839
1734330 839
1734340 842
1734350 844
1734360 844
1734370 846
1734380 847
1734390 847
1734400 848
1734410 845
1734420 855
1734430 857
1734440 855
1734450 855
1734460 852
1734470 855
1734480 855
1734490 856
1734500 857
1734510 857
1734520 857
1734530 858
1734540 857
1734550 857
1734560 856
1734570 856
1734580 856
1734590 855
1734600 854
1734610 854
1734620 852
1734630 850
1734640 850
1734650 848
1734660 846
1734670 846
1734680 843
1734690 840
1734700 840
1734710 837
1734720 831
1734730 831
1734740 825
1734750 822
1734760 822
1734770 816
1734780 809
1734790 809
1734800 812
1734810 810
1734820 807
1734830 807
1734840 804
1734850 801
1734860 801
1734870 800
1734880 798
1734890 798
1734900 798
1734910 800
1734920 800
1734930 799
1734940 800
1734950 800
1734960 801
1734970 802
1734980 802
1734990 802
1735000 803
1735010 803
1735020 806
1735030 810
1735040 810
1735050 814
1735060 820
1735070 820
1735080 827
1735090 834
1735100 840
1735110 840
1735120 845
1735130 851
1735140 851
1735150 856
1735160 862
1735170 862
1735180 870
1735190 877
1735200 877
1735210 880
1735220 882
1735230 882
1735240 880
1735250 873
1735260 873
1735270 866
1735280 859
1735290 859
1735300 851
1735310 844
1735320 844
1735330 837
1735340 833
1735350 833
1735360 835
1735370 843
1735380 849
1735390 849
1735400 856
1735410 863
1735420 863
1735430 869
1735440 876
1735450 876
1735460 882
1735470 888
1735480 888
1735490 895
1735500 901
1735510 901
1735520 907
1735530 912
1735540 912
1735550 912
1735560 910
1735570 910
1735580 909
1735590 909
1735600 909
1735610 910
1735620 911
1735630 911
1735640 911
1735650 909
1735660 909
1735670 907
1735680 904
1735690 902
1735700 902
1735710 900
1735720 898
1735730 898
1735740 896
1735750 897
1735760 897
1735770 898
1735780 899
1735790 899
1735800 902
1735810 905
1735820 905
1735830 910
1735840 914
1735850 914
1735860 919
1735870 923
1735880 923
1735890 928
1735900 931
1735910 931
1735920 927
1735930 923
1735940 923
1735950 920
1735960 916
1735970 913
1735980 913
1735990 909
1736000 904
1736010 904
1736020 898
1736030 893
1736040 893
1736050 887
1736060 882
1736070 882
1736080 877
1736090 874
1736100 874
1736110 870
1736120 864
1736130 864
1736140 859
1736150 866
1736160 866
1736170 870
1736180 875
1736190 875
1736200 878
1736210 883
1736220 883
1736230 888
1736240 892
1736250 892
1736260 898
1736270 903
1736280 909
1736290 909
1736300 914
1736310 920
1736320 920
1736330 925
1736340 929
1736350 929
1736360 933
1736370 939
1736380 939
1736390 942
1736400 946
1736410 946
1736420 950
1736430 955
1736440 955
1736450 959
1736460 963
1736470 963
1736480 967
1736490 971
1736500 971
1736510 976
1736520 982
1736530 982
1736540 989
1736550 994
1736560 1003
1736570 1003
1736580 1007
1736590 1011
1736600 1011
1736610 1016
1736620 1021
1736630 1021
1736640 1026
1736650 1031
1736660 1031
1736670 1036
1736680 1040
1736690 1040
1736700 1045
1736710 1048
1736720 1048
1736730 1048
1736740 1046
1736750 1046
1736760 1046
1736770 1046
1736780 1046
1736790 1046
1736800 1046
1736810 1046
1736820 1046
1736830 1046
1736840 1046
1736850 1047
1736860 1049
1736870 1051
1736880 1051
1736890 1054
1736900 1058
1736910 1058
1736920 1059
1736930 1063
1736940 1063
1736950 1067
1736960 1071
1736970 1071
1736980 1075
1736990 1079
1737000 1079
1737010 1083
1737020 1085
1737030 1085
1737040 1087
1737050 1088
1737060 1088
1737070 1089
1737080 1090
1737090 1090
1737100 1091
1737110 1092
1737120 1092
1737130 1092
1737140 1089
1737150 1084
1737160 1084
1737170 1078
1737180 1073
1737190 1073
1737200 1068
1737210 1062
1737220 1062
1737230 1057
1737240 1051
1737250 1051
1737260 1045
1737270 1040
1737280 1040
1737290 1033
1737300 1027
1737310 1027
1737320 1021
1737330 1014
1737340 1014
1737350 1007
1737360 1001
1737370 1001
1737380 995
1737390 989
1737400 989
1737410 983
1737420 978
1737430 978
1737440 972
1737450 968
1737460 968
1737470 968
1737480 968
1737490 968
1737500 968
1737510 967
1737520 966
1737530 966
1737540 966
1737550 967
1737560 967
1737570 971
1737580 976
1737590 976
1737600 980
1737610 982
1737620 982
1737630 986
1737640 991
1737650 991
1737660 993
1737670 996
1737680 996
1737690 996
1737700 997
1737710 997
1737720 998
1737730 999
1737740 1000
1737750 1000
1737760 1004
1737770 1008
1737780 1008
1737790 1010
1737800 1014
1737810 1014
1737820 1017
1737830 1020
1737840 1020
1737850 1022
1737860 1019
1737870 1019
1737880 1015
1737890 1011
1737900 1011
1737910 1011
1737920 1010
1737930 1010
1737940 1008
1737950 1006
1737960 1006
1737970 1003
1737980 999
1737990 999
1738000 997
1738010 1000
1738020 1002
1738030 1002
1738040 1001
1738050 999
1738060 999
1738070 1000
1738080 1001
1738090 1001
1738100 1003
1738110 1007
1738120 1007
1738130 1009
1738140 1011
1738150 1011
1738160 1015
1738170 1018
1738180 1018
1738190 1023
1738200 1027
1738210 1027
1738220 1031
1738230 1035
1738240 1035
1738250 1040
1738260 1042
1738270 1042
1738280 1044
1738290 1047
1738300 1047
1738310 1049
1738320 1049
1738330 1048
1738340 1048
1738350 1048
1738360 1048
1738370 1048
1738380 1047
1738390 1047
1738400 1047
1738410 1046
1738420 1045
1738430 1045
1738440 1041
1738450 1034
1738460 1034
1738470 1030
1738480 1025
1738490 1025
1738500 1021
1738510 1020
1738520 1020
1738530 1020
1738540 1019
1738550 1019
1738560 1014
1738570 1009
1738580 1009
1738590 1004
1738600 998
1738610 993
1738620 993
1738630 986
1738640 979
1738650 979
1738660 979
1738670 981
1738680 981
1738690 983
1738700 985
1738710 985
1738720 984
1738730 983
1738740 983
1738750 982
1738760 979
1738770 979
1738780 973
1738790 967
1738800 967
1738810 964
1738820 965
1738830 965
1738840 961
1738850 961
1738860 961
1738870 963
1738880 963
1738890 963
1738900 962
1738910 963
1738920 965
1738930 965
1738940 967
1738950 966
1738960 966
1738970 963
1738980 961
1738990 961
1739000 960
1739010 957
1739020 957
1739030 954
1739040 951
1739050 951
1739060 947
1739070 944
1739080 944
1739090 941
1739100 937
1739110 937
1739120 934
1739130 931
1739140 931
1739150 928
1739160 925
1739170 925
1739180 924
1739190 921
1739200 918
1739210 918
1739220 916
1739230 915
1739240 915
1739250 913
1739260 911
1739270 911
1739280 909
1739290 906
1739300 906
1739310 903
1739320 898
1739330 898
1739340 892
1739350 886
1739360 886
1739370 879
1739380 872
1739390 872
1739400 866
1739410 862
1739420 862
1739430 858
1739440 855
1739450 855
1739460 855
1739470 858
1739480 858
1739490 855
1739500 847
1739510 841
1739520 841
1739530 834
1739540 828
1739550 828
1739560 822
1739570 814
1739580 814
1739590 807
1739600 800
1739610 800
1739620 791
1739630 783
1739640 783
1739650 774
1739660 766
1739670 766
1739680 757
1739690 748
1739700 748
1739710 738
1739720 729
1739730 729
1739740 718
1739750 710
1739760 710
1739770 703
1739780 697
1739790 692
1739800 692
1739810 690
1739820 690
1739830 690
1739840 692
1739850 692
1739860 692
1739870 700
1739880 708
1739890 708
1739900 716
1739910 720
1739920 720
1739930 723
1739940 725
1739950 725
1739960 727
1739970 729
1739980 729
1739990 730
