1720000 985
1720010 980
1720020 975
1720030 975
1720040 973
1720050 974
1720060 974
1720070 976
1720080 977
1720090 977
1720100 978
1720110 979
1720120 980
1720130 980
1720140 981
1720150 982
1720160 982
1720170 983
1720180 986
1720190 986
1720200 987
1720210 989
1720220 989
1720230 990
1720240 991
1720250 991
1720260 992
1720270 993
1720280 993
1720290 994
1720300 994
1720310 994
1720320 992
1720330 991
1720340 991
1720350 988
1720360 984
1720370 984
1720380 981
1720390 979
1720400 979
1720410 976
1720420 971
1720430 969
1720440 969
1720450 965
1720460 962
1720470 962
1720480 956
1720490 951
1720500 951
1720510 948
1720520 945
1720530 945
1720540 943
1720550 941
1720560 941
1720570 938
1720580 933
1720590 933
1720600 929
1720610 923
1720620 923
1720630 918
1720640 918
1720650 918
1720660 916
1720670 915
1720680 915
1720690 910
1720700 905
1720710 905
1720720 905
1720730 908
1720740 914
1720750 914
1720760 920
1720770 926
1720780 926
1720790 932
1720800 937
1720810 937
1720820 942
1720830 947
1720840 947
1720850 951
1720860 954
1720870 954
1720880 957
1720890 959
1720900 959
1720910 962
1720920 965
1720930 965
1720940 967
1720950 970
1720960 970
1720970 972
1720980 975
1720990 975
1721000 977
1721010 979
1721020 979
1721030 982
1721040 984
1721050 986
1721060 986
1721070 988
1721080 990
1721090 990
1721100 992
1721110 996
1721120 996
1721130 1001
1721140 1007
1721150 1007
1721160 1013
1721170 1017
1721180 1017
1721190 1021
1721200 1024
1721210 1024
1721220 1028
1721230 1033
1721240 1033
1721250 1038
1721260 1042
1721270 1042
1721280 1048
1721290 1052
1721300 1052
1721310 1054
1721320 1056
1721330 1056
1721340 1057
1721350 1054
1721360 1052
1721370 1052
1721380 1050
1721390 1051
1721400 1051
1721410 1054
1721420 1058
1721430 1058
1721440 1057
1721450 1056
1721460 1056
1721470 1057
1721480 1057
1721490 1057
1721500 1057
1721510 1060
1721520 1060
1721530 1059
1721540 1060
1721550 1060
1721560 1061
1721570 1059
1721580 1059
1721590 1056
1721600 1055
1721610 1055
1721620 1054
1721630 1057
1721640 1057
1721650 1060
1721660 1064
1721670 1068
1721680 1068
1721690 1072
1721700 1076
1721710 1076
1721720 1079
1721730 1082
1721740 1082
1721750 1086
1721760 1089
1721770 1089
1721780 1090
1721790 1093
1721800 1093
1721810 1097
1721820 1100
1721830 1100
1721840 1104
1721850 1105
1721860 1105
1721870 1107
1721880 1112
1721890 1112
1721900 1114
1721910 1119
1721920 1119
1721930 1124
1721940 1128
1721950 1132
1721960 1132
1721970 1137
1721980 1141
1721990 1141
1722000 1145
1722010 1151
1722020 1151
1722030 1156
1722040 1159
1722050 1159
1722060 1165
1722070 1170
1722080 1170
1722090 1174
1722100 1177
1722110 1177
1722120 1183
1722130 1189
1722140 1189
1722150 1193
1722160 1198
1722170 1198
1722180 1203
1722190 1207
1722200 1207
1722210 1212
1722220 1217
1722230 1217
1722240 1223
1722250 1227
1722260 1232
1722270 1232
1722280 1237
1722290 1241
1722300 1241
1722310 1246
1722320 1251
1722330 1251
1722340 1255
1722350 1260
1722360 1260
1722370 1264
1722380 1269
1722390 1269
1722400 1273
1722410 1278
1722420 1278
1722430 1283
1722440 1288
1722450 1288
1722460 1293
1722470 1297
1722480 1297
1722490 1300
1722500 1304
1722510 1304
1722520 1306
1722530 1305
1722540 1305
1722550 1302
1722560 1299
1722570 1295
1722580 1295
1722590 1289
1722600 1286
1722610 1286
1722620 1284
1722630 1280
1722640 1280
1722650 1274
1722660 1265
1722670 1265
1722680 1258
1722690 1259
1722700 1259
1722710 1267
1722720 1275
1722730 1275
1722740 1275
1722750 1272
1722760 1272
1722770 1268
1722780 1266
1722790 1266
1722800 1264
1722810 1260
1722820 1260
1722830 1257
1722840 1255
1722850 1255
1722860 1257
1722870 1258
1722880 1257
1722890 1257
1722900 1255
1722910 1258
1722920 1258
1722930 1261
1722940 1262
1722950 1262
1722960 1264
1722970 1267
1722980 1267
1722990 1271
1723000 1270
1723010 1270
1723020 1265
1723030 1273
1723040 1273
1723050 1280
1723060 1283
1723070 1283
1723080 1285
1723090 1288
1723100 1288
1723110 1292
1723120 1295
1723130 1295
1723140 1297
1723150 1294
1723160 1294
1723170 1292
1723180 1289
1723190 1284
1723200 1284
1723210 1281
1723220 1281
1723230 1281
1723240 1281
1723250 1279
1723260 1279
1723270 1276
1723280 1277
1723290 1277
1723300 1277
1723310 1278
1723320 1278
1723330 1279
1723340 1280
1723350 1280
1723360 1282
1723370 1284
1723380 1284
1723390 1288
1723400 1290
1723410 1290
1723420 1291
1723430 1293
1723440 1293
1723450 1293
1723460 1295
1723470 1295
1723480 1298
1723490 1301
1723500 1303
1723510 1303
1723520 1306
1723530 1309
1723540 1309
1723550 1312
1723560 1313
1723570 1310
1723580 1313
1723590 1315
1723600 1315
1723610 1318
1723620 1323
1723630 1323
1723640 1324
1723650 1329
1723660 1329
1723670 1332
1723680 1336
1723690 1336
1723700 1339
1723710 1342
1723720 1342
1723730 1346
1723740 1349
1723750 1349
1723760 1352
1723770 1355
1723780 1355
1723790 1357
1723800 1359
1723810 1361
1723820 1361
1723830 1358
1723840 1353
1723850 1353
1723860 1347
1723870 1342
1723880 1342
1723890 1336
1723900 1331
1723910 1331
1723920 1326
1723930 1321
1723940 1321
1723950 1313
1723960 1312
1723970 1312
1723980 1306
1723990 1300
1724000 1300
1724010 1295
1724020 1290
1724030 1290
1724040 1286
1724050 1281
1724060 1281
1724070 1276
1724080 1272
1724090 1268
1724100 1268
1724110 1264
1724120 1259
1724130 1259
1724140 1256
1724150 1250
1724160 1250
1724170 1245
1724180 1245
1724190 1245
1724200 1242
1724210 1240
1724220 1240
1724230 1239
1724240 1235
1724250 1235
1724260 1233
1724270 1230
1724280 1230
1724290 1227
1724300 1226
1724310 1226
1724320 1224
1724330 1222
1724340 1222
1724350 1221
1724360 1221
1724370 1221
1724380 1219
1724390 1214
1724400 1212
1724410 1212
1724420 1212
1724430 1211
1724440 1211
1724450 1208
1724460 1206
1724470 1206
1724480 1200
1724490 1193
1724500 1193
1724510 1200
1724520 1209
1724530 1209
1724540 1213
1724550 1215
1724560 1215
1724570 1217
1724580 1220
1724590 1220
1724600 1224
1724610 1226
1724620 1226
1724630 1229
1724640 1230
1724650 1230
1724660 1230
1724670 1228
1724680 1228
1724690 1225
1724700 1222
1724710 1218
1724720 1218
1724730 1214
1724740 1210
1724750 1210
1724760 1204
1724770 1199
1724780 1199
1724790 1197
1724800 1192
1724810 1192
1724820 1189
1724830 1187
1724840 1187
1724850 1183
1724860 1176
1724870 1176
1724880 1173
1724890 1176
1724900 1176
1724910 1174
1724920 1173
1724930 1173
1724940 1170
1724950 1167
1724960 1167
1724970 1165
1724980 1163
1724990 1163
1725000 1162
1725010 1161
1725020 1159
1725030 1159
1725040 1156
1725050 1153
1725060 1153
1725070 1150
1725080 1147
1725090 1147
1725100 1144
1725110 1141
1725120 1141
1725130 1138
1725140 1134
1725150 1134
1725160 1133
1725170 1135
1725180 1135
1725190 1139
1725200 1142
1725210 1142
1725220 1146
1725230 1150
1725240 1150
1725250 1153
1725260 1156
1725270 1156
1725280 1160
1725290 1163
1725300 1163
1725310 1166
1725320 1169
1725330 1172
1725340 1172
1725350 1177
1725360 1179
1725370 1179
1725380 1180
1725390 1179
1725400 1179
1725410 1177
1725420 1176
1725430 1176
1725440 1176
1725450 1177
1725460 1177
1725470 1177
1725480 1176
1725490 1176
1725500 1177
1725510 1177
1725520 1177
1725530 1177
1725540 1178
1725550 1178
1725560 1178
1725570 1179
1725580 1179
1725590 1179
1725600 1180
1725610 1180
1725620 1181
1725630 1182
1725640 1183
1725650 1183
1725660 1185
1725670 1187
1725680 1187
1725690 1189
1725700 1191
1725710 1191
1725720 1191
1725730 1191
1725740 1191
1725750 1192
1725760 1193
1725770 1193
1725780 1194
1725790 1195
1725800 1195
1725810 1195
1725820 1195
1725830 1195
1725840 1194
1725850 1193
1725860 1193
1725870 1191
1725880 1187
1725890 1187
1725900 1187
1725910 1184
1725920 1184
1725930 1181
1725940 1179
1725950 1176
1725960 1176
1725970 1172
1725980 1169
1725990 1169
1726000 1165
1726010 1157
1726020 1157
1726030 1149
1726040 1141
1726050 1141
1726060 1133
1726070 1126
1726080 1126
1726090 1119
1726100 1112
1726110 1112
1726120 1105
1726130 1099
1726140 1099
1726150 1094
1726160 1088
1726170 1088
1726180 1084
1726190 1080
1726200 1080
1726210 1076
1726220 1073
1726230 1070
1726240 1070
1726250 1066
1726260 1063
1726270 1063
1726280 1060
1726290 1057
1726300 1057
1726310 1054
1726320 1052
1726330 1052
1726340 1050
1726350 1045
1726360 1045
1726370 1043
1726380 1042
1726390 1042
1726400 1042
1726410 1042
1726420 1042
1726430 1042
1726440 1042
1726450 1042
1726460 1042
1726470 1039
1726480 1039
1726490 1034
1726500 1031
1726510 1031
1726520 1028
1726530 1027
1726540 1027
1726550 1027
1726560 1021
1726570 1013
1726580 1013
1726590 1007
1726600 1000
1726610 1000
1726620 994
1726630 988
1726640 988
1726650 981
1726660 976
1726670 976
1726680 969
1726690 962
1726700 962
1726710 956
1726720 948
1726730 948
1726740 940
1726750 931
1726760 931
1726770 920
1726780 913
1726790 913
1726800 904
1726810 894
1726820 894
1726830 883
1726840 877
1726850 871
1726860 871
1726870 868
1726880 866
1726890 866
1726900 869
1726910 871
1726920 871
1726930 874
1726940 877
1726950 877
1726960 879
1726970 880
1726980 880
1726990 881
1727000 883
1727010 883
1727020 886
1727030 890
1727040 890
1727050 893
1727060 896
1727070 896
1727080 899
1727090 902
1727100 902
1727110 906
1727120 910
1727130 910
1727140 913
1727150 916
1727160 920
1727170 920
1727180 924
1727190 929
1727200 929
1727210 934
1727220 938
1727230 938
1727240 944
1727250 946
1727260 946
1727270 951
1727280 953
1727290 953
1727300 955
1727310 958
1727320 958
1727330 956
1727340 955
1727350 955
1727360 950
1727370 945
1727380 945
1727390 939
1727400 937
1727410 937
1727420 929
1727430 922
1727440 922
1727450 917
1727460 911
1727470 903
1727480 903
1727490 896
1727500 892
1727510 892
1727520 885
1727530 875
1727540 875
1727550 879
1727560 881
1727570 881
1727580 883
1727590 887
1727600 887
1727610 889
1727620 891
1727630 891
1727640 894
1727650 896
1727660 896
1727670 898
1727680 901
1727690 901
1727700 904
1727710 905
1727720 905
1727730 904
1727740 902
1727750 902
1727760 901
1727770 899
1727780 898
1727790 898
1727800 897
1727810 896
1727820 896
1727830 895
1727840 894
1727850 894
1727860 891
1727870 886
1727880 886
1727890 881
1727900 876
1727910 876
1727920 873
1727930 870
1727940 870
1727950 868
1727960 863
1727970 863
1727980 853
1727990 855
1728000 855
1728010 861
1728020 866
1728030 866
1728040 872
1728050 876
1728060 876
1728070 878
1728080 879
1728090 882
1728100 882
1728110 884
1728120 884
1728130 884
1728140 895
1728150 902
1728160 902
1728170 907
1728180 912
1728190 912
1728200 916
1728210 922
1728220 922
1728230 929
1728240 936
1728250 936
1728260 943
1728270 948
1728280 948
1728290 952
1728300 954
1728310 954
1728320 956
1728330 959
1728340 959
1728350 962
1728360 965
1728370 965
1728380 967
1728390 970
1728400 971
1728410 971
1728420 973
1728430 973
1728440 973
1728450 976
1728460 979
1728470 979
1728480 981
1728490 985
1728500 985
1728510 989
1728520 992
1728530 992
1728540 996
1728550 1000
1728560 1000
1728570 1005
1728580 1008
1728590 1008
1728600 1012
1728610 1015
1728620 1015
1728630 1017
1728640 1020
1728650 1020
1728660 1024
1728670 1024
1728680 1030
1728690 1030
1728700 1034
1728710 1037
1728720 1037
1728730 1041
1728740 1044
1728750 1044
1728760 1048
1728770 1052
1728780 1052
1728790 1055
1728800 1059
1728810 1059
1728820 1063
1728830 1067
1728840 1067
1728850 1070
1728860 1072
1728870 1072
1728880 1075
1728890 1079
1728900 1079
1728910 1083
1728920 1085
1728930 1085
1728940 1080
1728950 1074
1728960 1074
1728970 1069
1728980 1065
1728990 1061
1729000 1061
1729010 1057
1729020 1051
1729030 1051
1729040 1045
1729050 1039
1729060 1039
1729070 1033
1729080 1027
1729090 1027
1729100 1021
1729110 1015
1729120 1015
1729130 1009
1729140 1004
1729150 1004
1729160 999
1729170 993
1729180 993
1729190 989
1729200 982
1729210 982
1729220 977
1729230 970
1729240 970
1729250 964
1729260 957
1729270 957
1729280 949
1729290 943
1729300 939
1729310 939
1729320 940
1729330 943
1729340 943
1729350 945
1729360 947
1729370 947
1729380 950
1729390 953
1729400 953
1729410 956
1729420 958
1729430 958
1729440 961
1729450 965
1729460 965
1729470 969
1729480 972
1729490 972
1729500 976
1729510 978
1729520 978
1729530 982
1729540 984
1729550 984
1729560 985
1729570 987
1729580 987
1729590 990
1729600 993
1729610 996
1729620 996
1729630 998
1729640 1001
1729650 1001
1729660 1002
1729670 1000
1729680 1000
1729690 998
1729700 994
1729710 994
1729720 991
1729730 988
1729740 988
1729750 985
1729760 982
1729770 982
1729780 978
1729790 974
1729800 974
1729810 969
1729820 965
1729830 965
1729840 961
1729850 959
1729860 959
1729870 954
1729880 951
1729890 951
1729900 947
1729910 944
1729920 940
1729930 940
1729940 936
1729950 933
1729960 933
1729970 926
1729980 920
1729990 920
1730000 916
1730010 921
1730020 921
1730030 927
1730040 935
1730050 935
1730060 940
1730070 945
1730080 945
1730090 950
1730100 954
1730110 954
1730120 959
1730130 964
1730140 964
1730150 968
1730160 973
1730170 973
1730180 977
1730190 981
1730200 981
1730210 986
1730220 992
1730230 995
1730240 995
1730250 999
1730260 1004
1730270 1004
1730280 1009
1730290 1009
1730300 1009
1730310 1008
1730320 1008
1730330 1008
1730340 1008
1730350 1007
1730360 1007
1730370 1007
1730380 1005
1730390 1005
1730400 1004
1730410 1003
1730420 1003
1730430 999
1730440 1000
1730450 1000
1730460 999
1730470 997
1730480 997
1730490 996
1730500 999
1730510 999
1730520 1003
1730530 1006
1730540 1007
1730550 1007
1730560 1008
1730570 1015
1730580 1015
1730590 1019
1730600 1024
1730610 1024
1730620 1028
1730630 1032
1730640 1032
1730650 1036
1730660 1040
1730670 1040
1730680 1045
1730690 1049
1730700 1049
1730710 1054
1730720 1059
1730730 1059
1730740 1064
1730750 1068
1730760 1068
1730770 1074
1730780 1080
1730790 1080
1730800 1086
1730810 1091
1730820 1097
1730830 1097
1730840 1099
1730850 1105
1730860 1105
1730870 1110
1730880 1116
1730890 1116
1730900 1121
1730910 1127
1730920 1127
1730930 1133
1730940 1138
1730950 1138
1730960 1145
1730970 1149
1730980 1149
1730990 1156
1731000 1161
1731010 1161
1731020 1167
1731030 1172
1731040 1172
1731050 1177
1731060 1182
1731070 1182
1731080 1187
1731090 1192
1731100 1192
1731110 1197
1731120 1201
1731130 1203
1731140 1203
1731150 1204
1731160 1206
1731170 1206
1731180 1209
1731190 1210
1731200 1210
1731210 1210
1731220 1208
1731230 1208
1731240 1205
1731250 1204
1731260 1204
1731270 1202
1731280 1199
1731290 1199
1731300 1195
1731310 1192
1731320 1192
1731330 1189
1731340 1186
1731350 1186
1731360 1183
1731370 1180
1731380 1180
1731390 1177
1731400 1175
1731410 1175
1731420 1173
1731430 1172
1731440 1170
1731450 1170
1731460 1169
1731470 1167
1731480 1167
1731490 1166
1731500 1164
1731510 1164
1731520 1163
1731530 1161
1731540 1161
1731550 1162
1731560 1161
1731570 1161
1731580 1159
1731590 1158
1731600 1158
1731610 1157
1731620 1157
1731630 1157
1731640 1157
1731650 1159
1731660 1159
1731670 1161
1731680 1163
1731690 1163
1731700 1166
1731710 1170
1731720 1170
1731730 1174
1731740 1177
1731750 1178
1731760 1178
1731770 1179
1731780 1180
1731790 1180
1731800 1179
1731810 1177
1731820 1177
1731830 1174
1731840 1170
1731850 1170
1731860 1165
1731870 1159
1731880 1159
1731890 1153
1731900 1147
1731910 1147
1731920 1141
1731930 1133
1731940 1133
1731950 1127
1731960 1120
1731970 1120
1731980 1114
1731990 1108
1732000 1108
1732010 1102
1732020 1094
1732030 1094
1732040 1091
1732050 1084
1732060 1079
1732070 1079
1732080 1074
1732090 1068
1732100 1068
1732110 1062
1732120 1058
1732130 1058
1732140 1053
1732150 1048
1732160 1048
1732170 1042
1732180 1037
1732190 1037
1732200 1031
1732210 1026
1732220 1026
1732230 1024
1732240 1017
1732250 1017
1732260 1013
1732270 1011
1732280 1011
1732290 1010
1732300 1012
1732310 1012
1732320 1013
1732330 1021
1732340 1021
1732350 1027
1732360 1028
1732370 1032
1732380 1032
1732390 1037
1732400 1043
1732410 1043
1732420 1049
1732430 1055
1732440 1055
1732450 1061
1732460 1067
1732470 1067
1732480 1074
1732490 1081
1732500 1081
1732510 1087
1732520 1093
1732530 1093
1732540 1099
1732550 1104
1732560 1104
1732570 1110
1732580 1116
1732590 1116
1732600 1120
1732610 1126
1732620 1126
1732630 1131
1732640 1137
1732650 1137
1732660 1142
1732670 1147
1732680 1152
1732690 1152
1732700 1157
1732710 1163
1732720 1163
1732730 1166
1732740 1170
1732750 1170
1732760 1173
1732770 1175
1732780 1175
1732790 1177
1732800 1179
1732810 1179
1732820 1180
1732830 1182
1732840 1182
1732850 1182
1732860 1180
1732870 1180
1732880 1179
1732890 1179
1732900 1179
1732910 1180
1732920 1181
1732930 1181
1732940 1184
1732950 1187
1732960 1189
1732970 1189
1732980 1189
1732990 1192
1733000 1192
1733010 1196
1733020 1198
1733030 1198
1733040 1201
1733050 1204
1733060 1204
1733070 1208
1733080 1211
1733090 1211
1733100 1215
1733110 1220
1733120 1220
1733130 1223
1733140 1227
1733150 1227
1733160 1231
1733170 1234
1733180 1234
1733190 1236
1733200 1237
1733210 1237
1733220 1235
1733230 1232
1733240 1232
1733250 1230
1733260 1229
1733270 1228
1733280 1228
1733290 1224
1733300 1220
1733310 1220
1733320 1214
1733330 1211
1733340 1211
1733350 1206
1733360 1206
1733370 1206
1733380 1207
1733390 1209
1733400 1209
1733410 1212
1733420 1215
1733430 1215
1733440 1218
1733450 1221
1733460 1221
1733470 1222
1733480 1221
1733490 1221
1733500 1219
1733510 1218
1733520 1218
1733530 1216
1733540 1217
1733550 1217
1733560 1221
1733570 1226
1733580 1231
1733590 1231
1733600 1236
1733610 1240
1733620 1240
1733630 1246
1733640 1249
1733650 1249
1733660 1255
1733670 1261
1733680 1261
1733690 1265
1733700 1270
1733710 1270
1733720 1275
1733730 1279
1733740 1279
1733750 1283
1733760 1287
1733770 1287
1733780 1290
1733790 1294
1733800 1294
1733810 1296
1733820 1297
1733830 1297
1733840 1292
1733850 1288
1733860 1288
1733870 1284
1733880 1281
1733890 1282
1733900 1282
1733910 1286
1733920 1289
1733930 1289
1733940 1293
1733950 1297
1733960 1297
1733970 1301
1733980 1305
1733990 1305
1734000 1308
1734010 1311
1734020 1311
1734030 1313
1734040 1314
1734050 1314
1734060 1315
1734070 1317
1734080 1317
1734090 1321
1734100 1325
1734110 1325
1734120 1328
1734130 1331
1734140 1331
1734150 1334
1734160 1337
1734170 1337
1734180 1341
1734190 1344
1734200 1347
1734210 1347
1734220 1352
1734230 1356
1734240 1356
1734250 1360
1734260 1364
1734270 1364
1734280 1368
1734290 1373
1734300 1373
1734310 1377
1734320 1381
1734330 1381
1734340 1384
1734350 1387
1734360 1387
1734370 1390
1734380 1393
1734390 1393
1734400 1394
1734410 1393
1734420 1393
1734430 1392
1734440 1390
1734450 1390
1734460 1386
1734470 1381
1734480 1381
1734490 1375
1734500 1370
1734510 1365
1734520 1365
1734530 1361
1734540 1357
1734550 1357
1734560 1354
1734570 1351
1734580 1351
1734590 1348
1734600 1345
1734610 1345
1734620 1343
1734630 1340
1734640 1340
1734650 1338
1734660 1336
1734670 1336
1734680 1334
1734690 1333
1734700 1333
1734710 1332
1734720 1331
1734730 1331
1734740 1330
1734750 1327
1734760 1327
1734770 1325
1734780 1322
1734790 1322
1734800 1318
1734810 1315
1734820 1311
1734830 1311
1734840 1307
1734850 1304
1734860 1304
1734870 1301
1734880 1298
1734890 1298
1734900 1295
1734910 1293
1734920 1293
1734930 1290
1734940 1287
1734950 1287
1734960 1284
1734970 1281
1734980 1281
1734990 1279
1735000 1275
1735010 1275
1735020 1272
1735030 1269
1735040 1269
1735050 1265
1735060 1262
1735070 1262
1735080 1258
1735090 1255
1735100 1252
1735110 1252
1735120 1250
1735130 1248
1735140 1248
1735150 1246
1735160 1243
1735170 1243
1735180 1241
1735190 1239
1735200 1239
1735210 1237
1735220 1235
1735230 1235
1735240 1233
1735250 1230
1735260 1230
1735270 1228
1735280 1226
1735290 1226
1735300 1224
1735310 1223
1735320 1223
1735330 1220
1735340 1217
1735350 1217
1735360 1215
1735370 1212
1735380 1212
1735390 1210
1735400 1208
1735410 1206
1735420 1206
1735430 1204
1735440 1202
1735450 1202
1735460 1200
1735470 1196
1735480 1196
1735490 1192
1735500 1190
1735510 1190
1735520 1192
1735530 1193
1735540 1193
1735550 1195
1735560 1196
1735570 1196
1735580 1195
1735590 1196
1735600 1196
1735610 1197
1735620 1199
1735630 1199
1735640 1202
1735650 1205
1735660 1205
1735670 1207
1735680 1208
1735690 1208
1735700 1210
1735710 1210
1735720 1210
1735730 1210
1735740 1211
1735750 1213
1735760 1213
1735770 1214
1735780 1217
1735790 1217
1735800 1218
1735810 1218
1735820 1218
1735830 1216
1735840 1212
1735850 1212
1735860 1207
1735870 1203
1735880 1203
1735890 1199
1735900 1193
1735910 1193
1735920 1192
1735930 1186
1735940 1186
1735950 1182
1735960 1178
1735970 1178
1735980 1175
1735990 1173
1736000 1173
1736010 1171
1736020 1169
1736030 1165
1736040 1165
1736050 1160
1736060 1155
1736070 1155
1736080 1149
1736090 1144
1736100 1144
1736110 1140
1736120 1136
1736130 1136
1736140 1133
1736150 1128
1736160 1128
1736170 1122
1736180 1117
1736190 1117
1736200 1111
1736210 1107
1736220 1107
1736230 1102
1736240 1096
1736250 1096
1736260 1089
1736270 1085
1736280 1085
1736290 1078
1736300 1073
1736310 1073
1736320 1069
1736330 1068
1736340 1065
1736350 1065
1736360 1063
1736370 1063
1736380 1063
1736390 1061
1736400 1059
1736410 1059
1736420 1058
1736430 1063
1736440 1063
1736450 1068
1736460 1069
1736470 1069
1736480 1072
1736490 1074
1736500 1074
1736510 1076
1736520 1077
1736530 1077
1736540 1079
1736550 1080
1736560 1080
1736570 1081
1736580 1082
1736590 1082
1736600 1083
1736610 1083
1736620 1083
1736630 1084
1736640 1084
1736650 1083
1736660 1083
1736670 1083
1736680 1082
1736690 1082
1736700 1081
1736710 1079
1736720 1079
1736730 1078
1736740 1078
1736750 1078
1736760 1079
1736770 1079
1736780 1079
1736790 1080
1736800 1080
1736810 1080
1736820 1080
1736830 1080
1736840 1080
1736850 1081
1736860 1080
1736870 1080
1736880 1080
1736890 1079
1736900 1079
1736910 1081
1736920 1081
1736930 1081
1736940 1081
1736950 1081
1736960 1081
1736970 1081
1736980 1079
1736990 1077
1737000 1077
1737010 1074
1737020 1070
1737030 1070
1737040 1064
1737050 1058
1737060 1058
1737070 1051
1737080 1045
1737090 1045
1737100 1038
1737110 1034
1737120 1034
1737130 1041
1737140 1047
1737150 1047
1737160 1054
1737170 1061
1737180 1061
1737190 1067
1737200 1073
1737210 1073
1737220 1078
1737230 1083
1737240 1085
1737250 1085
1737260 1085
1737270 1084
1737280 1084
1737290 1082
1737300 1080
1737310 1080
1737320 1077
1737330 1072
1737340 1072
1737350 1069
1737360 1066
1737370 1066
1737380 1064
1737390 1064
1737400 1064
1737410 1062
1737420 1063
1737430 1063
1737440 1062
1737450 1060
1737460 1060
1737470 1059
1737480 1058
1737490 1058
1737500 1057
1737510 1056
1737520 1056
1737530 1055
1737540 1055
1737550 1056
1737560 1056
1737570 1056
1737580 1057
1737590 1057
1737600 1059
1737610 1062
1737620 1062
1737630 1064
1737640 1066
1737650 1066
1737660 1069
1737670 1069
1737680 1069
1737690 1068
1737700 1062
1737710 1062
1737720 1057
1737730 1052
1737740 1052
1737750 1046
1737760 1039
1737770 1039
1737780 1032
1737790 1025
1737800 1025
1737810 1018
1737820 1011
1737830 1011
1737840 1004
1737850 996
1737860 989
1737870 989
1737880 988
1737890 992
1737900 992
1737910 998
1737920 1003
1737930 1003
1737940 1010
1737950 1017
1737960 1017
1737970 1024
1737980 1031
1737990 1031
1738000 1038
1738010 1045
1738020 1045
1738030 1052
1738040 1059
1738050 1059
1738060 1062
1738070 1065
1738080 1065
1738090 1068
1738100 1067
1738110 1067
1738120 1067
1738130 1066
1738140 1066
1738150 1066
1738160 1063
1738170 1061
1738180 1061
1738190 1057
1738200 1053
1738210 1053
1738220 1046
1738230 1040
1738240 1040
1738250 1036
1738260 1031
1738270 1031
1738280 1027
1738290 1022
1738300 1022
1738310 1019
1738320 1019
1738330 1019
1738340 1020
1738350 1022
1738360 1022
1738370 1025
1738380 1027
1738390 1027
1738400 1026
1738410 1024
1738420 1024
1738430 1023
1738440 1020
1738450 1020
1738460 1018
1738470 1016
1738480 1014
1738490 1014
1738500 1012
1738510 1008
1738520 1008
1738530 1005
1738540 1002
1738550 1002
1738560 999
1738570 996
1738580 996
1738590 993
1738600 989
1738610 989
1738620 985
1738630 982
1738640 982
1738650 979
1738660 979
1738670 979
1738680 978
1738690 978
1738700 978
1738710 977
1738720 978
1738730 978
1738740 979
1738750 978
1738760 978
1738770 976
1738780 977
1738790 977
1738800 977
1738810 977
1738820 978
1738830 978
1738840 979
1738850 978
1738860 978
1738870 979
1738880 980
1738890 980
1738900 979
1738910 978
1738920 978
1738930 976
1738940 975
1738950 975
1738960 974
1738970 973
1738980 973
1738990 971
1739000 970
1739010 970
1739020 970
1739030 969
1739040 969
1739050 969
1739060 968
1739070 968
1739080 969
1739090 972
1739100 973
1739110 973
1739120 971
1739130 969
1739140 969
1739150 968
1739160 966
1739170 966
1739180 965
1739190 964
1739200 964
1739210 962
1739220 959
1739230 959
1739240 957
1739250 956
1739260 956
1739270 954
1739280 952
1739290 952
1739300 950
1739310 947
1739320 947
1739330 944
1739340 941
1739350 941
1739360 941
1739370 941
1739380 941
1739390 941
1739400 941
1739410 936
1739420 936
1739430 930
1739440 926
1739450 926
1739460 923
1739470 920
1739480 920
1739490 917
1739500 913
1739510 913
1739520 910
1739530 906
1739540 906
1739550 903
1739560 900
1739570 900
1739580 897
1739590 896
1739600 896
1739610 893
1739620 890
1739630 890
1739640 887
1739650 885
1739660 885
1739670 883
1739680 880
1739690 879
1739700 879
1739710 875
1739720 871
1739730 871
1739740 868
1739750 867
1739760 867
1739770 866
1739780 866
1739790 866
1739800 866
1739810 866
1739820 866
1739830 866
1739840 866
1739850 866
1739860 867
1739870 867
1739880 867
1739890 868
1739900 870
1739910 870
1739920 873
1739930 873
1739940 873
1739950 873
1739960 872
1739970 872
1739980 871
1739990 869
