1720000 976
1720010 972
1720020 968
1720030 968
1720040 964
1720050 959
1720060 959
1720070 955
1720080 949
1720090 949
1720100 951
1720110 951
1720120 951
1720130 952
1720140 956
1720150 956
1720160 956
1720170 960
1720180 963
1720190 963
1720200 964
1720210 966
1720220 966
1720230 967
1720240 967
1720250 967
1720260 968
1720270 968
1720280 968
1720290 967
1720300 967
1720310 967
1720320 966
1720330 963
1720340 963
1720350 962
1720360 959
1720370 959
1720380 956
1720390 953
1720400 953
1720410 951
1720420 949
1720430 949
1720440 947
1720450 945
1720460 943
1720470 943
1720480 939
1720490 935
1720500 935
1720510 930
1720520 926
1720530 926
1720540 920
1720550 915
1720560 915
1720570 912
1720580 907
1720590 907
1720600 903
1720610 898
1720620 898
1720630 894
1720640 890
1720650 890
1720660 897
1720670 900
1720680 900
1720690 906
1720700 910
1720710 910
1720720 914
1720730 919
1720740 919
1720750 924
1720760 928
1720770 931
1720780 931
1720790 934
1720800 938
1720810 938
1720820 942
1720830 945
1720840 945
1720850 949
1720860 952
1720870 952
1720880 954
1720890 956
1720900 956
1720910 959
1720920 962
1720930 962
1720940 966
1720950 969
1720960 969
1720970 971
1720980 975
1720990 975
1721000 978
1721010 981
1721020 981
1721030 985
1721040 988
1721050 988
1721060 991
1721070 995
1721080 998
1721090 998
1721100 1002
1721110 1005
1721120 1005
1721130 1009
1721140 1014
1721150 1014
1721160 1017
1721170 1023
1721180 1023
1721190 1028
1721200 1034
1721210 1034
1721220 1038
1721230 1043
1721240 1043
1721250 1048
1721260 1053
1721270 1053
1721280 1059
1721290 1063
1721300 1063
1721310 1066
1721320 1069
1721330 1069
1721340 1070
1721350 1072
1721360 1072
1721370 1074
1721380 1074
1721390 1075
1721400 1075
1721410 1076
1721420 1075
1721430 1075
1721440 1075
1721450 1075
1721460 1075
1721470 1075
1721480 1076
1721490 1076
1721500 1077
1721510 1079
1721520 1079
1721530 1081
1721540 1083
1721550 1083
1721560 1085
1721570 1086
1721580 1086
1721590 1085
1721600 1084
1721610 1084
1721620 1082
1721630 1082
1721640 1082
1721650 1083
1721660 1087
1721670 1087
1721680 1090
1721690 1094
1721700 1097
1721710 1097
1721720 1099
1721730 1102
1721740 1102
1721750 1107
1721760 1110
1721770 1110
1721780 1113
1721790 1116
1721800 1116
1721810 1119
1721820 1123
1721830 1123
1721840 1126
1721850 1130
1721860 1130
1721870 1133
1721880 1137
1721890 1137
1721900 1142
1721910 1146
1721920 1146
1721930 1149
1721940 1154
1721950 1154
1721960 1158
1721970 1162
1721980 1162
1721990 1167
1722000 1172
1722010 1176
1722020 1176
1722030 1177
1722040 1182
1722050 1182
1722060 1184
1722070 1189
1722080 1189
1722090 1193
1722100 1197
1722110 1197
1722120 1203
1722130 1206
1722140 1206
1722150 1211
1722160 1216
1722170 1216
1722180 1220
1722190 1224
1722200 1224
1722210 1229
1722220 1233
1722230 1233
1722240 1238
1722250 1242
1722260 1242
1722270 1247
1722280 1252
1722290 1252
1722300 1257
1722310 1261
1722320 1266
1722330 1266
1722340 1270
1722350 1275
1722360 1275
1722370 1279
1722380 1283
1722390 1283
1722400 1287
1722410 1290
1722420 1290
1722430 1293
1722440 1296
1722450 1296
1722460 1293
1722470 1288
1722480 1288
1722490 1283
1722500 1279
1722510 1279
1722520 1273
1722530 1266
1722540 1266
1722550 1262
1722560 1257
1722570 1257
1722580 1256
1722590 1251
1722600 1246
1722610 1246
1722620 1243
1722630 1240
1722640 1240
1722650 1234
1722660 1223
1722670 1223
1722680 1214
1722690 1210
1722700 1210
1722710 1223
1722720 1231
1722730 1231
1722740 1230
1722750 1231
1722760 1231
1722770 1230
1722780 1229
1722790 1229
1722800 1225
1722810 1222
1722820 1222
1722830 1219
1722840 1216
1722850 1216
1722860 1209
1722870 1210
1722880 1210
1722890 1207
1722900 1213
1722910 1216
1722920 1216
1722930 1218
1722940 1220
1722950 1220
1722960 1221
1722970 1219
1722980 1219
1722990 1227
1723000 1232
1723010 1232
1723020 1235
1723030 1241
1723040 1241
1723050 1246
1723060 1249
1723070 1249
1723080 1253
1723090 1256
1723100 1256
1723110 1259
1723120 1261
1723130 1261
1723140 1262
1723150 1261
1723160 1261
1723170 1260
1723180 1257
1723190 1257
1723200 1254
1723210 1249
1723220 1245
1723230 1245
1723240 1242
1723250 1241
1723260 1241
1723270 1240
1723280 1238
1723290 1238
1723300 1235
1723310 1236
1723320 1236
1723330 1239
1723340 1242
1723350 1242
1723360 1244
1723370 1247
1723380 1247
1723390 1249
1723400 1253
1723410 1253
1723420 1255
1723430 1258
1723440 1258
1723450 1261
1723460 1263
1723470 1263
1723480 1267
1723490 1270
1723500 1270
1723510 1273
1723520 1276
1723530 1279
1723540 1279
1723550 1281
1723560 1286
1723570 1286
1723580 1290
1723590 1293
1723600 1293
1723610 1295
1723620 1300
1723630 1300
1723640 1304
1723650 1308
1723660 1308
1723670 1312
1723680 1317
1723690 1317
1723700 1322
1723710 1324
1723720 1324
1723730 1330
1723740 1334
1723750 1334
1723760 1339
1723770 1343
1723780 1343
1723790 1347
1723800 1350
1723810 1350
1723820 1351
1723830 1351
1723840 1345
1723850 1345
1723860 1340
1723870 1336
1723880 1336
1723890 1331
1723900 1327
1723910 1327
1723920 1322
1723930 1317
1723940 1317
1723950 1311
1723960 1306
1723970 1306
1723980 1299
1723990 1293
1724000 1293
1724010 1287
1724020 1281
1724030 1281
1724040 1276
1724050 1270
1724060 1270
1724070 1265
1724080 1257
1724090 1257
1724100 1255
1724110 1252
1724120 1252
1724130 1249
1724140 1243
1724150 1237
1724160 1237
1724170 1233
1724180 1228
1724190 1228
1724200 1224
1724210 1220
1724220 1220
1724230 1214
1724240 1210
1724250 1210
1724260 1203
1724270 1197
1724280 1197
1724290 1194
1724300 1192
1724310 1192
1724320 1190
1724330 1189
1724340 1189
1724350 1188
1724360 1187
1724370 1187
1724380 1185
1724390 1182
1724400 1182
1724410 1181
1724420 1178
1724430 1178
1724440 1173
1724450 1174
1724460 1171
1724470 1171
1724480 1165
1724490 1172
1724500 1172
1724510 1178
1724520 1185
1724530 1185
1724540 1188
1724550 1191
1724560 1191
1724570 1194
1724580 1197
1724590 1197
1724600 1200
1724610 1202
1724620 1202
1724630 1205
1724640 1209
1724650 1209
1724660 1211
1724670 1212
1724680 1212
1724690 1210
1724700 1207
1724710 1207
1724720 1204
1724730 1201
1724740 1201
1724750 1199
1724760 1196
1724770 1190
1724780 1190
1724790 1187
1724800 1182
1724810 1182
1724820 1178
1724830 1174
1724840 1174
1724850 1170
1724860 1167
1724870 1167
1724880 1163
1724890 1160
1724900 1160
1724910 1155
1724920 1148
1724930 1148
1724940 1142
1724950 1144
1724960 1144
1724970 1143
1724980 1141
1724990 1141
1725000 1137
1725010 1133
1725020 1133
1725030 1133
1725040 1132
1725050 1131
1725060 1131
1725070 1129
1725080 1126
1725090 1126
1725100 1124
1725110 1124
1725120 1124
1725130 1119
1725140 1114
1725150 1114
1725160 1113
1725170 1115
1725180 1115
1725190 1119
1725200 1121
1725210 1121
1725220 1125
1725230 1128
1725240 1128
1725250 1131
1725260 1135
1725270 1135
1725280 1141
1725290 1145
1725300 1145
1725310 1146
1725320 1145
1725330 1145
1725340 1143
1725350 1141
1725360 1142
1725370 1142
1725380 1144
1725390 1145
1725400 1145
1725410 1146
1725420 1147
1725430 1147
1725440 1148
1725450 1150
1725460 1150
1725470 1151
1725480 1152
1725490 1152
1725500 1153
1725510 1153
1725520 1153
1725530 1153
1725540 1152
1725550 1152
1725560 1154
1725570 1156
1725580 1156
1725590 1159
1725600 1160
1725610 1160
1725620 1161
1725630 1162
1725640 1162
1725650 1163
1725660 1164
1725670 1166
1725680 1166
1725690 1169
1725700 1171
1725710 1171
1725720 1173
1725730 1175
1725740 1175
1725750 1177
1725760 1179
1725770 1179
1725780 1181
1725790 1183
1725800 1183
1725810 1185
1725820 1187
1725830 1187
1725840 1188
1725850 1189
1725860 1189
1725870 1190
1725880 1191
1725890 1191
1725900 1192
1725910 1192
1725920 1192
1725930 1193
1725940 1193
1725950 1193
1725960 1191
1725970 1187
1725980 1185
1725990 1185
1726000 1181
1726010 1175
1726020 1175
1726030 1168
1726040 1160
1726050 1160
1726060 1153
1726070 1146
1726080 1146
1726090 1140
1726100 1133
1726110 1133
1726120 1128
1726130 1123
1726140 1123
1726150 1119
1726160 1114
1726170 1114
1726180 1109
1726190 1104
1726200 1104
1726210 1100
1726220 1096
1726230 1096
1726240 1093
1726250 1090
1726260 1090
1726270 1088
1726280 1085
1726290 1083
1726300 1083
1726310 1081
1726320 1079
1726330 1079
1726340 1076
1726350 1073
1726360 1073
1726370 1070
1726380 1069
1726390 1069
1726400 1069
1726410 1067
1726420 1067
1726430 1065
1726440 1060
1726450 1060
1726460 1057
1726470 1052
1726480 1052
1726490 1046
1726500 1040
1726510 1040
1726520 1034
1726530 1025
1726540 1025
1726550 1018
1726560 1010
1726570 1010
1726580 1002
1726590 996
1726600 989
1726610 989
1726620 983
1726630 977
1726640 977
1726650 971
1726660 966
1726670 966
1726680 960
1726690 954
1726700 954
1726710 949
1726720 943
1726730 943
1726740 937
1726750 930
1726760 930
1726770 924
1726780 917
1726790 917
1726800 911
1726810 905
1726820 905
1726830 900
1726840 894
1726850 894
1726860 889
1726870 885
1726880 885
1726890 879
1726900 872
1726910 866
1726920 866
1726930 863
1726940 861
1726950 861
1726960 859
1726970 857
1726980 857
1726990 861
1727000 861
1727010 861
1727020 860
1727030 862
1727040 862
1727050 865
1727060 866
1727070 866
1727080 868
1727090 873
1727100 873
1727110 877
1727120 883
1727130 883
1727140 889
1727150 894
1727160 894
1727170 898
1727180 902
1727190 905
1727200 905
1727210 907
1727220 908
1727230 908
1727240 911
1727250 915
1727260 915
1727270 919
1727280 923
1727290 923
1727300 926
1727310 929
1727320 929
1727330 931
1727340 934
1727350 934
1727360 935
1727370 939
1727380 939
1727390 936
1727400 935
1727410 935
1727420 932
1727430 928
1727440 928
1727450 924
1727460 920
1727470 920
1727480 915
1727490 909
1727500 905
1727510 905
1727520 900
1727530 892
1727540 892
1727550 885
1727560 878
1727570 878
1727580 871
1727590 862
1727600 862
1727610 852
1727620 847
1727630 847
1727640 851
1727650 857
1727660 857
1727670 862
1727680 864
1727690 864
1727700 863
1727710 860
1727720 860
1727730 858
1727740 855
1727750 855
1727760 853
1727770 852
1727780 852
1727790 851
1727800 850
1727810 847
1727820 847
1727830 842
1727840 842
1727850 842
1727860 841
1727870 843
1727880 843
1727890 844
1727900 847
1727910 847
1727920 849
1727930 852
1727940 852
1727950 854
1727960 858
1727970 858
1727980 866
1727990 875
1728000 875
1728010 877
1728020 882
1728030 882
1728040 886
1728050 891
1728060 891
1728070 897
1728080 903
1728090 903
1728100 908
1728110 912
1728120 916
1728130 916
1728140 920
1728150 924
1728160 924
1728170 927
1728180 929
1728190 929
1728200 934
1728210 936
1728220 936
1728230 937
1728240 938
1728250 938
1728260 943
1728270 950
1728280 950
1728290 958
1728300 959
1728310 959
1728320 965
1728330 969
1728340 969
1728350 973
1728360 973
1728370 973
1728380 977
1728390 982
1728400 982
1728410 985
1728420 988
1728430 991
1728440 991
1728450 994
1728460 996
1728470 996
1728480 998
1728490 999
1728500 999
1728510 1000
1728520 1002
1728530 1002
1728540 1005
1728550 1009
1728560 1009
1728570 1013
1728580 1015
1728590 1015
1728600 1018
1728610 1021
1728620 1021
1728630 1024
1728640 1027
1728650 1027
1728660 1031
1728670 1036
1728680 1036
1728690 1040
1728700 1044
1728710 1044
1728720 1047
1728730 1050
1728740 1055
1728750 1055
1728760 1060
1728770 1060
1728780 1060
1728790 1066
1728800 1070
1728810 1070
1728820 1073
1728830 1076
1728840 1076
1728850 1078
1728860 1080
1728870 1080
1728880 1082
1728890 1084
1728900 1084
1728910 1087
1728920 1089
1728930 1089
1728940 1086
1728950 1082
1728960 1082
1728970 1078
1728980 1072
1728990 1072
1729000 1066
1729010 1061
1729020 1061
1729030 1055
1729040 1049
1729050 1044
1729060 1044
1729070 1039
1729080 1028
1729090 1028
1729100 1020
1729110 1013
1729120 1013
1729130 1006
1729140 1000
1729150 1000
1729160 995
1729170 991
1729180 991
1729190 986
1729200 982
1729210 982
1729220 978
1729230 973
1729240 973
1729250 968
1729260 962
1729270 962
1729280 956
1729290 950
1729300 950
1729310 946
1729320 939
1729330 939
1729340 936
1729350 932
1729360 928
1729370 928
1729380 925
1729390 928
1729400 928
1729410 931
1729420 934
1729430 934
1729440 938
1729450 940
1729460 940
1729470 943
1729480 946
1729490 946
1729500 950
1729510 951
1729520 951
1729530 952
1729540 954
1729550 954
1729560 956
1729570 959
1729580 959
1729590 962
1729600 965
1729610 965
1729620 969
1729630 972
1729640 973
1729650 973
1729660 974
1729670 972
1729680 972
1729690 969
1729700 966
1729710 966
1729720 963
1729730 959
1729740 959
1729750 956
1729760 953
1729770 953
1729780 951
1729790 948
1729800 948
1729810 943
1729820 939
1729830 939
1729840 935
1729850 930
1729860 930
1729870 926
1729880 922
1729890 922
1729900 919
1729910 916
1729920 916
1729930 912
1729940 908
1729950 907
1729960 907
1729970 913
1729980 921
1729990 921
1730000 929
1730010 935
1730020 935
1730030 941
1730040 946
1730050 946
1730060 952
1730070 957
1730080 957
1730090 963
1730100 969
1730110 969
1730120 973
1730130 977
1730140 977
1730150 981
1730160 983
1730170 983
1730180 983
1730190 985
1730200 985
1730210 984
1730220 984
1730230 984
1730240 983
1730250 981
1730260 978
1730270 978
1730280 977
1730290 976
1730300 976
1730310 975
1730320 976
1730330 976
1730340 975
1730350 974
1730360 974
1730370 975
1730380 977
1730390 977
1730400 975
1730410 974
1730420 974
1730430 975
1730440 976
1730450 976
1730460 978
1730470 982
1730480 982
1730490 986
1730500 990
1730510 990
1730520 994
1730530 998
1730540 998
1730550 1002
1730560 1006
1730570 1011
1730580 1011
1730590 1014
1730600 1017
1730610 1017
1730620 1024
1730630 1028
1730640 1028
1730650 1033
1730660 1038
1730670 1038
1730680 1042
1730690 1047
1730700 1047
1730710 1052
1730720 1057
1730730 1057
1730740 1062
1730750 1068
1730760 1068
1730770 1073
1730780 1078
1730790 1078
1730800 1082
1730810 1087
1730820 1087
1730830 1091
1730840 1094
1730850 1094
1730860 1098
1730870 1100
1730880 1106
1730890 1106
1730900 1112
1730910 1117
1730920 1117
1730930 1122
1730940 1127
1730950 1127
1730960 1131
1730970 1135
1730980 1135
1730990 1140
1731000 1143
1731010 1143
1731020 1146
1731030 1151
1731040 1151
1731050 1155
1731060 1156
1731070 1156
1731080 1162
1731090 1166
1731100 1166
1731110 1171
1731120 1176
1731130 1176
1731140 1180
1731150 1185
1731160 1185
1731170 1189
1731180 1194
1731190 1198
1731200 1198
1731210 1202
1731220 1205
1731230 1205
1731240 1209
1731250 1212
1731260 1212
1731270 1215
1731280 1218
1731290 1218
1731300 1220
1731310 1219
1731320 1219
1731330 1217
1731340 1216
1731350 1216
1731360 1214
1731370 1212
1731380 1212
1731390 1211
1731400 1210
1731410 1210
1731420 1210
1731430 1209
1731440 1209
1731450 1208
1731460 1207
1731470 1207
1731480 1205
1731490 1202
1731500 1200
1731510 1200
1731520 1198
1731530 1196
1731540 1196
1731550 1194
1731560 1193
1731570 1193
1731580 1191
1731590 1189
1731600 1189
1731610 1188
1731620 1188
1731630 1188
1731640 1188
1731650 1189
1731660 1189
1731670 1190
1731680 1191
1731690 1191
1731700 1192
1731710 1194
1731720 1194
1731730 1197
1731740 1199
1731750 1199
1731760 1202
1731770 1204
1731780 1204
1731790 1204
1731800 1201
1731810 1197
1731820 1197
1731830 1192
1731840 1185
1731850 1185
1731860 1184
1731870 1176
1731880 1176
1731890 1170
1731900 1164
1731910 1164
1731920 1158
1731930 1152
1731940 1152
1731950 1146
1731960 1140
1731970 1140
1731980 1134
1731990 1129
1732000 1129
1732010 1124
1732020 1119
1732030 1119
1732040 1114
1732050 1109
1732060 1109
1732070 1104
1732080 1097
1732090 1095
1732100 1095
1732110 1089
1732120 1083
1732130 1083
1732140 1078
1732150 1072
1732160 1072
1732170 1067
1732180 1060
1732190 1060
1732200 1055
1732210 1049
1732220 1049
1732230 1043
1732240 1038
1732250 1038
1732260 1033
1732270 1028
1732280 1028
1732290 1022
1732300 1017
1732310 1017
1732320 1009
1732330 1006
1732340 1006
1732350 1006
1732360 1008
1732370 1008
1732380 1015
1732390 1020
1732400 1026
1732410 1026
1732420 1032
1732430 1038
1732440 1038
1732450 1044
1732460 1050
1732470 1050
1732480 1057
1732490 1063
1732500 1063
1732510 1069
1732520 1076
1732530 1076
1732540 1083
1732550 1090
1732560 1090
1732570 1097
1732580 1103
1732590 1103
1732600 1109
1732610 1114
1732620 1114
1732630 1119
1732640 1124
1732650 1124
1732660 1128
1732670 1132
1732680 1132
1732690 1136
1732700 1139
1732710 1141
1732720 1141
1732730 1142
1732740 1143
1732750 1143
1732760 1144
1732770 1146
1732780 1146
1732790 1145
1732800 1146
1732810 1146
1732820 1147
1732830 1148
1732840 1148
1732850 1150
1732860 1146
1732870 1146
1732880 1146
1732890 1147
1732900 1147
1732910 1149
1732920 1153
1732930 1153
1732940 1156
1732950 1159
1732960 1159
1732970 1162
1732980 1166
1732990 1166
1733000 1170
1733010 1174
1733020 1178
1733030 1178
1733040 1182
1733050 1186
1733060 1186
1733070 1190
1733080 1195
1733090 1195
1733100 1201
1733110 1205
1733120 1205
1733130 1210
1733140 1213
1733150 1213
1733160 1218
1733170 1221
1733180 1221
1733190 1225
1733200 1230
1733210 1230
1733220 1234
1733230 1236
1733240 1236
1733250 1238
1733260 1239
1733270 1239
1733280 1240
1733290 1241
1733300 1241
1733310 1241
1733320 1240
1733330 1239
1733340 1239
1733350 1239
1733360 1239
1733370 1239
1733380 1241
1733390 1243
1733400 1243
1733410 1246
1733420 1248
1733430 1248
1733440 1251
1733450 1255
1733460 1255
1733470 1256
1733480 1257
1733490 1257
1733500 1258
1733510 1257
1733520 1257
1733530 1253
1733540 1251
1733550 1251
1733560 1250
1733570 1251
1733580 1251
1733590 1253
1733600 1256
1733610 1256
1733620 1260
1733630 1264
1733640 1269
1733650 1269
1733660 1273
1733670 1278
1733680 1278
1733690 1282
1733700 1287
1733710 1287
1733720 1292
1733730 1296
1733740 1296
1733750 1300
1733760 1304
1733770 1304
1733780 1308
1733790 1311
1733800 1311
1733810 1312
1733820 1312
1733830 1312
1733840 1309
1733850 1306
1733860 1306
1733870 1304
1733880 1302
1733890 1302
1733900 1301
1733910 1302
1733920 1302
1733930 1306
1733940 1309
1733950 1313
1733960 1313
1733970 1318
1733980 1322
1733990 1322
1734000 1326
1734010 1329
1734020 1329
1734030 1333
1734040 1336
1734050 1336
1734060 1339
1734070 1342
1734080 1342
1734090 1344
1734100 1346
1734110 1346
1734120 1347
1734130 1349
1734140 1349
1734150 1350
1734160 1350
1734170 1350
1734180 1351
1734190 1354
1734200 1354
1734210 1357
1734220 1361
1734230 1364
1734240 1364
1734250 1367
1734260 1371
1734270 1371
1734280 1374
1734290 1377
1734300 1377
1734310 1380
1734320 1382
1734330 1382
1734340 1384
1734350 1387
1734360 1387
1734370 1388
1734380 1385
1734390 1385
1734400 1381
1734410 1377
1734420 1377
1734430 1373
1734440 1370
1734450 1370
1734460 1366
1734470 1362
1734480 1362
1734490 1359
1734500 1357
1734510 1357
1734520 1354
1734530 1350
1734540 1346
1734550 1346
1734560 1342
1734570 1338
1734580 1338
1734590 1334
1734600 1330
1734610 1330
1734620 1326
1734630 1322
1734640 1322
1734650 1318
1734660 1315
1734670 1315
1734680 1312
1734690 1310
1734700 1310
1734710 1308
1734720 1306
1734730 1306
1734740 1303
1734750 1303
1734760 1303
1734770 1301
1734780 1300
1734790 1300
1734800 1298
1734810 1297
1734820 1297
1734830 1294
1734840 1292
1734850 1289
1734860 1287
1734870 1284
1734880 1281
1734890 1281
1734900 1279
1734910 1276
1734920 1276
1734930 1274
1734940 1272
1734950 1272
1734960 1270
1734970 1268
1734980 1268
1734990 1266
1735000 1263
1735010 1263
1735020 1260
1735030 1257
1735040 1257
1735050 1254
1735060 1251
1735070 1251
1735080 1248
1735090 1246
1735100 1246
1735110 1243
1735120 1241
1735130 1241
1735140 1238
1735150 1236
1735160 1233
1735170 1233
1735180 1230
1735190 1227
1735200 1227
1735210 1224
1735220 1221
1735230 1221
1735240 1219
1735250 1217
1735260 1217
1735270 1214
1735280 1214
1735290 1214
1735300 1214
1735310 1214
1735320 1214
1735330 1214
1735340 1215
1735350 1215
1735360 1215
1735370 1215
1735380 1215
1735390 1216
1735400 1216
1735410 1216
1735420 1217
1735430 1217
1735440 1217
1735450 1218
1735460 1219
1735470 1220
1735480 1220
1735490 1222
1735500 1223
1735510 1223
1735520 1224
1735530 1225
1735540 1225
1735550 1226
1735560 1227
1735570 1227
1735580 1227
1735590 1228
1735600 1228
1735610 1229
1735620 1231
1735630 1231
1735640 1233
1735650 1235
1735660 1235
1735670 1237
1735680 1239
1735690 1239
1735700 1241
1735710 1242
1735720 1242
1735730 1243
1735740 1245
1735750 1245
1735760 1246
1735770 1247
1735780 1245
1735790 1245
1735800 1245
1735810 1245
1735820 1245
1735830 1243
1735840 1238
1735850 1238
1735860 1234
1735870 1229
1735880 1229
1735890 1224
1735900 1220
1735910 1220
1735920 1215
1735930 1210
1735940 1210
1735950 1205
1735960 1200
1735970 1200
1735980 1196
1735990 1190
1736000 1190
1736010 1185
1736020 1180
1736030 1180
1736040 1176
1736050 1169
1736060 1169
1736070 1165
1736080 1159
1736090 1154
1736100 1154
1736110 1148
1736120 1142
1736130 1142
1736140 1135
1736150 1128
1736160 1128
1736170 1120
1736180 1114
1736190 1114
1736200 1107
1736210 1101
1736220 1101
1736230 1096
1736240 1087
1736250 1087
1736260 1082
1736270 1080
1736280 1080
1736290 1083
1736300 1086
1736310 1086
1736320 1088
1736330 1091
1736340 1091
1736350 1090
1736360 1088
1736370 1087
1736380 1087
1736390 1085
1736400 1079
1736410 1079
1736420 1076
1736430 1072
1736440 1072
1736450 1069
1736460 1066
1736470 1066
1736480 1063
1736490 1059
1736500 1059
1736510 1055
1736520 1050
1736530 1050
1736540 1048
1736550 1050
1736560 1050
1736570 1052
1736580 1053
1736590 1053
1736600 1052
1736610 1051
1736620 1051
1736630 1051
1736640 1051
1736650 1051
1736660 1052
1736670 1052
1736680 1051
1736690 1051
1736700 1050
1736710 1049
1736720 1049
1736730 1049
1736740 1049
1736750 1049
1736760 1048
1736770 1048
1736780 1048
1736790 1048
1736800 1042
1736810 1042
1736820 1041
1736830 1041
1736840 1041
1736850 1040
1736860 1040
1736870 1040
1736880 1040
1736890 1040
1736900 1040
1736910 1039
1736920 1039
1736930 1039
1736940 1038
1736950 1038
1736960 1038
1736970 1038
1736980 1038
1736990 1037
1737000 1037
1737010 1036
1737020 1036
1737030 1036
1737040 1035
1737050 1035
1737060 1035
1737070 1033
1737080 1028
1737090 1028
1737100 1023
1737110 1022
1737120 1022
1737130 1025
1737140 1031
1737150 1031
1737160 1038
1737170 1044
1737180 1044
1737190 1049
1737200 1053
1737210 1053
1737220 1056
1737230 1058
1737240 1058
1737250 1059
1737260 1060
1737270 1060
1737280 1060
1737290 1055
1737300 1050
1737310 1050
1737320 1046
1737330 1042
1737340 1042
1737350 1039
1737360 1037
1737370 1037
1737380 1033
1737390 1030
1737400 1030
1737410 1026
1737420 1024
1737430 1024
1737440 1022
1737450 1020
1737460 1020
1737470 1018
1737480 1016
1737490 1016
1737500 1014
1737510 1012
1737520 1012
1737530 1011
1737540 1011
1737550 1011
1737560 1011
1737570 1011
1737580 1011
1737590 1012
1737600 1014
1737610 1015
1737620 1015
1737630 1017
1737640 1017
1737650 1017
1737660 1019
1737670 1021
1737680 1021
1737690 1024
1737700 1029
1737710 1029
1737720 1033
1737730 1030
1737740 1030
1737750 1024
1737760 1017
1737770 1017
1737780 1011
1737790 1004
1737800 1004
1737810 998
1737820 992
1737830 992
1737840 986
1737850 980
1737860 980
1737870 975
1737880 975
1737890 975
1737900 980
1737910 987
1737920 992
1737930 992
1737940 999
1737950 1005
1737960 1005
1737970 1012
1737980 1017
1737990 1017
1738000 1021
1738010 1025
1738020 1025
1738030 1026
1738040 1027
1738050 1027
1738060 1027
1738070 1027
1738080 1027
1738090 1025
1738100 1024
1738110 1024
1738120 1023
1738130 1022
1738140 1022
1738150 1022
1738160 1021
1738170 1021
1738180 1021
1738190 1020
1738200 1020
1738210 1018
1738220 1016
1738230 1013
1738240 1013
1738250 1009
1738260 1004
1738270 1004
1738280 1000
1738290 996
1738300 996
1738310 991
1738320 987
1738330 987
1738340 987
1738350 990
1738360 990
1738370 992
1738380 993
1738390 993
1738400 989
1738410 984
1738420 984
1738430 983
1738440 982
1738450 982
1738460 980
1738470 978
1738480 978
1738490 977
1738500 976
1738510 976
1738520 972
1738530 968
1738540 965
1738550 965
1738560 964
1738570 964
1738580 964
1738590 965
1738600 962
1738610 962
1738620 962
1738630 958
1738640 958
1738650 957
1738660 956
1738670 956
1738680 951
1738690 951
1738700 951
1738710 951
1738720 951
1738730 951
1738740 951
1738750 952
1738760 952
1738770 953
1738780 953
1738790 953
1738800 955
1738810 956
1738820 955
1738830 955
1738840 954
1738850 952
1738860 952
1738870 950
1738880 948
1738890 948
1738900 945
1738910 943
1738920 943
1738930 940
1738940 936
1738950 936
1738960 936
1738970 935
1738980 935
1738990 932
1739000 930
1739010 930
1739020 929
1739030 928
1739040 928
1739050 927
1739060 928
1739070 928
1739080 929
1739090 930
1739100 930
1739110 930
1739120 929
1739130 928
1739140 928
1739150 928
1739160 927
1739170 927
1739180 927
1739190 926
1739200 926
1739210 925
1739220 924
1739230 924
1739240 923
1739250 922
1739260 922
1739270 920
1739280 919
1739290 919
1739300 917
1739310 915
1739320 915
1739330 912
1739340 909
1739350 909
1739360 906
1739370 903
1739380 903
1739390 901
1739400 900
1739410 900
1739420 897
1739430 895
1739440 891
1739450 891
1739460 890
1739470 889
1739480 889
1739490 888
1739500 882
1739510 882
1739520 878
1739530 876
1739540 876
1739550 875
1739560 875
1739570 875
1739580 875
1739590 875
1739600 875
1739610 875
1739620 875
1739630 875
1739640 875
1739650 877
1739660 877
1739670 880
1739680 881
1739690 881
1739700 881
1739710 882
1739720 882
1739730 884
1739740 886
1739750 889
1739760 889
1739770 891
1739780 894
1739790 894
1739800 896
1739810 897
1739820 897
1739830 899
1739840 901
1739850 901
1739860 902
1739870 902
1739880 902
1739890 901
1739900 899
1739910 899
1739920 896
1739930 893
1739940 893
1739950 891
1739960 889
1739970 889
1739980 887
1739990 886
