1720000 916
1720010 913
1720020 913
1720030 910
1720040 909
1720050 909
1720060 909
1720070 908
1720080 907
1720090 907
1720100 905
1720110 902
1720120 902
1720130 900
1720140 898
1720150 898
1720160 895
1720170 893
1720180 893
1720190 890
1720200 887
1720210 887
1720220 884
1720230 879
1720240 879
1720250 875
1720260 870
1720270 870
1720280 866
1720290 862
1720300 862
1720310 859
1720320 855
1720330 855
1720340 852
1720350 855
1720360 858
1720370 858
1720380 857
1720390 855
1720400 855
1720410 851
1720420 849
1720430 849
1720440 854
1720450 859
1720460 859
1720470 864
1720480 868
1720490 868
1720500 872
1720510 876
1720520 876
1720530 878
1720540 882
1720550 882
1720560 885
1720570 886
1720580 886
1720590 890
1720600 892
1720610 892
1720620 894
1720630 896
1720640 896
1720650 898
1720660 899
1720670 900
1720680 900
1720690 901
1720700 904
1720710 904
1720720 908
1720730 911
1720740 911
1720750 914
1720760 917
1720770 917
1720780 920
1720790 923
1720800 923
1720810 926
1720820 929
1720830 929
1720840 933
1720850 935
1720860 935
1720870 939
1720880 943
1720890 943
1720900 947
1720910 951
1720920 951
1720930 955
1720940 959
1720950 959
1720960 964
1720970 968
1720980 973
1720990 973
1721000 977
1721010 981
1721020 981
1721030 986
1721040 990
1721050 990
1721060 995
1721070 999
1721080 999
1721090 1003
1721100 1008
1721110 1008
1721120 1011
1721130 1016
1721140 1016
1721150 1022
1721160 1026
1721170 1026
1721180 1032
1721190 1035
1721200 1035
1721210 1037
1721220 1039
1721230 1039
1721240 1039
1721250 1043
1721260 1043
1721270 1046
1721280 1050
1721290 1052
1721300 1052
1721310 1053
1721320 1055
1721330 1055
1721340 1057
1721350 1060
1721360 1060
1721370 1064
1721380 1067
1721390 1067
1721400 1071
1721410 1074
1721420 1074
1721430 1076
1721440 1079
1721450 1079
1721460 1083
1721470 1086
1721480 1086
1721490 1088
1721500 1091
1721510 1091
1721520 1094
1721530 1097
1721540 1097
1721550 1100
1721560 1104
1721570 1104
1721580 1108
1721590 1113
1721600 1117
1721610 1117
1721620 1122
1721630 1124
1721640 1124
1721650 1129
1721660 1133
1721670 1133
1721680 1139
1721690 1144
1721700 1144
1721710 1149
1721720 1152
1721730 1152
1721740 1156
1721750 1160
1721760 1160
1721770 1165
1721780 1170
1721790 1170
1721800 1174
1721810 1178
1721820 1178
1721830 1181
1721840 1182
1721850 1182
1721860 1182
1721870 1180
1721880 1178
1721890 1178
1721900 1175
1721910 1173
1721920 1173
1721930 1170
1721940 1166
1721950 1166
1721960 1164
1721970 1162
1721980 1162
1721990 1159
1722000 1156
1722010 1156
1722020 1153
1722030 1151
1722040 1151
1722050 1149
1722060 1149
1722070 1149
1722080 1150
1722090 1151
1722100 1151
1722110 1153
1722120 1156
1722130 1156
1722140 1158
1722150 1160
1722160 1160
1722170 1160
1722180 1163
1722190 1165
1722200 1165
1722210 1168
1722220 1167
1722230 1167
1722240 1166
1722250 1165
1722260 1165
1722270 1168
1722280 1170
1722290 1170
1722300 1171
1722310 1172
1722320 1172
1722330 1172
1722340 1170
1722350 1170
1722360 1167
1722370 1160
1722380 1160
1722390 1153
1722400 1149
1722410 1149
1722420 1142
1722430 1139
1722440 1139
1722450 1132
1722460 1125
1722470 1125
1722480 1119
1722490 1113
1722500 1107
1722510 1107
1722520 1101
1722530 1095
1722540 1095
1722550 1088
1722560 1081
1722570 1081
1722580 1074
1722590 1074
1722600 1074
1722610 1072
1722620 1071
1722630 1071
1722640 1068
1722650 1066
1722660 1066
1722670 1064
1722680 1061
1722690 1061
1722700 1058
1722710 1053
1722720 1053
1722730 1049
1722740 1044
1722750 1044
1722760 1039
1722770 1030
1722780 1030
1722790 1031
1722800 1037
1722810 1044
1722820 1044
1722830 1042
1722840 1038
1722850 1038
1722860 1035
1722870 1031
1722880 1031
1722890 1030
1722900 1033
1722910 1033
1722920 1038
1722930 1041
1722940 1041
1722950 1047
1722960 1054
1722970 1054
1722980 1059
1722990 1063
1723000 1063
1723010 1068
1723020 1072
1723030 1072
1723040 1077
1723050 1083
1723060 1083
1723070 1086
1723080 1093
1723090 1093
1723100 1098
1723110 1104
1723120 1109
1723130 1109
1723140 1116
1723150 1121
1723160 1121
1723170 1127
1723180 1133
1723190 1133
1723200 1138
1723210 1142
1723220 1142
1723230 1146
1723240 1150
1723250 1150
1723260 1154
1723270 1158
1723280 1158
1723290 1162
1723300 1166
1723310 1166
1723320 1170
1723330 1175
1723340 1175
1723350 1179
1723360 1184
1723370 1184
1723380 1191
1723390 1193
1723400 1193
1723410 1200
1723420 1205
1723430 1210
1723440 1210
1723450 1216
1723460 1221
1723470 1221
1723480 1226
1723490 1230
1723500 1230
1723510 1236
1723520 1240
1723530 1240
1723540 1246
1723550 1252
1723560 1252
1723570 1259
1723580 1264
1723590 1264
1723600 1268
1723610 1272
1723620 1272
1723630 1275
1723640 1280
1723650 1280
1723660 1286
1723670 1292
1723680 1292
1723690 1296
1723700 1299
1723710 1299
1723720 1303
1723730 1306
1723740 1307
1723750 1307
1723760 1308
1723770 1305
1723780 1305
1723790 1301
1723800 1297
1723810 1297
1723820 1293
1723830 1288
1723840 1288
1723850 1283
1723860 1278
1723870 1278
1723880 1275
1723890 1271
1723900 1271
1723910 1268
1723920 1265
1723930 1265
1723940 1261
1723950 1258
1723960 1258
1723970 1254
1723980 1251
1723990 1251
1724000 1247
1724010 1244
1724020 1244
1724030 1240
1724040 1236
1724050 1233
1724060 1233
1724070 1229
1724080 1226
1724090 1226
1724100 1223
1724110 1221
1724120 1221
1724130 1219
1724140 1216
1724150 1216
1724160 1213
1724170 1210
1724180 1210
1724190 1207
1724200 1202
1724210 1202
1724220 1197
1724230 1191
1724240 1191
1724250 1186
1724260 1181
1724270 1181
1724280 1176
1724290 1171
1724300 1171
1724310 1165
1724320 1157
1724330 1157
1724340 1149
1724350 1143
1724360 1138
1724370 1138
1724380 1131
1724390 1125
1724400 1125
1724410 1118
1724420 1113
1724430 1113
1724440 1106
1724450 1100
1724460 1100
1724470 1094
1724480 1088
1724490 1088
1724500 1083
1724510 1078
1724520 1078
1724530 1075
1724540 1070
1724550 1070
1724560 1064
1724570 1060
1724580 1060
1724590 1054
1724600 1047
1724610 1047
1724620 1041
1724630 1035
1724640 1035
1724650 1028
1724660 1032
1724670 1040
1724680 1040
1724690 1046
1724700 1053
1724710 1053
1724720 1058
1724730 1061
1724740 1061
1724750 1065
1724760 1069
1724770 1069
1724780 1072
1724790 1075
1724800 1075
1724810 1079
1724820 1082
1724830 1082
1724840 1086
1724850 1090
1724860 1090
1724870 1094
1724880 1098
1724890 1098
1724900 1102
1724910 1107
1724920 1107
1724930 1111
1724940 1115
1724950 1117
1724960 1117
1724970 1118
1724980 1118
1724990 1118
1725000 1120
1725010 1121
1725020 1121
1725030 1123
1725040 1124
1725050 1124
1725060 1119
1725070 1114
1725080 1114
1725090 1113
1725100 1110
1725110 1110
1725120 1107
1725130 1104
1725140 1104
1725150 1100
1725160 1097
1725170 1097
1725180 1093
1725190 1087
1725200 1087
1725210 1081
1725220 1079
1725230 1079
1725240 1073
1725250 1068
1725260 1064
1725270 1064
1725280 1059
1725290 1056
1725300 1056
1725310 1053
1725320 1050
1725330 1050
1725340 1048
1725350 1044
1725360 1044
1725370 1039
1725380 1034
1725390 1034
1725400 1029
1725410 1024
1725420 1024
1725430 1019
1725440 1012
1725450 1012
1725460 1006
1725470 1002
1725480 1002
1725490 1003
1725500 1005
1725510 1005
1725520 1008
1725530 1011
1725540 1011
1725550 1011
1725560 1013
1725570 1014
1725580 1014
1725590 1016
1725600 1017
1725610 1017
1725620 1019
1725630 1022
1725640 1022
1725650 1025
1725660 1027
1725670 1027
1725680 1029
1725690 1032
1725700 1032
1725710 1035
1725720 1038
1725730 1038
1725740 1040
1725750 1043
1725760 1043
1725770 1045
1725780 1047
1725790 1047
1725800 1049
1725810 1051
1725820 1051
1725830 1052
1725840 1054
1725850 1054
1725860 1054
1725870 1054
1725880 1056
1725890 1056
1725900 1058
1725910 1060
1725920 1060
1725930 1062
1725940 1064
1725950 1064
1725960 1065
1725970 1065
1725980 1065
1725990 1064
1726000 1065
1726010 1065
1726020 1069
1726030 1074
1726040 1074
1726050 1076
1726060 1078
1726070 1078
1726080 1081
1726090 1080
1726100 1080
1726110 1080
1726120 1082
1726130 1082
1726140 1085
1726150 1087
1726160 1087
1726170 1088
1726180 1089
1726190 1089
1726200 1089
1726210 1087
1726220 1082
1726230 1082
1726240 1077
1726250 1072
1726260 1072
1726270 1067
1726280 1062
1726290 1062
1726300 1057
1726310 1051
1726320 1051
1726330 1045
1726340 1039
1726350 1039
1726360 1033
1726370 1027
1726380 1027
1726390 1021
1726400 1015
1726410 1015
1726420 1009
1726430 1003
1726440 1003
1726450 997
1726460 991
1726470 991
1726480 987
1726490 983
1726500 978
1726510 978
1726520 975
1726530 974
1726540 974
1726550 970
1726560 968
1726570 968
1726580 965
1726590 962
1726600 962
1726610 959
1726620 956
1726630 956
1726640 953
1726650 950
1726660 950
1726670 946
1726680 941
1726690 941
1726700 937
1726710 934
1726720 934
1726730 931
1726740 928
1726750 928
1726760 925
1726770 923
1726780 923
1726790 921
1726800 919
1726810 913
1726820 913
1726830 906
1726840 897
1726850 897
1726860 889
1726870 880
1726880 880
1726890 877
1726900 871
1726910 873
1726920 866
1726930 862
1726940 862
1726950 858
1726960 851
1726970 851
1726980 850
1726990 853
1727000 853
1727010 855
1727020 853
1727030 853
1727040 851
1727050 848
1727060 848
1727070 844
1727080 840
1727090 840
1727100 836
1727110 831
1727120 826
1727130 826
1727140 823
1727150 821
1727160 821
1727170 821
1727180 829
1727190 829
1727200 839
1727210 847
1727220 847
1727230 852
1727240 858
1727250 858
1727260 865
1727270 872
1727280 872
1727290 878
1727300 884
1727310 884
1727320 892
1727330 899
1727340 899
1727350 904
1727360 907
1727370 907
1727380 903
1727390 897
1727400 897
1727410 892
1727420 886
1727430 880
1727440 880
1727450 875
1727460 868
1727470 868
1727480 861
1727490 854
1727500 854
1727510 848
1727520 842
1727530 842
1727540 838
1727550 832
1727560 832
1727570 827
1727580 821
1727590 821
1727600 815
1727610 812
1727620 812
1727630 810
1727640 818
1727650 818
1727660 828
1727670 834
1727680 834
1727690 841
1727700 847
1727710 847
1727720 852
1727730 856
1727740 862
1727750 862
1727760 868
1727770 874
1727780 874
1727790 878
1727800 880
1727810 880
1727820 882
1727830 888
1727840 888
1727850 891
1727860 892
1727870 892
1727880 895
1727890 899
1727900 899
1727910 903
1727920 907
1727930 907
1727940 911
1727950 916
1727960 916
1727970 921
1727980 926
1727990 926
1728000 930
1728010 933
1728020 933
1728030 936
1728040 940
1728050 943
1728060 943
1728070 947
1728080 952
1728090 952
1728100 957
1728110 962
1728120 962
1728130 964
1728140 966
1728150 966
1728160 968
1728170 971
1728180 971
1728190 973
1728200 976
1728210 976
1728220 979
1728230 983
1728240 983
1728250 987
1728260 991
1728270 991
1728280 995
1728290 1000
1728300 1000
1728310 1005
1728320 1010
1728330 1015
1728340 1015
1728350 1020
1728360 1025
1728370 1025
1728380 1030
1728390 1035
1728400 1035
1728410 1039
1728420 1044
1728430 1044
1728440 1048
1728450 1049
1728460 1049
1728470 1055
1728480 1058
1728490 1058
1728500 1060
1728510 1064
1728520 1064
1728530 1069
1728540 1072
1728550 1072
1728560 1076
1728570 1079
1728580 1079
1728590 1081
1728600 1083
1728610 1083
1728620 1082
1728630 1081
1728640 1078
1728650 1078
1728660 1074
1728670 1070
1728680 1070
1728690 1065
1728700 1061
1728710 1061
1728720 1057
1728730 1052
1728740 1052
1728750 1046
1728760 1039
1728770 1039
1728780 1031
1728790 1025
1728800 1025
1728810 1019
1728820 1011
1728830 1011
1728840 1003
1728850 999
1728860 999
1728870 992
1728880 986
1728890 986
1728900 983
1728910 977
1728920 977
1728930 973
1728940 969
1728950 965
1728960 965
1728970 960
1728980 956
1728990 956
1729000 952
1729010 948
1729020 948
1729030 943
1729040 937
1729050 937
1729060 931
1729070 927
1729080 927
1729090 929
1729100 924
1729110 924
1729120 925
1729130 927
1729140 927
1729150 927
1729160 927
1729170 927
1729180 928
1729190 927
1729200 927
1729210 929
1729220 929
1729230 929
1729240 931
1729250 931
1729260 932
1729270 932
1729280 933
1729290 934
1729300 934
1729310 936
1729320 938
1729330 938
1729340 939
1729350 940
1729360 940
1729370 941
1729380 940
1729390 940
1729400 936
1729410 931
1729420 931
1729430 925
1729440 921
1729450 921
1729460 917
1729470 910
1729480 910
1729490 907
1729500 900
1729510 900
1729520 895
1729530 892
1729540 892
1729550 888
1729560 884
1729570 881
1729580 881
1729590 880
1729600 879
1729610 879
1729620 872
1729630 869
1729640 869
1729650 872
1729660 874
1729670 874
1729680 878
1729690 879
1729700 879
1729710 883
1729720 886
1729730 886
1729740 884
1729750 880
1729760 880
1729770 877
1729780 873
1729790 873
1729800 872
1729810 868
1729820 868
1729830 864
1729840 860
1729850 860
1729860 857
1729870 860
1729880 867
1729890 867
1729900 872
1729910 879
1729920 879
1729930 886
1729940 892
1729950 892
1729960 897
1729970 904
1729980 904
1729990 909
1730000 914
1730010 914
1730020 920
1730030 925
1730040 925
1730050 930
1730060 935
1730070 935
1730080 940
1730090 945
1730100 945
1730110 948
1730120 952
1730130 952
1730140 957
1730150 961
1730160 961
1730170 965
1730180 968
1730190 973
1730200 973
1730210 977
1730220 981
1730230 981
1730240 985
1730250 989
1730260 989
1730270 992
1730280 996
1730290 996
1730300 999
1730310 1004
1730320 1004
1730330 1006
1730340 1012
1730350 1012
1730360 1018
1730370 1024
1730380 1024
1730390 1032
1730400 1039
1730410 1039
1730420 1045
1730430 1048
1730440 1048
1730450 1050
1730460 1051
1730470 1051
1730480 1054
1730490 1057
1730500 1059
1730510 1059
1730520 1060
1730530 1059
1730540 1059
1730550 1058
1730560 1058
1730570 1058
1730580 1059
1730590 1060
1730600 1060
1730610 1062
1730620 1066
1730630 1066
1730640 1068
1730650 1072
1730660 1072
1730670 1076
1730680 1080
1730690 1080
1730700 1084
1730710 1089
1730720 1089
1730730 1093
1730740 1098
1730750 1098
1730760 1104
1730770 1103
1730780 1103
1730790 1101
1730800 1103
1730810 1105
1730820 1105
1730830 1106
1730840 1110
1730850 1110
1730860 1113
1730870 1116
1730880 1116
1730890 1117
1730900 1121
1730910 1121
1730920 1124
1730930 1128
1730940 1128
1730950 1129
1730960 1129
1730970 1129
1730980 1128
1730990 1129
1731000 1129
1731010 1130
1731020 1133
1731030 1133
1731040 1135
1731050 1136
1731060 1136
1731070 1139
1731080 1141
1731090 1141
1731100 1143
1731110 1146
1731120 1151
1731130 1151
1731140 1156
1731150 1161
1731160 1161
1731170 1165
1731180 1171
1731190 1171
1731200 1174
1731210 1180
1731220 1178
1731230 1183
1731240 1186
1731250 1186
1731260 1189
1731270 1193
1731280 1193
1731290 1196
1731300 1200
1731310 1200
1731320 1204
1731330 1209
1731340 1209
1731350 1213
1731360 1218
1731370 1218
1731380 1222
1731390 1225
1731400 1225
1731410 1228
1731420 1231
1731430 1233
1731440 1233
1731450 1235
1731460 1236
1731470 1236
1731480 1237
1731490 1238
1731500 1238
1731510 1238
1731520 1238
1731530 1238
1731540 1239
1731550 1239
1731560 1239
1731570 1239
1731580 1241
1731590 1241
1731600 1243
1731610 1245
1731620 1245
1731630 1246
1731640 1246
1731650 1246
1731660 1246
1731670 1245
1731680 1245
1731690 1244
1731700 1243
1731710 1241
1731720 1241
1731730 1240
1731740 1238
1731750 1238
1731760 1237
1731770 1236
1731780 1236
1731790 1233
1731800 1230
1731810 1230
1731820 1226
1731830 1223
1731840 1223
1731850 1220
1731860 1217
1731870 1217
1731880 1215
1731890 1213
1731900 1213
1731910 1212
1731920 1211
1731930 1211
1731940 1210
1731950 1208
1731960 1208
1731970 1207
1731980 1204
1731990 1204
1732000 1203
1732010 1200
1732020 1198
1732030 1198
1732040 1194
1732050 1189
1732060 1189
1732070 1184
1732080 1178
1732090 1178
1732100 1172
1732110 1166
1732120 1166
1732130 1161
1732140 1156
1732150 1156
1732160 1149
1732170 1142
1732180 1142
1732190 1136
1732200 1129
1732210 1129
1732220 1123
1732230 1116
1732240 1116
1732250 1111
1732260 1106
1732270 1106
1732280 1104
1732290 1100
1732300 1100
1732310 1095
1732320 1090
1732330 1085
1732340 1085
1732350 1079
1732360 1074
1732370 1074
1732380 1068
1732390 1063
1732400 1063
1732410 1057
1732420 1051
1732430 1051
1732440 1045
1732450 1038
1732460 1038
1732470 1032
1732480 1026
1732490 1026
1732500 1020
1732510 1014
1732520 1014
1732530 1009
1732540 1004
1732550 1004
1732560 998
1732570 991
1732580 991
1732590 985
1732600 988
1732610 988
1732620 994
1732630 1002
1732640 1009
1732650 1009
1732660 1014
1732670 1021
1732680 1021
1732690 1026
1732700 1032
1732710 1032
1732720 1038
1732730 1043
1732740 1043
1732750 1048
1732760 1052
1732770 1052
1732780 1054
1732790 1056
1732800 1056
1732810 1058
1732820 1059
1732830 1059
1732840 1063
1732850 1062
1732860 1062
1732870 1061
1732880 1060
1732890 1060
1732900 1060
1732910 1062
1732920 1062
1732930 1067
1732940 1073
1732950 1080
1732960 1080
1732970 1083
1732980 1089
1732990 1089
1733000 1093
1733010 1098
1733020 1098
1733030 1103
1733040 1108
1733050 1108
1733060 1112
1733070 1115
1733080 1115
1733090 1120
1733100 1125
1733110 1125
1733120 1129
1733130 1134
1733140 1134
1733150 1139
1733160 1144
1733170 1144
1733180 1149
1733190 1154
1733200 1154
1733210 1158
1733220 1163
1733230 1163
1733240 1168
1733250 1174
1733260 1181
1733270 1181
1733280 1187
1733290 1193
1733300 1193
1733310 1198
1733320 1203
1733330 1203
1733340 1209
1733350 1214
1733360 1214
1733370 1219
1733380 1224
1733390 1224
1733400 1228
1733410 1234
1733420 1234
1733430 1239
1733440 1243
1733450 1243
1733460 1247
1733470 1247
1733480 1247
1733490 1243
1733500 1239
1733510 1239
1733520 1236
1733530 1234
1733540 1234
1733550 1233
1733560 1234
1733570 1236
1733580 1236
1733590 1239
1733600 1241
1733610 1241
1733620 1243
1733630 1244
1733640 1244
1733650 1247
1733660 1247
1733670 1247
1733680 1247
1733690 1250
1733700 1250
1733710 1252
1733720 1255
1733730 1255
1733740 1258
1733750 1262
1733760 1262
1733770 1266
1733780 1271
1733790 1271
1733800 1275
1733810 1279
1733820 1279
1733830 1282
1733840 1287
1733850 1287
1733860 1290
1733870 1288
1733880 1282
1733890 1282
1733900 1279
1733910 1276
1733920 1276
1733930 1270
1733940 1268
1733950 1268
1733960 1267
1733970 1265
1733980 1265
1733990 1263
1734000 1260
1734010 1260
1734020 1259
1734030 1257
1734040 1257
1734050 1255
1734060 1253
1734070 1253
1734080 1249
1734090 1248
1734100 1248
1734110 1247
1734120 1246
1734130 1246
1734140 1246
1734150 1247
1734160 1247
1734170 1247
1734180 1246
1734190 1245
1734200 1245
1734210 1250
1734220 1255
1734230 1255
1734240 1259
1734250 1263
1734260 1263
1734270 1267
1734280 1272
1734290 1272
1734300 1276
1734310 1280
1734320 1280
1734330 1285
1734340 1290
1734350 1290
1734360 1294
1734370 1299
1734380 1299
1734390 1303
1734400 1307
1734410 1307
1734420 1312
1734430 1317
1734440 1317
1734450 1320
1734460 1324
1734470 1324
1734480 1326
1734490 1331
1734500 1335
1734510 1335
1734520 1339
1734530 1344
1734540 1344
1734550 1347
1734560 1350
1734570 1350
1734580 1353
1734590 1356
1734600 1356
1734610 1360
1734620 1362
1734630 1362
1734640 1365
1734650 1368
1734660 1368
1734670 1367
1734680 1366
1734690 1366
1734700 1365
1734710 1364
1734720 1364
1734730 1362
1734740 1359
1734750 1359
1734760 1356
1734770 1352
1734780 1349
1734790 1349
1734800 1348
1734810 1346
1734820 1346
1734830 1345
1734840 1343
1734850 1343
1734860 1341
1734870 1340
1734880 1340
1734890 1338
1734900 1336
1734910 1336
1734920 1335
1734930 1333
1734940 1333
1734950 1331
1734960 1329
1734970 1329
1734980 1328
1734990 1326
1735000 1326
1735010 1325
1735020 1325
1735030 1325
1735040 1324
1735050 1324
1735060 1324
1735070 1323
1735080 1323
1735090 1324
1735100 1324
1735110 1323
1735120 1322
1735130 1322
1735140 1322
1735150 1322
1735160 1322
1735170 1321
1735180 1319
1735190 1319
1735200 1318
1735210 1317
1735220 1317
1735230 1315
1735240 1313
1735250 1317
1735260 1317
1735270 1317
1735280 1317
1735290 1318
1735300 1319
1735310 1319
1735320 1320
1735330 1321
1735340 1321
1735350 1322
1735360 1323
1735370 1323
1735380 1323
1735390 1324
1735400 1324
1735410 1324
1735420 1325
1735430 1326
1735440 1326
1735450 1326
1735460 1328
1735470 1328
1735480 1327
1735490 1325
1735500 1325
1735510 1323
1735520 1319
1735530 1319
1735540 1316
1735550 1312
1735560 1312
1735570 1308
1735580 1304
1735590 1304
1735600 1300
1735610 1295
1735620 1295
1735630 1290
1735640 1287
1735650 1287
1735660 1284
1735670 1280
1735680 1280
1735690 1277
1735700 1274
1735710 1270
1735720 1270
1735730 1268
1735740 1267
1735750 1267
1735760 1263
1735770 1261
1735780 1261
1735790 1260
1735800 1261
1735810 1261
1735820 1262
1735830 1262
1735840 1262
1735850 1262
1735860 1262
1735870 1262
1735880 1264
1735890 1265
1735900 1265
1735910 1266
1735920 1266
1735930 1266
1735940 1265
1735950 1264
1735960 1264
1735970 1263
1735980 1261
1735990 1261
1736000 1258
1736010 1253
1736020 1251
1736030 1251
1736040 1246
1736050 1241
1736060 1241
1736070 1237
1736080 1233
1736090 1233
1736100 1228
1736110 1221
1736120 1221
1736130 1216
1736140 1210
1736150 1210
1736160 1210
1736170 1209
1736180 1209
1736190 1207
1736200 1204
1736210 1204
1736220 1201
1736230 1197
1736240 1197
1736250 1203
1736260 1208
1736270 1208
1736280 1212
1736290 1216
1736300 1216
1736310 1220
1736320 1224
1736330 1227
1736340 1227
1736350 1231
1736360 1235
1736370 1235
1736380 1238
1736390 1241
1736400 1241
1736410 1243
1736420 1244
1736430 1244
1736440 1244
1736450 1241
1736460 1241
1736470 1238
1736480 1237
1736490 1237
1736500 1233
1736510 1231
1736520 1231
1736530 1228
1736540 1225
1736550 1225
1736560 1223
1736570 1219
1736580 1219
1736590 1217
1736600 1216
1736610 1216
1736620 1212
1736630 1209
1736640 1208
1736650 1208
1736660 1207
1736670 1206
1736680 1206
1736690 1210
1736700 1209
1736710 1209
1736720 1209
1736730 1209
1736740 1209
1736750 1210
1736760 1210
1736770 1210
1736780 1210
1736790 1209
1736800 1209
1736810 1208
1736820 1206
1736830 1206
1736840 1205
1736850 1202
1736860 1202
1736870 1199
1736880 1197
1736890 1197
1736900 1196
1736910 1191
1736920 1191
1736930 1188
1736940 1184
1736950 1178
1736960 1178
1736970 1171
1736980 1164
1736990 1164
1737000 1159
1737010 1155
1737020 1155
1737030 1151
1737040 1149
1737050 1149
1737060 1147
1737070 1144
1737080 1144
1737090 1140
1737100 1137
1737110 1137
1737120 1135
1737130 1133
1737140 1133
1737150 1133
1737160 1131
1737170 1131
1737180 1132
1737190 1127
1737200 1127
1737210 1126
1737220 1125
1737230 1125
1737240 1125
1737250 1126
1737260 1126
1737270 1126
1737280 1128
1737290 1129
1737300 1129
1737310 1131
1737320 1133
1737330 1133
1737340 1134
1737350 1135
1737360 1135
1737370 1136
1737380 1137
1737390 1137
1737400 1137
1737410 1137
1737420 1137
1737430 1137
1737440 1137
1737450 1137
1737460 1135
1737470 1133
1737480 1133
1737490 1131
1737500 1129
1737510 1129
1737520 1126
1737530 1122
1737540 1122
1737550 1118
1737560 1115
1737570 1110
1737580 1110
1737590 1105
1737600 1099
1737610 1099
1737620 1095
1737630 1090
1737640 1090
1737650 1085
1737660 1080
1737670 1080
1737680 1076
1737690 1072
1737700 1072
1737710 1066
1737720 1066
1737730 1066
1737740 1068
1737750 1071
1737760 1071
1737770 1073
1737780 1074
1737790 1074
1737800 1075
1737810 1076
1737820 1076
1737830 1076
1737840 1077
1737850 1077
1737860 1077
1737870 1077
1737880 1077
1737890 1077
1737900 1077
1737910 1076
1737920 1076
1737930 1074
1737940 1072
1737950 1072
1737960 1070
1737970 1066
1737980 1066
1737990 1060
1738000 1054
1738010 1054
1738020 1047
1738030 1042
1738040 1042
1738050 1038
1738060 1035
1738070 1035
1738080 1034
1738090 1031
1738100 1031
1738110 1028
1738120 1024
1738130 1024
1738140 1020
1738150 1015
1738160 1011
1738170 1011
1738180 1007
1738190 1004
1738200 1004
1738210 1002
1738220 1001
1738230 1001
1738240 1000
1738250 1001
1738260 1001
1738270 1003
1738280 1005
1738290 1005
1738300 1007
1738310 1007
1738320 1007
1738330 1007
1738340 1005
1738350 1005
1738360 1004
1738370 1003
1738380 1003
1738390 1001
1738400 1000
1738410 1000
1738420 999
1738430 998
1738440 998
1738450 995
1738460 994
1738470 992
1738480 992
1738490 991
1738500 991
1738510 991
1738520 988
1738530 986
1738540 986
1738550 985
1738560 984
1738570 984
1738580 982
1738590 979
1738600 979
1738610 977
1738620 975
1738630 975
1738640 973
1738650 972
1738660 972
1738670 973
1738680 974
1738690 974
1738700 974
1738710 975
1738720 975
1738730 977
1738740 980
1738750 980
1738760 981
1738770 984
1738780 987
1738790 987
1738800 988
1738810 990
1738820 990
1738830 991
1738840 993
1738850 993
1738860 994
1738870 994
1738880 994
1738890 995
1738900 995
1738910 995
1738920 996
1738930 996
1738940 996
1738950 997
1738960 997
1738970 997
1738980 998
1738990 999
1739000 999
1739010 1000
1739020 1001
1739030 1001
1739040 1002
1739050 1002
1739060 1002
1739070 1002
1739080 1001
1739090 1000
1739100 1000
1739110 1001
1739120 1000
1739130 1000
1739140 1001
1739150 1001
1739160 1001
1739170 1000
1739180 998
1739190 998
1739200 995
1739210 993
1739220 993
1739230 991
1739240 989
1739250 989
1739260 988
1739270 987
1739280 987
1739290 986
1739300 985
1739310 985
1739320 983
1739330 981
1739340 981
1739350 979
1739360 976
1739370 976
1739380 973
1739390 971
1739400 968
1739410 968
1739420 966
1739430 963
1739440 963
1739450 960
1739460 957
1739470 957
1739480 954
1739490 951
1739500 951
1739510 947
1739520 943
1739530 943
1739540 939
1739550 934
1739560 934
1739570 930
1739580 927
1739590 927
1739600 923
1739610 919
1739620 919
1739630 915
1739640 911
1739650 911
1739660 907
1739670 903
1739680 903
1739690 899
1739700 896
1739710 892
1739720 892
1739730 888
1739740 885
1739750 885
1739760 881
1739770 877
1739780 877
1739790 874
1739800 871
1739810 871
1739820 868
1739830 865
1739840 865
1739850 862
1739860 859
1739870 859
1739880 857
1739890 853
1739900 853
1739910 850
1739920 845
1739930 845
1739940 845
1739950 843
1739960 843
1739970 843
1739980 844
1739990 844
