1720000 844
1720010 840
1720020 840
1720030 834
1720040 826
1720050 826
1720060 816
1720070 809
1720080 809
1720090 801
1720100 793
1720110 793
1720120 784
1720130 776
1720140 776
1720150 771
1720160 767
1720170 767
1720180 762
1720190 758
1720200 758
1720210 754
1720220 749
1720230 749
1720240 744
1720250 738
1720260 738
1720270 733
1720280 727
1720290 727
1720300 721
1720310 714
1720320 714
1720330 708
1720340 706
1720350 702
1720360 702
1720370 701
1720380 700
1720390 700
1720400 700
1720410 699
1720420 699
1720430 699
1720440 697
1720450 697
1720460 699
1720470 704
1720480 704
1720490 713
1720500 721
1720510 721
1720520 729
1720530 730
1720540 730
1720550 734
1720560 739
1720570 739
1720580 740
1720590 744
1720600 744
1720610 750
1720620 753
1720630 753
1720640 764
1720650 773
1720660 780
1720670 780
1720680 784
1720690 790
1720700 790
1720710 796
1720720 799
1720730 799
1720740 803
1720750 807
1720760 807
1720770 808
1720780 806
1720790 806
1720800 799
1720810 794
1720820 794
1720830 788
1720840 784
1720850 784
1720860 779
1720870 776
1720880 776
1720890 775
1720900 776
1720910 776
1720920 774
1720930 770
1720940 770
1720950 768
1720960 765
1720970 763
1720980 763
1720990 761
1721000 759
1721010 759
1721020 750
1721030 755
1721040 755
1721050 756
1721060 754
1721070 754
1721080 748
1721090 754
1721100 754
1721110 760
1721120 764
1721130 764
1721140 767
1721150 767
1721160 767
1721170 769
1721180 769
1721190 769
1721200 771
1721210 767
1721220 767
1721230 771
1721240 781
1721250 781
1721260 788
1721270 794
1721280 800
1721290 800
1721300 805
1721310 808
1721320 808
1721330 809
1721340 809
1721350 809
1721360 811
1721370 814
1721380 814
1721390 818
1721400 821
1721410 821
1721420 824
1721430 829
1721440 829
1721450 833
1721460 838
1721470 838
1721480 840
1721490 845
1721500 845
1721510 850
1721520 856
1721530 856
1721540 864
1721550 870
1721560 870
1721570 874
1721580 879
1721590 883
1721600 883
1721610 888
1721620 893
1721630 893
1721640 897
1721650 902
1721660 902
1721670 908
1721680 910
1721690 910
1721700 914
1721710 919
1721720 919
1721730 923
1721740 928
1721750 928
1721760 933
1721770 938
1721780 938
1721790 943
1721800 948
1721810 948
1721820 956
1721830 966
1721840 966
1721850 967
1721860 970
1721870 970
1721880 974
1721890 980
1721900 984
1721910 984
1721920 987
1721930 991
1721940 991
1721950 996
1721960 1004
1721970 1004
1721980 1011
1721990 1015
1722000 1015
1722010 1018
1722020 1021
1722030 1021
1722040 1024
1722050 1026
1722060 1026
1722070 1027
1722080 1027
1722090 1027
1722100 1027
1722110 1026
1722120 1026
1722130 1025
1722140 1025
1722150 1025
1722160 1023
1722170 1022
1722180 1022
1722190 1021
1722200 1019
1722210 1019
1722220 1017
1722230 1016
1722240 1014
1722250 1014
1722260 1012
1722270 1011
1722280 1011
1722290 1010
1722300 1008
1722310 1008
1722320 1007
1722330 1005
1722340 1005
1722350 1004
1722360 1002
1722370 1002
1722380 1000
1722390 999
1722400 999
1722410 999
1722420 998
1722430 998
1722440 996
1722450 993
1722460 993
1722470 992
1722480 992
1722490 992
1722500 989
1722510 989
1722520 989
1722530 987
1722540 980
1722550 978
1722560 978
1722570 975
1722580 973
1722590 973
1722600 969
1722610 968
1722620 968
1722630 964
1722640 962
1722650 962
1722660 958
1722670 955
1722680 955
1722690 952
1722700 949
1722710 949
1722720 945
1722730 950
1722740 950
1722750 957
1722760 964
1722770 964
1722780 970
1722790 976
1722800 976
1722810 982
1722820 987
1722830 987
1722840 994
1722850 999
1722860 1005
1722870 1005
1722880 1010
1722890 1016
1722900 1016
1722910 1022
1722920 1028
1722930 1028
1722940 1033
1722950 1039
1722960 1039
1722970 1045
1722980 1049
1722990 1049
1723000 1054
1723010 1060
1723020 1060
1723030 1065
1723040 1070
1723050 1070
1723060 1075
1723070 1078
1723080 1078
1723090 1083
1723100 1087
1723110 1087
1723120 1091
1723130 1095
1723140 1095
1723150 1099
1723160 1101
1723170 1104
1723180 1104
1723190 1107
1723200 1111
1723210 1111
1723220 1114
1723230 1116
1723240 1116
1723250 1119
1723260 1121
1723270 1121
1723280 1123
1723290 1126
1723300 1126
1723310 1130
1723320 1132
1723330 1132
1723340 1134
1723350 1135
1723360 1135
1723370 1133
1723380 1130
1723390 1130
1723400 1125
1723410 1119
1723420 1119
1723430 1113
1723440 1108
1723450 1108
1723460 1103
1723470 1098
1723480 1094
1723490 1094
1723500 1089
1723510 1085
1723520 1085
1723530 1080
1723540 1075
1723550 1075
1723560 1070
1723570 1064
1723580 1064
1723590 1058
1723600 1053
1723610 1053
1723620 1048
1723630 1042
1723640 1042
1723650 1037
1723660 1032
1723670 1032
1723680 1025
1723690 1017
1723700 1017
1723710 1017
1723720 1019
1723730 1019
1723740 1020
1723750 1020
1723760 1020
1723770 1020
1723780 1019
1723790 1018
1723800 1018
1723810 1016
1723820 1014
1723830 1014
1723840 1012
1723850 1010
1723860 1010
1723870 1007
1723880 1005
1723890 1005
1723900 1003
1723910 1000
1723920 1000
1723930 998
1723940 995
1723950 995
1723960 993
1723970 990
1723980 990
1723990 987
1724000 986
1724010 986
1724020 982
1724030 981
1724040 981
1724050 974
1724060 967
1724070 967
1724080 971
1724090 967
1724100 969
1724110 969
1724120 975
1724130 980
1724140 980
1724150 984
1724160 987
1724170 987
1724180 989
1724190 993
1724200 993
1724210 996
1724220 998
1724230 998
1724240 998
1724250 1002
1724260 1002
1724270 1007
1724280 1013
1724290 1013
1724300 1017
1724310 1021
1724320 1021
1724330 1024
1724340 1027
1724350 1027
1724360 1030
1724370 1032
1724380 1032
1724390 1033
1724400 1034
1724410 1034
1724420 1034
1724430 1035
1724440 1036
1724450 1036
1724460 1037
1724470 1039
1724480 1039
1724490 1040
1724500 1040
1724510 1040
1724520 1040
1724530 1041
1724540 1041
1724550 1042
1724560 1044
1724570 1044
1724580 1046
1724590 1048
1724600 1048
1724610 1050
1724620 1051
1724630 1051
1724640 1052
1724650 1051
1724660 1051
1724670 1049
1724680 1045
1724690 1045
1724700 1041
1724710 1036
1724720 1036
1724730 1030
1724740 1024
1724750 1019
1724760 1019
1724770 1013
1724780 1008
1724790 1008
1724800 1003
1724810 999
1724820 999
1724830 995
1724840 990
1724850 990
1724860 985
1724870 980
1724880 980
1724890 976
1724900 972
1724910 972
1724920 969
1724930 971
1724940 971
1724950 970
1724960 965
1724970 965
1724980 961
1724990 958
1725000 958
1725010 951
1725020 947
1725030 947
1725040 945
1725050 942
1725060 939
1725070 939
1725080 937
1725090 935
1725100 935
1725110 932
1725120 927
1725130 927
1725140 924
1725150 918
1725160 918
1725170 913
1725180 909
1725190 909
1725200 905
1725210 906
1725220 906
1725230 905
1725240 904
1725250 904
1725260 903
1725270 904
1725280 904
1725290 903
1725300 903
1725310 903
1725320 904
1725330 905
1725340 905
1725350 906
1725360 900
1725370 896
1725380 896
1725390 890
1725400 886
1725410 886
1725420 885
1725430 888
1725440 888
1725450 893
1725460 898
1725470 898
1725480 902
1725490 901
1725500 901
1725510 893
1725520 887
1725530 887
1725540 876
1725550 870
1725560 870
1725570 865
1725580 857
1725590 857
1725600 853
1725610 850
1725620 850
1725630 853
1725640 857
1725650 857
1725660 856
1725670 856
1725680 861
1725690 861
1725700 865
1725710 868
1725720 868
1725730 865
1725740 860
1725750 860
1725760 856
1725770 850
1725780 850
1725790 845
1725800 839
1725810 839
1725820 835
1725830 834
1725840 834
1725850 838
1725860 836
1725870 836
1725880 833
1725890 830
1725900 830
1725910 825
1725920 820
1725930 820
1725940 816
1725950 812
1725960 812
1725970 808
1725980 804
1725990 797
1726000 797
1726010 789
1726020 778
1726030 778
1726040 770
1726050 764
1726060 764
1726070 759
1726080 754
1726090 754
1726100 747
1726110 747
1726120 747
1726130 742
1726140 740
1726150 740
1726160 738
1726170 738
1726180 738
1726190 744
1726200 749
1726210 749
1726220 754
1726230 757
1726240 757
1726250 759
1726260 761
1726270 761
1726280 763
1726290 766
1726300 766
1726310 769
1726320 770
1726330 769
1726340 769
1726350 767
1726360 765
1726370 765
1726380 764
1726390 769
1726400 769
1726410 774
1726420 777
1726430 777
1726440 782
1726450 785
1726460 785
1726470 791
1726480 795
1726490 795
1726500 799
1726510 803
1726520 803
1726530 806
1726540 810
1726550 810
1726560 814
1726570 819
1726580 819
1726590 824
1726600 827
1726610 827
1726620 830
1726630 833
1726640 835
1726650 835
1726660 835
1726670 840
1726680 840
1726690 841
1726700 842
1726710 842
1726720 845
1726730 847
1726740 847
1726750 851
1726760 856
1726770 856
1726780 859
1726790 863
1726800 863
1726810 867
1726820 870
1726830 870
1726840 872
1726850 870
1726860 870
1726870 867
1726880 863
1726890 863
1726900 859
1726910 855
1726920 855
1726930 850
1726940 846
1726950 839
1726960 839
1726970 833
1726980 829
1726990 829
1727000 825
1727010 822
1727020 822
1727030 819
1727040 817
1727050 817
1727060 816
1727070 816
1727080 816
1727090 814
1727100 810
1727110 810
1727120 805
1727130 800
1727140 800
1727150 794
1727160 789
1727170 789
1727180 782
1727190 778
1727200 778
1727210 773
1727220 766
1727230 766
1727240 760
1727250 752
1727260 743
1727270 743
1727280 734
1727290 727
1727300 727
1727310 717
1727320 709
1727330 709
1727340 704
1727350 702
1727360 702
1727370 702
1727380 702
1727390 702
1727400 701
1727410 702
1727420 702
1727430 702
1727440 703
1727450 703
1727460 703
1727470 703
1727480 703
1727490 703
1727500 704
1727510 704
1727520 705
1727530 706
1727540 706
1727550 707
1727560 709
1727570 711
1727580 711
1727590 713
1727600 714
1727610 714
1727620 717
1727630 719
1727640 719
1727650 721
1727660 724
1727670 724
1727680 726
1727690 730
1727700 730
1727710 733
1727720 736
1727730 736
1727740 739
1727750 742
1727760 742
1727770 746
1727780 749
1727790 749
1727800 752
1727810 756
1727820 756
1727830 759
1727840 762
1727850 762
1727860 766
1727870 770
1727880 773
1727890 773
1727900 777
1727910 781
1727920 781
1727930 785
1727940 788
1727950 788
1727960 792
1727970 795
1727980 795
1727990 799
1728000 802
1728010 802
1728020 806
1728030 809
1728040 809
1728050 813
1728060 817
1728070 817
1728080 821
1728090 825
1728100 825
1728110 828
1728120 832
1728130 832
1728140 836
1728150 841
1728160 841
1728170 846
1728180 852
1728190 852
1728200 858
1728210 864
1728220 870
1728230 870
1728240 875
1728250 880
1728260 880
1728270 884
1728280 888
1728290 888
1728300 893
1728310 897
1728320 897
1728330 900
1728340 903
1728350 903
1728360 905
1728370 908
1728380 908
1728390 911
1728400 914
1728410 914
1728420 918
1728430 922
1728440 922
1728450 926
1728460 931
1728470 931
1728480 935
1728490 939
1728500 939
1728510 944
1728520 947
1728530 952
1728540 952
1728550 957
1728560 961
1728570 961
1728580 965
1728590 970
1728600 970
1728610 974
1728620 978
1728630 978
1728640 981
1728650 982
1728660 982
1728670 983
1728680 984
1728690 984
1728700 987
1728710 991
1728720 991
1728730 993
1728740 998
1728750 998
1728760 1002
1728770 1005
1728780 1005
1728790 1009
1728800 1010
1728810 1010
1728820 1009
1728830 1011
1728840 1012
1728850 1012
1728860 1013
1728870 1013
1728880 1013
1728890 1013
1728900 1013
1728910 1013
1728920 1014
1728930 1015
1728940 1015
1728950 1014
1728960 1015
1728970 1015
1728980 1013
1728990 1013
1729000 1013
1729010 1014
1729020 1015
1729030 1015
1729040 1015
1729050 1014
1729060 1014
1729070 1012
1729080 1010
1729090 1010
1729100 1009
1729110 1010
1729120 1010
1729130 1011
1729140 1013
1729150 1013
1729160 1013
1729170 1014
1729180 1015
1729190 1015
1729200 1017
1729210 1020
1729220 1020
1729230 1023
1729240 1026
1729250 1026
1729260 1030
1729270 1033
1729280 1033
1729290 1037
1729300 1042
1729310 1042
1729320 1047
1729330 1052
1729340 1052
1729350 1058
1729360 1062
1729370 1062
1729380 1067
1729390 1073
1729400 1073
1729410 1077
1729420 1081
1729430 1081
1729440 1085
1729450 1089
1729460 1092
1729470 1092
1729480 1097
1729490 1103
1729500 1103
1729510 1108
1729520 1113
1729530 1113
1729540 1118
1729550 1123
1729560 1123
1729570 1128
1729580 1133
1729590 1133
1729600 1139
1729610 1144
1729620 1144
1729630 1148
1729640 1152
1729650 1152
1729660 1156
1729670 1160
1729680 1160
1729690 1165
1729700 1169
1729710 1169
1729720 1172
1729730 1175
1729740 1175
1729750 1178
1729760 1181
1729770 1184
1729780 1184
1729790 1188
1729800 1191
1729810 1191
1729820 1194
1729830 1197
1729840 1197
1729850 1200
1729860 1202
1729870 1202
1729880 1207
1729890 1210
1729900 1210
1729910 1214
1729920 1217
1729930 1217
1729940 1221
1729950 1225
1729960 1225
1729970 1229
1729980 1231
1729990 1231
1730000 1233
1730010 1236
1730020 1236
1730030 1238
1730040 1241
1730050 1241
1730060 1243
1730070 1246
1730080 1248
1730090 1248
1730100 1250
1730110 1250
1730120 1250
1730130 1249
1730140 1248
1730150 1248
1730160 1247
1730170 1246
1730180 1246
1730190 1244
1730200 1243
1730210 1243
1730220 1241
1730230 1239
1730240 1239
1730250 1237
1730260 1235
1730270 1235
1730280 1232
1730290 1230
1730300 1230
1730310 1227
1730320 1224
1730330 1224
1730340 1222
1730350 1219
1730360 1219
1730370 1216
1730380 1212
1730390 1212
1730400 1208
1730410 1204
1730420 1200
1730430 1200
1730440 1195
1730450 1191
1730460 1191
1730470 1187
1730480 1182
1730490 1182
1730500 1177
1730510 1170
1730520 1170
1730530 1164
1730540 1161
1730550 1161
1730560 1156
1730570 1151
1730580 1151
1730590 1147
1730600 1143
1730610 1143
1730620 1139
1730630 1135
1730640 1135
1730650 1131
1730660 1127
1730670 1127
1730680 1124
1730690 1122
1730700 1122
1730710 1120
1730720 1117
1730730 1115
1730740 1115
1730750 1112
1730760 1112
1730770 1112
1730780 1108
1730790 1104
1730800 1104
1730810 1103
1730820 1103
1730830 1103
1730840 1104
1730850 1105
1730860 1105
1730870 1105
1730880 1106
1730890 1106
1730900 1107
1730910 1107
1730920 1107
1730930 1109
1730940 1110
1730950 1110
1730960 1111
1730970 1113
1730980 1113
1730990 1114
1731000 1116
1731010 1116
1731020 1117
1731030 1119
1731040 1120
1731050 1120
1731060 1122
1731070 1124
1731080 1124
1731090 1125
1731100 1127
1731110 1127
1731120 1129
1731130 1130
1731140 1130
1731150 1133
1731160 1135
1731170 1135
1731180 1137
1731190 1138
1731200 1138
1731210 1140
1731220 1142
1731230 1142
1731240 1143
1731250 1145
1731260 1145
1731270 1148
1731280 1150
1731290 1150
1731300 1153
1731310 1155
1731320 1155
1731330 1157
1731340 1159
1731350 1160
1731360 1160
1731370 1160
1731380 1159
1731390 1159
1731400 1160
1731410 1161
1731420 1161
1731430 1162
1731440 1163
1731450 1163
1731460 1164
1731470 1164
1731480 1160
1731490 1160
1731500 1159
1731510 1159
1731520 1159
1731530 1159
1731540 1159
1731550 1160
1731560 1160
1731570 1160
1731580 1159
1731590 1157
1731600 1157
1731610 1154
1731620 1150
1731630 1150
1731640 1148
1731650 1144
1731660 1141
1731670 1141
1731680 1136
1731690 1130
1731700 1130
1731710 1124
1731720 1117
1731730 1117
1731740 1111
1731750 1106
1731760 1106
1731770 1101
1731780 1097
1731790 1097
1731800 1093
1731810 1089
1731820 1089
1731830 1086
1731840 1082
1731850 1082
1731860 1076
1731870 1068
1731880 1068
1731890 1061
1731900 1053
1731910 1053
1731920 1047
1731930 1040
1731940 1040
1731950 1035
1731960 1030
1731970 1025
1731980 1025
1731990 1020
1732000 1013
1732010 1013
1732020 1006
1732030 998
1732040 998
1732050 991
1732060 985
1732070 985
1732080 978
1732090 971
1732100 971
1732110 965
1732120 958
1732130 958
1732140 951
1732150 944
1732160 944
1732170 937
1732180 931
1732190 931
1732200 924
1732210 916
1732220 916
1732230 910
1732240 904
1732250 904
1732260 899
1732270 894
1732280 894
1732290 890
1732300 885
1732310 884
1732320 884
1732330 881
1732340 875
1732350 875
1732360 869
1732370 862
1732380 862
1732390 858
1732400 854
1732410 854
1732420 854
1732430 854
1732440 854
1732450 858
1732460 863
1732470 863
1732480 870
1732490 877
1732500 877
1732510 884
1732520 890
1732530 890
1732540 895
1732550 899
1732560 899
1732570 906
1732580 912
1732590 912
1732600 920
1732610 925
1732620 932
1732630 932
1732640 939
1732650 945
1732660 945
1732670 953
1732680 958
1732690 958
1732700 966
1732710 969
1732720 969
1732730 972
1732740 974
1732750 974
1732760 977
1732770 980
1732780 980
1732790 983
1732800 986
1732810 986
1732820 991
1732830 996
1732840 996
1732850 1000
1732860 1005
1732870 1005
1732880 1011
1732890 1018
1732900 1018
1732910 1026
1732920 1033
1732930 1042
1732940 1042
1732950 1047
1732960 1055
1732970 1055
1732980 1062
1732990 1069
1733000 1069
1733010 1075
1733020 1079
1733030 1079
1733040 1082
1733050 1086
1733060 1086
1733070 1088
1733080 1091
1733090 1091
1733100 1095
1733110 1100
1733120 1100
1733130 1103
1733140 1105
1733150 1105
1733160 1103
1733170 1100
1733180 1100
1733190 1095
1733200 1091
1733210 1091
1733220 1086
1733230 1083
1733240 1085
1733250 1085
1733260 1089
1733270 1093
1733280 1093
1733290 1093
1733300 1091
1733310 1091
1733320 1090
1733330 1088
1733340 1088
1733350 1085
1733360 1085
1733370 1085
1733380 1086
1733390 1089
1733400 1089
1733410 1090
1733420 1092
1733430 1092
1733440 1095
1733450 1099
1733460 1099
1733470 1103
1733480 1108
1733490 1108
1733500 1113
1733510 1120
1733520 1117
1733530 1124
1733540 1127
1733550 1129
1733560 1129
1733570 1129
1733580 1128
1733590 1128
1733600 1128
1733610 1128
1733620 1128
1733630 1130
1733640 1132
1733650 1132
1733660 1133
1733670 1137
1733680 1137
1733690 1141
1733700 1145
1733710 1145
1733720 1150
1733730 1154
1733740 1154
1733750 1159
1733760 1163
1733770 1163
1733780 1167
1733790 1168
1733800 1168
1733810 1167
1733820 1168
1733830 1168
1733840 1169
1733850 1171
1733860 1173
1733870 1173
1733880 1175
1733890 1177
1733900 1177
1733910 1177
1733920 1180
1733930 1180
1733940 1183
1733950 1186
1733960 1186
1733970 1190
1733980 1193
1733990 1193
1734000 1196
1734010 1199
1734020 1199
1734030 1202
1734040 1203
1734050 1203
1734060 1207
1734070 1209
1734080 1209
1734090 1212
1734100 1214
1734110 1214
1734120 1217
1734130 1221
1734140 1221
1734150 1225
1734160 1228
1734170 1230
1734180 1230
1734190 1232
1734200 1235
1734210 1235
1734220 1238
1734230 1242
1734240 1242
1734250 1244
1734260 1248
1734270 1248
1734280 1251
1734290 1254
1734300 1254
1734310 1258
1734320 1261
1734330 1261
1734340 1264
1734350 1266
1734360 1266
1734370 1268
1734380 1270
1734390 1270
1734400 1272
1734410 1273
1734420 1273
1734430 1276
1734440 1278
1734450 1278
1734460 1279
1734470 1279
1734480 1279
1734490 1279
1734500 1280
1734510 1280
1734520 1280
1734530 1280
1734540 1281
1734550 1281
1734560 1281
1734570 1281
1734580 1281
1734590 1282
1734600 1281
1734610 1281
1734620 1282
1734630 1283
1734640 1283
1734650 1283
1734660 1283
1734670 1283
1734680 1283
1734690 1284
1734700 1284
1734710 1284
1734720 1284
1734730 1284
1734740 1284
1734750 1285
1734760 1285
1734770 1285
1734780 1285
1734790 1285
1734800 1286
1734810 1287
1734820 1288
1734830 1288
1734840 1289
1734850 1289
1734860 1289
1734870 1290
1734880 1290
1734890 1290
1734900 1291
1734910 1291
1734920 1291
1734930 1292
1734940 1292
1734950 1292
1734960 1293
1734970 1293
1734980 1293
1734990 1293
1735000 1293
1735010 1293
1735020 1293
1735030 1293
1735040 1293
1735050 1293
1735060 1294
1735070 1294
1735080 1293
1735090 1293
1735100 1293
1735110 1293
1735120 1292
1735130 1291
1735140 1291
1735150 1290
1735160 1288
1735170 1288
1735180 1286
1735190 1284
1735200 1284
1735210 1281
1735220 1279
1735230 1279
1735240 1277
1735250 1275
1735260 1275
1735270 1271
1735280 1267
1735290 1267
1735300 1264
1735310 1261
1735320 1261
1735330 1259
1735340 1256
1735350 1256
1735360 1254
1735370 1251
1735380 1251
1735390 1247
1735400 1242
1735410 1242
1735420 1238
1735430 1236
1735440 1236
1735450 1236
1735460 1235
1735470 1234
1735480 1234
1735490 1236
1735500 1234
1735510 1234
1735520 1231
1735530 1227
1735540 1227
1735550 1223
1735560 1220
1735570 1220
1735580 1216
1735590 1212
1735600 1212
1735610 1208
1735620 1201
1735630 1201
1735640 1199
1735650 1195
1735660 1195
1735670 1191
1735680 1189
1735690 1189
1735700 1187
1735710 1185
1735720 1185
1735730 1182
1735740 1180
1735750 1176
1735760 1176
1735770 1174
1735780 1170
1735790 1170
1735800 1167
1735810 1163
1735820 1163
1735830 1159
1735840 1156
1735850 1156
1735860 1151
1735870 1146
1735880 1146
1735890 1142
1735900 1137
1735910 1137
1735920 1133
1735930 1129
1735940 1129
1735950 1124
1735960 1123
1735970 1123
1735980 1122
1735990 1120
1736000 1120
1736010 1119
1736020 1117
1736030 1117
1736040 1115
1736050 1112
1736060 1112
1736070 1112
1736080 1112
1736090 1113
1736100 1113
1736110 1114
1736120 1116
1736130 1116
1736140 1118
1736150 1119
1736160 1119
1736170 1121
1736180 1123
1736190 1123
1736200 1124
1736210 1127
1736220 1127
1736230 1129
1736240 1131
1736250 1131
1736260 1132
1736270 1134
1736280 1134
1736290 1135
1736300 1136
1736310 1136
1736320 1136
1736330 1137
1736340 1137
1736350 1136
1736360 1136
1736370 1136
1736380 1134
1736390 1133
1736400 1132
1736410 1132
1736420 1132
1736430 1132
1736440 1132
1736450 1133
1736460 1134
1736470 1134
1736480 1135
1736490 1136
1736500 1136
1736510 1137
1736520 1137
1736530 1137
1736540 1138
1736550 1138
1736560 1138
1736570 1135
1736580 1131
1736590 1131
1736600 1128
1736610 1125
1736620 1125
1736630 1122
1736640 1119
1736650 1119
1736660 1117
1736670 1114
1736680 1114
1736690 1111
1736700 1108
1736710 1105
1736720 1105
1736730 1102
1736740 1097
1736750 1097
1736760 1093
1736770 1090
1736780 1090
1736790 1087
1736800 1082
1736810 1082
1736820 1078
1736830 1074
1736840 1074
1736850 1068
1736860 1065
1736870 1065
1736880 1061
1736890 1057
1736900 1057
1736910 1052
1736920 1047
1736930 1047
1736940 1041
1736950 1036
1736960 1036
1736970 1030
1736980 1025
1736990 1025
1737000 1019
1737010 1013
1737020 1008
1737030 1008
1737040 1003
1737050 997
1737060 997
1737070 992
1737080 988
1737090 988
1737100 984
1737110 979
1737120 979
1737130 976
1737140 978
1737150 978
1737160 980
1737170 981
1737180 981
1737190 984
1737200 987
1737210 987
1737220 992
1737230 997
1737240 997
1737250 1001
1737260 1006
1737270 1006
1737280 1010
1737290 1012
1737300 1012
1737310 1016
1737320 1021
1737330 1023
1737340 1023
1737350 1026
1737360 1030
1737370 1030
1737380 1034
1737390 1037
1737400 1037
1737410 1043
1737420 1047
1737430 1047
1737440 1050
1737450 1054
1737460 1054
1737470 1057
1737480 1060
1737490 1060
1737500 1064
1737510 1067
1737520 1067
1737530 1070
1737540 1072
1737550 1072
1737560 1075
1737570 1076
1737580 1076
1737590 1079
1737600 1081
1737610 1081
1737620 1083
1737630 1084
1737640 1085
1737650 1085
1737660 1089
1737670 1090
1737680 1090
1737690 1092
1737700 1095
1737710 1095
1737720 1098
1737730 1100
1737740 1100
1737750 1103
1737760 1105
1737770 1105
1737780 1109
1737790 1110
1737800 1110
1737810 1112
1737820 1114
1737830 1114
1737840 1116
1737850 1118
1737860 1118
1737870 1120
1737880 1123
1737890 1123
1737900 1124
1737910 1125
1737920 1125
1737930 1128
1737940 1131
1737950 1134
1737960 1134
1737970 1136
1737980 1138
1737990 1138
1738000 1140
1738010 1142
1738020 1142
1738030 1144
1738040 1145
1738050 1145
1738060 1147
1738070 1148
1738080 1148
1738090 1149
1738100 1150
1738110 1150
1738120 1149
1738130 1147
1738140 1147
1738150 1145
1738160 1144
1738170 1144
1738180 1142
1738190 1140
1738200 1140
1738210 1138
1738220 1136
1738230 1136
1738240 1133
1738250 1131
1738260 1131
1738270 1129
1738280 1128
1738290 1128
1738300 1128
1738310 1129
1738320 1129
1738330 1129
1738340 1130
1738350 1131
1738360 1131
1738370 1131
1738380 1132
1738390 1132
1738400 1132
1738410 1133
1738420 1133
1738430 1133
1738440 1133
1738450 1133
1738460 1133
1738470 1133
1738480 1133
1738490 1133
1738500 1133
1738510 1133
1738520 1133
1738530 1134
1738540 1134
1738550 1131
1738560 1129
1738570 1129
1738580 1128
1738590 1127
1738600 1127
1738610 1127
1738620 1127
1738630 1128
1738640 1128
1738650 1128
1738660 1128
1738670 1128
1738680 1128
1738690 1127
1738700 1127
1738710 1127
1738720 1126
1738730 1126
1738740 1127
1738750 1132
1738760 1132
1738770 1136
1738780 1140
1738790 1140
1738800 1144
1738810 1148
1738820 1148
1738830 1152
1738840 1155
1738850 1155
1738860 1157
1738870 1160
1738880 1160
1738890 1162
1738900 1165
1738910 1168
1738920 1168
1738930 1170
1738940 1173
1738950 1173
1738960 1175
1738970 1177
1738980 1177
1738990 1180
1739000 1182
1739010 1182
1739020 1184
1739030 1185
1739040 1185
1739050 1187
1739060 1189
1739070 1189
1739080 1190
1739090 1192
1739100 1192
1739110 1194
1739120 1196
1739130 1196
1739140 1197
1739150 1199
1739160 1199
1739170 1201
1739180 1203
1739190 1203
1739200 1205
1739210 1207
1739220 1208
1739230 1208
1739240 1209
1739250 1211
1739260 1211
1739270 1213
1739280 1216
1739290 1216
1739300 1218
1739310 1219
1739320 1219
1739330 1221
1739340 1222
1739350 1222
1739360 1222
1739370 1225
1739380 1225
1739390 1225
1739400 1227
1739410 1227
1739420 1229
1739430 1229
1739440 1229
1739450 1229
1739460 1231
1739470 1231
1739480 1232
1739490 1232
1739500 1232
1739510 1233
1739520 1232
1739530 1233
1739540 1233
1739550 1233
1739560 1234
1739570 1234
1739580 1234
1739590 1234
1739600 1234
1739610 1235
1739620 1235
1739630 1235
1739640 1235
1739650 1236
1739660 1236
1739670 1236
1739680 1236
1739690 1236
1739700 1235
1739710 1235
1739720 1235
1739730 1235
1739740 1234
1739750 1234
1739760 1234
1739770 1234
1739780 1234
1739790 1233
1739800 1233
1739810 1233
1739820 1233
1739830 1232
1739840 1231
1739850 1231
1739860 1231
1739870 1230
1739880 1230
1739890 1230
1739900 1229
1739910 1229
1739920 1229
1739930 1228
1739940 1228
1739950 1228
1739960 1227
1739970 1227
1739980 1227
1739990 1226
