1720000 605
1720010 605
1720020 605
1720030 605
1720040 605
1720050 607
1720060 609
1720070 609
1720080 612
1720090 615
1720100 615
1720110 618
1720120 621
1720130 621
1720140 624
1720150 626
1720160 626
1720170 629
1720180 633
1720190 633
1720200 635
1720210 637
1720220 638
1720230 638
1720240 639
1720250 638
1720260 638
1720270 636
1720280 633
1720290 633
1720300 632
1720310 639
1720320 639
1720330 646
1720340 650
1720350 650
1720360 653
1720370 657
1720380 657
1720390 659
1720400 659
1720410 659
1720420 662
1720430 664
1720440 664
1720450 667
1720460 669
1720470 669
1720480 671
1720490 672
1720500 672
1720510 675
1720520 677
1720530 677
1720540 680
1720550 682
1720560 684
1720570 684
1720580 686
1720590 687
1720600 687
1720610 685
1720620 683
1720630 683
1720640 683
1720650 682
1720660 682
1720670 679
1720680 677
1720690 677
1720700 677
1720710 676
1720720 676
1720730 674
1720740 670
1720750 670
1720760 667
1720770 668
1720780 668
1720790 667
1720800 665
1720810 665
1720820 664
1720830 660
1720840 660
1720850 655
1720860 652
1720870 650
1720880 650
1720890 644
1720900 638
1720910 638
1720920 632
1720930 627
1720940 627
1720950 623
1720960 621
1720970 621
1720980 620
1720990 617
1721000 617
1721010 618
1721020 617
1721030 617
1721040 624
1721050 630
1721060 630
1721070 634
1721080 639
1721090 639
1721100 644
1721110 649
1721120 649
1721130 655
1721140 657
1721150 657
1721160 656
1721170 654
1721180 654
1721190 652
1721200 652
1721210 651
1721220 651
1721230 650
1721240 651
1721250 651
1721260 653
1721270 656
1721280 656
1721290 659
1721300 662
1721310 662
1721320 663
1721330 665
1721340 665
1721350 667
1721360 670
1721370 670
1721380 671
1721390 671
1721400 671
1721410 671
1721420 671
1721430 671
1721440 670
1721450 668
1721460 668
1721470 668
1721480 668
1721490 668
1721500 669
1721510 666
1721520 666
1721530 660
1721540 657
1721550 655
1721560 655
1721570 653
1721580 649
1721590 649
1721600 643
1721610 642
1721620 642
1721630 643
1721640 645
1721650 645
1721660 645
1721670 644
1721680 644
1721690 640
1721700 643
1721710 643
1721720 646
1721730 648
1721740 648
1721750 646
1721760 645
1721770 645
1721780 643
1721790 643
1721800 643
1721810 637
1721820 636
1721830 636
1721840 642
1721850 647
1721860 654
1721870 654
1721880 659
1721890 664
1721900 664
1721910 667
1721920 672
1721930 672
1721940 679
1721950 682
1721960 682
1721970 686
1721980 688
1721990 688
1722000 690
1722010 692
1722020 692
1722030 694
1722040 697
1722050 697
1722060 701
1722070 703
1722080 703
1722090 705
1722100 706
1722110 706
1722120 707
1722130 708
1722140 708
1722150 709
1722160 704
1722170 704
1722180 709
1722190 711
1722200 712
1722210 712
1722220 713
1722230 714
1722240 714
1722250 714
1722260 715
1722270 715
1722280 716
1722290 721
1722300 721
1722310 723
1722320 723
1722330 723
1722340 724
1722350 726
1722360 726
1722370 727
1722380 728
1722390 728
1722400 730
1722410 731
1722420 731
1722430 731
1722440 732
1722450 732
1722460 732
1722470 732
1722480 732
1722490 730
1722500 729
1722510 729
1722520 729
1722530 729
1722540 728
1722550 728
1722560 729
1722570 730
1722580 730
1722590 733
1722600 736
1722610 736
1722620 739
1722630 741
1722640 741
1722650 743
1722660 743
1722670 743
1722680 743
1722690 743
1722700 743
1722710 744
1722720 744
1722730 744
1722740 743
1722750 741
1722760 741
1722770 736
1722780 732
1722790 732
1722800 731
1722810 728
1722820 728
1722830 724
1722840 721
1722850 717
1722860 717
1722870 712
1722880 708
1722890 708
1722900 704
1722910 700
1722920 700
1722930 696
1722940 692
1722950 692
1722960 689
1722970 684
1722980 684
1722990 682
1723000 686
1723010 686
1723020 686
1723030 688
1723040 688
1723050 691
1723060 695
1723070 695
1723080 699
1723090 703
1723100 703
1723110 708
1723120 712
1723130 712
1723140 714
1723150 714
1723160 714
1723170 711
1723180 708
1723190 705
1723200 705
1723210 702
1723220 698
1723230 698
1723240 693
1723250 690
1723260 690
1723270 686
1723280 682
1723290 682
1723300 680
1723310 678
1723320 679
1723330 678
1723340 681
1723350 681
1723360 685
1723370 686
1723380 686
1723390 692
1723400 695
1723410 695
1723420 698
1723430 702
1723440 702
1723450 705
1723460 708
1723470 708
1723480 712
1723490 716
1723500 719
1723510 719
1723520 722
1723530 725
1723540 725
1723550 728
1723560 731
1723570 731
1723580 734
1723590 738
1723600 738
1723610 742
1723620 745
1723630 745
1723640 749
1723650 753
1723660 753
1723670 756
1723680 760
1723690 760
1723700 763
1723710 767
1723720 767
1723730 770
1723740 774
1723750 774
1723760 777
1723770 780
1723780 780
1723790 783
1723800 785
1723810 785
1723820 787
1723830 789
1723840 792
1723850 792
1723860 793
1723870 795
1723880 795
1723890 797
1723900 796
1723910 796
1723920 791
1723930 787
1723940 787
1723950 783
1723960 780
1723970 780
1723980 777
1723990 776
1724000 776
1724010 776
1724020 776
1724030 776
1724040 777
1724050 777
1724060 777
1724070 777
1724080 778
1724090 778
1724100 780
1724110 782
1724120 782
1724130 784
1724140 787
1724150 787
1724160 790
1724170 793
1724180 796
1724190 796
1724200 797
1724210 798
1724220 798
1724230 799
1724240 798
1724250 798
1724260 797
1724270 796
1724280 796
1724290 794
1724300 791
1724310 791
1724320 790
1724330 786
1724340 786
1724350 783
1724360 779
1724370 779
1724380 774
1724390 770
1724400 770
1724410 768
1724420 765
1724430 765
1724440 763
1724450 760
1724460 760
1724470 756
1724480 754
1724490 751
1724500 751
1724510 748
1724520 745
1724530 745
1724540 742
1724550 740
1724560 740
1724570 737
1724580 734
1724590 734
1724600 730
1724610 727
1724620 727
1724630 722
1724640 719
1724650 719
1724660 717
1724670 713
1724680 713
1724690 711
1724700 709
1724710 709
1724720 707
1724730 705
1724740 705
1724750 702
1724760 704
1724770 704
1724780 704
1724790 705
1724800 705
1724810 706
1724820 712
1724830 717
1724840 717
1724850 720
1724860 722
1724870 722
1724880 724
1724890 726
1724900 726
1724910 725
1724920 723
1724930 723
1724940 722
1724950 721
1724960 721
1724970 721
1724980 721
1724990 721
1725000 720
1725010 719
1725020 719
1725030 718
1725040 718
1725050 718
1725060 718
1725070 717
1725080 717
1725090 718
1725100 718
1725110 718
1725120 719
1725130 719
1725140 720
1725150 720
1725160 722
1725170 723
1725180 723
1725190 724
1725200 725
1725210 725
1725220 728
1725230 729
1725240 729
1725250 730
1725260 732
1725270 732
1725280 733
1725290 734
1725300 734
1725310 735
1725320 737
1725330 737
1725340 738
1725350 740
1725360 740
1725370 743
1725380 744
1725390 744
1725400 747
1725410 748
1725420 748
1725430 751
1725440 753
1725450 753
1725460 756
1725470 760
1725480 762
1725490 762
1725500 764
1725510 766
1725520 766
1725530 771
1725540 772
1725550 772
1725560 773
1725570 776
1725580 776
1725590 780
1725600 781
1725610 781
1725620 783
1725630 788
1725640 788
1725650 798
1725660 799
1725670 799
1725680 800
1725690 801
1725700 801
1725710 804
1725720 807
1725730 807
1725740 809
1725750 812
1725760 812
1725770 814
1725780 821
1725790 821
1725800 822
1725810 824
1725820 827
1725830 827
1725840 830
1725850 834
1725860 834
1725870 838
1725880 841
1725890 841
1725900 844
1725910 848
1725920 848
1725930 852
1725940 855
1725950 855
1725960 858
1725970 861
1725980 861
1725990 864
1726000 866
1726010 866
1726020 868
1726030 871
1726040 871
1726050 873
1726060 874
1726070 874
1726080 874
1726090 873
1726100 873
1726110 872
1726120 870
1726130 867
1726140 867
1726150 863
1726160 861
1726170 861
1726180 859
1726190 858
1726200 858
1726210 855
1726220 853
1726230 853
1726240 851
1726250 848
1726260 848
1726270 846
1726280 843
1726290 843
1726300 840
1726310 837
1726320 837
1726330 835
1726340 834
1726350 834
1726360 833
1726370 831
1726380 831
1726390 830
1726400 830
1726410 830
1726420 829
1726430 827
1726440 827
1726450 826
1726460 824
1726470 822
1726480 822
1726490 821
1726500 821
1726510 821
1726520 821
1726530 820
1726540 820
1726550 817
1726560 812
1726570 812
1726580 807
1726590 802
1726600 802
1726610 797
1726620 795
1726630 795
1726640 798
1726650 800
1726660 800
1726670 804
1726680 811
1726690 811
1726700 817
1726710 824
1726720 824
1726730 829
1726740 834
1726750 834
1726760 838
1726770 843
1726780 847
1726790 847
1726800 852
1726810 856
1726820 856
1726830 859
1726840 863
1726850 863
1726860 866
1726870 869
1726880 869
1726890 874
1726900 878
1726910 878
1726920 884
1726930 886
1726940 886
1726950 891
1726960 896
1726970 896
1726980 900
1726990 903
1727000 903
1727010 906
1727020 908
1727030 908
1727040 911
1727050 912
1727060 912
1727070 915
1727080 919
1727090 919
1727100 922
1727110 926
1727120 929
1727130 929
1727140 932
1727150 936
1727160 936
1727170 939
1727180 942
1727190 942
1727200 945
1727210 947
1727220 947
1727230 949
1727240 952
1727250 952
1727260 954
1727270 957
1727280 957
1727290 959
1727300 961
1727310 961
1727320 963
1727330 965
1727340 965
1727350 967
1727360 969
1727370 969
1727380 970
1727390 971
1727400 971
1727410 972
1727420 972
1727430 972
1727440 971
1727450 969
1727460 967
1727470 967
1727480 966
1727490 966
1727500 966
1727510 967
1727520 968
1727530 968
1727540 969
1727550 971
1727560 971
1727570 973
1727580 975
1727590 975
1727600 977
1727610 980
1727620 980
1727630 983
1727640 986
1727650 986
1727660 988
1727670 991
1727680 991
1727690 992
1727700 994
1727710 994
1727720 995
1727730 996
1727740 996
1727750 996
1727760 996
1727770 997
1727780 997
1727790 998
1727800 1000
1727810 1000
1727820 1001
1727830 1002
1727840 1002
1727850 1003
1727860 1004
1727870 1004
1727880 1005
1727890 1005
1727900 1008
1727910 1008
1727920 1010
1727930 1010
1727940 1012
1727950 1011
1727960 1011
1727970 1013
1727980 1013
1727990 1013
1728000 1014
1728010 1016
1728020 1016
1728030 1018
1728040 1019
1728050 1019
1728060 1019
1728070 1021
1728080 1021
1728090 1021
1728100 1022
1728110 1021
1728120 1021
1728130 1022
1728140 1022
1728150 1022
1728160 1022
1728170 1022
1728180 1022
1728190 1022
1728200 1021
1728210 1021
1728220 1021
1728230 1022
1728240 1022
1728250 1022
1728260 1022
1728270 1022
1728280 1022
1728290 1023
1728300 1023
1728310 1023
1728320 1024
1728330 1024
1728340 1025
1728350 1025
1728360 1025
1728370 1025
1728380 1025
1728390 1025
1728400 1024
1728410 1023
1728420 1023
1728430 1023
1728440 1023
1728450 1022
1728460 1022
1728470 1021
1728480 1020
1728490 1020
1728500 1019
1728510 1018
1728520 1018
1728530 1015
1728540 1011
1728550 1011
1728560 1006
1728570 1001
1728580 1001
1728590 997
1728600 992
1728610 992
1728620 988
1728630 983
1728640 983
1728650 979
1728660 973
1728670 973
1728680 970
1728690 963
1728700 963
1728710 958
1728720 953
1728730 953
1728740 948
1728750 943
1728760 939
1728770 939
1728780 934
1728790 930
1728800 930
1728810 927
1728820 922
1728830 922
1728840 919
1728850 915
1728860 915
1728870 911
1728880 907
1728890 907
1728900 902
1728910 897
1728920 897
1728930 893
1728940 887
1728950 887
1728960 880
1728970 874
1728980 874
1728990 869
1729000 871
1729010 871
1729020 879
1729030 886
1729040 886
1729050 891
1729060 897
1729070 897
1729080 903
1729090 910
1729100 914
1729110 914
1729120 920
1729130 925
1729140 925
1729150 930
1729160 934
1729170 934
1729180 938
1729190 942
1729200 942
1729210 946
1729220 949
1729230 949
1729240 954
1729250 958
1729260 958
1729270 962
1729280 966
1729290 966
1729300 969
1729310 972
1729320 972
1729330 975
1729340 978
1729350 978
1729360 982
1729370 986
1729380 986
1729390 991
1729400 994
1729410 999
1729420 999
1729430 1004
1729440 1009
1729450 1009
1729460 1014
1729470 1018
1729480 1018
1729490 1022
1729500 1025
1729510 1025
1729520 1030
1729530 1034
1729540 1034
1729550 1039
1729560 1043
1729570 1043
1729580 1048
1729590 1052
1729600 1052
1729610 1057
1729620 1061
1729630 1061
1729640 1066
1729650 1071
1729660 1071
1729670 1075
1729680 1078
1729690 1078
1729700 1081
1729710 1085
1729720 1085
1729730 1089
1729740 1093
1729750 1096
1729760 1096
1729770 1099
1729780 1102
1729790 1102
1729800 1105
1729810 1107
1729820 1107
1729830 1111
1729840 1111
1729850 1111
1729860 1114
1729870 1116
1729880 1116
1729890 1117
1729900 1118
1729910 1118
1729920 1119
1729930 1120
1729940 1120
1729950 1122
1729960 1123
1729970 1123
1729980 1125
1729990 1125
1730000 1125
1730010 1126
1730020 1127
1730030 1127
1730040 1128
1730050 1129
1730060 1134
1730070 1134
1730080 1135
1730090 1136
1730100 1136
1730110 1137
1730120 1136
1730130 1136
1730140 1136
1730150 1137
1730160 1137
1730170 1139
1730180 1140
1730190 1140
1730200 1141
1730210 1140
1730220 1140
1730230 1139
1730240 1138
1730250 1138
1730260 1137
1730270 1137
1730280 1137
1730290 1137
1730300 1138
1730310 1138
1730320 1139
1730330 1140
1730340 1140
1730350 1140
1730360 1141
1730370 1141
1730380 1143
1730390 1145
1730400 1146
1730410 1146
1730420 1147
1730430 1149
1730440 1149
1730450 1152
1730460 1154
1730470 1154
1730480 1155
1730490 1157
1730500 1157
1730510 1157
1730520 1156
1730530 1156
1730540 1155
1730550 1156
1730560 1156
1730570 1157
1730580 1158
1730590 1158
1730600 1157
1730610 1156
1730620 1156
1730630 1153
1730640 1149
1730650 1149
1730660 1146
1730670 1143
1730680 1143
1730690 1140
1730700 1137
1730710 1137
1730720 1136
1730730 1134
1730740 1132
1730750 1132
1730760 1130
1730770 1129
1730780 1129
1730790 1128
1730800 1127
1730810 1127
1730820 1124
1730830 1119
1730840 1119
1730850 1114
1730860 1109
1730870 1109
1730880 1103
1730890 1097
1730900 1097
1730910 1092
1730920 1086
1730930 1086
1730940 1079
1730950 1073
1730960 1073
1730970 1067
1730980 1064
1730990 1064
1731000 1059
1731010 1061
1731020 1061
1731030 1064
1731040 1069
1731050 1071
1731060 1071
1731070 1072
1731080 1076
1731090 1076
1731100 1080
1731110 1085
1731120 1085
1731130 1089
1731140 1092
1731150 1092
1731160 1095
1731170 1098
1731180 1098
1731190 1102
1731200 1106
1731210 1106
1731220 1109
1731230 1109
1731240 1109
1731250 1107
1731260 1106
1731270 1106
1731280 1105
1731290 1105
1731300 1105
1731310 1104
1731320 1104
1731330 1104
1731340 1104
1731350 1104
1731360 1104
1731370 1104
1731380 1106
1731390 1107
1731400 1107
1731410 1108
1731420 1107
1731430 1107
1731440 1106
1731450 1106
1731460 1106
1731470 1106
1731480 1109
1731490 1109
1731500 1112
1731510 1115
1731520 1115
1731530 1118
1731540 1120
1731550 1120
1731560 1125
1731570 1130
1731580 1130
1731590 1137
1731600 1141
1731610 1141
1731620 1145
1731630 1150
1731640 1150
1731650 1153
1731660 1157
1731670 1157
1731680 1161
1731690 1164
1731700 1164
1731710 1168
1731720 1172
1731730 1176
1731740 1176
1731750 1180
1731760 1183
1731770 1183
1731780 1185
1731790 1188
1731800 1188
1731810 1190
1731820 1193
1731830 1193
1731840 1197
1731850 1199
1731860 1199
1731870 1202
1731880 1206
1731890 1206
1731900 1208
1731910 1210
1731920 1210
1731930 1213
1731940 1217
1731950 1217
1731960 1222
1731970 1225
1731980 1225
1731990 1227
1732000 1228
1732010 1228
1732020 1230
1732030 1232
1732040 1234
1732050 1234
1732060 1237
1732070 1240
1732080 1240
1732090 1242
1732100 1245
1732110 1245
1732120 1248
1732130 1250
1732140 1250
1732150 1253
1732160 1255
1732170 1255
1732180 1257
1732190 1259
1732200 1259
1732210 1262
1732220 1264
1732230 1264
1732240 1267
1732250 1268
1732260 1268
1732270 1269
1732280 1269
1732290 1269
1732300 1269
1732310 1268
1732320 1268
1732330 1269
1732340 1270
1732350 1270
1732360 1271
1732370 1271
1732380 1271
1732390 1271
1732400 1272
1732410 1272
1732420 1272
1732430 1273
1732440 1273
1732450 1273
1732460 1274
1732470 1276
1732480 1276
1732490 1276
1732500 1277
1732510 1277
1732520 1277
1732530 1277
1732540 1277
1732550 1277
1732560 1274
1732570 1274
1732580 1277
1732590 1283
1732600 1283
1732610 1287
1732620 1292
1732630 1292
1732640 1294
1732650 1298
1732660 1298
1732670 1303
1732680 1307
1732690 1307
1732700 1311
1732710 1315
1732720 1318
1732730 1318
1732740 1320
1732750 1323
1732760 1323
1732770 1326
1732780 1327
1732790 1327
1732800 1330
1732810 1331
1732820 1331
1732830 1332
1732840 1333
1732850 1333
1732860 1334
1732870 1336
1732880 1336
1732890 1337
1732900 1339
1732910 1339
1732920 1340
1732930 1341
1732940 1341
1732950 1342
1732960 1341
1732970 1341
1732980 1342
1732990 1343
1733000 1343
1733010 1344
1733020 1345
1733030 1345
1733040 1345
1733050 1346
1733060 1347
1733070 1347
1733080 1347
1733090 1347
1733100 1347
1733110 1346
1733120 1347
1733130 1347
1733140 1346
1733150 1346
1733160 1346
1733170 1346
1733180 1347
1733190 1347
1733200 1348
1733210 1347
1733220 1347
1733230 1346
1733240 1345
1733250 1345
1733260 1345
1733270 1345
1733280 1345
1733290 1344
1733300 1345
1733310 1345
1733320 1345
1733330 1346
1733340 1346
1733350 1347
1733360 1347
1733370 1348
1733380 1348
1733390 1347
1733400 1347
1733410 1347
1733420 1349
1733430 1349
1733440 1349
1733450 1349
1733460 1349
1733470 1349
1733480 1349
1733490 1349
1733500 1349
1733510 1349
1733520 1350
1733530 1350
1733540 1350
1733550 1349
1733560 1349
1733570 1348
1733580 1347
1733590 1347
1733600 1346
1733610 1346
1733620 1346
1733630 1344
1733640 1342
1733650 1342
1733660 1339
1733670 1338
1733680 1337
1733690 1337
1733700 1337
1733710 1338
1733720 1338
1733730 1338
1733740 1339
1733750 1339
1733760 1339
1733770 1339
1733780 1339
1733790 1338
1733800 1338
1733810 1338
1733820 1337
1733830 1337
1733840 1337
1733850 1336
1733860 1332
1733870 1332
1733880 1333
1733890 1334
1733900 1334
1733910 1332
1733920 1334
1733930 1334
1733940 1335
1733950 1333
1733960 1333
1733970 1333
1733980 1334
1733990 1334
1734000 1335
1734010 1336
1734020 1337
1734030 1337
1734040 1337
1734050 1338
1734060 1338
1734070 1340
1734080 1340
1734090 1340
1734100 1341
1734110 1343
1734120 1343
1734130 1344
1734140 1343
1734150 1343
1734160 1349
1734170 1350
1734180 1350
1734190 1351
1734200 1352
1734210 1352
1734220 1354
1734230 1356
1734240 1356
1734250 1357
1734260 1358
1734270 1358
1734280 1360
1734290 1361
1734300 1361
1734310 1362
1734320 1364
1734330 1364
1734340 1366
1734350 1368
1734360 1371
1734370 1371
1734380 1372
1734390 1375
1734400 1375
1734410 1377
1734420 1379
1734430 1379
1734440 1382
1734450 1383
1734460 1383
1734470 1386
1734480 1387
1734490 1387
1734500 1388
1734510 1389
1734520 1389
1734530 1390
1734540 1390
1734550 1390
1734560 1390
1734570 1391
1734580 1391
1734590 1391
1734600 1391
1734610 1391
1734620 1391
1734630 1390
1734640 1390
1734650 1390
1734660 1389
1734670 1389
1734680 1389
1734690 1389
1734700 1389
1734710 1389
1734720 1389
1734730 1389
1734740 1389
1734750 1389
1734760 1390
1734770 1390
1734780 1390
1734790 1390
1734800 1390
1734810 1390
1734820 1390
1734830 1390
1734840 1391
1734850 1391
1734860 1391
1734870 1391
1734880 1391
1734890 1391
1734900 1391
1734910 1392
1734920 1392
1734930 1393
1734940 1394
1734950 1394
1734960 1394
1734970 1395
1734980 1395
1734990 1395
1735000 1395
1735010 1394
1735020 1394
1735030 1394
1735040 1394
1735050 1394
1735060 1395
1735070 1396
1735080 1396
1735090 1396
1735100 1396
1735110 1396
1735120 1395
1735130 1396
1735140 1396
1735150 1396
1735160 1396
1735170 1396
1735180 1396
1735190 1395
1735200 1395
1735210 1395
1735220 1395
1735230 1395
1735240 1395
1735250 1395
1735260 1395
1735270 1395
1735280 1394
1735290 1394
1735300 1394
1735310 1394
1735320 1395
1735330 1395
1735340 1395
1735350 1396
1735360 1396
1735370 1396
1735380 1396
1735390 1396
1735400 1397
1735410 1397
1735420 1397
1735430 1397
1735440 1398
1735450 1398
1735460 1398
1735470 1399
1735480 1399
1735490 1400
1735500 1401
1735510 1401
1735520 1401
1735530 1402
1735540 1402
1735550 1403
1735560 1403
1735570 1403
1735580 1404
1735590 1404
1735600 1404
1735610 1405
1735620 1406
1735630 1406
1735640 1406
1735650 1407
1735660 1407
1735670 1407
1735680 1408
1735690 1408
1735700 1408
1735710 1408
1735720 1408
1735730 1408
1735740 1408
1735750 1408
1735760 1408
1735770 1408
1735780 1407
1735790 1407
1735800 1406
1735810 1405
1735820 1405
1735830 1404
1735840 1403
1735850 1403
1735860 1402
1735870 1400
1735880 1400
1735890 1399
1735900 1397
1735910 1397
1735920 1394
1735930 1393
1735940 1393
1735950 1390
1735960 1387
1735970 1387
1735980 1384
1735990 1381
1736000 1377
1736010 1377
1736020 1374
1736030 1369
1736040 1369
1736050 1366
1736060 1363
1736070 1363
1736080 1359
1736090 1355
1736100 1355
1736110 1351
1736120 1346
1736130 1346
1736140 1342
1736150 1339
1736160 1339
1736170 1335
1736180 1333
1736190 1333
1736200 1329
1736210 1327
1736220 1327
1736230 1325
1736240 1323
1736250 1323
1736260 1322
1736270 1321
1736280 1321
1736290 1320
1736300 1318
1736310 1315
1736320 1315
1736330 1312
1736340 1310
1736350 1310
1736360 1308
1736370 1306
1736380 1306
1736390 1304
1736400 1301
1736410 1301
1736420 1300
1736430 1297
1736440 1297
1736450 1295
1736460 1293
1736470 1293
1736480 1290
1736490 1287
1736500 1287
1736510 1284
1736520 1281
1736530 1281
1736540 1278
1736550 1274
1736560 1274
1736570 1271
1736580 1267
1736590 1267
1736600 1264
1736610 1262
1736620 1262
1736630 1258
1736640 1254
1736650 1250
1736660 1250
1736670 1246
1736680 1242
1736690 1242
1736700 1235
1736710 1231
1736720 1231
1736730 1227
1736740 1224
1736750 1224
1736760 1224
1736770 1223
1736780 1223
1736790 1223
1736800 1224
1736810 1224
1736820 1227
1736830 1227
1736840 1227
1736850 1227
1736860 1229
1736870 1229
1736880 1230
1736890 1231
1736900 1231
1736910 1232
1736920 1233
1736930 1233
1736940 1233
1736950 1231
1736960 1229
1736970 1229
1736980 1228
1736990 1229
1737000 1229
1737010 1230
1737020 1230
1737030 1230
1737040 1230
1737050 1230
1737060 1230
1737070 1230
1737080 1230
1737090 1230
1737100 1229
1737110 1228
1737120 1228
1737130 1226
1737140 1223
1737150 1223
1737160 1220
1737170 1217
1737180 1217
1737190 1213
1737200 1207
1737210 1207
1737220 1204
1737230 1201
1737240 1201
1737250 1196
1737260 1194
1737270 1194
1737280 1192
1737290 1190
1737300 1185
1737310 1185
1737320 1180
1737330 1174
1737340 1174
1737350 1170
1737360 1167
1737370 1167
1737380 1164
1737390 1162
1737400 1162
1737410 1160
1737420 1159
1737430 1159
1737440 1163
1737450 1167
1737460 1167
1737470 1170
1737480 1173
1737490 1173
1737500 1177
1737510 1179
1737520 1179
1737530 1179
1737540 1179
1737550 1179
1737560 1179
1737570 1178
1737580 1178
1737590 1179
1737600 1179
1737610 1179
1737620 1180
1737630 1180
1737640 1179
1737650 1179
1737660 1180
1737670 1179
1737680 1179
1737690 1176
1737700 1175
1737710 1175
1737720 1174
1737730 1174
1737740 1174
1737750 1175
1737760 1175
1737770 1175
1737780 1175
1737790 1174
1737800 1174
1737810 1173
1737820 1173
1737830 1173
1737840 1173
1737850 1174
1737860 1174
1737870 1174
1737880 1175
1737890 1175
1737900 1174
1737910 1174
1737920 1174
1737930 1173
1737940 1171
1737950 1169
1737960 1169
1737970 1166
1737980 1164
1737990 1164
1738000 1162
1738010 1159
1738020 1156
1738030 1153
1738040 1148
1738050 1148
1738060 1148
1738070 1151
1738080 1151
1738090 1152
1738100 1156
1738110 1156
1738120 1160
1738130 1164
1738140 1164
1738150 1168
1738160 1171
1738170 1171
1738180 1175
1738190 1178
1738200 1178
1738210 1180
1738220 1183
1738230 1183
1738240 1185
1738250 1187
1738260 1187
1738270 1190
1738280 1193
1738290 1193
1738300 1193
1738310 1197
1738320 1200
1738330 1200
1738340 1203
1738350 1206
1738360 1206
1738370 1208
1738380 1210
1738390 1210
1738400 1212
1738410 1213
1738420 1213
1738430 1215
1738440 1217
1738450 1217
1738460 1219
1738470 1220
1738480 1220
1738490 1221
1738500 1222
1738510 1222
1738520 1224
1738530 1225
1738540 1225
1738550 1226
1738560 1228
1738570 1228
1738580 1229
1738590 1230
1738600 1230
1738610 1230
1738620 1231
1738630 1232
1738640 1232
1738650 1232
1738660 1233
1738670 1233
1738680 1233
1738690 1232
1738700 1232
1738710 1232
1738720 1232
1738730 1232
1738740 1232
1738750 1231
1738760 1231
1738770 1231
1738780 1232
1738790 1232
1738800 1233
1738810 1234
1738820 1234
1738830 1234
1738840 1235
1738850 1235
1738860 1235
1738870 1236
1738880 1236
1738890 1236
1738900 1237
1738910 1237
1738920 1237
1738930 1237
1738940 1237
1738950 1237
1738960 1236
1738970 1235
1738980 1235
1738990 1233
1739000 1232
1739010 1232
1739020 1231
1739030 1228
1739040 1228
1739050 1226
1739060 1224
1739070 1224
1739080 1223
1739090 1223
1739100 1223
1739110 1223
1739120 1221
1739130 1221
1739140 1220
1739150 1221
1739160 1221
1739170 1221
1739180 1221
1739190 1221
1739200 1220
1739210 1220
1739220 1220
1739230 1219
1739240 1219
1739250 1219
1739260 1219
1739270 1220
1739280 1219
1739290 1219
1739300 1218
1739310 1215
1739320 1215
1739330 1215
1739340 1214
1739350 1214
1739360 1212
1739370 1211
1739380 1211
1739390 1209
1739400 1208
1739410 1208
1739420 1206
1739430 1203
1739440 1203
1739450 1201
1739460 1199
1739470 1199
1739480 1198
1739490 1195
1739500 1195
1739510 1192
1739520 1190
1739530 1190
1739540 1187
1739550 1185
1739560 1185
1739570 1183
1739580 1179
1739590 1176
1739600 1176
1739610 1174
1739620 1173
1739630 1173
1739640 1171
1739650 1169
1739660 1169
1739670 1166
1739680 1164
1739690 1164
1739700 1162
1739710 1160
1739720 1160
1739730 1157
1739740 1155
1739750 1155
1739760 1152
1739770 1150
1739780 1150
1739790 1146
1739800 1142
1739810 1142
1739820 1140
1739830 1143
1739840 1143
1739850 1145
1739860 1152
1739870 1150
1739880 1157
1739890 1161
1739900 1161
1739910 1163
1739920 1167
1739930 1170
1739940 1170
1739950 1174
1739960 1178
1739970 1178
1739980 1180
1739990 1182
