1720000 559
1720010 560
1720020 560
1720030 559
1720040 560
1720050 560
1720060 559
1720070 559
1720080 559
1720090 558
1720100 559
1720110 559
1720120 559
1720130 559
1720140 559
1720150 558
1720160 559
1720170 559
1720180 561
1720190 560
1720200 560
1720210 560
1720220 561
1720230 561
1720240 560
1720250 561
1720260 561
1720270 560
1720280 561
1720290 561
1720300 562
1720310 563
1720320 563
1720330 563
1720340 564
1720350 567
1720360 567
1720370 568
1720380 567
1720390 567
1720400 568
1720410 569
1720420 569
1720430 570
1720440 569
1720450 569
1720460 569
1720470 572
1720480 572
1720490 574
1720500 576
1720510 576
1720520 578
1720530 580
1720540 580
1720550 582
1720560 584
1720570 584
1720580 586
1720590 587
1720600 587
1720610 589
1720620 591
1720630 591
1720640 594
1720650 597
1720660 600
1720670 600
1720680 601
1720690 603
1720700 603
1720710 606
1720720 608
1720730 608
1720740 610
1720750 612
1720760 612
1720770 614
1720780 616
1720790 616
1720800 618
1720810 619
1720820 619
1720830 621
1720840 623
1720850 623
1720860 624
1720870 626
1720880 626
1720890 628
1720900 630
1720910 630
1720920 631
1720930 632
1720940 632
1720950 634
1720960 638
1720970 638
1720980 638
1720990 640
1721000 641
1721010 641
1721020 642
1721030 644
1721040 644
1721050 647
1721060 648
1721070 648
1721080 651
1721090 654
1721100 654
1721110 656
1721120 658
1721130 658
1721140 662
1721150 663
1721160 663
1721170 660
1721180 661
1721190 661
1721200 662
1721210 663
1721220 663
1721230 664
1721240 664
1721250 664
1721260 665
1721270 666
1721280 666
1721290 667
1721300 668
1721310 668
1721320 669
1721330 669
1721340 669
1721350 669
1721360 670
1721370 669
1721380 669
1721390 670
1721400 670
1721410 670
1721420 671
1721430 670
1721440 670
1721450 671
1721460 671
1721470 671
1721480 671
1721490 672
1721500 672
1721510 672
1721520 672
1721530 672
1721540 670
1721550 666
1721560 666
1721570 661
1721580 657
1721590 657
1721600 655
1721610 653
1721620 653
1721630 651
1721640 649
1721650 649
1721660 647
1721670 645
1721680 643
1721690 643
1721700 641
1721710 640
1721720 640
1721730 639
1721740 639
1721750 639
1721760 642
1721770 645
1721780 645
1721790 649
1721800 655
1721810 655
1721820 657
1721830 662
1721840 662
1721850 667
1721860 671
1721870 671
1721880 675
1721890 680
1721900 680
1721910 685
1721920 685
1721930 685
1721940 684
1721950 684
1721960 684
1721970 687
1721980 692
1721990 692
1722000 693
1722010 697
1722020 703
1722030 703
1722040 710
1722050 717
1722060 717
1722070 724
1722080 727
1722090 727
1722100 728
1722110 732
1722120 732
1722130 737
1722140 744
1722150 744
1722160 749
1722170 752
1722180 752
1722190 755
1722200 757
1722210 757
1722220 758
1722230 759
1722240 759
1722250 761
1722260 765
1722270 765
1722280 770
1722290 772
1722300 772
1722310 777
1722320 782
1722330 782
1722340 786
1722350 792
1722360 797
1722370 797
1722380 801
1722390 803
1722400 803
1722410 804
1722420 804
1722430 804
1722440 804
1722450 804
1722460 804
1722470 804
1722480 804
1722490 804
1722500 804
1722510 803
1722520 803
1722530 802
1722540 803
1722550 803
1722560 804
1722570 806
1722580 806
1722590 809
1722600 813
1722610 813
1722620 816
1722630 820
1722640 820
1722650 823
1722660 826
1722670 826
1722680 826
1722690 824
1722700 822
1722710 822
1722720 821
1722730 821
1722740 821
1722750 822
1722760 824
1722770 824
1722780 829
1722790 834
1722800 834
1722810 839
1722820 842
1722830 842
1722840 845
1722850 846
1722860 846
1722870 847
1722880 848
1722890 848
1722900 849
1722910 850
1722920 850
1722930 851
1722940 852
1722950 852
1722960 853
1722970 854
1722980 854
1722990 855
1723000 855
1723010 855
1723020 856
1723030 856
1723040 857
1723050 857
1723060 858
1723070 859
1723080 859
1723090 860
1723100 861
1723110 861
1723120 861
1723130 862
1723140 862
1723150 863
1723160 863
1723170 863
1723180 863
1723190 864
1723200 864
1723210 864
1723220 864
1723230 864
1723240 864
1723250 864
1723260 864
1723270 864
1723280 865
1723290 865
1723300 865
1723310 865
1723320 865
1723330 865
1723340 865
1723350 865
1723360 864
1723370 863
1723380 860
1723390 860
1723400 857
1723410 856
1723420 856
1723430 856
1723440 856
1723450 856
1723460 854
1723470 854
1723480 854
1723490 856
1723500 859
1723510 859
1723520 864
1723530 867
1723540 867
1723550 872
1723560 875
1723570 875
1723580 880
1723590 885
1723600 884
1723610 889
1723620 893
1723630 893
1723640 898
1723650 902
1723660 902
1723670 906
1723680 908
1723690 908
1723700 912
1723710 914
1723720 916
1723730 916
1723740 918
1723750 919
1723760 919
1723770 921
1723780 921
1723790 921
1723800 921
1723810 921
1723820 921
1723830 921
1723840 920
1723850 920
1723860 919
1723870 918
1723880 918
1723890 916
1723900 915
1723910 915
1723920 914
1723930 912
1723940 912
1723950 909
1723960 907
1723970 907
1723980 904
1723990 902
1724000 902
1724010 901
1724020 900
1724030 900
1724040 899
1724050 899
1724060 899
1724070 899
1724080 899
1724090 899
1724100 899
1724110 899
1724120 900
1724130 900
1724140 898
1724150 899
1724160 899
1724170 899
1724180 900
1724190 900
1724200 901
1724210 905
1724220 905
1724230 905
1724240 904
1724250 904
1724260 905
1724270 905
1724280 905
1724290 903
1724300 900
1724310 900
1724320 897
1724330 894
1724340 894
1724350 890
1724360 886
1724370 886
1724380 881
1724390 876
1724400 870
1724410 870
1724420 864
1724430 859
1724440 859
1724450 855
1724460 850
1724470 850
1724480 846
1724490 842
1724500 842
1724510 836
1724520 832
1724530 832
1724540 828
1724550 826
1724560 826
1724570 824
1724580 828
1724590 828
1724600 829
1724610 831
1724620 831
1724630 833
1724640 834
1724650 834
1724660 835
1724670 837
1724680 837
1724690 839
1724700 843
1724710 843
1724720 847
1724730 851
1724740 854
1724750 854
1724760 855
1724770 857
1724780 857
1724790 857
1724800 855
1724810 855
1724820 852
1724830 849
1724840 849
1724850 846
1724860 843
1724870 843
1724880 841
1724890 839
1724900 839
1724910 840
1724920 840
1724930 840
1724940 837
1724950 836
1724960 836
1724970 835
1724980 835
1724990 835
1725000 835
1725010 833
1725020 833
1725030 836
1725040 839
1725050 839
1725060 839
1725070 838
1725080 837
1725090 837
1725100 837
1725110 836
1725120 836
1725130 834
1725140 833
1725150 833
1725160 834
1725170 837
1725180 837
1725190 841
1725200 846
1725210 846
1725220 852
1725230 857
1725240 857
1725250 863
1725260 870
1725270 870
1725280 877
1725290 882
1725300 882
1725310 885
1725320 890
1725330 890
1725340 893
1725350 897
1725360 897
1725370 902
1725380 907
1725390 907
1725400 910
1725410 913
1725420 915
1725430 915
1725440 916
1725450 918
1725460 918
1725470 921
1725480 925
1725490 925
1725500 931
1725510 935
1725520 935
1725530 941
1725540 947
1725550 947
1725560 952
1725570 960
1725580 960
1725590 965
1725600 969
1725610 969
1725620 974
1725630 980
1725640 980
1725650 988
1725660 995
1725670 995
1725680 1001
1725690 1005
1725700 1005
1725710 1010
1725720 1014
1725730 1014
1725740 1015
1725750 1015
1725760 1015
1725770 1015
1725780 1016
1725790 1018
1725800 1018
1725810 1019
1725820 1016
1725830 1016
1725840 1013
1725850 1011
1725860 1011
1725870 1009
1725880 1006
1725890 1006
1725900 1005
1725910 1004
1725920 1004
1725930 998
1725940 995
1725950 995
1725960 993
1725970 990
1725980 990
1725990 986
1726000 982
1726010 982
1726020 977
1726030 975
1726040 975
1726050 973
1726060 972
1726070 972
1726080 973
1726090 973
1726100 973
1726110 973
1726120 971
1726130 968
1726140 968
1726150 966
1726160 963
1726170 963
1726180 964
1726190 964
1726200 964
1726210 965
1726220 967
1726230 967
1726240 966
1726250 967
1726260 967
1726270 969
1726280 970
1726290 970
1726300 971
1726310 972
1726320 972
1726330 973
1726340 974
1726350 974
1726360 975
1726370 975
1726380 975
1726390 975
1726400 976
1726410 976
1726420 976
1726430 975
1726440 975
1726450 975
1726460 971
1726470 967
1726480 967
1726490 967
1726500 971
1726510 971
1726520 977
1726530 981
1726540 981
1726550 986
1726560 990
1726570 990
1726580 995
1726590 1001
1726600 1001
1726610 1004
1726620 1008
1726630 1008
1726640 1011
1726650 1014
1726660 1014
1726670 1017
1726680 1019
1726690 1019
1726700 1022
1726710 1026
1726720 1026
1726730 1029
1726740 1032
1726750 1032
1726760 1034
1726770 1036
1726780 1039
1726790 1039
1726800 1041
1726810 1043
1726820 1043
1726830 1045
1726840 1049
1726850 1049
1726860 1055
1726870 1059
1726880 1059
1726890 1061
1726900 1058
1726910 1058
1726920 1054
1726930 1048
1726940 1048
1726950 1042
1726960 1035
1726970 1035
1726980 1030
1726990 1025
1727000 1025
1727010 1019
1727020 1013
1727030 1013
1727040 1008
1727050 1005
1727060 1005
1727070 1006
1727080 1011
1727090 1011
1727100 1016
1727110 1022
1727120 1026
1727130 1026
1727140 1033
1727150 1039
1727160 1039
1727170 1046
1727180 1051
1727190 1051
1727200 1057
1727210 1063
1727220 1063
1727230 1067
1727240 1069
1727250 1069
1727260 1071
1727270 1074
1727280 1074
1727290 1076
1727300 1078
1727310 1078
1727320 1081
1727330 1084
1727340 1084
1727350 1088
1727360 1091
1727370 1091
1727380 1095
1727390 1099
1727400 1099
1727410 1103
1727420 1107
1727430 1107
1727440 1110
1727450 1112
1727460 1115
1727470 1115
1727480 1118
1727490 1121
1727500 1121
1727510 1124
1727520 1126
1727530 1126
1727540 1129
1727550 1133
1727560 1133
1727570 1137
1727580 1139
1727590 1139
1727600 1140
1727610 1140
1727620 1140
1727630 1140
1727640 1139
1727650 1139
1727660 1137
1727670 1138
1727680 1138
1727690 1136
1727700 1135
1727710 1135
1727720 1134
1727730 1132
1727740 1132
1727750 1129
1727760 1127
1727770 1127
1727780 1125
1727790 1123
1727800 1121
1727810 1121
1727820 1118
1727830 1118
1727840 1118
1727850 1120
1727860 1121
1727870 1121
1727880 1123
1727890 1124
1727900 1124
1727910 1126
1727920 1124
1727930 1124
1727940 1120
1727950 1118
1727960 1118
1727970 1116
1727980 1116
1727990 1116
1728000 1116
1728010 1116
1728020 1116
1728030 1116
1728040 1115
1728050 1115
1728060 1115
1728070 1114
1728080 1114
1728090 1113
1728100 1113
1728110 1113
1728120 1112
1728130 1112
1728140 1111
1728150 1111
1728160 1105
1728170 1104
1728180 1104
1728190 1102
1728200 1100
1728210 1100
1728220 1099
1728230 1097
1728240 1097
1728250 1094
1728260 1092
1728270 1092
1728280 1089
1728290 1086
1728300 1086
1728310 1082
1728320 1083
1728330 1083
1728340 1089
1728350 1096
1728360 1096
1728370 1104
1728380 1111
1728390 1111
1728400 1117
1728410 1123
1728420 1123
1728430 1130
1728440 1137
1728450 1137
1728460 1144
1728470 1146
1728480 1148
1728490 1148
1728500 1153
1728510 1159
1728520 1159
1728530 1167
1728540 1175
1728550 1175
1728560 1181
1728570 1186
1728580 1186
1728590 1190
1728600 1194
1728610 1194
1728620 1198
1728630 1203
1728640 1203
1728650 1207
1728660 1210
1728670 1210
1728680 1214
1728690 1216
1728700 1216
1728710 1218
1728720 1220
1728730 1220
1728740 1222
1728750 1223
1728760 1223
1728770 1223
1728780 1224
1728790 1224
1728800 1224
1728810 1223
1728820 1222
1728830 1222
1728840 1222
1728850 1221
1728860 1221
1728870 1221
1728880 1221
1728890 1221
1728900 1221
1728910 1221
1728920 1221
1728930 1220
1728940 1220
1728950 1220
1728960 1220
1728970 1220
1728980 1220
1728990 1219
1729000 1219
1729010 1219
1729020 1218
1729030 1218
1729040 1218
1729050 1217
1729060 1217
1729070 1217
1729080 1216
1729090 1216
1729100 1216
1729110 1216
1729120 1215
1729130 1215
1729140 1213
1729150 1208
1729160 1203
1729170 1203
1729180 1197
1729190 1191
1729200 1191
1729210 1185
1729220 1179
1729230 1179
1729240 1174
1729250 1170
1729260 1170
1729270 1163
1729280 1158
1729290 1158
1729300 1159
1729310 1162
1729320 1162
1729330 1166
1729340 1168
1729350 1168
1729360 1171
1729370 1175
1729380 1175
1729390 1178
1729400 1181
1729410 1181
1729420 1184
1729430 1188
1729440 1188
1729450 1192
1729460 1195
1729470 1195
1729480 1199
1729490 1203
1729500 1206
1729510 1206
1729520 1210
1729530 1214
1729540 1214
1729550 1217
1729560 1221
1729570 1221
1729580 1224
1729590 1226
1729600 1226
1729610 1229
1729620 1231
1729630 1231
1729640 1233
1729650 1234
1729660 1234
1729670 1235
1729680 1236
1729690 1236
1729700 1236
1729710 1236
1729720 1236
1729730 1236
1729740 1236
1729750 1236
1729760 1235
1729770 1235
1729780 1235
1729790 1236
1729800 1237
1729810 1237
1729820 1237
1729830 1238
1729840 1238
1729850 1238
1729860 1239
1729870 1240
1729880 1240
1729890 1241
1729900 1242
1729910 1242
1729920 1242
1729930 1243
1729940 1243
1729950 1243
1729960 1244
1729970 1244
1729980 1243
1729990 1243
1730000 1243
1730010 1242
1730020 1241
1730030 1241
1730040 1240
1730050 1238
1730060 1238
1730070 1236
1730080 1234
1730090 1234
1730100 1231
1730110 1229
1730120 1229
1730130 1227
1730140 1225
1730150 1225
1730160 1222
1730170 1219
1730180 1217
1730190 1217
1730200 1213
1730210 1208
1730220 1208
1730230 1202
1730240 1196
1730250 1196
1730260 1192
1730270 1184
1730280 1184
1730290 1179
1730300 1174
1730310 1179
1730320 1175
1730330 1170
1730340 1170
1730350 1166
1730360 1162
1730370 1162
1730380 1157
1730390 1151
1730400 1151
1730410 1145
1730420 1139
1730430 1139
1730440 1133
1730450 1127
1730460 1127
1730470 1122
1730480 1116
1730490 1116
1730500 1111
1730510 1107
1730520 1103
1730530 1103
1730540 1097
1730550 1094
1730560 1094
1730570 1090
1730580 1084
1730590 1084
1730600 1080
1730610 1076
1730620 1076
1730630 1072
1730640 1069
1730650 1069
1730660 1064
1730670 1059
1730680 1059
1730690 1057
1730700 1055
1730710 1055
1730720 1056
1730730 1055
1730740 1055
1730750 1053
1730760 1049
1730770 1049
1730780 1046
1730790 1047
1730800 1047
1730810 1048
1730820 1047
1730830 1047
1730840 1045
1730850 1042
1730860 1042
1730870 1042
1730880 1042
1730890 1042
1730900 1042
1730910 1042
1730920 1042
1730930 1042
1730940 1043
1730950 1044
1730960 1044
1730970 1045
1730980 1046
1730990 1046
1731000 1047
1731010 1047
1731020 1047
1731030 1046
1731040 1045
1731050 1045
1731060 1045
1731070 1044
1731080 1044
1731090 1043
1731100 1044
1731110 1044
1731120 1044
1731130 1044
1731140 1044
1731150 1046
1731160 1049
1731170 1049
1731180 1048
1731190 1051
1731200 1051
1731210 1051
1731220 1052
1731230 1052
1731240 1052
1731250 1051
1731260 1050
1731270 1050
1731280 1051
1731290 1050
1731300 1050
1731310 1050
1731320 1051
1731330 1051
1731340 1050
1731350 1049
1731360 1049
1731370 1048
1731380 1049
1731390 1049
1731400 1047
1731410 1045
1731420 1045
1731430 1044
1731440 1042
1731450 1042
1731460 1039
1731470 1037
1731480 1037
1731490 1034
1731500 1031
1731510 1031
1731520 1029
1731530 1026
1731540 1022
1731550 1022
1731560 1018
1731570 1014
1731580 1014
1731590 1012
1731600 1009
1731610 1009
1731620 1006
1731630 1004
1731640 1004
1731650 1000
1731660 997
1731670 997
1731680 994
1731690 991
1731700 991
1731710 986
1731720 983
1731730 983
1731740 980
1731750 977
1731760 977
1731770 973
1731780 970
1731790 970
1731800 967
1731810 963
1731820 963
1731830 959
1731840 955
1731850 955
1731860 949
1731870 943
1731880 939
1731890 939
1731900 935
1731910 930
1731920 930
1731930 927
1731940 924
1731950 924
1731960 925
1731970 931
1731980 931
1731990 937
1732000 944
1732010 944
1732020 950
1732030 955
1732040 955
1732050 959
1732060 963
1732070 963
1732080 967
1732090 971
1732100 971
1732110 975
1732120 977
1732130 977
1732140 980
1732150 981
1732160 981
1732170 985
1732180 987
1732190 987
1732200 988
1732210 988
1732220 986
1732230 986
1732240 982
1732250 979
1732260 979
1732270 975
1732280 972
1732290 972
1732300 969
1732310 965
1732320 965
1732330 959
1732340 953
1732350 953
1732360 947
1732370 941
1732380 941
1732390 931
1732400 923
1732410 923
1732420 917
1732430 911
1732440 911
1732450 902
1732460 895
1732470 895
1732480 888
1732490 884
1732500 884
1732510 887
1732520 892
1732530 892
1732540 894
1732550 899
1732560 905
1732570 905
1732580 910
1732590 916
1732600 916
1732610 921
1732620 928
1732630 928
1732640 935
1732650 940
1732660 940
1732670 946
1732680 952
1732690 952
1732700 957
1732710 962
1732720 962
1732730 966
1732740 972
1732750 972
1732760 975
1732770 980
1732780 980
1732790 986
1732800 989
1732810 989
1732820 993
1732830 998
1732840 998
1732850 1002
1732860 1007
1732870 1007
1732880 1011
1732890 1016
1732900 1020
1732910 1020
1732920 1022
1732930 1024
1732940 1024
1732950 1023
1732960 1022
1732970 1022
1732980 1022
1732990 1021
1733000 1021
1733010 1021
1733020 1020
1733030 1020
1733040 1020
1733050 1018
1733060 1018
1733070 1017
1733080 1015
1733090 1015
1733100 1013
1733110 1011
1733120 1011
1733130 1008
1733140 1007
1733150 1007
1733160 1004
1733170 1001
1733180 1001
1733190 998
1733200 999
1733210 999
1733220 999
1733230 998
1733240 999
1733250 999
1733260 1000
1733270 1001
1733280 1001
1733290 1003
1733300 1004
1733310 1004
1733320 1006
1733330 1008
1733340 1008
1733350 1012
1733360 1016
1733370 1016
1733380 1021
1733390 1026
1733400 1026
1733410 1033
1733420 1039
1733430 1039
1733440 1046
1733450 1052
1733460 1052
1733470 1057
1733480 1062
1733490 1062
1733500 1067
1733510 1072
1733520 1072
1733530 1077
1733540 1083
1733550 1083
1733560 1087
1733570 1093
1733580 1096
1733590 1096
1733600 1101
1733610 1106
1733620 1106
1733630 1110
1733640 1115
1733650 1115
1733660 1119
1733670 1123
1733680 1123
1733690 1129
1733700 1135
1733710 1135
1733720 1140
1733730 1144
1733740 1144
1733750 1147
1733760 1149
1733770 1149
1733780 1152
1733790 1155
1733800 1155
1733810 1158
1733820 1161
1733830 1161
1733840 1164
1733850 1166
1733860 1166
1733870 1167
1733880 1168
1733890 1168
1733900 1170
1733910 1171
1733920 1173
1733930 1173
1733940 1175
1733950 1175
1733960 1175
1733970 1176
1733980 1178
1733990 1178
1734000 1179
1734010 1180
1734020 1180
1734030 1181
1734040 1183
1734050 1183
1734060 1184
1734070 1185
1734080 1185
1734090 1185
1734100 1186
1734110 1186
1734120 1189
1734130 1193
1734140 1193
1734150 1196
1734160 1200
1734170 1200
1734180 1203
1734190 1206
1734200 1206
1734210 1209
1734220 1211
1734230 1211
1734240 1213
1734250 1215
1734260 1217
1734270 1217
1734280 1219
1734290 1220
1734300 1220
1734310 1220
1734320 1221
1734330 1221
1734340 1221
1734350 1221
1734360 1221
1734370 1220
1734380 1219
1734390 1219
1734400 1216
1734410 1214
1734420 1214
1734430 1210
1734440 1205
1734450 1205
1734460 1200
1734470 1194
1734480 1194
1734490 1189
1734500 1183
1734510 1183
1734520 1178
1734530 1171
1734540 1171
1734550 1164
1734560 1158
1734570 1158
1734580 1151
1734590 1145
1734600 1139
1734610 1139
1734620 1134
1734630 1128
1734640 1128
1734650 1123
1734660 1118
1734670 1118
1734680 1113
1734690 1107
1734700 1107
1734710 1102
1734720 1096
1734730 1096
1734740 1090
1734750 1085
1734760 1085
1734770 1080
1734780 1077
1734790 1077
1734800 1074
1734810 1072
1734820 1072
1734830 1069
1734840 1067
1734850 1067
1734860 1064
1734870 1061
1734880 1061
1734890 1057
1734900 1053
1734910 1053
1734920 1048
1734930 1048
1734940 1053
1734950 1053
1734960 1059
1734970 1065
1734980 1065
1734990 1071
1735000 1076
1735010 1076
1735020 1081
1735030 1085
1735040 1085
1735050 1090
1735060 1095
1735070 1095
1735080 1100
1735090 1105
1735100 1105
1735110 1110
1735120 1113
1735130 1113
1735140 1116
1735150 1118
1735160 1118
1735170 1121
1735180 1123
1735190 1123
1735200 1126
1735210 1129
1735220 1129
1735230 1131
1735240 1133
1735250 1133
1735260 1133
1735270 1134
1735280 1134
1735290 1134
1735300 1132
1735310 1130
1735320 1130
1735330 1128
1735340 1127
1735350 1127
1735360 1125
1735370 1123
1735380 1123
1735390 1120
1735400 1117
1735410 1117
1735420 1114
1735430 1113
1735440 1113
1735450 1114
1735460 1116
1735470 1116
1735480 1117
1735490 1117
1735500 1117
1735510 1118
1735520 1117
1735530 1117
1735540 1113
1735550 1110
1735560 1110
1735570 1108
1735580 1105
1735590 1105
1735600 1103
1735610 1102
1735620 1099
1735630 1099
1735640 1096
1735650 1094
1735660 1094
1735670 1093
1735680 1093
1735690 1093
1735700 1093
1735710 1095
1735720 1095
1735730 1097
1735740 1100
1735750 1100
1735760 1103
1735770 1108
1735780 1108
1735790 1113
1735800 1117
1735810 1117
1735820 1121
1735830 1126
1735840 1126
1735850 1128
1735860 1130
1735870 1130
1735880 1132
1735890 1134
1735900 1134
1735910 1135
1735920 1136
1735930 1136
1735940 1138
1735950 1140
1735960 1142
1735970 1142
1735980 1143
1735990 1144
1736000 1144
1736010 1144
1736020 1144
1736030 1144
1736040 1142
1736050 1139
1736060 1139
1736070 1136
1736080 1134
1736090 1134
1736100 1131
1736110 1128
1736120 1128
1736130 1126
1736140 1123
1736150 1123
1736160 1120
1736170 1117
1736180 1117
1736190 1115
1736200 1113
1736210 1113
1736220 1110
1736230 1108
1736240 1108
1736250 1105
1736260 1103
1736270 1103
1736280 1100
1736290 1095
1736300 1094
1736310 1094
1736320 1096
1736330 1097
1736340 1097
1736350 1097
1736360 1098
1736370 1098
1736380 1097
1736390 1096
1736400 1096
1736410 1093
1736420 1089
1736430 1089
1736440 1086
1736450 1086
1736460 1086
1736470 1086
1736480 1087
1736490 1087
1736500 1087
1736510 1085
1736520 1085
1736530 1084
1736540 1085
1736550 1085
1736560 1088
1736570 1092
1736580 1092
1736590 1095
1736600 1099
1736610 1099
1736620 1103
1736630 1107
1736640 1110
1736650 1110
1736660 1114
1736670 1117
1736680 1117
1736690 1121
1736700 1125
1736710 1125
1736720 1128
1736730 1132
1736740 1132
1736750 1135
1736760 1138
1736770 1138
1736780 1141
1736790 1144
1736800 1144
1736810 1147
1736820 1150
1736830 1150
1736840 1153
1736850 1156
1736860 1156
1736870 1158
1736880 1160
1736890 1160
1736900 1162
1736910 1164
1736920 1164
1736930 1165
1736940 1166
1736950 1166
1736960 1167
1736970 1167
1736980 1168
1736990 1168
1737000 1168
1737010 1168
1737020 1168
1737030 1169
1737040 1169
1737050 1169
1737060 1169
1737070 1169
1737080 1169
1737090 1169
1737100 1169
1737110 1169
1737120 1170
1737130 1169
1737140 1169
1737150 1169
1737160 1169
1737170 1169
1737180 1169
1737190 1168
1737200 1168
1737210 1168
1737220 1168
1737230 1168
1737240 1167
1737250 1167
1737260 1167
1737270 1167
1737280 1167
1737290 1167
1737300 1167
1737310 1167
1737320 1167
1737330 1167
1737340 1167
1737350 1167
1737360 1167
1737370 1168
1737380 1168
1737390 1168
1737400 1168
1737410 1169
1737420 1169
1737430 1169
1737440 1169
1737450 1169
1737460 1170
1737470 1170
1737480 1170
1737490 1171
1737500 1171
1737510 1171
1737520 1171
1737530 1171
1737540 1171
1737550 1172
1737560 1172
1737570 1172
1737580 1173
1737590 1173
1737600 1173
1737610 1174
1737620 1174
1737630 1174
1737640 1175
1737650 1176
1737660 1177
1737670 1177
1737680 1178
1737690 1179
1737700 1179
1737710 1180
1737720 1181
1737730 1181
1737740 1181
1737750 1182
1737760 1182
1737770 1183
1737780 1183
1737790 1183
1737800 1183
1737810 1183
1737820 1183
1737830 1182
1737840 1182
1737850 1182
1737860 1181
1737870 1180
1737880 1180
1737890 1180
1737900 1180
1737910 1180
1737920 1179
1737930 1178
1737940 1178
1737950 1177
1737960 1177
1737970 1177
1737980 1176
1737990 1175
1738000 1174
1738010 1174
1738020 1173
1738030 1172
1738040 1172
1738050 1171
1738060 1171
1738070 1171
1738080 1170
1738090 1170
1738100 1170
1738110 1169
1738120 1168
1738130 1168
1738140 1167
1738150 1166
1738160 1166
1738170 1166
1738180 1166
1738190 1166
1738200 1165
1738210 1164
1738220 1164
1738230 1163
1738240 1162
1738250 1162
1738260 1162
1738270 1161
1738280 1161
1738290 1160
1738300 1160
1738310 1160
1738320 1159
1738330 1159
1738340 1158
1738350 1158
1738360 1158
1738370 1157
1738380 1157
1738390 1157
1738400 1157
1738410 1157
1738420 1157
1738430 1156
1738440 1156
1738450 1156
1738460 1156
1738470 1156
1738480 1156
1738490 1156
1738500 1156
1738510 1156
1738520 1155
1738530 1155
1738540 1155
1738550 1155
1738560 1155
1738570 1155
1738580 1155
1738590 1155
1738600 1155
1738610 1154
1738620 1154
1738630 1154
1738640 1154
1738650 1154
1738660 1154
1738670 1154
1738680 1154
1738690 1154
1738700 1154
1738710 1155
1738720 1155
1738730 1155
1738740 1155
1738750 1155
1738760 1155
1738770 1154
1738780 1154
1738790 1154
1738800 1154
1738810 1154
1738820 1154
1738830 1154
1738840 1154
1738850 1154
1738860 1153
1738870 1153
1738880 1153
1738890 1153
1738900 1153
1738910 1153
1738920 1152
1738930 1152
1738940 1152
1738950 1151
1738960 1151
1738970 1151
1738980 1150
1738990 1150
1739000 1150
1739010 1149
1739020 1148
1739030 1148
1739040 1148
1739050 1148
1739060 1148
1739070 1147
1739080 1147
1739090 1147
1739100 1147
1739110 1146
1739120 1146
1739130 1146
1739140 1145
1739150 1145
1739160 1145
1739170 1144
1739180 1144
1739190 1143
1739200 1143
1739210 1143
1739220 1142
1739230 1141
1739240 1141
1739250 1139
1739260 1138
1739270 1138
1739280 1137
1739290 1136
1739300 1136
1739310 1135
1739320 1135
1739330 1135
1739340 1134
1739350 1133
1739360 1132
1739370 1132
1739380 1131
1739390 1131
1739400 1131
1739410 1128
1739420 1125
1739430 1125
1739440 1121
1739450 1117
1739460 1117
1739470 1115
1739480 1111
1739490 1111
1739500 1109
1739510 1105
1739520 1105
1739530 1101
1739540 1097
1739550 1097
1739560 1093
1739570 1089
1739580 1089
1739590 1082
1739600 1076
1739610 1076
1739620 1071
1739630 1067
1739640 1067
1739650 1063
1739660 1058
1739670 1058
1739680 1056
1739690 1054
1739700 1053
1739710 1053
1739720 1052
1739730 1050
1739740 1050
1739750 1048
1739760 1047
1739770 1047
1739780 1042
1739790 1039
1739800 1039
1739810 1035
1739820 1031
1739830 1031
1739840 1027
1739850 1023
1739860 1023
1739870 1020
1739880 1016
1739890 1016
1739900 1015
1739910 1012
1739920 1012
1739930 1009
1739940 1006
1739950 1006
1739960 1004
1739970 1000
1739980 1000
1739990 998
