1720000 846
1720010 846
1720020 839
1720030 829
1720040 829
1720050 820
1720060 813
1720070 813
1720080 806
1720090 799
1720100 799
1720110 793
1720120 786
1720130 786
1720140 780
1720150 774
1720160 768
1720170 768
1720180 762
1720190 757
1720200 757
1720210 751
1720220 745
1720230 745
1720240 739
1720250 732
1720260 732
1720270 726
1720280 719
1720290 719
1720300 712
1720310 706
1720320 706
1720330 698
1720340 691
1720350 691
1720360 684
1720370 676
1720380 676
1720390 668
1720400 667
1720410 667
1720420 670
1720430 670
1720440 670
1720450 668
1720460 670
1720470 670
1720480 674
1720490 679
1720500 684
1720510 684
1720520 690
1720530 696
1720540 696
1720550 702
1720560 707
1720570 707
1720580 713
1720590 720
1720600 720
1720610 723
1720620 726
1720630 726
1720640 731
1720650 737
1720660 737
1720670 741
1720680 747
1720690 747
1720700 752
1720710 758
1720720 758
1720730 762
1720740 768
1720750 768
1720760 773
1720770 777
1720780 777
1720790 781
1720800 785
1720810 785
1720820 789
1720830 790
1720840 790
1720850 791
1720860 785
1720870 783
1720880 783
1720890 780
1720900 777
1720910 777
1720920 775
1720930 772
1720940 772
1720950 767
1720960 760
1720970 760
1720980 756
1720990 751
1721000 751
1721010 747
1721020 744
1721030 744
1721040 739
1721050 733
1721060 733
1721070 728
1721080 723
1721090 723
1721100 719
1721110 718
1721120 718
1721130 713
1721140 706
1721150 706
1721160 699
1721170 692
1721180 692
1721190 685
1721200 677
1721210 671
1721220 671
1721230 665
1721240 660
1721250 660
1721260 653
1721270 645
1721280 645
1721290 638
1721300 631
1721310 631
1721320 625
1721330 621
1721340 621
1721350 613
1721360 607
1721370 607
1721380 600
1721390 593
1721400 593
1721410 586
1721420 579
1721430 579
1721440 574
1721450 574
1721460 574
1721470 570
1721480 570
1721490 570
1721500 570
1721510 571
1721520 571
1721530 571
1721540 571
1721550 572
1721560 572
1721570 572
1721580 573
1721590 573
1721600 572
1721610 572
1721620 572
1721630 572
1721640 573
1721650 573
1721660 573
1721670 573
1721680 573
1721690 574
1721700 574
1721710 574
1721720 573
1721730 573
1721740 573
1721750 575
1721760 579
1721770 579
1721780 579
1721790 578
1721800 578
1721810 580
1721820 585
1721830 585
1721840 590
1721850 593
1721860 593
1721870 595
1721880 596
1721890 597
1721900 597
1721910 598
1721920 599
1721930 599
1721940 602
1721950 605
1721960 605
1721970 607
1721980 609
1721990 609
1722000 610
1722010 608
1722020 608
1722030 607
1722040 606
1722050 606
1722060 606
1722070 606
1722080 606
1722090 606
1722100 606
1722110 606
1722120 606
1722130 607
1722140 607
1722150 608
1722160 610
1722170 610
1722180 612
1722190 613
1722200 613
1722210 611
1722220 609
1722230 609
1722240 610
1722250 610
1722260 611
1722270 611
1722280 611
1722290 613
1722300 613
1722310 617
1722320 620
1722330 620
1722340 622
1722350 624
1722360 624
1722370 627
1722380 630
1722390 630
1722400 632
1722410 633
1722420 633
1722430 632
1722440 630
1722450 630
1722460 632
1722470 635
1722480 635
1722490 639
1722500 642
1722510 642
1722520 645
1722530 647
1722540 647
1722550 649
1722560 650
1722570 650
1722580 650
1722590 650
1722600 649
1722610 649
1722620 648
1722630 645
1722640 645
1722650 642
1722660 641
1722670 641
1722680 639
1722690 637
1722700 637
1722710 637
1722720 636
1722730 636
1722740 635
1722750 635
1722760 635
1722770 635
1722780 636
1722790 636
1722800 637
1722810 638
1722820 638
1722830 638
1722840 638
1722850 638
1722860 639
1722870 640
1722880 640
1722890 641
1722900 642
1722910 642
1722920 642
1722930 641
1722940 641
1722950 641
1722960 641
1722970 640
1722980 640
1722990 640
1723000 640
1723010 640
1723020 640
1723030 640
1723040 640
1723050 640
1723060 640
1723070 640
1723080 639
1723090 637
1723100 637
1723110 635
1723120 634
1723130 634
1723140 632
1723150 630
1723160 630
1723170 628
1723180 625
1723190 625
1723200 622
1723210 619
1723220 619
1723230 618
1723240 616
1723250 616
1723260 615
1723270 613
1723280 613
1723290 608
1723300 611
1723310 611
1723320 611
1723330 610
1723340 609
1723350 609
1723360 608
1723370 606
1723380 606
1723390 604
1723400 599
1723410 599
1723420 596
1723430 592
1723440 592
1723450 596
1723460 597
1723470 597
1723480 596
1723490 593
1723500 593
1723510 592
1723520 592
1723530 592
1723540 591
1723550 592
1723560 592
1723570 591
1723580 592
1723590 592
1723600 593
1723610 597
1723620 597
1723630 602
1723640 604
1723650 603
1723660 603
1723670 602
1723680 602
1723690 602
1723700 602
1723710 602
1723720 602
1723730 602
1723740 602
1723750 601
1723760 602
1723770 601
1723780 601
1723790 601
1723800 599
1723810 599
1723820 597
1723830 596
1723840 596
1723850 595
1723860 594
1723870 594
1723880 592
1723890 591
1723900 591
1723910 590
1723920 589
1723930 589
1723940 589
1723950 589
1723960 589
1723970 589
1723980 590
1723990 590
1724000 590
1724010 589
1724020 588
1724030 588
1724040 589
1724050 589
1724060 589
1724070 589
1724080 589
1724090 589
1724100 590
1724110 590
1724120 590
1724130 590
1724140 590
1724150 590
1724160 590
1724170 590
1724180 590
1724190 590
1724200 591
1724210 591
1724220 590
1724230 590
1724240 590
1724250 591
1724260 591
1724270 591
1724280 590
1724290 590
1724300 590
1724310 590
1724320 590
1724330 589
1724340 589
1724350 590
1724360 589
1724370 589
1724380 590
1724390 590
1724400 590
1724410 590
1724420 590
1724430 590
1724440 590
1724450 589
1724460 589
1724470 587
1724480 585
1724490 585
1724500 584
1724510 584
1724520 584
1724530 583
1724540 582
1724550 582
1724560 581
1724570 581
1724580 581
1724590 581
1724600 581
1724610 581
1724620 581
1724630 581
1724640 581
1724650 582
1724660 582
1724670 582
1724680 582
1724690 582
1724700 582
1724710 582
1724720 582
1724730 582
1724740 582
1724750 582
1724760 582
1724770 582
1724780 582
1724790 582
1724800 582
1724810 582
1724820 582
1724830 582
1724840 582
1724850 583
1724860 583
1724870 584
1724880 584
1724890 584
1724900 585
1724910 586
1724920 586
1724930 586
1724940 587
1724950 587
1724960 589
1724970 590
1724980 590
1724990 588
1725000 587
1725010 587
1725020 587
1725030 587
1725040 587
1725050 587
1725060 586
1725070 586
1725080 586
1725090 586
1725100 586
1725110 586
1725120 586
1725130 586
1725140 586
1725150 587
1725160 586
1725170 586
1725180 587
1725190 588
1725200 588
1725210 588
1725220 589
1725230 589
1725240 590
1725250 591
1725260 591
1725270 591
1725280 592
1725290 592
1725300 593
1725310 595
1725320 595
1725330 598
1725340 602
1725350 602
1725360 606
1725370 604
1725380 604
1725390 604
1725400 603
1725410 603
1725420 603
1725430 601
1725440 599
1725450 599
1725460 599
1725470 598
1725480 598
1725490 598
1725500 599
1725510 599
1725520 599
1725530 601
1725540 601
1725550 601
1725560 602
1725570 602
1725580 604
1725590 604
1725600 604
1725610 604
1725620 604
1725630 604
1725640 602
1725650 600
1725660 600
1725670 600
1725680 600
1725690 600
1725700 599
1725710 599
1725720 599
1725730 599
1725740 599
1725750 599
1725760 599
1725770 600
1725780 602
1725790 602
1725800 605
1725810 607
1725820 607
1725830 609
1725840 612
1725850 612
1725860 615
1725870 617
1725880 617
1725890 620
1725900 623
1725910 623
1725920 625
1725930 628
1725940 628
1725950 631
1725960 632
1725970 632
1725980 634
1725990 636
1726000 636
1726010 637
1726020 639
1726030 639
1726040 640
1726050 642
1726060 642
1726070 642
1726080 643
1726090 643
1726100 643
1726110 645
1726120 644
1726130 644
1726140 644
1726150 643
1726160 643
1726170 642
1726180 642
1726190 642
1726200 641
1726210 640
1726220 640
1726230 640
1726240 639
1726250 639
1726260 639
1726270 638
1726280 638
1726290 638
1726300 637
1726310 637
1726320 636
1726330 635
1726340 635
1726350 632
1726360 631
1726370 631
1726380 631
1726390 629
1726400 629
1726410 630
1726420 631
1726430 632
1726440 632
1726450 636
1726460 637
1726470 637
1726480 639
1726490 641
1726500 641
1726510 643
1726520 648
1726530 648
1726540 649
1726550 649
1726560 649
1726570 649
1726580 652
1726590 652
1726600 653
1726610 655
1726620 655
1726630 657
1726640 659
1726650 659
1726660 662
1726670 664
1726680 664
1726690 667
1726700 669
1726710 669
1726720 670
1726730 674
1726740 674
1726750 675
1726760 678
1726770 681
1726780 681
1726790 683
1726800 685
1726810 685
1726820 687
1726830 690
1726840 690
1726850 691
1726860 692
1726870 692
1726880 694
1726890 696
1726900 696
1726910 698
1726920 699
1726930 699
1726940 700
1726950 700
1726960 700
1726970 700
1726980 701
1726990 701
1727000 702
1727010 703
1727020 703
1727030 704
1727040 704
1727050 704
1727060 706
1727070 707
1727080 707
1727090 708
1727100 709
1727110 709
1727120 709
1727130 709
1727140 709
1727150 709
1727160 709
1727170 708
1727180 708
1727190 708
1727200 708
1727210 708
1727220 707
1727230 708
1727240 708
1727250 706
1727260 705
1727270 705
1727280 702
1727290 701
1727300 701
1727310 702
1727320 701
1727330 701
1727340 700
1727350 699
1727360 699
1727370 698
1727380 697
1727390 697
1727400 696
1727410 695
1727420 695
1727430 692
1727440 686
1727450 686
1727460 683
1727470 680
1727480 681
1727490 681
1727500 683
1727510 685
1727520 685
1727530 687
1727540 689
1727550 689
1727560 692
1727570 693
1727580 693
1727590 695
1727600 697
1727610 697
1727620 699
1727630 700
1727640 700
1727650 700
1727660 703
1727670 703
1727680 705
1727690 707
1727700 707
1727710 709
1727720 711
1727730 711
1727740 713
1727750 716
1727760 716
1727770 718
1727780 720
1727790 720
1727800 722
1727810 725
1727820 727
1727830 727
1727840 730
1727850 734
1727860 734
1727870 736
1727880 738
1727890 738
1727900 740
1727910 742
1727920 742
1727930 744
1727940 747
1727950 747
1727960 750
1727970 751
1727980 751
1727990 753
1728000 756
1728010 756
1728020 758
1728030 761
1728040 761
1728050 763
1728060 766
1728070 766
1728080 769
1728090 771
1728100 771
1728110 775
1728120 776
1728130 776
1728140 779
1728150 781
1728160 784
1728170 784
1728180 787
1728190 790
1728200 790
1728210 792
1728220 795
1728230 795
1728240 798
1728250 801
1728260 801
1728270 802
1728280 803
1728290 803
1728300 802
1728310 802
1728320 802
1728330 803
1728340 804
1728350 804
1728360 805
1728370 805
1728380 805
1728390 806
1728400 806
1728410 806
1728420 807
1728430 807
1728440 807
1728450 808
1728460 809
1728470 809
1728480 810
1728490 810
1728500 810
1728510 811
1728520 812
1728530 813
1728540 813
1728550 814
1728560 815
1728570 815
1728580 815
1728590 815
1728600 815
1728610 815
1728620 815
1728630 815
1728640 815
1728650 814
1728660 814
1728670 814
1728680 813
1728690 813
1728700 811
1728710 809
1728720 809
1728730 806
1728740 804
1728750 804
1728760 802
1728770 801
1728780 801
1728790 798
1728800 793
1728810 793
1728820 787
1728830 782
1728840 782
1728850 778
1728860 776
1728870 774
1728880 774
1728890 771
1728900 768
1728910 768
1728920 764
1728930 759
1728940 759
1728950 754
1728960 750
1728970 750
1728980 748
1728990 748
1729000 748
1729010 747
1729020 748
1729030 748
1729040 749
1729050 750
1729060 750
1729070 752
1729080 753
1729090 753
1729100 754
1729110 755
1729120 755
1729130 756
1729140 757
1729150 757
1729160 760
1729170 764
1729180 764
1729190 769
1729200 771
1729210 772
1729220 772
1729230 776
1729240 780
1729250 780
1729260 783
1729270 786
1729280 786
1729290 789
1729300 791
1729310 791
1729320 795
1729330 800
1729340 800
1729350 804
1729360 807
1729370 807
1729380 810
1729390 812
1729400 812
1729410 815
1729420 818
1729430 818
1729440 821
1729450 824
1729460 824
1729470 828
1729480 832
1729490 832
1729500 835
1729510 839
1729520 839
1729530 842
1729540 847
1729550 847
1729560 852
1729570 857
1729580 862
1729590 862
1729600 867
1729610 871
1729620 871
1729630 874
1729640 877
1729650 877
1729660 881
1729670 885
1729680 885
1729690 889
1729700 892
1729710 892
1729720 895
1729730 897
1729740 897
1729750 900
1729760 901
1729770 901
1729780 902
1729790 903
1729800 903
1729810 904
1729820 904
1729830 904
1729840 904
1729850 904
1729860 904
1729870 904
1729880 905
1729890 905
1729900 905
1729910 905
1729920 905
1729930 905
1729940 903
1729950 903
1729960 903
1729970 903
1729980 903
1729990 903
1730000 902
1730010 901
1730020 901
1730030 900
1730040 898
1730050 898
1730060 896
1730070 894
1730080 894
1730090 892
1730100 890
1730110 890
1730120 888
1730130 887
1730140 887
1730150 885
1730160 884
1730170 884
1730180 882
1730190 881
1730200 881
1730210 879
1730220 879
1730230 879
1730240 878
1730250 876
1730260 873
1730270 873
1730280 870
1730290 866
1730300 866
1730310 863
1730320 860
1730330 860
1730340 856
1730350 852
1730360 852
1730370 850
1730380 849
1730390 849
1730400 846
1730410 843
1730420 843
1730430 840
1730440 839
1730450 836
1730460 833
1730470 831
1730480 831
1730490 828
1730500 824
1730510 824
1730520 820
1730530 816
1730540 816
1730550 811
1730560 807
1730570 807
1730580 802
1730590 797
1730600 793
1730610 793
1730620 787
1730630 783
1730640 783
1730650 778
1730660 773
1730670 773
1730680 768
1730690 764
1730700 764
1730710 759
1730720 754
1730730 754
1730740 749
1730750 745
1730760 745
1730770 740
1730780 735
1730790 735
1730800 731
1730810 727
1730820 727
1730830 722
1730840 720
1730850 720
1730860 717
1730870 713
1730880 713
1730890 710
1730900 706
1730910 706
1730920 703
1730930 699
1730940 699
1730950 695
1730960 690
1730970 686
1730980 686
1730990 681
1731000 676
1731010 676
1731020 671
1731030 669
1731040 669
1731050 670
1731060 670
1731070 670
1731080 670
1731090 671
1731100 671
1731110 671
1731120 676
1731130 676
1731140 680
1731150 683
1731160 683
1731170 687
1731180 691
1731190 691
1731200 694
1731210 698
1731220 698
1731230 701
1731240 705
1731250 705
1731260 709
1731270 712
1731280 712
1731290 716
1731300 721
1731310 725
1731320 725
1731330 729
1731340 735
1731350 735
1731360 739
1731370 744
1731380 744
1731390 748
1731400 754
1731410 754
1731420 759
1731430 764
1731440 764
1731450 768
1731460 773
1731470 773
1731480 778
1731490 783
1731500 783
1731510 789
1731520 793
1731530 793
1731540 798
1731550 804
1731560 804
1731570 809
1731580 815
1731590 815
1731600 821
1731610 828
1731620 828
1731630 834
1731640 839
1731650 843
1731660 843
1731670 846
1731680 848
1731690 848
1731700 851
1731710 854
1731720 854
1731730 856
1731740 858
1731750 858
1731760 860
1731770 863
1731780 863
1731790 865
1731800 866
1731810 866
1731820 867
1731830 870
1731840 870
1731850 872
1731860 874
1731870 874
1731880 876
1731890 878
1731900 878
1731910 878
1731920 878
1731930 878
1731940 879
1731950 880
1731960 880
1731970 881
1731980 883
1731990 883
1732000 883
1732010 882
1732020 880
1732030 880
1732040 877
1732050 875
1732060 875
1732070 872
1732080 870
1732090 870
1732100 869
1732110 867
1732120 867
1732130 865
1732140 864
1732150 864
1732160 864
1732170 863
1732180 863
1732190 862
1732200 862
1732210 862
1732220 861
1732230 861
1732240 861
1732250 860
1732260 858
1732270 858
1732280 857
1732290 857
1732300 857
1732310 857
1732320 857
1732330 857
1732340 857
1732350 857
1732360 858
1732370 858
1732380 861
1732390 864
1732400 864
1732410 867
1732420 868
1732430 868
1732440 871
1732450 872
1732460 872
1732470 875
1732480 877
1732490 877
1732500 880
1732510 882
1732520 885
1732530 887
1732540 890
1732550 890
1732560 892
1732570 893
1732580 893
1732590 896
1732600 898
1732610 898
1732620 900
1732630 902
1732640 902
1732650 903
1732660 906
1732670 906
1732680 908
1732690 911
1732700 912
1732710 912
1732720 915
1732730 918
1732740 918
1732750 921
1732760 923
1732770 923
1732780 926
1732790 928
1732800 928
1732810 931
1732820 934
1732830 934
1732840 936
1732850 938
1732860 938
1732870 940
1732880 942
1732890 942
1732900 944
1732910 943
1732920 943
1732930 941
1732940 939
1732950 939
1732960 937
1732970 935
1732980 935
1732990 933
1733000 931
1733010 931
1733020 928
1733030 928
1733040 925
1733050 925
1733060 923
1733070 920
1733080 920
1733090 918
1733100 915
1733110 915
1733120 914
1733130 912
1733140 912
1733150 911
1733160 908
1733170 908
1733180 905
1733190 903
1733200 903
1733210 901
1733220 898
1733230 898
1733240 895
1733250 891
1733260 891
1733270 889
1733280 886
1733290 886
1733300 884
1733310 881
1733320 881
1733330 879
1733340 878
1733350 878
1733360 876
1733370 875
1733380 875
1733390 874
1733400 872
1733410 870
1733420 870
1733430 869
1733440 869
1733450 869
1733460 870
1733470 872
1733480 872
1733490 872
1733500 873
1733510 873
1733520 873
1733530 873
1733540 873
1733550 872
1733560 870
1733570 870
1733580 869
1733590 872
1733600 872
1733610 877
1733620 882
1733630 882
1733640 888
1733650 893
1733660 893
1733670 898
1733680 902
1733690 902
1733700 904
1733710 906
1733720 906
1733730 907
1733740 907
1733750 906
1733760 906
1733770 905
1733780 904
1733790 904
1733800 904
1733810 901
1733820 901
1733830 897
1733840 892
1733850 892
1733860 889
1733870 890
1733880 890
1733890 894
1733900 900
1733910 900
1733920 905
1733930 911
1733940 911
1733950 913
1733960 919
1733970 919
1733980 922
1733990 924
1734000 924
1734010 925
1734020 924
1734030 924
1734040 924
1734050 925
1734060 925
1734070 926
1734080 925
1734090 923
1734100 923
1734110 919
1734120 916
1734130 916
1734140 912
1734150 908
1734160 908
1734170 905
1734180 901
1734190 901
1734200 898
1734210 893
1734220 893
1734230 891
1734240 890
1734250 890
1734260 889
1734270 888
1734280 888
1734290 888
1734300 887
1734310 887
1734320 886
1734330 886
1734340 886
1734350 885
1734360 886
1734370 886
1734380 887
1734390 889
1734400 889
1734410 892
1734420 896
1734430 901
1734440 901
1734450 904
1734460 908
1734470 908
1734480 912
1734490 916
1734500 916
1734510 921
1734520 926
1734530 927
1734540 933
1734550 939
1734560 939
1734570 944
1734580 951
1734590 951
1734600 957
1734610 963
1734620 963
1734630 968
1734640 969
1734650 969
1734660 969
1734670 969
1734680 969
1734690 968
1734700 966
1734710 966
1734720 963
1734730 961
1734740 961
1734750 958
1734760 954
1734770 954
1734780 948
1734790 942
1734800 935
1734810 935
1734820 927
1734830 921
1734840 921
1734850 920
1734860 922
1734870 922
1734880 926
1734890 929
1734900 929
1734910 932
1734920 934
1734930 934
1734940 934
1734950 935
1734960 935
1734970 935
1734980 935
1734990 935
1735000 935
1735010 936
1735020 936
1735030 936
1735040 937
1735050 937
1735060 938
1735070 940
1735080 940
1735090 943
1735100 947
1735110 947
1735120 950
1735130 953
1735140 954
1735150 954
1735160 956
1735170 957
1735180 957
1735190 962
1735200 966
1735210 966
1735220 971
1735230 976
1735240 976
1735250 978
1735260 985
1735270 985
1735280 988
1735290 991
1735300 991
1735310 994
1735320 997
1735330 997
1735340 1002
1735350 1006
1735360 1006
1735370 1011
1735380 1015
1735390 1015
1735400 1018
1735410 1022
1735420 1022
1735430 1025
1735440 1028
1735450 1028
1735460 1033
1735470 1037
1735480 1043
1735490 1043
1735500 1047
1735510 1050
1735520 1050
1735530 1053
1735540 1057
1735550 1057
1735560 1061
1735570 1065
1735580 1065
1735590 1070
1735600 1074
1735610 1074
1735620 1078
1735630 1082
1735640 1082
1735650 1087
1735660 1091
1735670 1091
1735680 1096
1735690 1100
1735700 1100
1735710 1104
1735720 1108
1735730 1108
1735740 1111
1735750 1113
1735760 1113
1735770 1115
1735780 1117
1735790 1117
1735800 1120
1735810 1122
1735820 1122
1735830 1124
1735840 1127
1735850 1129
1735860 1129
1735870 1132
1735880 1136
1735890 1136
1735900 1139
1735910 1141
1735920 1141
1735930 1143
1735940 1144
1735950 1144
1735960 1147
1735970 1150
1735980 1150
1735990 1153
1736000 1157
1736010 1157
1736020 1161
1736030 1166
1736040 1166
1736050 1168
1736060 1171
1736070 1171
1736080 1174
1736090 1176
1736100 1176
1736110 1177
1736120 1177
1736130 1177
1736140 1177
1736150 1176
1736160 1176
1736170 1174
1736180 1172
1736190 1169
1736200 1169
1736210 1165
1736220 1161
1736230 1161
1736240 1158
1736250 1155
1736260 1155
1736270 1152
1736280 1150
1736290 1150
1736300 1148
1736310 1145
1736320 1145
1736330 1141
1736340 1139
1736350 1139
1736360 1136
1736370 1133
1736380 1133
1736390 1130
1736400 1128
1736410 1128
1736420 1126
1736430 1123
1736440 1123
1736450 1120
1736460 1117
1736470 1115
1736480 1114
1736490 1111
1736500 1111
1736510 1109
1736520 1107
1736530 1104
1736540 1104
1736550 1102
1736560 1099
1736570 1099
1736580 1097
1736590 1095
1736600 1095
1736610 1094
1736620 1093
1736630 1093
1736640 1093
1736650 1092
1736660 1092
1736670 1092
1736680 1091
1736690 1091
1736700 1091
1736710 1090
1736720 1090
1736730 1088
1736740 1086
1736750 1086
1736760 1083
1736770 1079
1736780 1079
1736790 1076
1736800 1070
1736810 1070
1736820 1066
1736830 1062
1736840 1062
1736850 1057
1736860 1053
1736870 1049
1736880 1049
1736890 1046
1736900 1041
1736910 1041
1736920 1036
1736930 1031
1736940 1031
1736950 1027
1736960 1021
1736970 1021
1736980 1016
1736990 1010
1737000 1010
1737010 1004
1737020 998
1737030 998
1737040 992
1737050 982
1737060 982
1737070 976
1737080 976
1737090 976
1737100 969
1737110 962
1737120 962
1737130 956
1737140 949
1737150 949
1737160 943
1737170 937
1737180 937
1737190 930
1737200 923
1737210 923
1737220 917
1737230 912
1737240 910
1737250 910
1737260 904
1737270 900
1737280 900
1737290 896
1737300 892
1737310 892
1737320 888
1737330 885
1737340 885
1737350 883
1737360 882
1737370 882
1737380 881
1737390 881
1737400 881
1737410 881
1737420 880
1737430 880
1737440 879
1737450 878
1737460 878
1737470 877
1737480 877
1737490 877
1737500 876
1737510 875
1737520 875
1737530 875
1737540 876
1737550 876
1737560 877
1737570 877
1737580 877
1737590 877
1737600 877
1737610 878
1737620 878
1737630 878
1737640 877
1737650 877
1737660 875
1737670 874
1737680 874
1737690 874
1737700 873
1737710 873
1737720 869
1737730 868
1737740 868
1737750 864
1737760 861
1737770 861
1737780 859
1737790 857
1737800 857
1737810 856
1737820 856
1737830 856
1737840 856
1737850 856
1737860 856
1737870 855
1737880 853
1737890 853
1737900 851
1737910 848
1737920 844
1737930 844
1737940 844
1737950 841
1737960 841
1737970 841
1737980 840
1737990 840
1738000 839
1738010 838
1738020 838
1738030 839
1738040 837
1738050 837
1738060 835
1738070 833
1738080 833
1738090 830
1738100 827
1738110 827
1738120 826
1738130 824
1738140 824
1738150 821
1738160 819
1738170 819
1738180 816
1738190 813
1738200 813
1738210 811
1738220 810
1738230 810
1738240 808
1738250 805
1738260 805
1738270 802
1738280 797
1738290 792
1738300 792
1738310 791
1738320 790
1738330 790
1738340 790
1738350 791
1738360 791
1738370 791
1738380 793
1738390 793
1738400 795
1738410 797
1738420 797
1738430 802
1738440 807
1738450 807
1738460 812
1738470 817
1738480 817
1738490 821
1738500 828
1738510 828
1738520 832
1738530 838
1738540 838
1738550 844
1738560 847
1738570 847
1738580 853
1738590 858
1738600 858
1738610 863
1738620 869
1738630 874
1738640 874
1738650 879
1738660 884
1738670 884
1738680 888
1738690 894
1738700 894
1738710 899
1738720 904
1738730 904
1738740 910
1738750 914
1738760 914
1738770 919
1738780 922
1738790 922
1738800 924
1738810 925
1738820 925
1738830 926
1738840 928
1738850 928
1738860 929
1738870 930
1738880 930
1738890 932
1738900 934
1738910 934
1738920 935
1738930 937
1738940 937
1738950 939
1738960 940
1738970 939
1738980 939
1738990 940
1739000 941
1739010 941
1739020 941
1739030 941
1739040 941
1739050 941
1739060 939
1739070 939
1739080 937
1739090 935
1739100 935
1739110 933
1739120 930
1739130 930
1739140 927
1739150 921
1739160 921
1739170 919
1739180 912
1739190 912
1739200 907
1739210 906
1739220 906
1739230 905
1739240 905
1739250 905
1739260 905
1739270 903
1739280 903
1739290 901
1739300 899
1739310 896
1739320 896
1739330 893
1739340 892
1739350 892
1739360 888
1739370 888
1739380 888
1739390 888
1739400 887
1739410 887
1739420 884
1739430 883
1739440 883
1739450 881
1739460 879
1739470 879
1739480 878
1739490 873
1739500 873
1739510 870
1739520 866
1739530 866
1739540 862
1739550 860
1739560 860
1739570 861
1739580 861
1739590 861
1739600 860
1739610 861
1739620 861
1739630 861
1739640 863
1739650 863
1739660 864
1739670 867
1739680 870
1739690 870
1739700 874
1739710 880
1739720 880
1739730 885
1739740 890
1739750 890
1739760 894
1739770 898
1739780 898
1739790 901
1739800 901
1739810 901
1739820 903
1739830 904
1739840 904
1739850 908
1739860 912
1739870 912
1739880 917
1739890 921
1739900 921
1739910 926
1739920 929
1739930 929
1739940 932
1739950 935
1739960 935
1739970 939
1739980 942
1739990 942
