1720000 883
1720010 878
1720020 878
1720030 870
1720040 867
1720050 867
1720060 868
1720070 870
1720080 870
1720090 872
1720100 877
1720110 877
1720120 882
1720130 885
1720140 885
1720150 886
1720160 888
1720170 888
1720180 890
1720190 892
1720200 892
1720210 894
1720220 895
1720230 894
1720240 894
1720250 893
1720260 891
1720270 891
1720280 889
1720290 889
1720300 889
1720310 888
1720320 893
1720330 893
1720340 890
1720350 887
1720360 887
1720370 886
1720380 887
1720390 887
1720400 886
1720410 884
1720420 884
1720430 877
1720440 871
1720450 871
1720460 864
1720470 857
1720480 857
1720490 850
1720500 843
1720510 843
1720520 836
1720530 829
1720540 829
1720550 822
1720560 814
1720570 814
1720580 810
1720590 809
1720600 810
1720610 810
1720620 814
1720630 819
1720640 819
1720650 825
1720660 830
1720670 830
1720680 837
1720690 843
1720700 843
1720710 849
1720720 855
1720730 855
1720740 861
1720750 865
1720760 865
1720770 872
1720780 878
1720790 878
1720800 884
1720810 889
1720820 889
1720830 895
1720840 900
1720850 900
1720860 906
1720870 910
1720880 910
1720890 916
1720900 921
1720910 921
1720920 926
1720930 931
1720940 935
1720950 935
1720960 939
1720970 942
1720980 942
1720990 946
1721000 949
1721010 949
1721020 951
1721030 952
1721040 952
1721050 953
1721060 952
1721070 952
1721080 953
1721090 953
1721100 953
1721110 952
1721120 952
1721130 952
1721140 951
1721150 949
1721160 949
1721170 947
1721180 946
1721190 946
1721200 944
1721210 941
1721220 941
1721230 938
1721240 935
1721250 935
1721260 933
1721270 926
1721280 926
1721290 924
1721300 924
1721310 925
1721320 925
1721330 926
1721340 927
1721350 927
1721360 928
1721370 929
1721380 929
1721390 931
1721400 932
1721410 932
1721420 933
1721430 934
1721440 934
1721450 935
1721460 936
1721470 936
1721480 936
1721490 937
1721500 937
1721510 937
1721520 936
1721530 936
1721540 936
1721550 934
1721560 934
1721570 932
1721580 930
1721590 930
1721600 929
1721610 928
1721620 928
1721630 928
1721640 928
1721650 927
1721660 927
1721670 927
1721680 927
1721690 927
1721700 927
1721710 928
1721720 928
1721730 929
1721740 929
1721750 929
1721760 929
1721770 930
1721780 930
1721790 931
1721800 932
1721810 932
1721820 933
1721830 935
1721840 935
1721850 935
1721860 934
1721870 934
1721880 934
1721890 933
1721900 933
1721910 932
1721920 930
1721930 930
1721940 928
1721950 927
1721960 927
1721970 926
1721980 925
1721990 925
1722000 924
1722010 923
1722020 923
1722030 923
1722040 922
1722050 921
1722060 921
1722070 920
1722080 920
1722090 920
1722100 920
1722110 921
1722120 921
1722130 918
1722140 916
1722150 916
1722160 913
1722170 908
1722180 908
1722190 905
1722200 906
1722210 906
1722220 900
1722230 898
1722240 898
1722250 894
1722260 891
1722270 891
1722280 887
1722290 883
1722300 883
1722310 879
1722320 875
1722330 875
1722340 870
1722350 865
1722360 860
1722370 860
1722380 856
1722390 852
1722400 852
1722410 848
1722420 842
1722430 842
1722440 839
1722450 834
1722460 834
1722470 830
1722480 824
1722490 824
1722500 818
1722510 812
1722520 812
1722530 806
1722540 799
1722550 799
1722560 792
1722570 784
1722580 784
1722590 776
1722600 777
1722610 777
1722620 776
1722630 777
1722640 777
1722650 777
1722660 776
1722670 776
1722680 775
1722690 773
1722700 773
1722710 772
1722720 770
1722730 769
1722740 769
1722750 769
1722760 770
1722770 770
1722780 769
1722790 764
1722800 764
1722810 764
1722820 761
1722830 761
1722840 759
1722850 755
1722860 755
1722870 751
1722880 747
1722890 747
1722900 745
1722910 744
1722920 744
1722930 740
1722940 740
1722950 740
1722960 740
1722970 737
1722980 737
1722990 735
1723000 732
1723010 732
1723020 729
1723030 724
1723040 724
1723050 719
1723060 714
1723070 709
1723080 709
1723090 703
1723100 697
1723110 697
1723120 692
1723130 685
1723140 685
1723150 679
1723160 673
1723170 673
1723180 667
1723190 661
1723200 661
1723210 653
1723220 646
1723230 646
1723240 645
1723250 642
1723260 642
1723270 641
1723280 639
1723290 639
1723300 639
1723310 638
1723320 638
1723330 642
1723340 647
1723350 647
1723360 653
1723370 660
1723380 660
1723390 667
1723400 673
1723410 673
1723420 679
1723430 684
1723440 689
1723450 689
1723460 693
1723470 698
1723480 698
1723490 703
1723500 708
1723510 708
1723520 713
1723530 718
1723540 718
1723550 723
1723560 728
1723570 728
1723580 732
1723590 738
1723600 738
1723610 740
1723620 746
1723630 746
1723640 751
1723650 756
1723660 756
1723670 761
1723680 765
1723690 765
1723700 769
1723710 771
1723720 771
1723730 772
1723740 771
1723750 771
1723760 771
1723770 771
1723780 770
1723790 770
1723800 769
1723810 767
1723820 767
1723830 765
1723840 763
1723850 763
1723860 760
1723870 756
1723880 756
1723890 752
1723900 747
1723910 747
1723920 744
1723930 739
1723940 739
1723950 735
1723960 731
1723970 731
1723980 726
1723990 721
1724000 721
1724010 716
1724020 712
1724030 712
1724040 707
1724050 703
1724060 703
1724070 698
1724080 694
1724090 694
1724100 690
1724110 687
1724120 684
1724130 684
1724140 685
1724150 688
1724160 688
1724170 691
1724180 693
1724190 693
1724200 696
1724210 698
1724220 698
1724230 699
1724240 699
1724250 699
1724260 694
1724270 692
1724280 692
1724290 687
1724300 686
1724310 686
1724320 686
1724330 687
1724340 687
1724350 691
1724360 691
1724370 691
1724380 691
1724390 690
1724400 690
1724410 689
1724420 689
1724430 689
1724440 688
1724450 685
1724460 685
1724470 682
1724480 678
1724490 676
1724500 676
1724510 673
1724520 669
1724530 669
1724540 666
1724550 662
1724560 662
1724570 659
1724580 656
1724590 656
1724600 653
1724610 651
1724620 651
1724630 649
1724640 647
1724650 647
1724660 644
1724670 640
1724680 640
1724690 636
1724700 633
1724710 633
1724720 630
1724730 634
1724740 634
1724750 640
1724760 644
1724770 644
1724780 648
1724790 650
1724800 650
1724810 649
1724820 644
1724830 638
1724840 638
1724850 633
1724860 628
1724870 628
1724880 623
1724890 619
1724900 619
1724910 615
1724920 612
1724930 612
1724940 610
1724950 608
1724960 608
1724970 606
1724980 605
1724990 605
1725000 603
1725010 602
1725020 602
1725030 601
1725040 596
1725050 596
1725060 596
1725070 597
1725080 597
1725090 598
1725100 599
1725110 599
1725120 591
1725130 584
1725140 584
1725150 584
1725160 582
1725170 582
1725180 581
1725190 581
1725200 581
1725210 581
1725220 581
1725230 581
1725240 581
1725250 581
1725260 581
1725270 581
1725280 582
1725290 583
1725300 583
1725310 584
1725320 585
1725330 585
1725340 584
1725350 584
1725360 584
1725370 585
1725380 585
1725390 585
1725400 585
1725410 586
1725420 586
1725430 587
1725440 590
1725450 590
1725460 594
1725470 597
1725480 597
1725490 602
1725500 604
1725510 604
1725520 605
1725530 606
1725540 606
1725550 606
1725560 605
1725570 604
1725580 604
1725590 600
1725600 595
1725610 595
1725620 589
1725630 586
1725640 586
1725650 585
1725660 585
1725670 585
1725680 591
1725690 590
1725700 590
1725710 586
1725720 585
1725730 585
1725740 584
1725750 585
1725760 585
1725770 585
1725780 584
1725790 584
1725800 581
1725810 581
1725820 581
1725830 581
1725840 581
1725850 581
1725860 582
1725870 582
1725880 582
1725890 582
1725900 584
1725910 585
1725920 585
1725930 586
1725940 586
1725950 586
1725960 584
1725970 584
1725980 584
1725990 584
1726000 584
1726010 584
1726020 584
1726030 584
1726040 584
1726050 584
1726060 584
1726070 584
1726080 584
1726090 584
1726100 584
1726110 584
1726120 584
1726130 584
1726140 584
1726150 584
1726160 584
1726170 584
1726180 584
1726190 584
1726200 584
1726210 585
1726220 585
1726230 585
1726240 585
1726250 586
1726260 586
1726270 586
1726280 586
1726290 586
1726300 587
1726310 587
1726320 587
1726330 587
1726340 588
1726350 588
1726360 588
1726370 587
1726380 587
1726390 587
1726400 585
1726410 585
1726420 586
1726430 586
1726440 586
1726450 586
1726460 586
1726470 586
1726480 586
1726490 586
1726500 586
1726510 586
1726520 586
1726530 586
1726540 586
1726550 586
1726560 586
1726570 586
1726580 586
1726590 586
1726600 586
1726610 586
1726620 586
1726630 586
1726640 586
1726650 586
1726660 586
1726670 587
1726680 586
1726690 586
1726700 586
1726710 587
1726720 587
1726730 587
1726740 587
1726750 587
1726760 587
1726770 587
1726780 587
1726790 587
1726800 587
1726810 587
1726820 587
1726830 587
1726840 587
1726850 587
1726860 587
1726870 587
1726880 587
1726890 587
1726900 587
1726910 587
1726920 586
1726930 586
1726940 587
1726950 587
1726960 587
1726970 587
1726980 587
1726990 587
1727000 587
1727010 587
1727020 587
1727030 587
1727040 587
1727050 588
1727060 588
1727070 588
1727080 588
1727090 588
1727100 586
1727110 588
1727120 588
1727130 588
1727140 588
1727150 588
1727160 588
1727170 588
1727180 588
1727190 588
1727200 588
1727210 588
1727220 588
1727230 588
1727240 588
1727250 588
1727260 588
1727270 588
1727280 588
1727290 588
1727300 588
1727310 588
1727320 588
1727330 588
1727340 588
1727350 588
1727360 588
1727370 588
1727380 588
1727390 589
1727400 589
1727410 589
1727420 590
1727430 590
1727440 591
1727450 591
1727460 591
1727470 591
1727480 592
1727490 592
1727500 593
1727510 594
1727520 594
1727530 594
1727540 595
1727550 595
1727560 595
1727570 595
1727580 595
1727590 596
1727600 597
1727610 597
1727620 597
1727630 598
1727640 598
1727650 598
1727660 598
1727670 599
1727680 599
1727690 599
1727700 599
1727710 599
1727720 600
1727730 600
1727740 600
1727750 601
1727760 603
1727770 603
1727780 608
1727790 610
1727800 610
1727810 613
1727820 613
1727830 613
1727840 614
1727850 614
1727860 614
1727870 614
1727880 614
1727890 614
1727900 614
1727910 614
1727920 614
1727930 614
1727940 614
1727950 614
1727960 614
1727970 614
1727980 614
1727990 613
1728000 613
1728010 612
1728020 612
1728030 612
1728040 611
1728050 611
1728060 611
1728070 611
1728080 611
1728090 612
1728100 612
1728110 612
1728120 612
1728130 608
1728140 608
1728150 608
1728160 608
1728170 608
1728180 608
1728190 609
1728200 609
1728210 609
1728220 609
1728230 609
1728240 609
1728250 611
1728260 611
1728270 611
1728280 611
1728290 611
1728300 615
1728310 615
1728320 615
1728330 613
1728340 609
1728350 609
1728360 610
1728370 610
1728380 611
1728390 611
1728400 611
1728410 610
1728420 610
1728430 609
1728440 609
1728450 609
1728460 609
1728470 609
1728480 609
1728490 612
1728500 611
1728510 611
1728520 611
1728530 609
1728540 609
1728550 612
1728560 615
1728570 615
1728580 617
1728590 621
1728600 621
1728610 621
1728620 620
1728630 620
1728640 619
1728650 624
1728660 624
1728670 625
1728680 626
1728690 626
1728700 627
1728710 628
1728720 629
1728730 629
1728740 630
1728750 631
1728760 631
1728770 632
1728780 633
1728790 633
1728800 633
1728810 634
1728820 634
1728830 635
1728840 635
1728850 635
1728860 636
1728870 636
1728880 636
1728890 637
1728900 637
1728910 637
1728920 637
1728930 638
1728940 638
1728950 638
1728960 639
1728970 639
1728980 639
1728990 639
1729000 639
1729010 640
1729020 640
1729030 640
1729040 640
1729050 640
1729060 640
1729070 641
1729080 641
1729090 641
1729100 641
1729110 642
1729120 642
1729130 642
1729140 642
1729150 642
1729160 642
1729170 643
1729180 643
1729190 643
1729200 643
1729210 642
1729220 642
1729230 642
1729240 642
1729250 642
1729260 643
1729270 643
1729280 643
1729290 643
1729300 644
1729310 644
1729320 644
1729330 644
1729340 644
1729350 644
1729360 644
1729370 644
1729380 643
1729390 643
1729400 643
1729410 644
1729420 644
1729430 644
1729440 644
1729450 645
1729460 645
1729470 645
1729480 644
1729490 644
1729500 644
1729510 644
1729520 644
1729530 644
1729540 644
1729550 643
1729560 643
1729570 643
1729580 643
1729590 644
1729600 644
1729610 645
1729620 645
1729630 645
1729640 645
1729650 645
1729660 645
1729670 646
1729680 646
1729690 646
1729700 646
1729710 646
1729720 645
1729730 645
1729740 645
1729750 646
1729760 646
1729770 646
1729780 646
1729790 645
1729800 646
1729810 646
1729820 646
1729830 646
1729840 646
1729850 646
1729860 645
1729870 645
1729880 646
1729890 646
1729900 646
1729910 647
1729920 647
1729930 647
1729940 647
1729950 647
1729960 647
1729970 647
1729980 647
1729990 647
1730000 647
1730010 647
1730020 647
1730030 647
1730040 647
1730050 647
1730060 647
1730070 647
1730080 647
1730090 647
1730100 647
1730110 647
1730120 648
1730130 648
1730140 648
1730150 648
1730160 648
1730170 649
1730180 649
1730190 649
1730200 648
1730210 648
1730220 648
1730230 648
1730240 648
1730250 648
1730260 648
1730270 648
1730280 647
1730290 645
1730300 645
1730310 641
1730320 637
1730330 637
1730340 635
1730350 635
1730360 635
1730370 635
1730380 635
1730390 635
1730400 635
1730410 635
1730420 635
1730430 635
1730440 636
1730450 636
1730460 636
1730470 636
1730480 636
1730490 636
1730500 636
1730510 635
1730520 635
1730530 635
1730540 636
1730550 636
1730560 636
1730570 636
1730580 636
1730590 637
1730600 637
1730610 637
1730620 635
1730630 637
1730640 637
1730650 636
1730660 636
1730670 636
1730680 636
1730690 636
1730700 636
1730710 637
1730720 637
1730730 637
1730740 639
1730750 640
1730760 640
1730770 644
1730780 644
1730790 644
1730800 644
1730810 644
1730820 644
1730830 644
1730840 644
1730850 644
1730860 644
1730870 644
1730880 644
1730890 644
1730900 644
1730910 644
1730920 644
1730930 644
1730940 644
1730950 644
1730960 644
1730970 643
1730980 643
1730990 643
1731000 643
1731010 643
1731020 643
1731030 643
1731040 643
1731050 643
1731060 643
1731070 643
1731080 643
1731090 643
1731100 643
1731110 643
1731120 643
1731130 643
1731140 643
1731150 642
1731160 642
1731170 643
1731180 644
1731190 644
1731200 644
1731210 644
1731220 644
1731230 644
1731240 644
1731250 643
1731260 643
1731270 643
1731280 643
1731290 643
1731300 644
1731310 644
1731320 644
1731330 643
1731340 643
1731350 643
1731360 643
1731370 643
1731380 643
1731390 644
1731400 644
1731410 644
1731420 644
1731430 645
1731440 645
1731450 645
1731460 646
1731470 646
1731480 646
1731490 643
1731500 643
1731510 642
1731520 646
1731530 646
1731540 649
1731550 649
1731560 649
1731570 649
1731580 650
1731590 650
1731600 650
1731610 651
1731620 651
1731630 651
1731640 651
1731650 651
1731660 651
1731670 652
1731680 652
1731690 651
1731700 651
1731710 652
1731720 652
1731730 652
1731740 653
1731750 653
1731760 654
1731770 654
1731780 654
1731790 655
1731800 655
1731810 655
1731820 655
1731830 656
1731840 656
1731850 656
1731860 657
1731870 657
1731880 658
1731890 658
1731900 658
1731910 659
1731920 660
1731930 660
1731940 660
1731950 660
1731960 660
1731970 660
1731980 660
1731990 661
1732000 661
1732010 661
1732020 662
1732030 662
1732040 663
1732050 664
1732060 664
1732070 665
1732080 666
1732090 666
1732100 666
1732110 667
1732120 667
1732130 668
1732140 669
1732150 669
1732160 670
1732170 671
1732180 671
1732190 672
1732200 673
1732210 673
1732220 674
1732230 676
1732240 676
1732250 676
1732260 678
1732270 679
1732280 679
1732290 680
1732300 681
1732310 681
1732320 681
1732330 681
1732340 681
1732350 682
1732360 682
1732370 682
1732380 682
1732390 683
1732400 683
1732410 682
1732420 683
1732430 683
1732440 683
1732450 683
1732460 683
1732470 684
1732480 684
1732490 684
1732500 684
1732510 684
1732520 684
1732530 685
1732540 685
1732550 685
1732560 685
1732570 685
1732580 685
1732590 685
1732600 685
1732610 685
1732620 685
1732630 685
1732640 684
1732650 684
1732660 684
1732670 679
1732680 679
1732690 674
1732700 670
1732710 670
1732720 669
1732730 668
1732740 668
1732750 667
1732760 666
1732770 666
1732780 665
1732790 664
1732800 664
1732810 664
1732820 663
1732830 663
1732840 662
1732850 661
1732860 661
1732870 660
1732880 658
1732890 658
1732900 657
1732910 655
1732920 655
1732930 655
1732940 655
1732950 655
1732960 655
1732970 656
1732980 657
1732990 657
1733000 659
1733010 662
1733020 662
1733030 660
1733040 658
1733050 658
1733060 661
1733070 665
1733080 665
1733090 666
1733100 666
1733110 666
1733120 666
1733130 665
1733140 665
1733150 665
1733160 665
1733170 665
1733180 664
1733190 664
1733200 664
1733210 664
1733220 664
1733230 664
1733240 664
1733250 664
1733260 664
1733270 663
1733280 664
1733290 664
1733300 664
1733310 665
1733320 666
1733330 666
1733340 667
1733350 668
1733360 668
1733370 669
1733380 670
1733390 670
1733400 671
1733410 672
1733420 672
1733430 673
1733440 673
1733450 673
1733460 671
1733470 672
1733480 672
1733490 673
1733500 674
1733510 674
1733520 675
1733530 675
1733540 675
1733550 675
1733560 676
1733570 676
1733580 676
1733590 677
1733600 677
1733610 677
1733620 678
1733630 678
1733640 680
1733650 681
1733660 681
1733670 682
1733680 685
1733690 687
1733700 687
1733710 689
1733720 691
1733730 692
1733740 694
1733750 696
1733760 696
1733770 697
1733780 699
1733790 699
1733800 701
1733810 704
1733820 704
1733830 706
1733840 708
1733850 708
1733860 707
1733870 706
1733880 706
1733890 705
1733900 704
1733910 704
1733920 703
1733930 704
1733940 704
1733950 705
1733960 707
1733970 707
1733980 710
1733990 712
1734000 712
1734010 714
1734020 716
1734030 717
1734040 717
1734050 719
1734060 722
1734070 722
1734080 725
1734090 728
1734100 728
1734110 728
1734120 730
1734130 730
1734140 733
1734150 735
1734160 735
1734170 737
1734180 743
1734190 743
1734200 747
1734210 749
1734220 749
1734230 750
1734240 750
1734250 750
1734260 749
1734270 748
1734280 748
1734290 749
1734300 749
1734310 749
1734320 750
1734330 751
1734340 751
1734350 755
1734360 757
1734370 757
1734380 758
1734390 758
1734400 759
1734410 759
1734420 759
1734430 759
1734440 759
1734450 757
1734460 756
1734470 756
1734480 755
1734490 752
1734500 752
1734510 751
1734520 752
1734530 752
1734540 753
1734550 753
1734560 753
1734570 752
1734580 753
1734590 753
1734600 752
1734610 752
1734620 752
1734630 750
1734640 748
1734650 748
1734660 747
1734670 747
1734680 747
1734690 746
1734700 746
1734710 746
1734720 745
1734730 745
1734740 744
1734750 744
1734760 744
1734770 746
1734780 746
1734790 747
1734800 746
1734810 746
1734820 747
1734830 747
1734840 747
1734850 746
1734860 746
1734870 746
1734880 743
1734890 741
1734900 741
1734910 740
1734920 740
1734930 740
1734940 740
1734950 740
1734960 740
1734970 738
1734980 738
1734990 738
1735000 736
1735010 734
1735020 734
1735030 733
1735040 733
1735050 733
1735060 733
1735070 733
1735080 733
1735090 734
1735100 735
1735110 736
1735120 736
1735130 738
1735140 740
1735150 740
1735160 741
1735170 742
1735180 742
1735190 743
1735200 746
1735210 746
1735220 747
1735230 752
1735240 752
1735250 755
1735260 758
1735270 758
1735280 761
1735290 764
1735300 764
1735310 765
1735320 767
1735330 767
1735340 769
1735350 772
1735360 772
1735370 774
1735380 776
1735390 776
1735400 777
1735410 779
1735420 779
1735430 781
1735440 782
1735450 781
1735460 781
1735470 780
1735480 781
1735490 781
1735500 783
1735510 784
1735520 784
1735530 786
1735540 787
1735550 787
1735560 789
1735570 789
1735580 789
1735590 791
1735600 795
1735610 795
1735620 799
1735630 803
1735640 803
1735650 808
1735660 813
1735670 813
1735680 815
1735690 817
1735700 814
1735710 814
1735720 815
1735730 815
1735740 816
1735750 818
1735760 818
1735770 819
1735780 818
1735790 818
1735800 821
1735810 823
1735820 824
1735830 824
1735840 824
1735850 825
1735860 825
1735870 825
1735880 826
1735890 826
1735900 827
1735910 827
1735920 827
1735930 827
1735940 828
1735950 828
1735960 827
1735970 826
1735980 826
1735990 824
1736000 821
1736010 821
1736020 816
1736030 811
1736040 811
1736050 806
1736060 807
1736070 807
1736080 811
1736090 815
1736100 815
1736110 819
1736120 822
1736130 822
1736140 826
1736150 830
1736160 833
1736170 833
1736180 834
1736190 835
1736200 835
1736210 833
1736220 832
1736230 832
1736240 830
1736250 826
1736260 826
1736270 819
1736280 820
1736290 820
1736300 815
1736310 809
1736320 809
1736330 804
1736340 800
1736350 800
1736360 796
1736370 791
1736380 791
1736390 787
1736400 783
1736410 783
1736420 778
1736430 773
1736440 773
1736450 768
1736460 763
1736470 763
1736480 761
1736490 759
1736500 759
1736510 756
1736520 752
1736530 747
1736540 747
1736550 743
1736560 740
1736570 740
1736580 735
1736590 731
1736600 731
1736610 726
1736620 722
1736630 722
1736640 719
1736650 715
1736660 715
1736670 710
1736680 707
1736690 707
1736700 707
1736710 706
1736720 706
1736730 706
1736740 707
1736750 707
1736760 707
1736770 707
1736780 707
1736790 707
1736800 708
1736810 708
1736820 708
1736830 708
1736840 708
1736850 708
1736860 708
1736870 712
1736880 712
1736890 716
1736900 722
1736910 722
1736920 727
1736930 733
1736940 733
1736950 739
1736960 746
1736970 746
1736980 753
1736990 760
1737000 760
1737010 767
1737020 773
1737030 773
1737040 779
1737050 785
1737060 785
1737070 791
1737080 797
1737090 797
1737100 802
1737110 807
1737120 807
1737130 810
1737140 814
1737150 814
1737160 818
1737170 823
1737180 823
1737190 830
1737200 834
1737210 844
1737220 844
1737230 850
1737240 856
1737250 856
1737260 861
1737270 867
1737280 867
1737290 872
1737300 877
1737310 877
1737320 883
1737330 888
1737340 888
1737350 894
1737360 896
1737370 896
1737380 897
1737390 897
1737400 897
1737410 899
1737420 899
1737430 899
1737440 897
1737450 894
1737460 894
1737470 887
1737480 884
1737490 884
1737500 883
1737510 889
1737520 889
1737530 895
1737540 901
1737550 901
1737560 906
1737570 911
1737580 915
1737590 915
1737600 919
1737610 928
1737620 928
1737630 929
1737640 934
1737650 934
1737660 937
1737670 939
1737680 939
1737690 941
1737700 945
1737710 945
1737720 942
1737730 942
1737740 942
1737750 940
1737760 938
1737770 938
1737780 937
1737790 933
1737800 933
1737810 931
1737820 931
1737830 931
1737840 934
1737850 939
1737860 939
1737870 943
1737880 947
1737890 947
1737900 951
1737910 953
1737920 956
1737930 956
1737940 958
1737950 960
1737960 960
1737970 961
1737980 961
1737990 961
1738000 962
1738010 965
1738020 965
1738030 971
1738040 975
1738050 975
1738060 979
1738070 983
1738080 983
1738090 989
1738100 991
1738110 991
1738120 998
1738130 1004
1738140 1004
1738150 1010
1738160 1016
1738170 1016
1738180 1021
1738190 1027
1738200 1027
1738210 1033
1738220 1038
1738230 1038
1738240 1044
1738250 1049
1738260 1049
1738270 1055
1738280 1059
1738290 1062
1738300 1062
1738310 1063
1738320 1061
1738330 1061
1738340 1059
1738350 1056
1738360 1056
1738370 1052
1738380 1049
1738390 1049
1738400 1046
1738410 1044
1738420 1044
1738430 1042
1738440 1040
1738450 1040
1738460 1036
1738470 1033
1738480 1033
1738490 1030
1738500 1026
1738510 1026
1738520 1022
1738530 1018
1738540 1018
1738550 1014
1738560 1010
1738570 1010
1738580 1013
1738590 1016
1738600 1016
1738610 1019
1738620 1022
1738630 1024
1738640 1024
1738650 1024
1738660 1024
1738670 1024
1738680 1022
1738690 1020
1738700 1020
1738710 1018
1738720 1015
1738730 1015
1738740 1012
1738750 1009
1738760 1009
1738770 1006
1738780 1004
1738790 1004
1738800 1001
1738810 1002
1738820 1002
1738830 1012
1738840 1021
1738850 1021
1738860 1028
1738870 1036
1738880 1036
1738890 1042
1738900 1049
1738910 1049
1738920 1056
1738930 1064
1738940 1064
1738950 1070
1738960 1077
1738970 1077
1738980 1084
1738990 1089
1739000 1094
1739010 1094
1739020 1099
1739030 1102
1739040 1102
1739050 1103
1739060 1103
1739070 1103
1739080 1103
1739090 1104
1739100 1104
1739110 1105
1739120 1107
1739130 1107
1739140 1108
1739150 1109
1739160 1109
1739170 1110
1739180 1110
1739190 1110
1739200 1109
1739210 1107
1739220 1107
1739230 1105
1739240 1101
1739250 1101
1739260 1096
1739270 1093
1739280 1093
1739290 1089
1739300 1085
1739310 1085
1739320 1081
1739330 1079
1739340 1075
1739350 1075
1739360 1069
1739370 1063
1739380 1063
1739390 1063
1739400 1063
1739410 1063
1739420 1060
1739430 1057
1739440 1057
1739450 1062
1739460 1070
1739470 1068
1739480 1076
1739490 1084
1739500 1084
1739510 1091
1739520 1098
1739530 1098
1739540 1104
1739550 1111
1739560 1111
1739570 1117
1739580 1124
1739590 1124
1739600 1130
1739610 1136
1739620 1136
1739630 1143
1739640 1148
1739650 1148
1739660 1156
1739670 1162
1739680 1162
1739690 1168
1739700 1174
1739710 1179
1739720 1179
1739730 1181
1739740 1182
1739750 1182
1739760 1183
1739770 1185
1739780 1185
1739790 1185
1739800 1185
1739810 1185
1739820 1186
1739830 1188
1739840 1188
1739850 1189
1739860 1194
1739870 1194
1739880 1198
1739890 1203
1739900 1203
1739910 1210
1739920 1217
1739930 1217
1739940 1223
1739950 1229
1739960 1229
1739970 1236
1739980 1243
1739990 1243
