1720000 870
1720010 864
1720020 858
1720030 858
1720040 853
1720050 846
1720060 846
1720070 840
1720080 834
1720090 834
1720100 827
1720110 820
1720120 820
1720130 813
1720140 805
1720150 805
1720160 798
1720170 789
1720180 789
1720190 781
1720200 774
1720210 774
1720220 768
1720230 763
1720240 763
1720250 757
1720260 755
1720270 755
1720280 758
1720290 766
1720300 773
1720310 773
1720320 781
1720330 788
1720340 788
1720350 796
1720360 803
1720370 803
1720380 812
1720390 815
1720400 815
1720410 821
1720420 828
1720430 828
1720440 832
1720450 836
1720460 836
1720470 840
1720480 845
1720490 845
1720500 849
1720510 854
1720520 854
1720530 858
1720540 861
1720550 861
1720560 867
1720570 872
1720580 872
1720590 876
1720600 879
1720610 879
1720620 884
1720630 888
1720640 888
1720650 892
1720660 896
1720670 900
1720680 900
1720690 904
1720700 909
1720710 909
1720720 913
1720730 918
1720740 918
1720750 921
1720760 925
1720770 925
1720780 928
1720790 932
1720800 932
1720810 935
1720820 937
1720830 937
1720840 939
1720850 938
1720860 938
1720870 936
1720880 932
1720890 932
1720900 929
1720910 925
1720920 925
1720930 921
1720940 918
1720950 918
1720960 915
1720970 910
1720980 910
1720990 907
1721000 903
1721010 900
1721020 900
1721030 896
1721040 892
1721050 892
1721060 889
1721070 886
1721080 886
1721090 882
1721100 880
1721110 880
1721120 876
1721130 873
1721140 873
1721150 869
1721160 866
1721170 866
1721180 863
1721190 859
1721200 859
1721210 855
1721220 852
1721230 852
1721240 847
1721250 843
1721260 843
1721270 838
1721280 832
1721290 832
1721300 825
1721310 819
1721320 819
1721330 811
1721340 809
1721350 809
1721360 809
1721370 808
1721380 807
1721390 807
1721400 807
1721410 806
1721420 806
1721430 807
1721440 808
1721450 808
1721460 808
1721470 809
1721480 809
1721490 810
1721500 811
1721510 811
1721520 812
1721530 813
1721540 813
1721550 813
1721560 813
1721570 813
1721580 811
1721590 812
1721600 812
1721610 806
1721620 800
1721630 800
1721640 800
1721650 800
1721660 800
1721670 800
1721680 802
1721690 802
1721700 798
1721710 792
1721720 786
1721730 786
1721740 779
1721750 771
1721760 771
1721770 763
1721780 755
1721790 755
1721800 747
1721810 738
1721820 738
1721830 736
1721840 743
1721850 743
1721860 746
1721870 749
1721880 749
1721890 752
1721900 756
1721910 756
1721920 760
1721930 763
1721940 763
1721950 766
1721960 769
1721970 769
1721980 773
1721990 776
1722000 776
1722010 779
1722020 781
1722030 781
1722040 782
1722050 781
1722060 780
1722070 780
1722080 779
1722090 782
1722100 782
1722110 785
1722120 787
1722130 787
1722140 792
1722150 796
1722160 796
1722170 799
1722180 804
1722190 804
1722200 808
1722210 813
1722220 813
1722230 819
1722240 824
1722250 824
1722260 829
1722270 834
1722280 834
1722290 838
1722300 842
1722310 842
1722320 844
1722330 845
1722340 845
1722350 845
1722360 844
1722370 844
1722380 842
1722390 841
1722400 841
1722410 839
1722420 837
1722430 835
1722440 835
1722450 833
1722460 831
1722470 831
1722480 829
1722490 828
1722500 828
1722510 827
1722520 826
1722530 826
1722540 826
1722550 827
1722560 827
1722570 827
1722580 828
1722590 828
1722600 828
1722610 829
1722620 829
1722630 829
1722640 831
1722650 831
1722660 832
1722670 832
1722680 832
1722690 832
1722700 832
1722710 832
1722720 831
1722730 828
1722740 828
1722750 825
1722760 821
1722770 819
1722780 819
1722790 816
1722800 812
1722810 812
1722820 810
1722830 807
1722840 807
1722850 803
1722860 800
1722870 800
1722880 796
1722890 793
1722900 793
1722910 789
1722920 785
1722930 785
1722940 781
1722950 776
1722960 776
1722970 772
1722980 768
1722990 768
1723000 764
1723010 758
1723020 758
1723030 754
1723040 753
1723050 753
1723060 749
1723070 746
1723080 746
1723090 744
1723100 741
1723110 737
1723120 737
1723130 734
1723140 731
1723150 731
1723160 729
1723170 729
1723180 729
1723190 727
1723200 723
1723210 723
1723220 718
1723230 713
1723240 713
1723250 708
1723260 702
1723270 702
1723280 697
1723290 691
1723300 691
1723310 685
1723320 679
1723330 679
1723340 673
1723350 667
1723360 667
1723370 660
1723380 653
1723390 653
1723400 647
1723410 639
1723420 639
1723430 632
1723440 626
1723450 626
1723460 620
1723470 616
1723480 611
1723490 611
1723500 611
1723510 611
1723520 611
1723530 610
1723540 610
1723550 610
1723560 610
1723570 609
1723580 609
1723590 608
1723600 608
1723610 608
1723620 609
1723630 611
1723640 611
1723650 618
1723660 625
1723670 625
1723680 632
1723690 635
1723700 635
1723710 643
1723720 648
1723730 648
1723740 652
1723750 658
1723760 658
1723770 663
1723780 667
1723790 667
1723800 669
1723810 670
1723820 671
1723830 671
1723840 670
1723850 669
1723860 669
1723870 667
1723880 664
1723890 664
1723900 662
1723910 659
1723920 659
1723930 656
1723940 652
1723950 652
1723960 647
1723970 642
1723980 642
1723990 634
1724000 643
1724010 643
1724020 646
1724030 647
1724040 647
1724050 647
1724060 646
1724070 646
1724080 645
1724090 643
1724100 643
1724110 642
1724120 640
1724130 640
1724140 638
1724150 635
1724160 635
1724170 632
1724180 628
1724190 625
1724200 625
1724210 621
1724220 618
1724230 618
1724240 614
1724250 609
1724260 609
1724270 606
1724280 610
1724290 610
1724300 610
1724310 609
1724320 609
1724330 607
1724340 606
1724350 606
1724360 604
1724370 602
1724380 602
1724390 600
1724400 599
1724410 599
1724420 598
1724430 595
1724440 595
1724450 592
1724460 587
1724470 587
1724480 582
1724490 585
1724500 585
1724510 582
1724520 581
1724530 581
1724540 581
1724550 581
1724560 581
1724570 581
1724580 580
1724590 581
1724600 581
1724610 578
1724620 578
1724630 578
1724640 578
1724650 581
1724660 581
1724670 581
1724680 581
1724690 581
1724700 581
1724710 581
1724720 581
1724730 581
1724740 581
1724750 581
1724760 581
1724770 581
1724780 581
1724790 581
1724800 581
1724810 581
1724820 581
1724830 581
1724840 581
1724850 581
1724860 580
1724870 580
1724880 580
1724890 581
1724900 581
1724910 581
1724920 581
1724930 581
1724940 581
1724950 581
1724960 580
1724970 580
1724980 580
1724990 580
1725000 580
1725010 581
1725020 581
1725030 581
1725040 581
1725050 581
1725060 581
1725070 581
1725080 581
1725090 581
1725100 581
1725110 581
1725120 581
1725130 581
1725140 581
1725150 581
1725160 581
1725170 581
1725180 581
1725190 581
1725200 582
1725210 582
1725220 582
1725230 582
1725240 582
1725250 582
1725260 584
1725270 585
1725280 585
1725290 584
1725300 581
1725310 581
1725320 581
1725330 581
1725340 581
1725350 581
1725360 581
1725370 581
1725380 581
1725390 581
1725400 581
1725410 582
1725420 582
1725430 582
1725440 581
1725450 581
1725460 581
1725470 581
1725480 581
1725490 581
1725500 581
1725510 582
1725520 582
1725530 582
1725540 582
1725550 582
1725560 581
1725570 581
1725580 581
1725590 581
1725600 582
1725610 582
1725620 582
1725630 582
1725640 582
1725650 582
1725660 582
1725670 583
1725680 583
1725690 582
1725700 582
1725710 582
1725720 583
1725730 583
1725740 583
1725750 583
1725760 583
1725770 583
1725780 583
1725790 583
1725800 583
1725810 583
1725820 584
1725830 584
1725840 584
1725850 584
1725860 584
1725870 584
1725880 584
1725890 584
1725900 584
1725910 584
1725920 584
1725930 585
1725940 585
1725950 584
1725960 584
1725970 584
1725980 584
1725990 584
1726000 585
1726010 585
1726020 585
1726030 585
1726040 585
1726050 585
1726060 585
1726070 585
1726080 585
1726090 585
1726100 585
1726110 585
1726120 585
1726130 584
1726140 584
1726150 585
1726160 585
1726170 585
1726180 585
1726190 585
1726200 585
1726210 585
1726220 585
1726230 585
1726240 585
1726250 585
1726260 585
1726270 585
1726280 585
1726290 585
1726300 585
1726310 585
1726320 585
1726330 585
1726340 585
1726350 586
1726360 586
1726370 586
1726380 586
1726390 586
1726400 586
1726410 586
1726420 586
1726430 586
1726440 586
1726450 586
1726460 585
1726470 585
1726480 585
1726490 585
1726500 585
1726510 585
1726520 587
1726530 587
1726540 587
1726550 587
1726560 587
1726570 587
1726580 587
1726590 588
1726600 588
1726610 588
1726620 588
1726630 587
1726640 587
1726650 586
1726660 586
1726670 586
1726680 586
1726690 586
1726700 586
1726710 586
1726720 586
1726730 586
1726740 586
1726750 586
1726760 586
1726770 586
1726780 586
1726790 586
1726800 586
1726810 586
1726820 586
1726830 586
1726840 586
1726850 586
1726860 586
1726870 586
1726880 586
1726890 587
1726900 586
1726910 586
1726920 586
1726930 586
1726940 586
1726950 586
1726960 586
1726970 586
1726980 587
1726990 587
1727000 587
1727010 587
1727020 587
1727030 588
1727040 588
1727050 588
1727060 589
1727070 589
1727080 590
1727090 590
1727100 590
1727110 590
1727120 590
1727130 590
1727140 590
1727150 590
1727160 590
1727170 591
1727180 591
1727190 591
1727200 591
1727210 593
1727220 593
1727230 592
1727240 593
1727250 593
1727260 593
1727270 594
1727280 594
1727290 594
1727300 595
1727310 595
1727320 595
1727330 595
1727340 595
1727350 595
1727360 596
1727370 594
1727380 594
1727390 594
1727400 595
1727410 595
1727420 596
1727430 596
1727440 596
1727450 598
1727460 601
1727470 601
1727480 605
1727490 607
1727500 607
1727510 608
1727520 610
1727530 610
1727540 612
1727550 614
1727560 614
1727570 615
1727580 617
1727590 617
1727600 616
1727610 619
1727620 619
1727630 623
1727640 626
1727650 626
1727660 632
1727670 635
1727680 637
1727690 637
1727700 639
1727710 641
1727720 641
1727730 643
1727740 645
1727750 645
1727760 646
1727770 648
1727780 648
1727790 648
1727800 652
1727810 652
1727820 653
1727830 654
1727840 654
1727850 652
1727860 653
1727870 653
1727880 653
1727890 653
1727900 653
1727910 653
1727920 654
1727930 654
1727940 654
1727950 654
1727960 654
1727970 655
1727980 654
1727990 654
1728000 654
1728010 654
1728020 654
1728030 653
1728040 653
1728050 653
1728060 653
1728070 652
1728080 652
1728090 652
1728100 651
1728110 651
1728120 651
1728130 649
1728140 648
1728150 648
1728160 647
1728170 647
1728180 647
1728190 647
1728200 646
1728210 646
1728220 646
1728230 646
1728240 646
1728250 645
1728260 645
1728270 645
1728280 645
1728290 646
1728300 646
1728310 645
1728320 645
1728330 645
1728340 646
1728350 646
1728360 646
1728370 646
1728380 646
1728390 646
1728400 646
1728410 646
1728420 647
1728430 647
1728440 649
1728450 650
1728460 650
1728470 652
1728480 653
1728490 653
1728500 654
1728510 656
1728520 656
1728530 658
1728540 659
1728550 659
1728560 660
1728570 661
1728580 661
1728590 663
1728600 664
1728610 664
1728620 666
1728630 668
1728640 668
1728650 671
1728660 672
1728670 672
1728680 675
1728690 677
1728700 677
1728710 679
1728720 682
1728730 682
1728740 684
1728750 686
1728760 689
1728770 689
1728780 692
1728790 695
1728800 695
1728810 697
1728820 699
1728830 699
1728840 702
1728850 703
1728860 703
1728870 705
1728880 706
1728890 706
1728900 707
1728910 708
1728920 708
1728930 708
1728940 709
1728950 709
1728960 709
1728970 710
1728980 710
1728990 710
1729000 710
1729010 710
1729020 711
1729030 711
1729040 711
1729050 711
1729060 710
1729070 710
1729080 710
1729090 711
1729100 710
1729110 710
1729120 709
1729130 709
1729140 709
1729150 708
1729160 707
1729170 707
1729180 707
1729190 705
1729200 705
1729210 704
1729220 703
1729230 703
1729240 702
1729250 701
1729260 701
1729270 700
1729280 700
1729290 700
1729300 699
1729310 699
1729320 699
1729330 698
1729340 698
1729350 698
1729360 697
1729370 696
1729380 696
1729390 695
1729400 694
1729410 694
1729420 694
1729430 693
1729440 692
1729450 692
1729460 691
1729470 691
1729480 691
1729490 690
1729500 689
1729510 689
1729520 686
1729530 687
1729540 687
1729550 687
1729560 686
1729570 686
1729580 685
1729590 683
1729600 683
1729610 683
1729620 682
1729630 682
1729640 681
1729650 681
1729660 681
1729670 680
1729680 679
1729690 679
1729700 677
1729710 678
1729720 678
1729730 678
1729740 678
1729750 678
1729760 678
1729770 678
1729780 678
1729790 678
1729800 678
1729810 678
1729820 678
1729830 678
1729840 676
1729850 676
1729860 677
1729870 677
1729880 677
1729890 676
1729900 676
1729910 676
1729920 677
1729930 676
1729940 676
1729950 677
1729960 676
1729970 676
1729980 675
1729990 675
1730000 675
1730010 676
1730020 675
1730030 675
1730040 674
1730050 673
1730060 673
1730070 671
1730080 670
1730090 670
1730100 670
1730110 669
1730120 669
1730130 668
1730140 667
1730150 667
1730160 667
1730170 666
1730180 666
1730190 666
1730200 666
1730210 666
1730220 666
1730230 666
1730240 665
1730250 665
1730260 665
1730270 665
1730280 665
1730290 664
1730300 664
1730310 664
1730320 663
1730330 663
1730340 663
1730350 663
1730360 663
1730370 663
1730380 663
1730390 662
1730400 662
1730410 662
1730420 662
1730430 662
1730440 661
1730450 658
1730460 658
1730470 654
1730480 650
1730490 650
1730500 647
1730510 647
1730520 647
1730530 647
1730540 646
1730550 647
1730560 647
1730570 647
1730580 647
1730590 647
1730600 647
1730610 647
1730620 647
1730630 647
1730640 647
1730650 647
1730660 648
1730670 648
1730680 648
1730690 648
1730700 648
1730710 648
1730720 648
1730730 647
1730740 647
1730750 648
1730760 647
1730770 647
1730780 648
1730790 648
1730800 648
1730810 648
1730820 647
1730830 647
1730840 648
1730850 648
1730860 648
1730870 648
1730880 648
1730890 648
1730900 648
1730910 648
1730920 648
1730930 648
1730940 649
1730950 650
1730960 650
1730970 653
1730980 655
1730990 655
1731000 655
1731010 657
1731020 657
1731030 657
1731040 657
1731050 657
1731060 657
1731070 658
1731080 658
1731090 658
1731100 658
1731110 658
1731120 659
1731130 659
1731140 659
1731150 659
1731160 659
1731170 659
1731180 659
1731190 659
1731200 659
1731210 659
1731220 659
1731230 659
1731240 659
1731250 659
1731260 659
1731270 659
1731280 660
1731290 660
1731300 660
1731310 661
1731320 662
1731330 662
1731340 663
1731350 665
1731360 665
1731370 667
1731380 669
1731390 669
1731400 671
1731410 673
1731420 673
1731430 675
1731440 677
1731450 677
1731460 679
1731470 681
1731480 681
1731490 683
1731500 685
1731510 685
1731520 687
1731530 689
1731540 689
1731550 690
1731560 692
1731570 694
1731580 694
1731590 695
1731600 696
1731610 696
1731620 697
1731630 699
1731640 699
1731650 702
1731660 705
1731670 705
1731680 707
1731690 709
1731700 709
1731710 710
1731720 712
1731730 712
1731740 715
1731750 716
1731760 716
1731770 717
1731780 719
1731790 719
1731800 721
1731810 722
1731820 722
1731830 724
1731840 727
1731850 727
1731860 729
1731870 730
1731880 730
1731890 731
1731900 733
1731910 735
1731920 735
1731930 736
1731940 737
1731950 737
1731960 739
1731970 739
1731980 739
1731990 740
1732000 739
1732010 739
1732020 740
1732030 741
1732040 741
1732050 745
1732060 745
1732070 745
1732080 746
1732090 747
1732100 747
1732110 748
1732120 748
1732130 748
1732140 747
1732150 748
1732160 748
1732170 749
1732180 750
1732190 750
1732200 751
1732210 753
1732220 753
1732230 755
1732240 756
1732250 756
1732260 756
1732270 755
1732280 755
1732290 755
1732300 757
1732310 757
1732320 757
1732330 757
1732340 757
1732350 757
1732360 757
1732370 756
1732380 756
1732390 757
1732400 759
1732410 759
1732420 760
1732430 761
1732440 761
1732450 761
1732460 761
1732470 761
1732480 762
1732490 764
1732500 764
1732510 766
1732520 768
1732530 768
1732540 769
1732550 769
1732560 769
1732570 767
1732580 765
1732590 765
1732600 763
1732610 760
1732620 756
1732630 756
1732640 751
1732650 748
1732660 748
1732670 747
1732680 747
1732690 747
1732700 748
1732710 751
1732720 751
1732730 755
1732740 752
1732750 752
1732760 755
1732770 758
1732780 758
1732790 761
1732800 764
1732810 764
1732820 766
1732830 769
1732840 769
1732850 770
1732860 773
1732870 773
1732880 774
1732890 775
1732900 775
1732910 777
1732920 777
1732930 777
1732940 778
1732950 778
1732960 778
1732970 778
1732980 779
1732990 780
1733000 780
1733010 780
1733020 779
1733030 779
1733040 778
1733050 774
1733060 774
1733070 769
1733080 763
1733090 763
1733100 758
1733110 752
1733120 752
1733130 747
1733140 742
1733150 742
1733160 740
1733170 739
1733180 739
1733190 747
1733200 755
1733210 755
1733220 762
1733230 768
1733240 768
1733250 775
1733260 781
1733270 781
1733280 786
1733290 790
1733300 790
1733310 794
1733320 797
1733330 801
1733340 801
1733350 804
1733360 807
1733370 807
1733380 809
1733390 811
1733400 811
1733410 812
1733420 813
1733430 813
1733440 812
1733450 812
1733460 812
1733470 811
1733480 809
1733490 809
1733500 808
1733510 806
1733520 806
1733530 802
1733540 798
1733550 798
1733560 793
1733570 789
1733580 789
1733590 785
1733600 779
1733610 779
1733620 775
1733630 770
1733640 770
1733650 766
1733660 761
1733670 756
1733680 756
1733690 750
1733700 747
1733710 747
1733720 749
1733730 753
1733740 753
1733750 755
1733760 760
1733770 760
1733780 766
1733790 772
1733800 772
1733810 779
1733820 786
1733830 786
1733840 793
1733850 802
1733860 802
1733870 808
1733880 815
1733890 815
1733900 823
1733910 830
1733920 830
1733930 836
1733940 843
1733950 843
1733960 849
1733970 854
1733980 854
1733990 859
1734000 864
1734010 864
1734020 868
1734030 872
1734040 876
1734050 876
1734060 881
1734070 885
1734080 885
1734090 889
1734100 892
1734110 892
1734120 894
1734130 896
1734140 896
1734150 897
1734160 898
1734170 898
1734180 898
1734190 898
1734200 898
1734210 897
1734220 896
1734230 896
1734240 896
1734250 894
1734260 894
1734270 892
1734280 888
1734290 888
1734300 885
1734310 880
1734320 880
1734330 876
1734340 872
1734350 872
1734360 866
1734370 861
1734380 856
1734390 856
1734400 861
1734410 865
1734420 865
1734430 869
1734440 873
1734450 873
1734460 877
1734470 879
1734480 879
1734490 879
1734500 879
1734510 879
1734520 881
1734530 883
1734540 883
1734550 885
1734560 885
1734570 885
1734580 886
1734590 884
1734600 884
1734610 880
1734620 882
1734630 882
1734640 891
1734650 898
1734660 898
1734670 905
1734680 911
1734690 911
1734700 918
1734710 924
1734720 930
1734730 930
1734740 933
1734750 939
1734760 939
1734770 944
1734780 947
1734790 947
1734800 947
1734810 948
1734820 948
1734830 947
1734840 944
1734850 944
1734860 942
1734870 936
1734880 936
1734890 930
1734900 924
1734910 924
1734920 919
1734930 913
1734940 913
1734950 908
1734960 903
1734970 903
1734980 897
1734990 890
1735000 890
1735010 885
1735020 883
1735030 883
1735040 885
1735050 886
1735060 886
1735070 886
1735080 886
1735090 884
1735100 884
1735110 883
1735120 881
1735130 881
1735140 880
1735150 882
1735160 882
1735170 885
1735180 888
1735190 888
1735200 889
1735210 889
1735220 889
1735230 888
1735240 886
1735250 886
1735260 884
1735270 880
1735280 880
1735290 876
1735300 871
1735310 871
1735320 866
1735330 858
1735340 858
1735350 853
1735360 851
1735370 851
1735380 854
1735390 854
1735400 854
1735410 852
1735420 847
1735430 848
1735440 848
1735450 857
1735460 864
1735470 864
1735480 871
1735490 878
1735500 878
1735510 887
1735520 894
1735530 894
1735540 900
1735550 906
1735560 906
1735570 912
1735580 918
1735590 918
1735600 924
1735610 930
1735620 930
1735630 935
1735640 941
1735650 941
1735660 946
1735670 952
1735680 952
1735690 957
1735700 963
1735710 963
1735720 969
1735730 975
1735740 975
1735750 981
1735760 986
1735770 986
1735780 992
1735790 998
1735800 1003
1735810 1003
1735820 1010
1735830 1013
1735840 1013
1735850 1018
1735860 1021
1735870 1021
1735880 1020
1735890 1016
1735900 1016
1735910 1013
1735920 1009
1735930 1009
1735940 1005
1735950 1001
1735960 1001
1735970 997
1735980 993
1735990 993
1736000 989
1736010 984
1736020 984
1736030 979
1736040 974
1736050 974
1736060 969
1736070 963
1736080 963
1736090 959
1736100 955
1736110 955
1736120 952
1736130 948
1736140 946
1736150 946
1736160 943
1736170 939
1736180 939
1736190 935
1736200 932
1736210 932
1736220 927
1736230 922
1736240 922
1736250 916
1736260 911
1736270 911
1736280 906
1736290 902
1736300 902
1736310 901
1736320 902
1736330 902
1736340 906
1736350 907
1736360 907
1736370 910
1736380 912
1736390 912
1736400 914
1736410 916
1736420 916
1736430 917
1736440 917
1736450 917
1736460 915
1736470 912
1736480 908
1736490 908
1736500 902
1736510 897
1736520 897
1736530 892
1736540 885
1736550 885
1736560 878
1736570 876
1736580 876
1736590 876
1736600 875
1736610 875
1736620 874
1736630 874
1736640 874
1736650 875
1736660 876
1736670 876
1736680 870
1736690 870
1736700 870
1736710 869
1736720 867
1736730 867
1736740 864
1736750 861
1736760 861
1736770 857
1736780 854
1736790 854
1736800 851
1736810 846
1736820 846
1736830 843
1736840 838
1736850 834
1736860 834
1736870 829
1736880 824
1736890 824
1736900 820
1736910 815
1736920 815
1736930 811
1736940 806
1736950 806
1736960 802
1736970 797
1736980 797
1736990 792
1737000 787
1737010 787
1737020 780
1737030 779
1737040 779
1737050 776
1737060 771
1737070 771
1737080 766
1737090 762
1737100 762
1737110 758
1737120 754
1737130 754
1737140 749
1737150 744
1737160 744
1737170 742
1737180 741
1737190 736
1737200 736
1737210 733
1737220 730
1737230 730
1737240 730
1737250 730
1737260 730
1737270 730
1737280 731
1737290 731
1737300 731
1737310 733
1737320 733
1737330 733
1737340 734
1737350 734
1737360 737
1737370 740
1737380 740
1737390 745
1737400 750
1737410 750
1737420 755
1737430 761
1737440 761
1737450 767
1737460 774
1737470 774
1737480 782
1737490 790
1737500 790
1737510 792
1737520 795
1737530 801
1737540 801
1737550 807
1737560 812
1737570 812
1737580 818
1737590 825
1737600 825
1737610 832
1737620 839
1737630 839
1737640 849
1737650 853
1737660 853
1737670 860
1737680 869
1737690 869
1737700 878
1737710 879
1737720 879
1737730 879
1737740 885
1737750 885
1737760 890
1737770 898
1737780 898
1737790 903
1737800 908
1737810 908
1737820 912
1737830 916
1737840 916
1737850 919
1737860 921
1737870 921
1737880 924
1737890 929
1737900 928
1737910 928
1737920 930
1737930 933
1737940 933
1737950 934
1737960 936
1737970 936
1737980 937
1737990 938
1738000 938
1738010 939
1738020 941
1738030 941
1738040 945
1738050 950
1738060 950
1738070 954
1738080 958
1738090 958
1738100 961
1738110 964
1738120 964
1738130 969
1738140 973
1738150 973
1738160 976
1738170 980
1738180 980
1738190 984
1738200 987
1738210 987
1738220 989
1738230 991
1738240 995
1738250 995
1738260 999
1738270 1001
1738280 1001
1738290 1002
1738300 1002
1738310 1002
1738320 1002
1738330 1007
1738340 1007
1738350 1010
1738360 1016
1738370 1016
1738380 1021
1738390 1027
1738400 1027
1738410 1031
1738420 1035
1738430 1035
1738440 1039
1738450 1042
1738460 1042
1738470 1045
1738480 1048
1738490 1048
1738500 1051
1738510 1054
1738520 1054
1738530 1058
1738540 1061
1738550 1061
1738560 1069
1738570 1071
1738580 1071
1738590 1073
1738600 1074
1738610 1074
1738620 1074
1738630 1074
1738640 1074
1738650 1074
1738660 1073
1738670 1072
1738680 1072
1738690 1073
1738700 1075
1738710 1075
1738720 1079
1738730 1084
1738740 1084
1738750 1088
1738760 1093
1738770 1093
1738780 1097
1738790 1101
1738800 1101
1738810 1102
1738820 1101
1738830 1101
1738840 1102
1738850 1102
1738860 1102
1738870 1105
1738880 1106
1738890 1106
1738900 1107
1738910 1109
1738920 1109
1738930 1110
1738940 1114
1738950 1117
1738960 1117
1738970 1120
1738980 1125
1738990 1125
1739000 1131
1739010 1136
1739020 1136
1739030 1140
1739040 1145
1739050 1145
1739060 1149
1739070 1153
1739080 1153
1739090 1157
1739100 1161
1739110 1161
1739120 1167
1739130 1173
1739140 1173
1739150 1179
1739160 1184
1739170 1184
1739180 1189
1739190 1193
1739200 1193
1739210 1200
1739220 1204
1739230 1204
1739240 1211
1739250 1217
1739260 1217
1739270 1223
1739280 1228
1739290 1233
1739300 1233
1739310 1238
1739320 1242
1739330 1242
1739340 1246
1739350 1249
1739360 1249
1739370 1250
1739380 1248
1739390 1248
1739400 1244
1739410 1241
1739420 1241
1739430 1238
1739440 1235
1739450 1235
1739460 1233
1739470 1231
1739480 1231
1739490 1229
1739500 1227
1739510 1227
1739520 1225
1739530 1224
1739540 1224
1739550 1222
1739560 1219
1739570 1219
1739580 1217
1739590 1216
1739600 1216
1739610 1215
1739620 1214
1739630 1214
1739640 1213
1739650 1212
1739660 1210
1739670 1210
1739680 1208
1739690 1207
1739700 1207
1739710 1205
1739720 1204
1739730 1204
1739740 1203
1739750 1202
1739760 1202
1739770 1201
1739780 1200
1739790 1200
1739800 1199
1739810 1198
1739820 1198
1739830 1196
1739840 1195
1739850 1195
1739860 1194
1739870 1192
1739880 1192
1739890 1190
1739900 1188
1739910 1188
1739920 1186
1739930 1183
1739940 1183
1739950 1181
1739960 1178
1739970 1178
1739980 1176
1739990 1173
