1720000 928
1720010 929
1720020 929
1720030 929
1720040 930
1720050 930
1720060 932
1720070 934
1720080 934
1720090 936
1720100 938
1720110 938
1720120 939
1720130 939
1720140 939
1720150 941
1720160 943
1720170 943
1720180 944
1720190 945
1720200 945
1720210 945
1720220 946
1720230 946
1720240 946
1720250 944
1720260 944
1720270 942
1720280 939
1720290 935
1720300 935
1720310 931
1720320 927
1720330 927
1720340 923
1720350 917
1720360 917
1720370 912
1720380 907
1720390 907
1720400 901
1720410 894
1720420 894
1720430 887
1720440 880
1720450 880
1720460 873
1720470 866
1720480 866
1720490 860
1720500 852
1720510 852
1720520 845
1720530 837
1720540 837
1720550 831
1720560 824
1720570 824
1720580 820
1720590 817
1720600 817
1720610 816
1720620 816
1720630 816
1720640 824
1720650 831
1720660 837
1720670 837
1720680 843
1720690 850
1720700 850
1720710 855
1720720 861
1720730 861
1720740 866
1720750 872
1720760 872
1720770 877
1720780 883
1720790 883
1720800 888
1720810 893
1720820 893
1720830 898
1720840 902
1720850 902
1720860 909
1720870 914
1720880 914
1720890 920
1720900 924
1720910 924
1720920 932
1720930 936
1720940 936
1720950 940
1720960 943
1720970 943
1720980 947
1720990 950
1721000 953
1721010 953
1721020 956
1721030 958
1721040 958
1721050 961
1721060 962
1721070 962
1721080 963
1721090 964
1721100 964
1721110 964
1721120 963
1721130 963
1721140 963
1721150 962
1721160 962
1721170 961
1721180 961
1721190 961
1721200 960
1721210 959
1721220 959
1721230 954
1721240 953
1721250 953
1721260 950
1721270 950
1721280 950
1721290 949
1721300 951
1721310 951
1721320 953
1721330 955
1721340 955
1721350 956
1721360 958
1721370 959
1721380 959
1721390 961
1721400 962
1721410 962
1721420 963
1721430 964
1721440 964
1721450 964
1721460 965
1721470 965
1721480 965
1721490 965
1721500 965
1721510 965
1721520 964
1721530 964
1721540 964
1721550 963
1721560 963
1721570 962
1721580 962
1721590 962
1721600 961
1721610 960
1721620 960
1721630 959
1721640 957
1721650 957
1721660 957
1721670 954
1721680 954
1721690 952
1721700 950
1721710 948
1721720 948
1721730 945
1721740 943
1721750 943
1721760 940
1721770 937
1721780 937
1721790 934
1721800 931
1721810 931
1721820 928
1721830 925
1721840 925
1721850 922
1721860 919
1721870 919
1721880 917
1721890 916
1721900 916
1721910 914
1721920 913
1721930 913
1721940 911
1721950 909
1721960 909
1721970 906
1721980 904
1721990 904
1722000 903
1722010 901
1722020 901
1722030 898
1722040 897
1722050 897
1722060 895
1722070 895
1722080 895
1722090 895
1722100 894
1722110 893
1722120 893
1722130 891
1722140 889
1722150 889
1722160 886
1722170 883
1722180 883
1722190 881
1722200 877
1722210 877
1722220 874
1722230 871
1722240 871
1722250 868
1722260 865
1722270 865
1722280 861
1722290 857
1722300 857
1722310 852
1722320 849
1722330 849
1722340 844
1722350 839
1722360 839
1722370 835
1722380 830
1722390 830
1722400 826
1722410 821
1722420 816
1722430 816
1722440 812
1722450 807
1722460 807
1722470 803
1722480 798
1722490 798
1722500 794
1722510 789
1722520 789
1722530 785
1722540 780
1722550 780
1722560 772
1722570 765
1722580 765
1722590 759
1722600 754
1722610 754
1722620 756
1722630 758
1722640 758
1722650 758
1722660 756
1722670 756
1722680 752
1722690 748
1722700 748
1722710 743
1722720 737
1722730 737
1722740 732
1722750 726
1722760 726
1722770 721
1722780 720
1722790 720
1722800 720
1722810 719
1722820 721
1722830 721
1722840 720
1722850 718
1722860 718
1722870 716
1722880 713
1722890 713
1722900 709
1722910 707
1722920 707
1722930 705
1722940 702
1722950 702
1722960 700
1722970 698
1722980 698
1722990 697
1723000 696
1723010 696
1723020 695
1723030 694
1723040 694
1723050 691
1723060 689
1723070 689
1723080 686
1723090 683
1723100 683
1723110 679
1723120 676
1723130 671
1723140 671
1723150 666
1723160 659
1723170 659
1723180 651
1723190 648
1723200 648
1723210 647
1723220 646
1723230 646
1723240 643
1723250 644
1723260 644
1723270 644
1723280 650
1723290 650
1723300 657
1723310 665
1723320 665
1723330 670
1723340 676
1723350 676
1723360 686
1723370 691
1723380 691
1723390 697
1723400 702
1723410 702
1723420 706
1723430 713
1723440 713
1723450 718
1723460 723
1723470 727
1723480 727
1723490 732
1723500 737
1723510 737
1723520 744
1723530 748
1723540 748
1723550 753
1723560 758
1723570 758
1723580 763
1723590 768
1723600 768
1723610 772
1723620 776
1723630 776
1723640 779
1723650 781
1723660 781
1723670 784
1723680 786
1723690 786
1723700 788
1723710 789
1723720 789
1723730 790
1723740 790
1723750 790
1723760 789
1723770 786
1723780 786
1723790 783
1723800 779
1723810 779
1723820 774
1723830 768
1723840 763
1723850 763
1723860 758
1723870 755
1723880 755
1723890 752
1723900 748
1723910 748
1723920 746
1723930 743
1723940 743
1723950 740
1723960 737
1723970 737
1723980 733
1723990 727
1724000 727
1724010 722
1724020 720
1724030 720
1724040 720
1724050 724
1724060 724
1724070 726
1724080 729
1724090 729
1724100 731
1724110 732
1724120 732
1724130 732
1724140 732
1724150 732
1724160 731
1724170 731
1724180 731
1724190 731
1724200 731
1724210 730
1724220 730
1724230 727
1724240 724
1724250 724
1724260 720
1724270 717
1724280 717
1724290 714
1724300 710
1724310 710
1724320 707
1724330 704
1724340 704
1724350 701
1724360 699
1724370 699
1724380 697
1724390 693
1724400 693
1724410 689
1724420 686
1724430 686
1724440 682
1724450 679
1724460 679
1724470 676
1724480 672
1724490 672
1724500 668
1724510 664
1724520 664
1724530 661
1724540 657
1724550 654
1724560 654
1724570 652
1724580 650
1724590 650
1724600 648
1724610 650
1724620 650
1724630 653
1724640 655
1724650 655
1724660 652
1724670 647
1724680 647
1724690 646
1724700 650
1724710 650
1724720 653
1724730 656
1724740 656
1724750 658
1724760 660
1724770 660
1724780 661
1724790 661
1724800 661
1724810 660
1724820 659
1724830 659
1724840 658
1724850 657
1724860 657
1724870 654
1724880 650
1724890 646
1724900 646
1724910 643
1724920 639
1724930 639
1724940 636
1724950 632
1724960 632
1724970 628
1724980 623
1724990 623
1725000 618
1725010 613
1725020 613
1725030 610
1725040 607
1725050 607
1725060 610
1725070 613
1725080 613
1725090 614
1725100 614
1725110 614
1725120 612
1725130 610
1725140 610
1725150 608
1725160 608
1725170 608
1725180 611
1725190 614
1725200 614
1725210 616
1725220 619
1725230 619
1725240 619
1725250 619
1725260 622
1725270 622
1725280 622
1725290 620
1725300 620
1725310 619
1725320 622
1725330 622
1725340 625
1725350 629
1725360 629
1725370 631
1725380 632
1725390 632
1725400 633
1725410 632
1725420 632
1725430 631
1725440 629
1725450 629
1725460 628
1725470 627
1725480 627
1725490 626
1725500 625
1725510 625
1725520 624
1725530 622
1725540 622
1725550 621
1725560 619
1725570 619
1725580 617
1725590 614
1725600 611
1725610 611
1725620 608
1725630 605
1725640 605
1725650 603
1725660 598
1725670 598
1725680 591
1725690 589
1725700 590
1725710 590
1725720 594
1725730 594
1725740 601
1725750 607
1725760 607
1725770 612
1725780 613
1725790 613
1725800 611
1725810 611
1725820 611
1725830 611
1725840 609
1725850 609
1725860 607
1725870 604
1725880 604
1725890 604
1725900 602
1725910 602
1725920 602
1725930 598
1725940 598
1725950 592
1725960 591
1725970 589
1725980 589
1725990 586
1726000 586
1726010 586
1726020 586
1726030 585
1726040 585
1726050 584
1726060 584
1726070 584
1726080 584
1726090 585
1726100 585
1726110 585
1726120 584
1726130 584
1726140 585
1726150 585
1726160 585
1726170 585
1726180 585
1726190 585
1726200 585
1726210 585
1726220 585
1726230 585
1726240 585
1726250 585
1726260 586
1726270 585
1726280 585
1726290 584
1726300 584
1726310 584
1726320 584
1726330 584
1726340 584
1726350 584
1726360 584
1726370 584
1726380 584
1726390 585
1726400 586
1726410 586
1726420 586
1726430 586
1726440 586
1726450 585
1726460 585
1726470 585
1726480 585
1726490 586
1726500 586
1726510 586
1726520 584
1726530 584
1726540 585
1726550 585
1726560 585
1726570 585
1726580 585
1726590 585
1726600 585
1726610 584
1726620 584
1726630 585
1726640 585
1726650 585
1726660 585
1726670 585
1726680 585
1726690 585
1726700 585
1726710 585
1726720 585
1726730 588
1726740 589
1726750 589
1726760 588
1726770 588
1726780 588
1726790 588
1726800 589
1726810 589
1726820 589
1726830 589
1726840 589
1726850 589
1726860 590
1726870 590
1726880 589
1726890 589
1726900 589
1726910 589
1726920 589
1726930 589
1726940 589
1726950 589
1726960 589
1726970 589
1726980 589
1726990 589
1727000 589
1727010 589
1727020 589
1727030 589
1727040 589
1727050 589
1727060 589
1727070 589
1727080 589
1727090 589
1727100 589
1727110 589
1727120 589
1727130 588
1727140 588
1727150 588
1727160 588
1727170 588
1727180 588
1727190 589
1727200 589
1727210 589
1727220 588
1727230 588
1727240 588
1727250 588
1727260 588
1727270 588
1727280 588
1727290 588
1727300 588
1727310 588
1727320 588
1727330 588
1727340 588
1727350 589
1727360 589
1727370 588
1727380 588
1727390 588
1727400 588
1727410 588
1727420 588
1727430 588
1727440 588
1727450 588
1727460 588
1727470 588
1727480 589
1727490 589
1727500 590
1727510 590
1727520 590
1727530 590
1727540 591
1727550 591
1727560 590
1727570 589
1727580 589
1727590 591
1727600 592
1727610 592
1727620 592
1727630 592
1727640 592
1727650 593
1727660 593
1727670 593
1727680 593
1727690 592
1727700 592
1727710 591
1727720 590
1727730 590
1727740 590
1727750 590
1727760 590
1727770 590
1727780 590
1727790 591
1727800 591
1727810 590
1727820 590
1727830 590
1727840 591
1727850 591
1727860 591
1727870 591
1727880 592
1727890 592
1727900 593
1727910 593
1727920 593
1727930 594
1727940 593
1727950 593
1727960 593
1727970 594
1727980 594
1727990 595
1728000 596
1728010 596
1728020 596
1728030 598
1728040 598
1728050 601
1728060 602
1728070 602
1728080 602
1728090 602
1728100 603
1728110 603
1728120 603
1728130 603
1728140 603
1728150 603
1728160 603
1728170 603
1728180 603
1728190 604
1728200 604
1728210 606
1728220 606
1728230 606
1728240 604
1728250 604
1728260 604
1728270 604
1728280 604
1728290 604
1728300 605
1728310 605
1728320 605
1728330 605
1728340 604
1728350 604
1728360 604
1728370 604
1728380 604
1728390 604
1728400 605
1728410 605
1728420 605
1728430 605
1728440 605
1728450 605
1728460 605
1728470 605
1728480 605
1728490 605
1728500 605
1728510 605
1728520 605
1728530 606
1728540 606
1728550 608
1728560 609
1728570 609
1728580 609
1728590 609
1728600 609
1728610 612
1728620 613
1728630 613
1728640 614
1728650 612
1728660 612
1728670 613
1728680 614
1728690 614
1728700 614
1728710 615
1728720 615
1728730 616
1728740 616
1728750 616
1728760 617
1728770 618
1728780 618
1728790 618
1728800 619
1728810 620
1728820 620
1728830 621
1728840 622
1728850 622
1728860 623
1728870 624
1728880 624
1728890 624
1728900 625
1728910 625
1728920 626
1728930 627
1728940 627
1728950 628
1728960 628
1728970 628
1728980 629
1728990 630
1729000 630
1729010 630
1729020 631
1729030 631
1729040 632
1729050 633
1729060 633
1729070 633
1729080 634
1729090 634
1729100 635
1729110 635
1729120 635
1729130 636
1729140 636
1729150 636
1729160 636
1729170 636
1729180 636
1729190 636
1729200 637
1729210 637
1729220 637
1729230 638
1729240 638
1729250 638
1729260 638
1729270 639
1729280 639
1729290 639
1729300 639
1729310 639
1729320 639
1729330 639
1729340 639
1729350 639
1729360 639
1729370 639
1729380 640
1729390 640
1729400 640
1729410 640
1729420 641
1729430 641
1729440 641
1729450 641
1729460 641
1729470 641
1729480 641
1729490 642
1729500 642
1729510 642
1729520 642
1729530 642
1729540 642
1729550 643
1729560 643
1729570 643
1729580 643
1729590 643
1729600 643
1729610 643
1729620 643
1729630 643
1729640 643
1729650 643
1729660 643
1729670 643
1729680 643
1729690 643
1729700 643
1729710 643
1729720 643
1729730 643
1729740 643
1729750 643
1729760 644
1729770 644
1729780 643
1729790 643
1729800 643
1729810 643
1729820 642
1729830 642
1729840 643
1729850 643
1729860 644
1729870 644
1729880 644
1729890 644
1729900 644
1729910 645
1729920 645
1729930 645
1729940 645
1729950 645
1729960 645
1729970 645
1729980 645
1729990 645
1730000 645
1730010 645
1730020 645
1730030 644
1730040 644
1730050 644
1730060 644
1730070 645
1730080 645
1730090 645
1730100 645
1730110 645
1730120 645
1730130 645
1730140 645
1730150 646
1730160 646
1730170 646
1730180 646
1730190 646
1730200 646
1730210 646
1730220 645
1730230 645
1730240 645
1730250 644
1730260 643
1730270 643
1730280 641
1730290 637
1730300 637
1730310 634
1730320 633
1730330 633
1730340 633
1730350 632
1730360 632
1730370 633
1730380 633
1730390 633
1730400 633
1730410 633
1730420 633
1730430 633
1730440 633
1730450 633
1730460 634
1730470 633
1730480 633
1730490 633
1730500 633
1730510 633
1730520 633
1730530 634
1730540 634
1730550 634
1730560 633
1730570 634
1730580 634
1730590 634
1730600 635
1730610 635
1730620 635
1730630 635
1730640 635
1730650 635
1730660 635
1730670 635
1730680 634
1730690 635
1730700 635
1730710 637
1730720 642
1730730 642
1730740 642
1730750 642
1730760 642
1730770 642
1730780 642
1730790 642
1730800 642
1730810 642
1730820 642
1730830 642
1730840 642
1730850 642
1730860 642
1730870 642
1730880 642
1730890 642
1730900 641
1730910 641
1730920 641
1730930 641
1730940 641
1730950 641
1730960 641
1730970 641
1730980 641
1730990 641
1731000 641
1731010 641
1731020 640
1731030 641
1731040 641
1731050 641
1731060 641
1731070 641
1731080 641
1731090 642
1731100 642
1731110 642
1731120 641
1731130 641
1731140 641
1731150 641
1731160 641
1731170 641
1731180 641
1731190 641
1731200 642
1731210 642
1731220 642
1731230 642
1731240 642
1731250 642
1731260 642
1731270 642
1731280 642
1731290 642
1731300 641
1731310 641
1731320 641
1731330 641
1731340 641
1731350 641
1731360 640
1731370 640
1731380 640
1731390 640
1731400 640
1731410 640
1731420 640
1731430 641
1731440 641
1731450 641
1731460 641
1731470 641
1731480 642
1731490 642
1731500 642
1731510 643
1731520 642
1731530 642
1731540 639
1731550 643
1731560 643
1731570 646
1731580 645
1731590 645
1731600 644
1731610 645
1731620 645
1731630 645
1731640 645
1731650 645
1731660 645
1731670 646
1731680 646
1731690 646
1731700 646
1731710 646
1731720 646
1731730 646
1731740 646
1731750 646
1731760 647
1731770 647
1731780 647
1731790 647
1731800 647
1731810 647
1731820 647
1731830 647
1731840 647
1731850 649
1731860 650
1731870 650
1731880 651
1731890 651
1731900 651
1731910 652
1731920 652
1731930 652
1731940 652
1731950 653
1731960 653
1731970 653
1731980 653
1731990 653
1732000 653
1732010 653
1732020 654
1732030 654
1732040 654
1732050 654
1732060 654
1732070 654
1732080 654
1732090 654
1732100 655
1732110 655
1732120 655
1732130 656
1732140 656
1732150 656
1732160 657
1732170 658
1732180 656
1732190 657
1732200 658
1732210 658
1732220 658
1732230 659
1732240 659
1732250 659
1732260 660
1732270 660
1732280 660
1732290 660
1732300 660
1732310 661
1732320 661
1732330 662
1732340 662
1732350 662
1732360 663
1732370 663
1732380 664
1732390 664
1732400 664
1732410 665
1732420 665
1732430 665
1732440 666
1732450 667
1732460 667
1732470 667
1732480 668
1732490 668
1732500 669
1732510 670
1732520 670
1732530 670
1732540 671
1732550 671
1732560 671
1732570 671
1732580 671
1732590 673
1732600 673
1732610 673
1732620 672
1732630 669
1732640 669
1732650 668
1732660 667
1732670 667
1732680 665
1732690 664
1732700 662
1732710 662
1732720 660
1732730 658
1732740 658
1732750 655
1732760 654
1732770 654
1732780 655
1732790 654
1732800 654
1732810 653
1732820 652
1732830 652
1732840 651
1732850 651
1732860 651
1732870 653
1732880 654
1732890 654
1732900 651
1732910 649
1732920 649
1732930 649
1732940 649
1732950 649
1732960 649
1732970 649
1732980 649
1732990 649
1733000 650
1733010 650
1733020 651
1733030 651
1733040 651
1733050 651
1733060 652
1733070 652
1733080 652
1733090 653
1733100 653
1733110 653
1733120 653
1733130 653
1733140 653
1733150 653
1733160 653
1733170 653
1733180 654
1733190 654
1733200 654
1733210 655
1733220 656
1733230 656
1733240 656
1733250 657
1733260 657
1733270 657
1733280 658
1733290 658
1733300 659
1733310 660
1733320 660
1733330 660
1733340 661
1733350 661
1733360 662
1733370 662
1733380 662
1733390 663
1733400 664
1733410 665
1733420 665
1733430 667
1733440 667
1733450 667
1733460 667
1733470 667
1733480 667
1733490 668
1733500 668
1733510 668
1733520 669
1733530 670
1733540 670
1733550 670
1733560 670
1733570 670
1733580 672
1733590 673
1733600 673
1733610 675
1733620 677
1733630 677
1733640 680
1733650 683
1733660 683
1733670 685
1733680 688
1733690 688
1733700 691
1733710 694
1733720 694
1733730 697
1733740 701
1733750 704
1733760 704
1733770 706
1733780 707
1733790 707
1733800 707
1733810 709
1733820 709
1733830 708
1733840 706
1733850 706
1733860 702
1733870 698
1733880 698
1733890 696
1733900 696
1733910 696
1733920 697
1733930 699
1733940 699
1733950 701
1733960 702
1733970 702
1733980 703
1733990 705
1734000 705
1734010 707
1734020 708
1734030 708
1734040 709
1734050 711
1734060 711
1734070 713
1734080 716
1734090 716
1734100 720
1734110 723
1734120 725
1734130 725
1734140 728
1734150 730
1734160 730
1734170 731
1734180 732
1734190 732
1734200 728
1734210 727
1734220 727
1734230 729
1734240 730
1734250 730
1734260 731
1734270 732
1734280 732
1734290 733
1734300 734
1734310 734
1734320 734
1734330 737
1734340 737
1734350 738
1734360 740
1734370 740
1734380 741
1734390 742
1734400 742
1734410 743
1734420 745
1734430 745
1734440 746
1734450 747
1734460 747
1734470 747
1734480 747
1734490 746
1734500 746
1734510 746
1734520 746
1734530 746
1734540 746
1734550 744
1734560 744
1734570 743
1734580 742
1734590 742
1734600 741
1734610 741
1734620 741
1734630 740
1734640 739
1734650 739
1734660 738
1734670 737
1734680 737
1734690 736
1734700 735
1734710 735
1734720 735
1734730 735
1734740 735
1734750 735
1734760 734
1734770 734
1734780 733
1734790 732
1734800 732
1734810 731
1734820 731
1734830 731
1734840 731
1734850 730
1734860 730
1734870 730
1734880 729
1734890 729
1734900 729
1734910 727
1734920 725
1734930 725
1734940 722
1734950 721
1734960 721
1734970 720
1734980 720
1734990 720
1735000 720
1735010 720
1735020 720
1735030 723
1735040 725
1735050 725
1735060 723
1735070 725
1735080 725
1735090 725
1735100 725
1735110 725
1735120 727
1735130 727
1735140 727
1735150 728
1735160 729
1735170 730
1735180 730
1735190 731
1735200 733
1735210 733
1735220 734
1735230 735
1735240 735
1735250 735
1735260 736
1735270 736
1735280 738
1735290 740
1735300 740
1735310 743
1735320 744
1735330 744
1735340 744
1735350 746
1735360 746
1735370 747
1735380 747
1735390 747
1735400 746
1735410 747
1735420 747
1735430 749
1735440 751
1735450 751
1735460 751
1735470 752
1735480 752
1735490 756
1735500 762
1735510 765
1735520 765
1735530 769
1735540 772
1735550 772
1735560 774
1735570 774
1735580 774
1735590 775
1735600 776
1735610 776
1735620 778
1735630 779
1735640 779
1735650 781
1735660 782
1735670 782
1735680 785
1735690 785
1735700 785
1735710 787
1735720 790
1735730 790
1735740 792
1735750 794
1735760 794
1735770 795
1735780 796
1735790 796
1735800 796
1735810 795
1735820 795
1735830 795
1735840 794
1735850 794
1735860 794
1735870 795
1735880 795
1735890 795
1735900 795
1735910 794
1735920 794
1735930 793
1735940 793
1735950 793
1735960 790
1735970 791
1735980 791
1735990 790
1736000 788
1736010 788
1736020 788
1736030 787
1736040 787
1736050 786
1736060 786
1736070 786
1736080 784
1736090 781
1736100 781
1736110 778
1736120 783
1736130 783
1736140 789
1736150 794
1736160 790
1736170 793
1736180 796
1736190 796
1736200 796
1736210 795
1736220 793
1736230 793
1736240 791
1736250 788
1736260 788
1736270 784
1736280 778
1736290 778
1736300 773
1736310 768
1736320 768
1736330 765
1736340 761
1736350 761
1736360 757
1736370 753
1736380 753
1736390 749
1736400 745
1736410 745
1736420 741
1736430 738
1736440 738
1736450 733
1736460 728
1736470 728
1736480 724
1736490 721
1736500 721
1736510 719
1736520 718
1736530 718
1736540 718
1736550 713
1736560 713
1736570 708
1736580 704
1736590 702
1736600 702
1736610 702
1736620 702
1736630 702
1736640 702
1736650 703
1736660 703
1736670 703
1736680 703
1736690 703
1736700 704
1736710 704
1736720 704
1736730 704
1736740 703
1736750 703
1736760 704
1736770 712
1736780 712
1736790 714
1736800 717
1736810 717
1736820 719
1736830 725
1736840 725
1736850 732
1736860 737
1736870 737
1736880 741
1736890 746
1736900 746
1736910 751
1736920 755
1736930 759
1736940 759
1736950 763
1736960 769
1736970 769
1736980 774
1736990 781
1737000 781
1737010 787
1737020 794
1737030 794
1737040 802
1737050 809
1737060 809
1737070 816
1737080 823
1737090 823
1737100 830
1737110 834
1737120 834
1737130 843
1737140 849
1737150 849
1737160 856
1737170 862
1737180 862
1737190 868
1737200 873
1737210 873
1737220 878
1737230 882
1737240 882
1737250 885
1737260 888
1737270 888
1737280 891
1737290 895
1737300 900
1737310 900
1737320 905
1737330 911
1737340 911
1737350 916
1737360 921
1737370 921
1737380 927
1737390 931
1737400 931
1737410 936
1737420 940
1737430 940
1737440 943
1737450 945
1737460 945
1737470 943
1737480 941
1737490 941
1737500 940
1737510 938
1737520 938
1737530 937
1737540 936
1737550 936
1737560 937
1737570 941
1737580 941
1737590 947
1737600 953
1737610 953
1737620 959
1737630 964
1737640 969
1737650 969
1737660 974
1737670 980
1737680 980
1737690 986
1737700 994
1737710 994
1737720 993
1737730 994
1737740 994
1737750 994
1737760 992
1737770 992
1737780 987
1737790 983
1737800 983
1737810 981
1737820 978
1737830 978
1737840 976
1737850 977
1737860 977
1737870 981
1737880 986
1737890 986
1737900 990
1737910 996
1737920 996
1737930 999
1737940 1004
1737950 1004
1737960 1009
1737970 1012
1737980 1012
1737990 1014
1738000 1014
1738010 1015
1738020 1015
1738030 1016
1738040 1017
1738050 1017
1738060 1025
1738070 1028
1738080 1028
1738090 1031
1738100 1035
1738110 1035
1738120 1039
1738130 1044
1738140 1044
1738150 1049
1738160 1054
1738170 1054
1738180 1058
1738190 1062
1738200 1062
1738210 1064
1738220 1064
1738230 1064
1738240 1063
1738250 1059
1738260 1059
1738270 1054
1738280 1050
1738290 1050
1738300 1044
1738310 1039
1738320 1039
1738330 1034
1738340 1028
1738350 1022
1738360 1022
1738370 1015
1738380 1008
1738390 1008
1738400 1004
1738410 997
1738420 997
1738430 991
1738440 985
1738450 985
1738460 981
1738470 978
1738480 978
1738490 976
1738500 974
1738510 974
1738520 971
1738530 969
1738540 969
1738550 965
1738560 963
1738570 963
1738580 963
1738590 965
1738600 965
1738610 967
1738620 968
1738630 968
1738640 968
1738650 967
1738660 967
1738670 965
1738680 964
1738690 964
1738700 961
1738710 959
1738720 956
1738730 956
1738740 956
1738750 964
1738760 964
1738770 971
1738780 978
1738790 978
1738800 985
1738810 990
1738820 990
1738830 998
1738840 1004
1738850 1004
1738860 1011
1738870 1017
1738880 1017
1738890 1023
1738900 1028
1738910 1028
1738920 1034
1738930 1038
1738940 1038
1738950 1041
1738960 1043
1738970 1043
1738980 1044
1738990 1044
1739000 1044
1739010 1044
1739020 1044
1739030 1044
1739040 1043
1739050 1042
1739060 1040
1739070 1040
1739080 1036
1739090 1035
1739100 1035
1739110 1039
1739120 1041
1739130 1041
1739140 1044
1739150 1048
1739160 1048
1739170 1051
1739180 1050
1739190 1050
1739200 1048
1739210 1047
1739220 1047
1739230 1046
1739240 1045
1739250 1045
1739260 1043
1739270 1039
1739280 1039
1739290 1034
1739300 1030
1739310 1030
1739320 1026
1739330 1023
1739340 1023
1739350 1021
1739360 1018
1739370 1018
1739380 1013
1739390 1011
1739400 1011
1739410 1018
1739420 1026
1739430 1032
1739440 1032
1739450 1039
1739460 1046
1739470 1046
1739480 1053
1739490 1060
1739500 1060
1739510 1067
1739520 1074
1739530 1074
1739540 1081
1739550 1087
1739560 1087
1739570 1094
1739580 1101
1739590 1101
1739600 1106
1739610 1112
1739620 1112
1739630 1117
1739640 1122
1739650 1122
1739660 1124
1739670 1125
1739680 1125
1739690 1123
1739700 1122
1739710 1122
1739720 1123
1739730 1123
1739740 1123
1739750 1122
1739760 1121
1739770 1121
1739780 1121
1739790 1128
1739800 1136
1739810 1136
1739820 1142
1739830 1150
1739840 1150
1739850 1157
1739860 1164
1739870 1164
1739880 1170
1739890 1177
1739900 1174
1739910 1180
1739920 1186
1739930 1186
1739940 1191
1739950 1195
1739960 1195
1739970 1199
1739980 1202
1739990 1202
