1720000 1092
1720010 1092
1720020 1091
1720030 1090
1720040 1090
1720050 1090
1720060 1089
1720070 1089
1720080 1088
1720090 1086
1720100 1086
1720110 1085
1720120 1084
1720130 1084
1720140 1081
1720150 1078
1720160 1078
1720170 1074
1720180 1070
1720190 1070
1720200 1066
1720210 1062
1720220 1058
1720230 1058
1720240 1052
1720250 1049
1720260 1049
1720270 1043
1720280 1039
1720290 1039
1720300 1035
1720310 1031
1720320 1031
1720330 1028
1720340 1023
1720350 1023
1720360 1019
1720370 1014
1720380 1014
1720390 1007
1720400 1004
1720410 1004
1720420 999
1720430 995
1720440 995
1720450 991
1720460 986
1720470 986
1720480 981
1720490 975
1720500 975
1720510 970
1720520 962
1720530 962
1720540 958
1720550 952
1720560 946
1720570 946
1720580 941
1720590 935
1720600 935
1720610 928
1720620 921
1720630 921
1720640 915
1720650 908
1720660 908
1720670 901
1720680 894
1720690 894
1720700 886
1720710 879
1720720 879
1720730 872
1720740 866
1720750 866
1720760 862
1720770 859
1720780 859
1720790 856
1720800 858
1720810 858
1720820 861
1720830 865
1720840 865
1720850 871
1720860 874
1720870 874
1720880 879
1720890 883
1720900 883
1720910 888
1720920 892
1720930 897
1720940 897
1720950 901
1720960 906
1720970 906
1720980 910
1720990 914
1721000 914
1721010 919
1721020 923
1721030 923
1721040 927
1721050 931
1721060 931
1721070 935
1721080 939
1721090 939
1721100 944
1721110 949
1721120 949
1721130 953
1721140 958
1721150 958
1721160 963
1721170 968
1721180 968
1721190 972
1721200 977
1721210 977
1721220 982
1721230 988
1721240 988
1721250 993
1721260 999
1721270 1004
1721280 1004
1721290 1009
1721300 1014
1721310 1014
1721320 1018
1721330 1021
1721340 1021
1721350 1025
1721360 1028
1721370 1028
1721380 1033
1721390 1037
1721400 1037
1721410 1035
1721420 1031
1721430 1031
1721440 1028
1721450 1025
1721460 1025
1721470 1023
1721480 1020
1721490 1020
1721500 1018
1721510 1016
1721520 1016
1721530 1014
1721540 1012
1721550 1012
1721560 1010
1721570 1008
1721580 1008
1721590 1006
1721600 1004
1721610 1004
1721620 1003
1721630 1001
1721640 999
1721650 999
1721660 997
1721670 994
1721680 994
1721690 991
1721700 988
1721710 988
1721720 985
1721730 984
1721740 984
1721750 983
1721760 983
1721770 983
1721780 983
1721790 982
1721800 982
1721810 980
1721820 979
1721830 979
1721840 978
1721850 976
1721860 976
1721870 974
1721880 971
1721890 971
1721900 968
1721910 965
1721920 965
1721930 961
1721940 957
1721950 957
1721960 952
1721970 948
1721980 943
1721990 943
1722000 939
1722010 935
1722020 935
1722030 931
1722040 927
1722050 927
1722060 923
1722070 920
1722080 920
1722090 916
1722100 912
1722110 912
1722120 909
1722130 904
1722140 904
1722150 902
1722160 896
1722170 896
1722180 892
1722190 889
1722200 889
1722210 885
1722220 881
1722230 881
1722240 878
1722250 874
1722260 874
1722270 870
1722280 867
1722290 867
1722300 863
1722310 860
1722320 860
1722330 857
1722340 853
1722350 850
1722360 850
1722370 846
1722380 843
1722390 843
1722400 840
1722410 838
1722420 838
1722430 836
1722440 836
1722450 836
1722460 837
1722470 838
1722480 838
1722490 838
1722500 839
1722510 839
1722520 839
1722530 839
1722540 839
1722550 840
1722560 840
1722570 840
1722580 840
1722590 839
1722600 839
1722610 839
1722620 837
1722630 837
1722640 835
1722650 830
1722660 830
1722670 826
1722680 821
1722690 816
1722700 816
1722710 809
1722720 805
1722730 805
1722740 799
1722750 792
1722760 792
1722770 786
1722780 779
1722790 779
1722800 772
1722810 765
1722820 765
1722830 758
1722840 751
1722850 751
1722860 744
1722870 736
1722880 736
1722890 729
1722900 722
1722910 722
1722920 713
1722930 708
1722940 708
1722950 700
1722960 691
1722970 691
1722980 684
1722990 679
1723000 679
1723010 677
1723020 678
1723030 678
1723040 679
1723050 683
1723060 691
1723070 691
1723080 699
1723090 707
1723100 707
1723110 715
1723120 722
1723130 722
1723140 729
1723150 737
1723160 737
1723170 744
1723180 750
1723190 750
1723200 759
1723210 766
1723220 766
1723230 772
1723240 773
1723250 773
1723260 770
1723270 767
1723280 767
1723290 763
1723300 757
1723310 757
1723320 763
1723330 768
1723340 768
1723350 774
1723360 778
1723370 778
1723380 784
1723390 789
1723400 794
1723410 794
1723420 798
1723430 804
1723440 804
1723450 809
1723460 813
1723470 813
1723480 818
1723490 822
1723500 822
1723510 826
1723520 830
1723530 830
1723540 833
1723550 835
1723560 835
1723570 837
1723580 837
1723590 837
1723600 837
1723610 835
1723620 835
1723630 834
1723640 832
1723650 832
1723660 830
1723670 827
1723680 827
1723690 825
1723700 823
1723710 823
1723720 820
1723730 818
1723740 818
1723750 816
1723760 814
1723770 812
1723780 812
1723790 810
1723800 808
1723810 808
1723820 806
1723830 803
1723840 803
1723850 800
1723860 796
1723870 796
1723880 793
1723890 789
1723900 789
1723910 785
1723920 780
1723930 780
1723940 776
1723950 770
1723960 770
1723970 766
1723980 762
1723990 762
1724000 758
1724010 754
1724020 754
1724030 750
1724040 746
1724050 746
1724060 743
1724070 738
1724080 738
1724090 733
1724100 734
1724110 734
1724120 740
1724130 744
1724140 746
1724150 746
1724160 748
1724170 744
1724180 744
1724190 739
1724200 745
1724210 745
1724220 749
1724230 753
1724240 753
1724250 756
1724260 760
1724270 760
1724280 765
1724290 765
1724300 765
1724310 766
1724320 767
1724330 767
1724340 768
1724350 767
1724360 767
1724370 766
1724380 765
1724390 765
1724400 762
1724410 758
1724420 758
1724430 754
1724440 753
1724450 753
1724460 752
1724470 753
1724480 755
1724490 755
1724500 758
1724510 764
1724520 764
1724530 767
1724540 771
1724550 771
1724560 775
1724570 779
1724580 779
1724590 782
1724600 785
1724610 785
1724620 787
1724630 787
1724640 787
1724650 787
1724660 785
1724670 785
1724680 784
1724690 781
1724700 781
1724710 778
1724720 776
1724730 776
1724740 774
1724750 771
1724760 771
1724770 769
1724780 766
1724790 766
1724800 763
1724810 760
1724820 760
1724830 757
1724840 754
1724850 750
1724860 750
1724870 746
1724880 743
1724890 743
1724900 739
1724910 737
1724920 737
1724930 734
1724940 732
1724950 732
1724960 730
1724970 729
1724980 729
1724990 727
1725000 724
1725010 724
1725020 722
1725030 720
1725040 720
1725050 716
1725060 714
1725070 714
1725080 711
1725090 708
1725100 708
1725110 705
1725120 702
1725130 702
1725140 700
1725150 699
1725160 699
1725170 696
1725180 694
1725190 691
1725200 691
1725210 689
1725220 687
1725230 687
1725240 682
1725250 677
1725260 677
1725270 672
1725280 665
1725290 665
1725300 661
1725310 653
1725320 653
1725330 648
1725340 647
1725350 647
1725360 652
1725370 657
1725380 657
1725390 666
1725400 666
1725410 666
1725420 664
1725430 658
1725440 658
1725450 658
1725460 663
1725470 663
1725480 665
1725490 670
1725500 670
1725510 672
1725520 674
1725530 674
1725540 676
1725550 676
1725560 676
1725570 676
1725580 677
1725590 678
1725600 678
1725610 679
1725620 680
1725630 680
1725640 680
1725650 679
1725660 679
1725670 678
1725680 677
1725690 677
1725700 676
1725710 676
1725720 676
1725730 676
1725740 675
1725750 675
1725760 675
1725770 675
1725780 675
1725790 674
1725800 674
1725810 674
1725820 673
1725830 672
1725840 672
1725850 671
1725860 670
1725870 670
1725880 670
1725890 669
1725900 668
1725910 668
1725920 668
1725930 663
1725940 663
1725950 661
1725960 659
1725970 659
1725980 658
1725990 658
1726000 658
1726010 655
1726020 654
1726030 654
1726040 653
1726050 652
1726060 652
1726070 651
1726080 651
1726090 651
1726100 650
1726110 648
1726120 648
1726130 647
1726140 646
1726150 646
1726160 646
1726170 644
1726180 644
1726190 643
1726200 642
1726210 642
1726220 641
1726230 640
1726240 640
1726250 639
1726260 637
1726270 636
1726280 636
1726290 635
1726300 634
1726310 634
1726320 633
1726330 632
1726340 632
1726350 631
1726360 631
1726370 631
1726380 629
1726390 627
1726400 627
1726410 626
1726420 624
1726430 624
1726440 622
1726450 622
1726460 622
1726470 620
1726480 619
1726490 619
1726500 618
1726510 617
1726520 617
1726530 615
1726540 611
1726550 611
1726560 607
1726570 603
1726580 603
1726590 599
1726600 596
1726610 595
1726620 595
1726630 593
1726640 593
1726650 593
1726660 592
1726670 593
1726680 593
1726690 593
1726700 593
1726710 593
1726720 597
1726730 596
1726740 596
1726750 595
1726760 597
1726770 597
1726780 597
1726790 597
1726800 597
1726810 597
1726820 596
1726830 596
1726840 596
1726850 595
1726860 595
1726870 595
1726880 594
1726890 594
1726900 594
1726910 593
1726920 593
1726930 593
1726940 593
1726950 593
1726960 593
1726970 593
1726980 593
1726990 593
1727000 594
1727010 594
1727020 594
1727030 595
1727040 589
1727050 589
1727060 589
1727070 590
1727080 590
1727090 591
1727100 589
1727110 589
1727120 589
1727130 589
1727140 589
1727150 589
1727160 589
1727170 589
1727180 590
1727190 589
1727200 589
1727210 588
1727220 588
1727230 588
1727240 589
1727250 589
1727260 589
1727270 589
1727280 589
1727290 589
1727300 589
1727310 589
1727320 589
1727330 589
1727340 589
1727350 589
1727360 589
1727370 589
1727380 588
1727390 588
1727400 588
1727410 589
1727420 589
1727430 589
1727440 589
1727450 589
1727460 589
1727470 589
1727480 589
1727490 589
1727500 589
1727510 589
1727520 590
1727530 589
1727540 589
1727550 588
1727560 588
1727570 588
1727580 588
1727590 589
1727600 589
1727610 589
1727620 590
1727630 590
1727640 589
1727650 590
1727660 590
1727670 590
1727680 590
1727690 590
1727700 590
1727710 590
1727720 590
1727730 590
1727740 590
1727750 591
1727760 591
1727770 591
1727780 591
1727790 591
1727800 591
1727810 591
1727820 591
1727830 591
1727840 591
1727850 591
1727860 591
1727870 591
1727880 591
1727890 591
1727900 591
1727910 591
1727920 591
1727930 591
1727940 591
1727950 591
1727960 591
1727970 591
1727980 591
1727990 591
1728000 591
1728010 591
1728020 591
1728030 590
1728040 590
1728050 593
1728060 594
1728070 594
1728080 592
1728090 591
1728100 591
1728110 591
1728120 591
1728130 591
1728140 592
1728150 592
1728160 592
1728170 592
1728180 591
1728190 591
1728200 591
1728210 592
1728220 592
1728230 592
1728240 592
1728250 592
1728260 592
1728270 592
1728280 592
1728290 592
1728300 592
1728310 592
1728320 592
1728330 593
1728340 593
1728350 594
1728360 594
1728370 594
1728380 594
1728390 597
1728400 600
1728410 600
1728420 601
1728430 602
1728440 602
1728450 602
1728460 602
1728470 602
1728480 602
1728490 603
1728500 603
1728510 603
1728520 603
1728530 603
1728540 604
1728550 604
1728560 604
1728570 604
1728580 604
1728590 604
1728600 604
1728610 604
1728620 604
1728630 605
1728640 605
1728650 605
1728660 605
1728670 606
1728680 606
1728690 606
1728700 606
1728710 606
1728720 606
1728730 607
1728740 607
1728750 607
1728760 607
1728770 607
1728780 607
1728790 607
1728800 608
1728810 608
1728820 608
1728830 608
1728840 608
1728850 608
1728860 608
1728870 608
1728880 608
1728890 608
1728900 608
1728910 608
1728920 609
1728930 609
1728940 609
1728950 609
1728960 609
1728970 609
1728980 609
1728990 609
1729000 609
1729010 609
1729020 609
1729030 609
1729040 609
1729050 609
1729060 610
1729070 610
1729080 610
1729090 610
1729100 610
1729110 610
1729120 610
1729130 610
1729140 610
1729150 610
1729160 611
1729170 611
1729180 611
1729190 611
1729200 611
1729210 611
1729220 611
1729230 611
1729240 611
1729250 611
1729260 612
1729270 612
1729280 612
1729290 612
1729300 612
1729310 613
1729320 613
1729330 613
1729340 613
1729350 613
1729360 613
1729370 613
1729380 613
1729390 613
1729400 614
1729410 613
1729420 613
1729430 614
1729440 614
1729450 614
1729460 614
1729470 614
1729480 614
1729490 614
1729500 615
1729510 615
1729520 615
1729530 615
1729540 616
1729550 616
1729560 615
1729570 615
1729580 615
1729590 615
1729600 616
1729610 616
1729620 616
1729630 616
1729640 616
1729650 617
1729660 617
1729670 617
1729680 617
1729690 617
1729700 617
1729710 618
1729720 618
1729730 618
1729740 618
1729750 618
1729760 618
1729770 619
1729780 619
1729790 619
1729800 619
1729810 619
1729820 619
1729830 619
1729840 620
1729850 620
1729860 620
1729870 620
1729880 620
1729890 620
1729900 620
1729910 620
1729920 620
1729930 620
1729940 620
1729950 620
1729960 620
1729970 620
1729980 620
1729990 620
1730000 620
1730010 620
1730020 621
1730030 621
1730040 621
1730050 620
1730060 621
1730070 621
1730080 621
1730090 622
1730100 622
1730110 622
1730120 622
1730130 622
1730140 622
1730150 623
1730160 623
1730170 623
1730180 623
1730190 622
1730200 622
1730210 623
1730220 623
1730230 623
1730240 623
1730250 623
1730260 623
1730270 623
1730280 623
1730290 623
1730300 623
1730310 623
1730320 623
1730330 623
1730340 624
1730350 624
1730360 624
1730370 624
1730380 624
1730390 624
1730400 624
1730410 624
1730420 624
1730430 624
1730440 624
1730450 624
1730460 624
1730470 624
1730480 624
1730490 624
1730500 624
1730510 624
1730520 624
1730530 624
1730540 624
1730550 624
1730560 624
1730570 624
1730580 627
1730590 630
1730600 630
1730610 632
1730620 631
1730630 631
1730640 631
1730650 631
1730660 631
1730670 631
1730680 631
1730690 631
1730700 631
1730710 631
1730720 631
1730730 631
1730740 631
1730750 631
1730760 632
1730770 632
1730780 632
1730790 632
1730800 632
1730810 632
1730820 632
1730830 632
1730840 632
1730850 632
1730860 632
1730870 632
1730880 632
1730890 632
1730900 632
1730910 632
1730920 632
1730930 632
1730940 632
1730950 632
1730960 631
1730970 631
1730980 631
1730990 631
1731000 631
1731010 630
1731020 630
1731030 630
1731040 630
1731050 630
1731060 630
1731070 629
1731080 629
1731090 629
1731100 629
1731110 629
1731120 629
1731130 629
1731140 629
1731150 629
1731160 629
1731170 630
1731180 630
1731190 631
1731200 631
1731210 631
1731220 631
1731230 631
1731240 631
1731250 631
1731260 630
1731270 630
1731280 630
1731290 630
1731300 630
1731310 630
1731320 629
1731330 629
1731340 629
1731350 629
1731360 629
1731370 629
1731380 629
1731390 629
1731400 629
1731410 629
1731420 629
1731430 629
1731440 628
1731450 629
1731460 629
1731470 630
1731480 630
1731490 630
1731500 630
1731510 630
1731520 630
1731530 630
1731540 630
1731550 630
1731560 630
1731570 630
1731580 630
1731590 630
1731600 630
1731610 629
1731620 629
1731630 629
1731640 628
1731650 628
1731660 628
1731670 628
1731680 628
1731690 628
1731700 628
1731710 628
1731720 627
1731730 628
1731740 628
1731750 627
1731760 627
1731770 627
1731780 624
1731790 624
1731800 624
1731810 627
1731820 627
1731830 627
1731840 627
1731850 626
1731860 626
1731870 626
1731880 623
1731890 623
1731900 627
1731910 628
1731920 628
1731930 628
1731940 628
1731950 628
1731960 628
1731970 628
1731980 629
1731990 629
1732000 629
1732010 629
1732020 629
1732030 629
1732040 630
1732050 630
1732060 630
1732070 630
1732080 630
1732090 630
1732100 631
1732110 631
1732120 631
1732130 631
1732140 631
1732150 631
1732160 627
1732170 627
1732180 627
1732190 624
1732200 624
1732210 623
1732220 623
1732230 623
1732240 624
1732250 625
1732260 625
1732270 624
1732280 623
1732290 623
1732300 625
1732310 626
1732320 629
1732330 629
1732340 633
1732350 635
1732360 635
1732370 636
1732380 636
1732390 636
1732400 637
1732410 637
1732420 637
1732430 638
1732440 638
1732450 638
1732460 638
1732470 639
1732480 639
1732490 639
1732500 640
1732510 640
1732520 640
1732530 640
1732540 640
1732550 640
1732560 640
1732570 640
1732580 640
1732590 640
1732600 640
1732610 640
1732620 640
1732630 640
1732640 640
1732650 640
1732660 640
1732670 640
1732680 640
1732690 640
1732700 640
1732710 640
1732720 639
1732730 639
1732740 639
1732750 639
1732760 639
1732770 639
1732780 639
1732790 639
1732800 639
1732810 638
1732820 638
1732830 638
1732840 638
1732850 638
1732860 637
1732870 637
1732880 637
1732890 637
1732900 636
1732910 636
1732920 636
1732930 636
1732940 636
1732950 635
1732960 635
1732970 635
1732980 635
1732990 636
1733000 636
1733010 637
1733020 638
1733030 639
1733040 639
1733050 640
1733060 641
1733070 641
1733080 641
1733090 642
1733100 642
1733110 643
1733120 644
1733130 644
1733140 645
1733150 646
1733160 646
1733170 646
1733180 646
1733190 646
1733200 647
1733210 647
1733220 647
1733230 647
1733240 648
1733250 648
1733260 648
1733270 649
1733280 649
1733290 650
1733300 651
1733310 651
1733320 653
1733330 653
1733340 653
1733350 653
1733360 650
1733370 651
1733380 651
1733390 651
1733400 651
1733410 651
1733420 653
1733430 655
1733440 655
1733450 654
1733460 655
1733470 655
1733480 655
1733490 655
1733500 655
1733510 655
1733520 656
1733530 656
1733540 656
1733550 656
1733560 656
1733570 656
1733580 656
1733590 656
1733600 656
1733610 655
1733620 655
1733630 655
1733640 655
1733650 655
1733660 654
1733670 656
1733680 656
1733690 657
1733700 657
1733710 657
1733720 656
1733730 656
1733740 655
1733750 655
1733760 653
1733770 657
1733780 657
1733790 658
1733800 657
1733810 657
1733820 656
1733830 655
1733840 655
1733850 654
1733860 652
1733870 652
1733880 653
1733890 653
1733900 653
1733910 652
1733920 652
1733930 651
1733940 651
1733950 651
1733960 651
1733970 650
1733980 649
1733990 649
1734000 650
1734010 651
1734020 651
1734030 652
1734040 652
1734050 652
1734060 653
1734070 654
1734080 655
1734090 655
1734100 656
1734110 656
1734120 656
1734130 657
1734140 658
1734150 658
1734160 658
1734170 659
1734180 659
1734190 659
1734200 660
1734210 660
1734220 664
1734230 666
1734240 666
1734250 666
1734260 666
1734270 666
1734280 667
1734290 668
1734300 668
1734310 669
1734320 670
1734330 670
1734340 670
1734350 669
1734360 669
1734370 669
1734380 669
1734390 669
1734400 669
1734410 669
1734420 669
1734430 669
1734440 669
1734450 669
1734460 669
1734470 669
1734480 669
1734490 669
1734500 669
1734510 668
1734520 668
1734530 668
1734540 668
1734550 668
1734560 668
1734570 669
1734580 669
1734590 669
1734600 669
1734610 669
1734620 669
1734630 669
1734640 669
1734650 669
1734660 670
1734670 670
1734680 670
1734690 670
1734700 670
1734710 671
1734720 671
1734730 671
1734740 671
1734750 671
1734760 671
1734770 671
1734780 674
1734790 674
1734800 674
1734810 675
1734820 676
1734830 676
1734840 678
1734850 679
1734860 679
1734870 680
1734880 682
1734890 682
1734900 683
1734910 684
1734920 684
1734930 686
1734940 688
1734950 688
1734960 690
1734970 691
1734980 691
1734990 693
1735000 694
1735010 694
1735020 695
1735030 696
1735040 696
1735050 696
1735060 697
1735070 697
1735080 700
1735090 703
1735100 703
1735110 706
1735120 708
1735130 708
1735140 709
1735150 710
1735160 713
1735170 713
1735180 714
1735190 716
1735200 716
1735210 717
1735220 718
1735230 718
1735240 718
1735250 719
1735260 719
1735270 722
1735280 727
1735290 727
1735300 734
1735310 735
1735320 735
1735330 736
1735340 738
1735350 738
1735360 740
1735370 743
1735380 743
1735390 744
1735400 744
1735410 744
1735420 744
1735430 744
1735440 744
1735450 744
1735460 744
1735470 744
1735480 744
1735490 744
1735500 744
1735510 744
1735520 744
1735530 744
1735540 744
1735550 743
1735560 743
1735570 743
1735580 743
1735590 743
1735600 743
1735610 740
1735620 739
1735630 739
1735640 737
1735650 735
1735660 735
1735670 733
1735680 729
1735690 729
1735700 727
1735710 725
1735720 725
1735730 723
1735740 721
1735750 721
1735760 719
1735770 718
1735780 718
1735790 716
1735800 715
1735810 715
1735820 715
1735830 715
1735840 715
1735850 714
1735860 714
1735870 713
1735880 713
1735890 713
1735900 711
1735910 711
1735920 710
1735930 710
1735940 710
1735950 709
1735960 708
1735970 708
1735980 708
1735990 708
1736000 708
1736010 707
1736020 707
1736030 707
1736040 706
1736050 706
1736060 706
1736070 705
1736080 704
1736090 704
1736100 703
1736110 703
1736120 703
1736130 701
1736140 700
1736150 700
1736160 698
1736170 697
1736180 697
1736190 695
1736200 693
1736210 693
1736220 691
1736230 690
1736240 689
1736250 689
1736260 689
1736270 689
1736280 689
1736290 689
1736300 687
1736310 687
1736320 686
1736330 685
1736340 685
1736350 685
1736360 685
1736370 685
1736380 686
1736390 686
1736400 686
1736410 686
1736420 686
1736430 686
1736440 685
1736450 685
1736460 685
1736470 686
1736480 687
1736490 687
1736500 688
1736510 688
1736520 688
1736530 689
1736540 692
1736550 692
1736560 695
1736570 697
1736580 700
1736590 700
1736600 703
1736610 706
1736620 706
1736630 709
1736640 711
1736650 711
1736660 714
1736670 716
1736680 716
1736690 718
1736700 721
1736710 721
1736720 724
1736730 727
1736740 727
1736750 730
1736760 734
1736770 734
1736780 737
1736790 740
1736800 740
1736810 743
1736820 747
1736830 747
1736840 751
1736850 755
1736860 755
1736870 758
1736880 762
1736890 762
1736900 767
1736910 769
1736920 769
1736930 772
1736940 777
1736950 780
1736960 780
1736970 783
1736980 787
1736990 787
1737000 790
1737010 794
1737020 794
1737030 798
1737040 798
1737050 798
1737060 802
1737070 804
1737080 804
1737090 806
1737100 807
1737110 807
1737120 814
1737130 820
1737140 820
1737150 825
1737160 829
1737170 829
1737180 834
1737190 839
1737200 839
1737210 843
1737220 848
1737230 848
1737240 851
1737250 853
1737260 853
1737270 855
1737280 856
1737290 856
1737300 856
1737310 853
1737320 846
1737330 846
1737340 841
1737350 850
1737360 850
1737370 857
1737380 862
1737390 862
1737400 868
1737410 874
1737420 874
1737430 879
1737440 885
1737450 885
1737460 888
1737470 889
1737480 889
1737490 887
1737500 885
1737510 885
1737520 883
1737530 879
1737540 879
1737550 876
1737560 873
1737570 873
1737580 871
1737590 868
1737600 868
1737610 864
1737620 858
1737630 858
1737640 861
1737650 870
1737660 877
1737670 877
1737680 884
1737690 892
1737700 892
1737710 899
1737720 908
1737730 908
1737740 913
1737750 920
1737760 920
1737770 926
1737780 933
1737790 933
1737800 936
1737810 941
1737820 941
1737830 944
1737840 945
1737850 945
1737860 946
1737870 946
1737880 946
1737890 947
1737900 947
1737910 947
1737920 949
1737930 952
1737940 952
1737950 955
1737960 959
1737970 959
1737980 962
1737990 966
1738000 971
1738010 971
1738020 975
1738030 981
1738040 981
1738050 979
1738060 974
1738070 974
1738080 961
1738090 952
1738100 952
1738110 942
1738120 933
1738130 933
1738140 925
1738150 918
1738160 918
1738170 911
1738180 905
1738190 905
1738200 899
1738210 893
1738220 893
1738230 887
1738240 882
1738250 882
1738260 877
1738270 873
1738280 873
1738290 870
1738300 867
1738310 867
1738320 863
1738330 857
1738340 857
1738350 851
1738360 851
1738370 851
1738380 851
1738390 852
1738400 852
1738410 852
1738420 852
1738430 852
1738440 852
1738450 851
1738460 848
1738470 848
1738480 847
1738490 847
1738500 847
1738510 846
1738520 842
1738530 842
1738540 840
1738550 839
1738560 839
1738570 837
1738580 835
1738590 835
1738600 831
1738610 827
1738620 827
1738630 823
1738640 824
1738650 824
1738660 826
1738670 831
1738680 831
1738690 838
1738700 845
1738710 852
1738720 852
1738730 852
1738740 850
1738750 850
1738760 846
1738770 843
1738780 843
1738790 842
1738800 842
1738810 842
1738820 843
1738830 846
1738840 846
1738850 853
1738860 860
1738870 860
1738880 863
1738890 864
1738900 864
1738910 867
1738920 872
1738930 872
1738940 878
1738950 882
1738960 882
1738970 884
1738980 889
1738990 889
1739000 894
1739010 899
1739020 899
1739030 902
1739040 907
1739050 907
1739060 911
1739070 916
1739080 921
1739090 921
1739100 926
1739110 932
1739120 932
1739130 938
1739140 944
1739150 944
1739160 950
1739170 953
1739180 953
1739190 959
1739200 966
1739210 966
1739220 972
1739230 978
1739240 978
1739250 984
1739260 989
1739270 989
1739280 995
1739290 1002
1739300 1002
1739310 1008
1739320 1013
1739330 1013
1739340 1020
1739350 1028
1739360 1028
1739370 1037
1739380 1046
1739390 1046
1739400 1054
1739410 1061
1739420 1061
1739430 1070
1739440 1070
1739450 1072
1739460 1072
1739470 1079
1739480 1084
1739490 1084
1739500 1091
1739510 1097
1739520 1097
1739530 1102
1739540 1108
1739550 1108
1739560 1113
1739570 1118
1739580 1118
1739590 1123
1739600 1127
1739610 1127
1739620 1131
1739630 1137
1739640 1137
1739650 1148
1739660 1153
1739670 1153
1739680 1156
1739690 1157
1739700 1157
1739710 1156
1739720 1156
1739730 1156
1739740 1156
1739750 1156
1739760 1156
1739770 1157
1739780 1158
1739790 1157
1739800 1157
1739810 1157
1739820 1155
1739830 1155
1739840 1152
1739850 1150
1739860 1150
1739870 1148
1739880 1145
1739890 1145
1739900 1143
1739910 1141
1739920 1141
1739930 1141
1739940 1140
1739950 1140
1739960 1141
1739970 1142
1739980 1142
1739990 1143
