1720000 1101
1720010 1103
1720020 1103
1720030 1103
1720040 1104
1720050 1104
1720060 1103
1720070 1102
1720080 1102
1720090 1101
1720100 1100
1720110 1100
1720120 1099
1720130 1097
1720140 1097
1720150 1095
1720160 1093
1720170 1090
1720180 1090
1720190 1086
1720200 1082
1720210 1082
1720220 1077
1720230 1074
1720240 1074
1720250 1066
1720260 1060
1720270 1060
1720280 1055
1720290 1046
1720300 1046
1720310 1041
1720320 1037
1720330 1037
1720340 1033
1720350 1030
1720360 1030
1720370 1027
1720380 1024
1720390 1024
1720400 1020
1720410 1016
1720420 1016
1720430 1014
1720440 1013
1720450 1013
1720460 1015
1720470 1018
1720480 1018
1720490 1020
1720500 1023
1720510 1023
1720520 1024
1720530 1025
1720540 1024
1720550 1024
1720560 1022
1720570 1018
1720580 1018
1720590 1016
1720600 1015
1720610 1015
1720620 1015
1720630 1015
1720640 1015
1720650 1016
1720660 1016
1720670 1016
1720680 1013
1720690 1009
1720700 1009
1720710 1006
1720720 1000
1720730 1000
1720740 997
1720750 992
1720760 992
1720770 987
1720780 984
1720790 984
1720800 981
1720810 983
1720820 983
1720830 988
1720840 995
1720850 995
1720860 999
1720870 1001
1720880 1007
1720890 1007
1720900 1011
1720910 1014
1720920 1014
1720930 1017
1720940 1019
1720950 1019
1720960 1022
1720970 1025
1720980 1025
1720990 1027
1721000 1030
1721010 1030
1721020 1037
1721030 1040
1721040 1040
1721050 1043
1721060 1046
1721070 1046
1721080 1050
1721090 1053
1721100 1053
1721110 1057
1721120 1060
1721130 1060
1721140 1063
1721150 1066
1721160 1066
1721170 1071
1721180 1072
1721190 1072
1721200 1074
1721210 1074
1721220 1074
1721230 1073
1721240 1073
1721250 1072
1721260 1072
1721270 1068
1721280 1064
1721290 1064
1721300 1061
1721310 1057
1721320 1057
1721330 1052
1721340 1048
1721350 1048
1721360 1045
1721370 1041
1721380 1041
1721390 1038
1721400 1035
1721410 1035
1721420 1033
1721430 1031
1721440 1031
1721450 1030
1721460 1030
1721470 1030
1721480 1031
1721490 1032
1721500 1032
1721510 1027
1721520 1026
1721530 1026
1721540 1026
1721550 1023
1721560 1023
1721570 1017
1721580 1015
1721590 1015
1721600 1013
1721610 1012
1721620 1009
1721630 1009
1721640 1007
1721650 1005
1721660 1005
1721670 1003
1721680 1001
1721690 1001
1721700 999
1721710 998
1721720 998
1721730 997
1721740 995
1721750 995
1721760 994
1721770 994
1721780 994
1721790 995
1721800 995
1721810 995
1721820 996
1721830 996
1721840 996
1721850 995
1721860 994
1721870 994
1721880 992
1721890 988
1721900 988
1721910 984
1721920 980
1721930 980
1721940 975
1721950 971
1721960 965
1721970 965
1721980 960
1721990 956
1722000 956
1722010 951
1722020 946
1722030 946
1722040 940
1722050 935
1722060 935
1722070 932
1722080 930
1722090 930
1722100 929
1722110 930
1722120 930
1722130 930
1722140 930
1722150 930
1722160 928
1722170 925
1722180 925
1722190 921
1722200 918
1722210 918
1722220 915
1722230 911
1722240 911
1722250 909
1722260 906
1722270 906
1722280 903
1722290 901
1722300 901
1722310 898
1722320 896
1722330 894
1722340 894
1722350 891
1722360 891
1722370 891
1722380 888
1722390 886
1722400 886
1722410 885
1722420 883
1722430 883
1722440 881
1722450 879
1722460 879
1722470 878
1722480 878
1722490 878
1722500 877
1722510 875
1722520 875
1722530 875
1722540 871
1722550 871
1722560 869
1722570 869
1722580 869
1722590 868
1722600 867
1722610 867
1722620 865
1722630 860
1722640 860
1722650 855
1722660 849
1722670 849
1722680 845
1722690 841
1722700 835
1722710 835
1722720 829
1722730 823
1722740 823
1722750 819
1722760 817
1722770 817
1722780 814
1722790 810
1722800 810
1722810 805
1722820 801
1722830 801
1722840 795
1722850 788
1722860 788
1722870 779
1722880 773
1722890 773
1722900 769
1722910 768
1722920 768
1722930 771
1722940 775
1722950 775
1722960 782
1722970 789
1722980 789
1722990 796
1723000 802
1723010 802
1723020 808
1723030 816
1723040 823
1723050 823
1723060 830
1723070 836
1723080 836
1723090 843
1723100 849
1723110 849
1723120 855
1723130 862
1723140 862
1723150 868
1723160 875
1723170 875
1723180 881
1723190 888
1723200 888
1723210 896
1723220 901
1723230 901
1723240 907
1723250 914
1723260 914
1723270 920
1723280 927
1723290 927
1723300 932
1723310 938
1723320 938
1723330 944
1723340 949
1723350 949
1723360 955
1723370 960
1723380 960
1723390 964
1723400 968
1723410 972
1723420 972
1723430 976
1723440 980
1723450 980
1723460 984
1723470 988
1723480 988
1723490 991
1723500 995
1723510 995
1723520 997
1723530 999
1723540 999
1723550 1001
1723560 1004
1723570 1004
1723580 1005
1723590 1005
1723600 1005
1723610 1004
1723620 1002
1723630 1002
1723640 1000
1723650 998
1723660 998
1723670 995
1723680 992
1723690 992
1723700 989
1723710 986
1723720 986
1723730 984
1723740 982
1723750 982
1723760 979
1723770 976
1723780 972
1723790 972
1723800 969
1723810 966
1723820 966
1723830 963
1723840 960
1723850 960
1723860 957
1723870 955
1723880 955
1723890 954
1723900 952
1723910 952
1723920 950
1723930 949
1723940 949
1723950 947
1723960 946
1723970 946
1723980 945
1723990 942
1724000 942
1724010 938
1724020 937
1724030 937
1724040 936
1724050 936
1724060 936
1724070 936
1724080 935
1724090 935
1724100 933
1724110 931
1724120 931
1724130 929
1724140 927
1724150 926
1724160 926
1724170 926
1724180 927
1724190 927
1724200 928
1724210 929
1724220 929
1724230 931
1724240 933
1724250 933
1724260 935
1724270 936
1724280 936
1724290 937
1724300 938
1724310 938
1724320 939
1724330 940
1724340 940
1724350 940
1724360 940
1724370 940
1724380 940
1724390 939
1724400 939
1724410 939
1724420 937
1724430 937
1724440 936
1724450 934
1724460 934
1724470 933
1724480 932
1724490 931
1724500 931
1724510 930
1724520 928
1724530 928
1724540 926
1724550 924
1724560 924
1724570 922
1724580 920
1724590 920
1724600 917
1724610 913
1724620 913
1724630 909
1724640 904
1724650 904
1724660 899
1724670 893
1724680 893
1724690 888
1724700 884
1724710 884
1724720 880
1724730 876
1724740 876
1724750 871
1724760 868
1724770 868
1724780 865
1724790 861
1724800 861
1724810 857
1724820 855
1724830 855
1724840 853
1724850 853
1724860 853
1724870 853
1724880 853
1724890 852
1724900 852
1724910 852
1724920 850
1724930 850
1724940 849
1724950 847
1724960 847
1724970 844
1724980 841
1724990 841
1725000 839
1725010 836
1725020 836
1725030 833
1725040 829
1725050 829
1725060 826
1725070 824
1725080 824
1725090 821
1725100 819
1725110 819
1725120 816
1725130 814
1725140 814
1725150 811
1725160 808
1725170 808
1725180 804
1725190 799
1725200 799
1725210 795
1725220 791
1725230 786
1725240 786
1725250 784
1725260 782
1725270 782
1725280 778
1725290 774
1725300 774
1725310 771
1725320 767
1725330 767
1725340 763
1725350 759
1725360 759
1725370 756
1725380 752
1725390 752
1725400 748
1725410 744
1725420 744
1725430 740
1725440 735
1725450 735
1725460 729
1725470 724
1725480 724
1725490 718
1725500 711
1725510 711
1725520 705
1725530 699
1725540 699
1725550 693
1725560 687
1725570 683
1725580 683
1725590 679
1725600 674
1725610 674
1725620 668
1725630 661
1725640 661
1725650 656
1725660 651
1725670 651
1725680 647
1725690 643
1725700 643
1725710 640
1725720 638
1725730 638
1725740 636
1725750 634
1725760 634
1725770 633
1725780 631
1725790 630
1725800 629
1725810 628
1725820 628
1725830 625
1725840 624
1725850 624
1725860 622
1725870 621
1725880 621
1725890 620
1725900 619
1725910 619
1725920 619
1725930 618
1725940 618
1725950 618
1725960 616
1725970 617
1725980 617
1725990 618
1726000 623
1726010 623
1726020 633
1726030 640
1726040 640
1726050 647
1726060 652
1726070 652
1726080 658
1726090 665
1726100 665
1726110 671
1726120 678
1726130 678
1726140 685
1726150 691
1726160 691
1726170 697
1726180 703
1726190 703
1726200 710
1726210 715
1726220 715
1726230 721
1726240 727
1726250 727
1726260 732
1726270 737
1726280 737
1726290 742
1726300 749
1726310 753
1726320 753
1726330 757
1726340 762
1726350 762
1726360 765
1726370 772
1726380 772
1726390 777
1726400 781
1726410 781
1726420 784
1726430 787
1726440 787
1726450 788
1726460 789
1726470 789
1726480 789
1726490 787
1726500 787
1726510 784
1726520 780
1726530 780
1726540 776
1726550 774
1726560 774
1726570 771
1726580 768
1726590 768
1726600 765
1726610 760
1726620 760
1726630 758
1726640 757
1726650 752
1726660 752
1726670 748
1726680 745
1726690 745
1726700 743
1726710 739
1726720 739
1726730 736
1726740 733
1726750 733
1726760 730
1726770 727
1726780 727
1726790 723
1726800 722
1726810 722
1726820 723
1726830 727
1726840 727
1726850 729
1726860 731
1726870 731
1726880 733
1726890 736
1726900 736
1726910 738
1726920 740
1726930 740
1726940 742
1726950 744
1726960 744
1726970 746
1726980 746
1726990 746
1727000 747
1727010 746
1727020 745
1727030 745
1727040 746
1727050 746
1727060 746
1727070 746
1727080 746
1727090 746
1727100 746
1727110 746
1727120 746
1727130 746
1727140 746
1727150 746
1727160 747
1727170 748
1727180 748
1727190 749
1727200 749
1727210 749
1727220 749
1727230 748
1727240 748
1727250 747
1727260 746
1727270 746
1727280 745
1727290 744
1727300 744
1727310 743
1727320 741
1727330 741
1727340 738
1727350 735
1727360 735
1727370 731
1727380 727
1727390 723
1727400 723
1727410 719
1727420 716
1727430 716
1727440 712
1727450 708
1727460 708
1727470 704
1727480 700
1727490 700
1727500 696
1727510 692
1727520 692
1727530 687
1727540 679
1727550 679
1727560 672
1727570 667
1727580 667
1727590 662
1727600 666
1727610 666
1727620 670
1727630 672
1727640 672
1727650 672
1727660 673
1727670 673
1727680 673
1727690 673
1727700 673
1727710 674
1727720 674
1727730 674
1727740 673
1727750 673
1727760 673
1727770 673
1727780 672
1727790 671
1727800 671
1727810 670
1727820 666
1727830 666
1727840 662
1727850 659
1727860 659
1727870 656
1727880 654
1727890 654
1727900 652
1727910 650
1727920 650
1727930 648
1727940 646
1727950 646
1727960 645
1727970 642
1727980 642
1727990 640
1728000 637
1728010 637
1728020 636
1728030 641
1728040 641
1728050 638
1728060 636
1728070 636
1728080 635
1728090 633
1728100 631
1728110 631
1728120 628
1728130 625
1728140 625
1728150 624
1728160 623
1728170 623
1728180 623
1728190 623
1728200 623
1728210 623
1728220 623
1728230 623
1728240 622
1728250 620
1728260 620
1728270 619
1728280 618
1728290 618
1728300 619
1728310 618
1728320 618
1728330 624
1728340 627
1728350 627
1728360 622
1728370 616
1728380 616
1728390 611
1728400 606
1728410 606
1728420 602
1728430 599
1728440 599
1728450 594
1728460 594
1728470 594
1728480 594
1728490 594
1728500 595
1728510 595
1728520 595
1728530 595
1728540 595
1728550 595
1728560 595
1728570 595
1728580 595
1728590 595
1728600 595
1728610 595
1728620 595
1728630 595
1728640 595
1728650 595
1728660 595
1728670 597
1728680 597
1728690 597
1728700 597
1728710 597
1728720 597
1728730 597
1728740 596
1728750 596
1728760 596
1728770 597
1728780 597
1728790 597
1728800 597
1728810 597
1728820 597
1728830 597
1728840 597
1728850 597
1728860 597
1728870 597
1728880 597
1728890 597
1728900 597
1728910 597
1728920 597
1728930 597
1728940 597
1728950 597
1728960 597
1728970 597
1728980 597
1728990 597
1729000 597
1729010 597
1729020 597
1729030 597
1729040 597
1729050 597
1729060 597
1729070 597
1729080 598
1729090 598
1729100 598
1729110 598
1729120 598
1729130 598
1729140 598
1729150 598
1729160 598
1729170 597
1729180 598
1729190 598
1729200 598
1729210 598
1729220 598
1729230 597
1729240 598
1729250 598
1729260 598
1729270 598
1729280 598
1729290 598
1729300 598
1729310 598
1729320 598
1729330 598
1729340 598
1729350 599
1729360 599
1729370 599
1729380 598
1729390 598
1729400 598
1729410 598
1729420 598
1729430 598
1729440 598
1729450 598
1729460 598
1729470 598
1729480 598
1729490 598
1729500 598
1729510 598
1729520 598
1729530 598
1729540 598
1729550 598
1729560 598
1729570 599
1729580 599
1729590 599
1729600 599
1729610 599
1729620 599
1729630 599
1729640 599
1729650 599
1729660 599
1729670 599
1729680 599
1729690 599
1729700 599
1729710 599
1729720 599
1729730 600
1729740 600
1729750 599
1729760 599
1729770 599
1729780 599
1729790 600
1729800 600
1729810 600
1729820 600
1729830 600
1729840 600
1729850 600
1729860 600
1729870 600
1729880 600
1729890 600
1729900 600
1729910 598
1729920 599
1729930 599
1729940 599
1729950 601
1729960 601
1729970 601
1729980 599
1729990 599
1730000 598
1730010 598
1730020 598
1730030 598
1730040 598
1730050 598
1730060 598
1730070 599
1730080 599
1730090 600
1730100 600
1730110 600
1730120 600
1730130 600
1730140 600
1730150 600
1730160 600
1730170 600
1730180 600
1730190 600
1730200 600
1730210 600
1730220 600
1730230 600
1730240 600
1730250 600
1730260 600
1730270 600
1730280 600
1730290 600
1730300 600
1730310 600
1730320 600
1730330 600
1730340 601
1730350 601
1730360 601
1730370 601
1730380 601
1730390 601
1730400 601
1730410 601
1730420 601
1730430 601
1730440 601
1730450 601
1730460 601
1730470 601
1730480 601
1730490 599
1730500 599
1730510 599
1730520 599
1730530 599
1730540 599
1730550 599
1730560 602
1730570 602
1730580 602
1730590 603
1730600 603
1730610 601
1730620 599
1730630 599
1730640 599
1730650 602
1730660 603
1730670 603
1730680 602
1730690 599
1730700 599
1730710 599
1730720 601
1730730 601
1730740 601
1730750 602
1730760 602
1730770 602
1730780 603
1730790 603
1730800 603
1730810 605
1730820 605
1730830 608
1730840 610
1730850 610
1730860 613
1730870 618
1730880 618
1730890 619
1730900 620
1730910 620
1730920 620
1730930 620
1730940 620
1730950 621
1730960 620
1730970 620
1730980 619
1730990 619
1731000 619
1731010 619
1731020 619
1731030 620
1731040 620
1731050 620
1731060 622
1731070 622
1731080 628
1731090 630
1731100 630
1731110 632
1731120 636
1731130 636
1731140 642
1731150 647
1731160 647
1731170 652
1731180 655
1731190 655
1731200 662
1731210 670
1731220 670
1731230 673
1731240 673
1731250 673
1731260 673
1731270 674
1731280 674
1731290 674
1731300 673
1731310 673
1731320 673
1731330 672
1731340 671
1731350 671
1731360 669
1731370 668
1731380 668
1731390 666
1731400 664
1731410 664
1731420 665
1731430 662
1731440 662
1731450 661
1731460 660
1731470 660
1731480 660
1731490 659
1731500 659
1731510 658
1731520 656
1731530 656
1731540 655
1731550 655
1731560 655
1731570 654
1731580 653
1731590 653
1731600 653
1731610 652
1731620 652
1731630 651
1731640 649
1731650 649
1731660 642
1731670 639
1731680 639
1731690 638
1731700 638
1731710 637
1731720 637
1731730 635
1731740 633
1731750 633
1731760 631
1731770 629
1731780 629
1731790 627
1731800 623
1731810 623
1731820 620
1731830 618
1731840 618
1731850 615
1731860 611
1731870 611
1731880 611
1731890 611
1731900 611
1731910 611
1731920 610
1731930 610
1731940 608
1731950 608
1731960 608
1731970 608
1731980 608
1731990 608
1732000 608
1732010 608
1732020 608
1732030 608
1732040 609
1732050 609
1732060 609
1732070 609
1732080 609
1732090 609
1732100 609
1732110 609
1732120 609
1732130 609
1732140 609
1732150 609
1732160 609
1732170 609
1732180 609
1732190 609
1732200 611
1732210 611
1732220 611
1732230 611
1732240 611
1732250 611
1732260 611
1732270 611
1732280 610
1732290 609
1732300 609
1732310 610
1732320 609
1732330 609
1732340 609
1732350 609
1732360 609
1732370 609
1732380 609
1732390 609
1732400 609
1732410 609
1732420 609
1732430 609
1732440 609
1732450 609
1732460 609
1732470 609
1732480 609
1732490 609
1732500 609
1732510 609
1732520 609
1732530 609
1732540 609
1732550 609
1732560 609
1732570 609
1732580 609
1732590 610
1732600 609
1732610 609
1732620 609
1732630 609
1732640 609
1732650 609
1732660 609
1732670 609
1732680 610
1732690 610
1732700 610
1732710 610
1732720 614
1732730 614
1732740 614
1732750 614
1732760 614
1732770 614
1732780 613
1732790 611
1732800 611
1732810 610
1732820 610
1732830 610
1732840 610
1732850 610
1732860 610
1732870 610
1732880 610
1732890 610
1732900 611
1732910 611
1732920 611
1732930 611
1732940 611
1732950 611
1732960 611
1732970 612
1732980 612
1732990 612
1733000 611
1733010 611
1733020 611
1733030 611
1733040 611
1733050 611
1733060 611
1733070 611
1733080 611
1733090 611
1733100 611
1733110 611
1733120 611
1733130 611
1733140 611
1733150 611
1733160 612
1733170 612
1733180 612
1733190 611
1733200 611
1733210 612
1733220 612
1733230 612
1733240 612
1733250 612
1733260 612
1733270 612
1733280 612
1733290 612
1733300 612
1733310 613
1733320 613
1733330 613
1733340 613
1733350 613
1733360 613
1733370 613
1733380 613
1733390 614
1733400 613
1733410 613
1733420 613
1733430 613
1733440 613
1733450 613
1733460 613
1733470 613
1733480 613
1733490 613
1733500 613
1733510 613
1733520 613
1733530 613
1733540 613
1733550 613
1733560 613
1733570 613
1733580 613
1733590 613
1733600 613
1733610 613
1733620 613
1733630 613
1733640 613
1733650 613
1733660 613
1733670 613
1733680 613
1733690 613
1733700 613
1733710 613
1733720 613
1733730 613
1733740 613
1733750 613
1733760 614
1733770 614
1733780 614
1733790 615
1733800 616
1733810 616
1733820 616
1733830 619
1733840 619
1733850 621
1733860 622
1733870 622
1733880 622
1733890 623
1733900 624
1733910 624
1733920 623
1733930 624
1733940 624
1733950 625
1733960 625
1733970 625
1733980 622
1733990 620
1734000 620
1734010 621
1734020 621
1734030 621
1734040 622
1734050 622
1734060 622
1734070 622
1734080 623
1734090 623
1734100 623
1734110 623
1734120 623
1734130 623
1734140 623
1734150 623
1734160 624
1734170 626
1734180 626
1734190 627
1734200 627
1734210 627
1734220 628
1734230 628
1734240 628
1734250 628
1734260 628
1734270 628
1734280 628
1734290 628
1734300 629
1734310 629
1734320 629
1734330 630
1734340 630
1734350 630
1734360 630
1734370 630
1734380 630
1734390 630
1734400 630
1734410 630
1734420 631
1734430 631
1734440 631
1734450 631
1734460 631
1734470 632
1734480 631
1734490 631
1734500 631
1734510 632
1734520 632
1734530 632
1734540 632
1734550 632
1734560 633
1734570 634
1734580 634
1734590 634
1734600 635
1734610 636
1734620 636
1734630 637
1734640 637
1734650 637
1734660 638
1734670 639
1734680 639
1734690 640
1734700 640
1734710 640
1734720 640
1734730 641
1734740 641
1734750 642
1734760 643
1734770 643
1734780 644
1734790 645
1734800 645
1734810 645
1734820 646
1734830 646
1734840 647
1734850 648
1734860 648
1734870 649
1734880 650
1734890 650
1734900 651
1734910 652
1734920 652
1734930 653
1734940 654
1734950 655
1734960 655
1734970 657
1734980 658
1734990 658
1735000 659
1735010 660
1735020 660
1735030 661
1735040 662
1735050 662
1735060 663
1735070 665
1735080 665
1735090 666
1735100 667
1735110 667
1735120 668
1735130 669
1735140 669
1735150 669
1735160 670
1735170 670
1735180 670
1735190 671
1735200 671
1735210 671
1735220 670
1735230 670
1735240 670
1735250 670
1735260 670
1735270 668
1735280 667
1735290 667
1735300 665
1735310 662
1735320 658
1735330 658
1735340 657
1735350 655
1735360 655
1735370 655
1735380 654
1735390 654
1735400 654
1735410 654
1735420 654
1735430 653
1735440 653
1735450 653
1735460 653
1735470 652
1735480 652
1735490 652
1735500 652
1735510 652
1735520 652
1735530 653
1735540 653
1735550 653
1735560 653
1735570 653
1735580 653
1735590 653
1735600 653
1735610 653
1735620 653
1735630 653
1735640 653
1735650 654
1735660 654
1735670 654
1735680 654
1735690 654
1735700 654
1735710 654
1735720 654
1735730 654
1735740 654
1735750 654
1735760 654
1735770 654
1735780 652
1735790 652
1735800 651
1735810 650
1735820 650
1735830 650
1735840 650
1735850 650
1735860 650
1735870 650
1735880 650
1735890 650
1735900 650
1735910 650
1735920 651
1735930 651
1735940 651
1735950 651
1735960 651
1735970 651
1735980 651
1735990 651
1736000 651
1736010 651
1736020 651
1736030 651
1736040 651
1736050 653
1736060 655
1736070 655
1736080 658
1736090 661
1736100 661
1736110 663
1736120 668
1736130 668
1736140 671
1736150 675
1736160 675
1736170 678
1736180 679
1736190 679
1736200 680
1736210 681
1736220 681
1736230 682
1736240 682
1736250 682
1736260 682
1736270 682
1736280 682
1736290 681
1736300 680
1736310 680
1736320 679
1736330 677
1736340 677
1736350 676
1736360 675
1736370 675
1736380 674
1736390 672
1736400 671
1736410 671
1736420 670
1736430 669
1736440 669
1736450 669
1736460 669
1736470 669
1736480 669
1736490 669
1736500 669
1736510 669
1736520 670
1736530 670
1736540 669
1736550 669
1736560 669
1736570 669
1736580 669
1736590 669
1736600 668
1736610 668
1736620 668
1736630 667
1736640 665
1736650 665
1736660 661
1736670 659
1736680 659
1736690 659
1736700 660
1736710 660
1736720 662
1736730 662
1736740 662
1736750 662
1736760 662
1736770 663
1736780 663
1736790 665
1736800 667
1736810 667
1736820 669
1736830 672
1736840 672
1736850 674
1736860 678
1736870 678
1736880 681
1736890 684
1736900 684
1736910 686
1736920 688
1736930 688
1736940 690
1736950 692
1736960 692
1736970 694
1736980 695
1736990 695
1737000 696
1737010 697
1737020 697
1737030 697
1737040 698
1737050 698
1737060 699
1737070 701
1737080 701
1737090 702
1737100 702
1737110 702
1737120 703
1737130 704
1737140 708
1737150 708
1737160 711
1737170 712
1737180 712
1737190 713
1737200 715
1737210 715
1737220 716
1737230 717
1737240 717
1737250 719
1737260 720
1737270 720
1737280 722
1737290 723
1737300 723
1737310 725
1737320 726
1737330 726
1737340 728
1737350 730
1737360 730
1737370 732
1737380 733
1737390 733
1737400 735
1737410 737
1737420 737
1737430 738
1737440 740
1737450 740
1737460 742
1737470 744
1737480 745
1737490 745
1737500 747
1737510 749
1737520 749
1737530 751
1737540 752
1737550 752
1737560 755
1737570 757
1737580 757
1737590 759
1737600 761
1737610 761
1737620 763
1737630 765
1737640 765
1737650 767
1737660 769
1737670 769
1737680 771
1737690 773
1737700 773
1737710 775
1737720 777
1737730 777
1737740 778
1737750 781
1737760 781
1737770 783
1737780 784
1737790 784
1737800 785
1737810 787
1737820 787
1737830 788
1737840 790
1737850 791
1737860 791
1737870 793
1737880 794
1737890 794
1737900 793
1737910 793
1737920 793
1737930 794
1737940 796
1737950 796
1737960 798
1737970 804
1737980 804
1737990 808
1738000 811
1738010 811
1738020 813
1738030 816
1738040 816
1738050 818
1738060 819
1738070 819
1738080 821
1738090 824
1738100 824
1738110 826
1738120 828
1738130 829
1738140 829
1738150 826
1738160 826
1738170 824
1738180 823
1738190 823
1738200 821
1738210 820
1738220 819
1738230 819
1738240 819
1738250 818
1738260 818
1738270 817
1738280 817
1738290 817
1738300 817
1738310 817
1738320 817
1738330 817
1738340 818
1738350 818
1738360 818
1738370 819
1738380 819
1738390 820
1738400 822
1738410 822
1738420 823
1738430 824
1738440 824
1738450 825
1738460 826
1738470 826
1738480 826
1738490 825
1738500 825
1738510 824
1738520 821
1738530 821
1738540 821
1738550 819
1738560 818
1738570 818
1738580 815
1738590 810
1738600 810
1738610 804
1738620 803
1738630 803
1738640 802
1738650 805
1738660 805
1738670 810
1738680 815
1738690 815
1738700 820
1738710 824
1738720 824
1738730 828
1738740 833
1738750 833
1738760 837
1738770 841
1738780 841
1738790 843
1738800 842
1738810 842
1738820 842
1738830 841
1738840 841
1738850 841
1738860 840
1738870 840
1738880 839
1738890 835
1738900 835
1738910 826
1738920 818
1738930 809
1738940 809
1738950 801
1738960 793
1738970 793
1738980 787
1738990 781
1739000 781
1739010 775
1739020 770
1739030 770
1739040 765
1739050 761
1739060 761
1739070 757
1739080 753
1739090 753
1739100 750
1739110 747
1739120 747
1739130 745
1739140 743
1739150 743
1739160 743
1739170 744
1739180 744
1739190 745
1739200 745
1739210 745
1739220 745
1739230 747
1739240 747
1739250 748
1739260 747
1739270 747
1739280 749
1739290 749
1739300 751
1739310 751
1739320 752
1739330 754
1739340 754
1739350 758
1739360 761
1739370 761
1739380 766
1739390 772
1739400 772
1739410 777
1739420 781
1739430 781
1739440 785
1739450 788
1739460 788
1739470 792
1739480 797
1739490 797
1739500 802
1739510 806
1739520 806
1739530 811
1739540 815
1739550 815
1739560 820
1739570 823
1739580 823
1739590 827
1739600 832
1739610 832
1739620 839
1739630 844
1739640 850
1739650 850
1739660 856
1739670 861
1739680 861
1739690 867
1739700 873
1739710 873
1739720 880
1739730 886
1739740 886
1739750 893
1739760 899
1739770 899
1739780 905
1739790 912
1739800 912
1739810 917
1739820 923
1739830 923
1739840 929
1739850 935
1739860 935
1739870 942
1739880 950
1739890 950
1739900 958
1739910 966
1739920 966
1739930 969
1739940 969
1739950 969
1739960 970
1739970 971
1739980 978
1739990 979
