1720000 1000
1720010 1003
1720020 1005
1720030 1005
1720040 1008
1720050 1011
1720060 1011
1720070 1015
1720080 1017
1720090 1017
1720100 1021
1720110 1024
1720120 1024
1720130 1026
1720140 1026
1720150 1026
1720160 1025
1720170 1022
1720180 1022
1720190 1018
1720200 1012
1720210 1012
1720220 1004
1720230 1000
1720240 1000
1720250 994
1720260 989
1720270 989
1720280 984
1720290 981
1720300 981
1720310 978
1720320 975
1720330 973
1720340 973
1720350 975
1720360 977
1720370 977
1720380 981
1720390 984
1720400 984
1720410 988
1720420 987
1720430 987
1720440 989
1720450 990
1720460 990
1720470 990
1720480 991
1720490 991
1720500 992
1720510 993
1720520 993
1720530 993
1720540 992
1720550 992
1720560 992
1720570 989
1720580 989
1720590 985
1720600 981
1720610 981
1720620 978
1720630 971
1720640 971
1720650 966
1720660 960
1720670 953
1720680 953
1720690 946
1720700 939
1720710 939
1720720 935
1720730 937
1720740 937
1720750 939
1720760 941
1720770 941
1720780 944
1720790 948
1720800 948
1720810 953
1720820 958
1720830 958
1720840 960
1720850 965
1720860 965
1720870 968
1720880 969
1720890 969
1720900 968
1720910 968
1720920 968
1720930 967
1720940 966
1720950 966
1720960 964
1720970 962
1720980 962
1720990 956
1721000 950
1721010 950
1721020 944
1721030 938
1721040 934
1721050 934
1721060 933
1721070 931
1721080 931
1721090 932
1721100 936
1721110 936
1721120 936
1721130 939
1721140 939
1721150 940
1721160 940
1721170 940
1721180 938
1721190 937
1721200 937
1721210 936
1721220 935
1721230 935
1721240 933
1721250 929
1721260 929
1721270 927
1721280 924
1721290 924
1721300 923
1721310 918
1721320 918
1721330 918
1721340 910
1721350 910
1721360 903
1721370 899
1721380 899
1721390 897
1721400 895
1721410 893
1721420 893
1721430 890
1721440 886
1721450 886
1721460 883
1721470 880
1721480 880
1721490 875
1721500 872
1721510 872
1721520 869
1721530 866
1721540 866
1721550 863
1721560 860
1721570 860
1721580 857
1721590 853
1721600 853
1721610 847
1721620 845
1721630 845
1721640 844
1721650 845
1721660 845
1721670 845
1721680 846
1721690 846
1721700 846
1721710 848
1721720 848
1721730 849
1721740 850
1721750 850
1721760 853
1721770 855
1721780 858
1721790 858
1721800 861
1721810 865
1721820 865
1721830 868
1721840 871
1721850 871
1721860 874
1721870 878
1721880 878
1721890 882
1721900 887
1721910 887
1721920 893
1721930 898
1721940 898
1721950 903
1721960 908
1721970 908
1721980 913
1721990 918
1722000 918
1722010 923
1722020 928
1722030 928
1722040 935
1722050 940
1722060 940
1722070 946
1722080 953
1722090 953
1722100 958
1722110 964
1722120 964
1722130 968
1722140 973
1722150 978
1722160 978
1722170 981
1722180 978
1722190 978
1722200 974
1722210 969
1722220 969
1722230 963
1722240 958
1722250 958
1722260 956
1722270 959
1722280 959
1722290 962
1722300 965
1722310 965
1722320 969
1722330 974
1722340 974
1722350 978
1722360 982
1722370 982
1722380 989
1722390 994
1722400 994
1722410 999
1722420 1004
1722430 1004
1722440 1008
1722450 1012
1722460 1012
1722470 1017
1722480 1021
1722490 1021
1722500 1025
1722510 1030
1722520 1033
1722530 1033
1722540 1036
1722550 1039
1722560 1039
1722570 1043
1722580 1046
1722590 1046
1722600 1049
1722610 1052
1722620 1052
1722630 1055
1722640 1059
1722650 1059
1722660 1062
1722670 1065
1722680 1065
1722690 1068
1722700 1070
1722710 1070
1722720 1072
1722730 1074
1722740 1074
1722750 1074
1722760 1074
1722770 1074
1722780 1072
1722790 1070
1722800 1070
1722810 1068
1722820 1065
1722830 1065
1722840 1062
1722850 1059
1722860 1059
1722870 1056
1722880 1053
1722890 1049
1722900 1049
1722910 1047
1722920 1044
1722930 1044
1722940 1041
1722950 1039
1722960 1039
1722970 1036
1722980 1032
1722990 1032
1723000 1031
1723010 1026
1723020 1026
1723030 1022
1723040 1019
1723050 1019
1723060 1015
1723070 1011
1723080 1011
1723090 1007
1723100 1005
1723110 1005
1723120 1002
1723130 999
1723140 999
1723150 995
1723160 991
1723170 991
1723180 988
1723190 983
1723200 983
1723210 979
1723220 974
1723230 974
1723240 968
1723250 963
1723260 957
1723270 957
1723280 951
1723290 945
1723300 945
1723310 939
1723320 933
1723330 933
1723340 928
1723350 922
1723360 922
1723370 918
1723380 913
1723390 913
1723400 908
1723410 903
1723420 903
1723430 897
1723440 892
1723450 892
1723460 886
1723470 880
1723480 880
1723490 874
1723500 869
1723510 869
1723520 863
1723530 857
1723540 857
1723550 852
1723560 845
1723570 845
1723580 842
1723590 840
1723600 840
1723610 838
1723620 835
1723630 832
1723640 832
1723650 828
1723660 825
1723670 825
1723680 822
1723690 818
1723700 818
1723710 813
1723720 808
1723730 808
1723740 805
1723750 801
1723760 801
1723770 796
1723780 792
1723790 792
1723800 786
1723810 781
1723820 781
1723830 776
1723840 770
1723850 770
1723860 762
1723870 758
1723880 758
1723890 757
1723900 755
1723910 755
1723920 757
1723930 759
1723940 759
1723950 762
1723960 764
1723970 764
1723980 767
1723990 770
1724000 771
1724010 771
1724020 773
1724030 775
1724040 775
1724050 778
1724060 778
1724070 778
1724080 776
1724090 772
1724100 772
1724110 767
1724120 762
1724130 762
1724140 758
1724150 754
1724160 754
1724170 747
1724180 743
1724190 743
1724200 736
1724210 729
1724220 729
1724230 726
1724240 722
1724250 722
1724260 719
1724270 717
1724280 717
1724290 715
1724300 712
1724310 712
1724320 710
1724330 712
1724340 712
1724350 712
1724360 712
1724370 713
1724380 713
1724390 714
1724400 714
1724410 714
1724420 714
1724430 714
1724440 714
1724450 715
1724460 715
1724470 715
1724480 716
1724490 716
1724500 716
1724510 716
1724520 716
1724530 716
1724540 718
1724550 720
1724560 720
1724570 721
1724580 722
1724590 722
1724600 723
1724610 722
1724620 722
1724630 721
1724640 719
1724650 719
1724660 716
1724670 715
1724680 715
1724690 717
1724700 719
1724710 719
1724720 719
1724730 719
1724740 718
1724750 718
1724760 713
1724770 715
1724780 715
1724790 714
1724800 716
1724810 716
1724820 718
1724830 720
1724840 720
1724850 724
1724860 725
1724870 725
1724880 726
1724890 728
1724900 728
1724910 729
1724920 730
1724930 730
1724940 732
1724950 733
1724960 733
1724970 735
1724980 738
1724990 738
1725000 740
1725010 742
1725020 742
1725030 744
1725040 746
1725050 746
1725060 748
1725070 751
1725080 754
1725090 754
1725100 757
1725110 760
1725120 760
1725130 763
1725140 765
1725150 765
1725160 767
1725170 770
1725180 770
1725190 772
1725200 772
1725210 772
1725220 776
1725230 766
1725240 766
1725250 758
1725260 752
1725270 752
1725280 746
1725290 741
1725300 741
1725310 735
1725320 730
1725330 730
1725340 723
1725350 709
1725360 709
1725370 693
1725380 685
1725390 685
1725400 685
1725410 685
1725420 685
1725430 679
1725440 672
1725450 665
1725460 665
1725470 660
1725480 655
1725490 655
1725500 648
1725510 640
1725520 640
1725530 638
1725540 638
1725550 638
1725560 637
1725570 639
1725580 639
1725590 639
1725600 643
1725610 643
1725620 646
1725630 650
1725640 650
1725650 654
1725660 660
1725670 660
1725680 664
1725690 668
1725700 668
1725710 672
1725720 677
1725730 677
1725740 682
1725750 686
1725760 686
1725770 689
1725780 692
1725790 692
1725800 695
1725810 698
1725820 702
1725830 702
1725840 707
1725850 711
1725860 711
1725870 716
1725880 720
1725890 720
1725900 723
1725910 727
1725920 727
1725930 732
1725940 738
1725950 738
1725960 742
1725970 745
1725980 745
1725990 749
1726000 755
1726010 755
1726020 761
1726030 768
1726040 768
1726050 774
1726060 779
1726070 779
1726080 783
1726090 786
1726100 786
1726110 789
1726120 793
1726130 793
1726140 797
1726150 799
1726160 799
1726170 803
1726180 809
1726190 813
1726200 813
1726210 817
1726220 822
1726230 822
1726240 827
1726250 831
1726260 831
1726270 834
1726280 836
1726290 836
1726300 839
1726310 842
1726320 842
1726330 845
1726340 849
1726350 849
1726360 853
1726370 857
1726380 857
1726390 860
1726400 863
1726410 863
1726420 865
1726430 868
1726440 868
1726450 871
1726460 873
1726470 873
1726480 876
1726490 878
1726500 878
1726510 881
1726520 883
1726530 883
1726540 885
1726550 887
1726560 890
1726570 890
1726580 893
1726590 896
1726600 896
1726610 898
1726620 901
1726630 901
1726640 904
1726650 907
1726660 907
1726670 908
1726680 911
1726690 911
1726700 913
1726710 915
1726720 915
1726730 916
1726740 918
1726750 918
1726760 919
1726770 920
1726780 920
1726790 920
1726800 920
1726810 920
1726820 921
1726830 922
1726840 922
1726850 923
1726860 925
1726870 925
1726880 928
1726890 930
1726900 930
1726910 932
1726920 934
1726930 935
1726940 935
1726950 936
1726960 938
1726970 938
1726980 938
1726990 939
1727000 939
1727010 939
1727020 938
1727030 938
1727040 940
1727050 940
1727060 940
1727070 939
1727080 937
1727090 937
1727100 936
1727110 935
1727120 935
1727130 935
1727140 935
1727150 935
1727160 937
1727170 939
1727180 939
1727190 942
1727200 943
1727210 943
1727220 946
1727230 948
1727240 948
1727250 950
1727260 953
1727270 953
1727280 956
1727290 958
1727300 960
1727310 960
1727320 963
1727330 964
1727340 964
1727350 966
1727360 968
1727370 968
1727380 969
1727390 970
1727400 970
1727410 970
1727420 971
1727430 971
1727440 970
1727450 970
1727460 970
1727470 970
1727480 968
1727490 968
1727500 968
1727510 966
1727520 966
1727530 965
1727540 963
1727550 963
1727560 962
1727570 961
1727580 961
1727590 960
1727600 958
1727610 958
1727620 956
1727630 955
1727640 955
1727650 954
1727660 953
1727670 952
1727680 952
1727690 951
1727700 950
1727710 950
1727720 948
1727730 947
1727740 947
1727750 946
1727760 946
1727770 946
1727780 945
1727790 944
1727800 944
1727810 942
1727820 940
1727830 940
1727840 939
1727850 937
1727860 937
1727870 935
1727880 933
1727890 933
1727900 931
1727910 929
1727920 929
1727930 927
1727940 925
1727950 925
1727960 922
1727970 920
1727980 920
1727990 920
1728000 919
1728010 919
1728020 919
1728030 919
1728040 917
1728050 917
1728060 913
1728070 908
1728080 908
1728090 901
1728100 894
1728110 894
1728120 887
1728130 881
1728140 881
1728150 875
1728160 870
1728170 870
1728180 864
1728190 859
1728200 859
1728210 854
1728220 849
1728230 849
1728240 845
1728250 841
1728260 841
1728270 837
1728280 831
1728290 831
1728300 833
1728310 842
1728320 842
1728330 848
1728340 854
1728350 854
1728360 861
1728370 868
1728380 873
1728390 873
1728400 878
1728410 882
1728420 882
1728430 886
1728440 892
1728450 892
1728460 896
1728470 900
1728480 900
1728490 904
1728500 909
1728510 909
1728520 913
1728530 918
1728540 918
1728550 923
1728560 928
1728570 928
1728580 932
1728590 936
1728600 936
1728610 939
1728620 944
1728630 944
1728640 947
1728650 949
1728660 949
1728670 950
1728680 951
1728690 951
1728700 950
1728710 949
1728720 949
1728730 947
1728740 945
1728750 942
1728760 942
1728770 940
1728780 937
1728790 937
1728800 934
1728810 931
1728820 931
1728830 929
1728840 927
1728850 927
1728860 926
1728870 925
1728880 925
1728890 924
1728900 923
1728910 923
1728920 922
1728930 921
1728940 921
1728950 921
1728960 919
1728970 919
1728980 919
1728990 918
1729000 918
1729010 918
1729020 917
1729030 917
1729040 915
1729050 915
1729060 915
1729070 913
1729080 912
1729090 912
1729100 909
1729110 907
1729120 906
1729130 906
1729140 904
1729150 901
1729160 901
1729170 899
1729180 897
1729190 897
1729200 894
1729210 890
1729220 890
1729230 883
1729240 877
1729250 877
1729260 872
1729270 868
1729280 868
1729290 863
1729300 859
1729310 859
1729320 854
1729330 848
1729340 848
1729350 843
1729360 836
1729370 836
1729380 830
1729390 823
1729400 823
1729410 815
1729420 808
1729430 808
1729440 802
1729450 801
1729460 801
1729470 809
1729480 813
1729490 819
1729500 819
1729510 824
1729520 829
1729530 829
1729540 835
1729550 841
1729560 841
1729570 846
1729580 850
1729590 850
1729600 853
1729610 855
1729620 855
1729630 857
1729640 858
1729650 858
1729660 860
1729670 860
1729680 860
1729690 862
1729700 862
1729710 862
1729720 862
1729730 861
1729740 861
1729750 859
1729760 855
1729770 855
1729780 852
1729790 848
1729800 848
1729810 844
1729820 839
1729830 839
1729840 836
1729850 832
1729860 828
1729870 828
1729880 823
1729890 818
1729900 818
1729910 813
1729920 808
1729930 808
1729940 802
1729950 796
1729960 796
1729970 789
1729980 783
1729990 783
1730000 777
1730010 772
1730020 772
1730030 767
1730040 763
1730050 763
1730060 758
1730070 751
1730080 751
1730090 745
1730100 740
1730110 740
1730120 741
1730130 742
1730140 742
1730150 745
1730160 750
1730170 750
1730180 754
1730190 757
1730200 757
1730210 759
1730220 761
1730230 760
1730240 760
1730250 757
1730260 755
1730270 755
1730280 755
1730290 754
1730300 754
1730310 753
1730320 751
1730330 751
1730340 751
1730350 750
1730360 750
1730370 746
1730380 750
1730390 750
1730400 751
1730410 752
1730420 752
1730430 749
1730440 747
1730450 747
1730460 747
1730470 747
1730480 747
1730490 747
1730500 748
1730510 748
1730520 750
1730530 752
1730540 752
1730550 755
1730560 759
1730570 759
1730580 762
1730590 765
1730600 767
1730610 767
1730620 767
1730630 767
1730640 767
1730650 768
1730660 769
1730670 769
1730680 769
1730690 768
1730700 768
1730710 767
1730720 764
1730730 764
1730740 762
1730750 760
1730760 760
1730770 757
1730780 753
1730790 753
1730800 749
1730810 745
1730820 745
1730830 742
1730840 739
1730850 739
1730860 737
1730870 734
1730880 734
1730890 732
1730900 729
1730910 729
1730920 726
1730930 723
1730940 723
1730950 720
1730960 717
1730970 716
1730980 716
1730990 711
1731000 706
1731010 706
1731020 701
1731030 697
1731040 697
1731050 692
1731060 688
1731070 688
1731080 683
1731090 678
1731100 678
1731110 675
1731120 671
1731130 671
1731140 666
1731150 664
1731160 664
1731170 664
1731180 663
1731190 663
1731200 664
1731210 664
1731220 664
1731230 666
1731240 669
1731250 669
1731260 672
1731270 678
1731280 678
1731290 678
1731300 681
1731310 681
1731320 690
1731330 697
1731340 705
1731350 706
1731360 712
1731370 717
1731380 717
1731390 722
1731400 727
1731410 727
1731420 732
1731430 737
1731440 737
1731450 742
1731460 747
1731470 747
1731480 752
1731490 758
1731500 758
1731510 763
1731520 768
1731530 768
1731540 773
1731550 778
1731560 778
1731570 781
1731580 786
1731590 786
1731600 790
1731610 793
1731620 793
1731630 795
1731640 796
1731650 796
1731660 798
1731670 800
1731680 800
1731690 800
1731700 801
1731710 801
1731720 801
1731730 801
1731740 801
1731750 801
1731760 801
1731770 800
1731780 800
1731790 797
1731800 794
1731810 794
1731820 791
1731830 788
1731840 788
1731850 783
1731860 780
1731870 780
1731880 780
1731890 781
1731900 781
1731910 784
1731920 786
1731930 786
1731940 789
1731950 790
1731960 790
1731970 792
1731980 794
1731990 794
1732000 794
1732010 794
1732020 794
1732030 794
1732040 792
1732050 792
1732060 790
1732070 788
1732080 785
1732090 785
1732100 782
1732110 780
1732120 780
1732130 778
1732140 775
1732150 775
1732160 772
1732170 770
1732180 770
1732190 768
1732200 765
1732210 765
1732220 761
1732230 757
1732240 757
1732250 751
1732260 746
1732270 746
1732280 743
1732290 747
1732300 747
1732310 749
1732320 752
1732330 752
1732340 754
1732350 755
1732360 755
1732370 756
1732380 756
1732390 756
1732400 756
1732410 756
1732420 755
1732430 755
1732440 753
1732450 751
1732460 751
1732470 749
1732480 747
1732490 747
1732500 745
1732510 742
1732520 742
1732530 739
1732540 735
1732550 735
1732560 732
1732570 728
1732580 728
1732590 725
1732600 722
1732610 722
1732620 720
1732630 717
1732640 717
1732650 715
1732660 712
1732670 712
1732680 709
1732690 704
1732700 704
1732710 697
1732720 690
1732730 690
1732740 685
1732750 679
1732760 679
1732770 673
1732780 666
1732790 659
1732800 659
1732810 661
1732820 662
1732830 662
1732840 665
1732850 668
1732860 668
1732870 671
1732880 674
1732890 674
1732900 677
1732910 678
1732920 678
1732930 679
1732940 679
1732950 679
1732960 679
1732970 678
1732980 678
1732990 677
1733000 676
1733010 676
1733020 675
1733030 673
1733040 673
1733050 671
1733060 670
1733070 670
1733080 667
1733090 667
1733100 667
1733110 666
1733120 665
1733130 665
1733140 664
1733150 663
1733160 661
1733170 661
1733180 660
1733190 659
1733200 659
1733210 658
1733220 656
1733230 656
1733240 655
1733250 654
1733260 654
1733270 653
1733280 652
1733290 652
1733300 651
1733310 652
1733320 652
1733330 651
1733340 648
1733350 648
1733360 646
1733370 647
1733380 647
1733390 653
1733400 652
1733410 652
1733420 651
1733430 648
1733440 648
1733450 648
1733460 648
1733470 648
1733480 648
1733490 647
1733500 647
1733510 646
1733520 646
1733530 645
1733540 645
1733550 645
1733560 645
1733570 645
1733580 645
1733590 646
1733600 646
1733610 647
1733620 648
1733630 648
1733640 649
1733650 650
1733660 650
1733670 650
1733680 648
1733690 648
1733700 643
1733710 640
1733720 640
1733730 638
1733740 636
1733750 636
1733760 635
1733770 633
1733780 633
1733790 632
1733800 631
1733810 631
1733820 631
1733830 630
1733840 630
1733850 630
1733860 630
1733870 630
1733880 630
1733890 630
1733900 629
1733910 629
1733920 629
1733930 629
1733940 629
1733950 629
1733960 629
1733970 629
1733980 628
1733990 628
1734000 628
1734010 627
1734020 625
1734030 625
1734040 624
1734050 623
1734060 623
1734070 622
1734080 621
1734090 621
1734100 624
1734110 626
1734120 626
1734130 627
1734140 627
1734150 627
1734160 630
1734170 632
1734180 632
1734190 632
1734200 630
1734210 630
1734220 628
1734230 627
1734240 627
1734250 625
1734260 625
1734270 625
1734280 625
1734290 624
1734300 624
1734310 624
1734320 624
1734330 624
1734340 624
1734350 624
1734360 624
1734370 624
1734380 624
1734390 624
1734400 624
1734410 624
1734420 624
1734430 624
1734440 624
1734450 624
1734460 624
1734470 623
1734480 624
1734490 624
1734500 623
1734510 623
1734520 623
1734530 623
1734540 623
1734550 623
1734560 623
1734570 622
1734580 622
1734590 623
1734600 622
1734610 622
1734620 622
1734630 622
1734640 621
1734650 621
1734660 621
1734670 621
1734680 621
1734690 620
1734700 620
1734710 620
1734720 620
1734730 620
1734740 620
1734750 620
1734760 618
1734770 618
1734780 620
1734790 619
1734800 619
1734810 619
1734820 619
1734830 619
1734840 619
1734850 619
1734860 619
1734870 619
1734880 619
1734890 619
1734900 619
1734910 620
1734920 620
1734930 620
1734940 620
1734950 620
1734960 620
1734970 620
1734980 620
1734990 619
1735000 619
1735010 619
1735020 619
1735030 619
1735040 620
1735050 620
1735060 619
1735070 619
1735080 619
1735090 620
1735100 620
1735110 620
1735120 619
1735130 619
1735140 619
1735150 619
1735160 620
1735170 620
1735180 620
1735190 619
1735200 619
1735210 620
1735220 620
1735230 620
1735240 620
1735250 620
1735260 620
1735270 620
1735280 620
1735290 620
1735300 620
1735310 621
1735320 621
1735330 621
1735340 621
1735350 621
1735360 620
1735370 619
1735380 619
1735390 619
1735400 620
1735410 621
1735420 621
1735430 621
1735440 621
1735450 621
1735460 621
1735470 621
1735480 621
1735490 621
1735500 621
1735510 621
1735520 621
1735530 621
1735540 621
1735550 621
1735560 621
1735570 621
1735580 621
1735590 621
1735600 621
1735610 621
1735620 621
1735630 621
1735640 621
1735650 621
1735660 621
1735670 621
1735680 621
1735690 621
1735700 622
1735710 622
1735720 622
1735730 622
1735740 623
1735750 623
1735760 623
1735770 623
1735780 622
1735790 622
1735800 622
1735810 622
1735820 622
1735830 622
1735840 622
1735850 622
1735860 622
1735870 622
1735880 622
1735890 622
1735900 622
1735910 622
1735920 623
1735930 622
1735940 622
1735950 623
1735960 623
1735970 623
1735980 623
1735990 623
1736000 623
1736010 623
1736020 623
1736030 623
1736040 623
1736050 623
1736060 623
1736070 623
1736080 623
1736090 623
1736100 623
1736110 623
1736120 623
1736130 623
1736140 623
1736150 623
1736160 623
1736170 623
1736180 623
1736190 623
1736200 623
1736210 623
1736220 623
1736230 624
1736240 624
1736250 624
1736260 627
1736270 625
1736280 625
1736290 624
1736300 624
1736310 624
1736320 624
1736330 624
1736340 624
1736350 624
1736360 624
1736370 624
1736380 625
1736390 625
1736400 625
1736410 625
1736420 625
1736430 625
1736440 624
1736450 624
1736460 624
1736470 624
1736480 624
1736490 624
1736500 624
1736510 624
1736520 624
1736530 624
1736540 624
1736550 624
1736560 624
1736570 625
1736580 625
1736590 625
1736600 625
1736610 625
1736620 625
1736630 625
1736640 625
1736650 625
1736660 625
1736670 625
1736680 625
1736690 625
1736700 625
1736710 625
1736720 625
1736730 625
1736740 625
1736750 625
1736760 626
1736770 626
1736780 626
1736790 626
1736800 626
1736810 627
1736820 627
1736830 627
1736840 627
1736850 627
1736860 627
1736870 627
1736880 628
1736890 628
1736900 628
1736910 628
1736920 628
1736930 628
1736940 628
1736950 628
1736960 628
1736970 628
1736980 628
1736990 628
1737000 629
1737010 629
1737020 629
1737030 629
1737040 629
1737050 629
1737060 631
1737070 631
1737080 631
1737090 629
1737100 629
1737110 629
1737120 629
1737130 629
1737140 629
1737150 629
1737160 629
1737170 629
1737180 629
1737190 629
1737200 629
1737210 629
1737220 629
1737230 629
1737240 629
1737250 629
1737260 629
1737270 629
1737280 630
1737290 629
1737300 629
1737310 629
1737320 627
1737330 627
1737340 627
1737350 627
1737360 627
1737370 630
1737380 630
1737390 630
1737400 630
1737410 630
1737420 630
1737430 630
1737440 630
1737450 630
1737460 630
1737470 630
1737480 630
1737490 630
1737500 630
1737510 630
1737520 630
1737530 630
1737540 630
1737550 629
1737560 629
1737570 629
1737580 629
1737590 629
1737600 629
1737610 629
1737620 630
1737630 629
1737640 629
1737650 629
1737660 629
1737670 629
1737680 629
1737690 630
1737700 630
1737710 629
1737720 630
1737730 630
1737740 629
1737750 629
1737760 629
1737770 629
1737780 629
1737790 629
1737800 629
1737810 630
1737820 630
1737830 630
1737840 630
1737850 630
1737860 630
1737870 630
1737880 630
1737890 630
1737900 630
1737910 630
1737920 630
1737930 630
1737940 630
1737950 630
1737960 630
1737970 630
1737980 630
1737990 631
1738000 632
1738010 632
1738020 632
1738030 632
1738040 632
1738050 632
1738060 632
1738070 632
1738080 632
1738090 632
1738100 632
1738110 632
1738120 632
1738130 632
1738140 633
1738150 632
1738160 632
1738170 632
1738180 632
1738190 632
1738200 633
1738210 633
1738220 633
1738230 632
1738240 633
1738250 633
1738260 633
1738270 633
1738280 633
1738290 633
1738300 633
1738310 633
1738320 633
1738330 633
1738340 633
1738350 633
1738360 633
1738370 633
1738380 633
1738390 633
1738400 633
1738410 633
1738420 633
1738430 634
1738440 634
1738450 634
1738460 634
1738470 634
1738480 633
1738490 634
1738500 634
1738510 634
1738520 633
1738530 633
1738540 633
1738550 634
1738560 634
1738570 634
1738580 634
1738590 634
1738600 634
1738610 634
1738620 634
1738630 634
1738640 634
1738650 634
1738660 634
1738670 634
1738680 634
1738690 634
1738700 634
1738710 635
1738720 635
1738730 635
1738740 637
1738750 637
1738760 637
1738770 638
1738780 638
1738790 638
1738800 640
1738810 640
1738820 640
1738830 641
1738840 641
1738850 642
1738860 643
1738870 643
1738880 644
1738890 644
1738900 644
1738910 644
1738920 644
1738930 644
1738940 643
1738950 643
1738960 643
1738970 644
1738980 644
1738990 644
1739000 647
1739010 648
1739020 648
1739030 648
1739040 648
1739050 649
1739060 649
1739070 649
1739080 649
1739090 649
1739100 649
1739110 648
1739120 648
1739130 649
1739140 649
1739150 649
1739160 650
1739170 651
1739180 651
1739190 652
1739200 653
1739210 653
1739220 654
1739230 655
1739240 655
1739250 656
1739260 657
1739270 657
1739280 658
1739290 659
1739300 659
1739310 660
1739320 661
1739330 661
1739340 662
1739350 663
1739360 663
1739370 664
1739380 665
1739390 665
1739400 666
1739410 667
1739420 668
1739430 668
1739440 669
1739450 670
1739460 670
1739470 670
1739480 671
1739490 671
1739500 671
1739510 671
1739520 671
1739530 672
1739540 672
1739550 672
1739560 673
1739570 673
1739580 673
1739590 673
1739600 673
1739610 673
1739620 674
1739630 674
1739640 674
1739650 675
1739660 676
1739670 676
1739680 677
1739690 678
1739700 678
1739710 678
1739720 679
1739730 679
1739740 680
1739750 681
1739760 681
1739770 682
1739780 682
1739790 683
1739800 683
1739810 684
1739820 685
1739830 685
1739840 685
1739850 686
1739860 686
1739870 687
1739880 688
1739890 688
1739900 688
1739910 689
1739920 689
1739930 690
1739940 691
1739950 691
1739960 690
1739970 691
1739980 691
1739990 692
