1720000 1100
1720010 1100
1720020 1095
1720030 1093
1720040 1093
1720050 1089
1720060 1086
1720070 1086
1720080 1082
1720090 1078
1720100 1074
1720110 1074
1720120 1071
1720130 1067
1720140 1067
1720150 1062
1720160 1057
1720170 1057
1720180 1053
1720190 1049
1720200 1049
1720210 1047
1720220 1043
1720230 1043
1720240 1039
1720250 1035
1720260 1035
1720270 1032
1720280 1027
1720290 1027
1720300 1022
1720310 1019
1720320 1019
1720330 1013
1720340 1009
1720350 1009
1720360 1009
1720370 1012
1720380 1012
1720390 1015
1720400 1018
1720410 1018
1720420 1021
1720430 1023
1720440 1023
1720450 1025
1720460 1027
1720470 1030
1720480 1030
1720490 1034
1720500 1038
1720510 1038
1720520 1042
1720530 1046
1720540 1046
1720550 1050
1720560 1053
1720570 1053
1720580 1057
1720590 1060
1720600 1060
1720610 1065
1720620 1068
1720630 1068
1720640 1071
1720650 1074
1720660 1074
1720670 1077
1720680 1080
1720690 1080
1720700 1082
1720710 1084
1720720 1084
1720730 1084
1720740 1084
1720750 1084
1720760 1083
1720770 1081
1720780 1081
1720790 1079
1720800 1077
1720810 1077
1720820 1073
1720830 1070
1720840 1066
1720850 1066
1720860 1063
1720870 1058
1720880 1058
1720890 1054
1720900 1050
1720910 1050
1720920 1046
1720930 1042
1720940 1042
1720950 1037
1720960 1031
1720970 1031
1720980 1028
1720990 1025
1721000 1025
1721010 1023
1721020 1022
1721030 1022
1721040 1022
1721050 1020
1721060 1020
1721070 1019
1721080 1017
1721090 1017
1721100 1015
1721110 1013
1721120 1013
1721130 1011
1721140 1010
1721150 1010
1721160 1010
1721170 1009
1721180 1012
1721190 1012
1721200 1012
1721210 1011
1721220 1011
1721230 1010
1721240 1009
1721250 1009
1721260 1008
1721270 1006
1721280 1006
1721290 1005
1721300 1003
1721310 1003
1721320 1001
1721330 999
1721340 999
1721350 996
1721360 994
1721370 994
1721380 991
1721390 989
1721400 989
1721410 987
1721420 984
1721430 984
1721440 982
1721450 978
1721460 978
1721470 974
1721480 969
1721490 969
1721500 965
1721510 961
1721520 961
1721530 957
1721540 955
1721550 955
1721560 953
1721570 951
1721580 948
1721590 948
1721600 944
1721610 940
1721620 940
1721630 935
1721640 930
1721650 930
1721660 925
1721670 919
1721680 919
1721690 918
1721700 923
1721710 923
1721720 929
1721730 935
1721740 935
1721750 939
1721760 945
1721770 945
1721780 950
1721790 954
1721800 954
1721810 959
1721820 963
1721830 963
1721840 967
1721850 971
1721860 971
1721870 974
1721880 976
1721890 976
1721900 978
1721910 979
1721920 979
1721930 981
1721940 983
1721950 984
1721960 984
1721970 986
1721980 986
1721990 986
1722000 987
1722010 988
1722020 988
1722030 989
1722040 992
1722050 992
1722060 996
1722070 1002
1722080 1002
1722090 1007
1722100 1011
1722110 1011
1722120 1016
1722130 1021
1722140 1021
1722150 1026
1722160 1030
1722170 1030
1722180 1034
1722190 1037
1722200 1037
1722210 1034
1722220 1030
1722230 1030
1722240 1023
1722250 1016
1722260 1016
1722270 1009
1722280 1004
1722290 1004
1722300 997
1722310 992
1722320 990
1722330 990
1722340 990
1722350 991
1722360 991
1722370 993
1722380 993
1722390 993
1722400 990
1722410 985
1722420 985
1722430 982
1722440 983
1722450 983
1722460 986
1722470 989
1722480 989
1722490 992
1722500 994
1722510 994
1722520 997
1722530 1001
1722540 1001
1722550 1003
1722560 1012
1722570 1012
1722580 1018
1722590 1025
1722600 1025
1722610 1032
1722620 1038
1722630 1038
1722640 1043
1722650 1048
1722660 1048
1722670 1053
1722680 1058
1722690 1060
1722700 1060
1722710 1063
1722720 1063
1722730 1063
1722740 1063
1722750 1063
1722760 1063
1722770 1062
1722780 1061
1722790 1061
1722800 1060
1722810 1059
1722820 1059
1722830 1058
1722840 1057
1722850 1057
1722860 1056
1722870 1056
1722880 1056
1722890 1055
1722900 1054
1722910 1054
1722920 1054
1722930 1053
1722940 1053
1722950 1053
1722960 1053
1722970 1053
1722980 1052
1722990 1050
1723000 1050
1723010 1049
1723020 1049
1723030 1049
1723040 1049
1723050 1048
1723060 1049
1723070 1049
1723080 1050
1723090 1050
1723100 1050
1723110 1051
1723120 1052
1723130 1052
1723140 1052
1723150 1053
1723160 1053
1723170 1053
1723180 1053
1723190 1053
1723200 1052
1723210 1052
1723220 1052
1723230 1051
1723240 1051
1723250 1051
1723260 1050
1723270 1047
1723280 1047
1723290 1043
1723300 1038
1723310 1038
1723320 1033
1723330 1027
1723340 1027
1723350 1020
1723360 1015
1723370 1015
1723380 1010
1723390 1004
1723400 1004
1723410 999
1723420 992
1723430 986
1723440 986
1723450 980
1723460 974
1723470 974
1723480 969
1723490 964
1723500 964
1723510 959
1723520 954
1723530 954
1723540 949
1723550 944
1723560 944
1723570 939
1723580 934
1723590 934
1723600 929
1723610 920
1723620 920
1723630 915
1723640 911
1723650 911
1723660 905
1723670 901
1723680 901
1723690 896
1723700 892
1723710 892
1723720 887
1723730 882
1723740 882
1723750 878
1723760 873
1723770 873
1723780 869
1723790 864
1723800 860
1723810 860
1723820 858
1723830 858
1723840 858
1723850 858
1723860 859
1723870 859
1723880 859
1723890 859
1723900 859
1723910 858
1723920 858
1723930 858
1723940 857
1723950 856
1723960 856
1723970 855
1723980 853
1723990 853
1724000 851
1724010 849
1724020 849
1724030 847
1724040 844
1724050 844
1724060 841
1724070 838
1724080 838
1724090 836
1724100 833
1724110 833
1724120 830
1724130 828
1724140 828
1724150 825
1724160 821
1724170 820
1724180 820
1724190 818
1724200 815
1724210 815
1724220 812
1724230 811
1724240 811
1724250 808
1724260 807
1724270 807
1724280 805
1724290 804
1724300 804
1724310 803
1724320 802
1724330 802
1724340 801
1724350 800
1724360 800
1724370 799
1724380 797
1724390 797
1724400 796
1724410 795
1724420 795
1724430 793
1724440 791
1724450 791
1724460 788
1724470 786
1724480 786
1724490 784
1724500 782
1724510 782
1724520 779
1724530 777
1724540 775
1724550 775
1724560 772
1724570 769
1724580 769
1724590 767
1724600 765
1724610 765
1724620 761
1724630 758
1724640 758
1724650 755
1724660 750
1724670 750
1724680 748
1724690 746
1724700 746
1724710 743
1724720 740
1724730 740
1724740 738
1724750 735
1724760 735
1724770 731
1724780 729
1724790 729
1724800 726
1724810 725
1724820 725
1724830 722
1724840 721
1724850 721
1724860 721
1724870 721
1724880 721
1724890 719
1724900 717
1724910 716
1724920 716
1724930 715
1724940 713
1724950 713
1724960 711
1724970 710
1724980 710
1724990 707
1725000 703
1725010 703
1725020 699
1725030 694
1725040 694
1725050 691
1725060 687
1725070 687
1725080 683
1725090 679
1725100 679
1725110 675
1725120 673
1725130 673
1725140 671
1725150 668
1725160 668
1725170 667
1725180 666
1725190 666
1725200 665
1725210 664
1725220 664
1725230 663
1725240 662
1725250 662
1725260 661
1725270 660
1725280 659
1725290 659
1725300 655
1725310 652
1725320 652
1725330 651
1725340 650
1725350 650
1725360 650
1725370 650
1725380 650
1725390 650
1725400 649
1725410 649
1725420 649
1725430 649
1725440 649
1725450 649
1725460 649
1725470 649
1725480 649
1725490 649
1725500 649
1725510 650
1725520 649
1725530 649
1725540 647
1725550 650
1725560 650
1725570 650
1725580 651
1725590 651
1725600 653
1725610 654
1725620 654
1725630 654
1725640 656
1725650 658
1725660 658
1725670 662
1725680 662
1725690 662
1725700 663
1725710 664
1725720 664
1725730 665
1725740 666
1725750 666
1725760 672
1725770 675
1725780 675
1725790 679
1725800 683
1725810 683
1725820 687
1725830 691
1725840 691
1725850 695
1725860 698
1725870 698
1725880 702
1725890 705
1725900 705
1725910 708
1725920 712
1725930 712
1725940 713
1725950 717
1725960 717
1725970 721
1725980 725
1725990 725
1726000 730
1726010 734
1726020 738
1726030 738
1726040 741
1726050 745
1726060 745
1726070 749
1726080 754
1726090 754
1726100 758
1726110 762
1726120 762
1726130 765
1726140 768
1726150 768
1726160 771
1726170 773
1726180 773
1726190 776
1726200 779
1726210 779
1726220 782
1726230 786
1726240 786
1726250 789
1726260 792
1726270 792
1726280 795
1726290 799
1726300 799
1726310 803
1726320 807
1726330 807
1726340 812
1726350 817
1726360 817
1726370 821
1726380 827
1726390 830
1726400 830
1726410 837
1726420 840
1726430 840
1726440 845
1726450 849
1726460 849
1726470 853
1726480 856
1726490 856
1726500 860
1726510 866
1726520 866
1726530 870
1726540 877
1726550 877
1726560 882
1726570 887
1726580 887
1726590 892
1726600 896
1726610 896
1726620 900
1726630 902
1726640 902
1726650 903
1726660 903
1726670 903
1726680 903
1726690 902
1726700 902
1726710 901
1726720 901
1726730 901
1726740 902
1726750 904
1726760 906
1726770 906
1726780 908
1726790 914
1726800 914
1726810 920
1726820 926
1726830 926
1726840 932
1726850 938
1726860 938
1726870 944
1726880 949
1726890 949
1726900 954
1726910 957
1726920 957
1726930 960
1726940 964
1726950 964
1726960 966
1726970 969
1726980 969
1726990 971
1727000 973
1727010 973
1727020 975
1727030 976
1727040 976
1727050 976
1727060 972
1727070 972
1727080 968
1727090 963
1727100 963
1727110 960
1727120 959
1727130 960
1727140 960
1727150 962
1727160 964
1727170 964
1727180 967
1727190 972
1727200 972
1727210 978
1727220 982
1727230 982
1727240 987
1727250 991
1727260 991
1727270 994
1727280 997
1727290 997
1727300 999
1727310 1001
1727320 1001
1727330 1003
1727340 1004
1727350 1004
1727360 1005
1727370 1006
1727380 1006
1727390 1007
1727400 1007
1727410 1007
1727420 1008
1727430 1008
1727440 1008
1727450 1008
1727460 1008
1727470 1008
1727480 1008
1727490 1008
1727500 1008
1727510 1008
1727520 1007
1727530 1007
1727540 1007
1727550 1006
1727560 1005
1727570 1005
1727580 1003
1727590 1001
1727600 1001
1727610 999
1727620 997
1727630 997
1727640 994
1727650 991
1727660 991
1727670 987
1727680 983
1727690 983
1727700 978
1727710 973
1727720 973
1727730 968
1727740 964
1727750 964
1727760 960
1727770 956
1727780 956
1727790 953
1727800 952
1727810 952
1727820 952
1727830 949
1727840 949
1727850 947
1727860 947
1727870 948
1727880 948
1727890 951
1727900 954
1727910 954
1727920 956
1727930 958
1727940 958
1727950 960
1727960 962
1727970 962
1727980 964
1727990 966
1728000 966
1728010 967
1728020 969
1728030 969
1728040 969
1728050 968
1728060 968
1728070 967
1728080 967
1728090 967
1728100 968
1728110 969
1728120 969
1728130 972
1728140 971
1728150 971
1728160 973
1728170 975
1728180 975
1728190 974
1728200 972
1728210 972
1728220 971
1728230 969
1728240 967
1728250 967
1728260 965
1728270 963
1728280 963
1728290 960
1728300 957
1728310 957
1728320 956
1728330 955
1728340 955
1728350 954
1728360 952
1728370 952
1728380 951
1728390 950
1728400 950
1728410 948
1728420 947
1728430 947
1728440 946
1728450 943
1728460 943
1728470 941
1728480 942
1728490 942
1728500 945
1728510 948
1728520 948
1728530 951
1728540 953
1728550 953
1728560 956
1728570 959
1728580 959
1728590 961
1728600 964
1728610 967
1728620 967
1728630 969
1728640 971
1728650 971
1728660 973
1728670 975
1728680 975
1728690 977
1728700 978
1728710 978
1728720 980
1728730 981
1728740 981
1728750 982
1728760 983
1728770 983
1728780 984
1728790 985
1728800 985
1728810 986
1728820 987
1728830 987
1728840 988
1728850 989
1728860 989
1728870 990
1728880 990
1728890 990
1728900 991
1728910 992
1728920 992
1728930 992
1728940 993
1728950 993
1728960 994
1728970 994
1728980 994
1728990 994
1729000 994
1729010 993
1729020 993
1729030 992
1729040 991
1729050 991
1729060 990
1729070 989
1729080 989
1729090 988
1729100 986
1729110 986
1729120 984
1729130 982
1729140 982
1729150 980
1729160 977
1729170 977
1729180 974
1729190 971
1729200 971
1729210 968
1729220 965
1729230 965
1729240 961
1729250 958
1729260 958
1729270 955
1729280 951
1729290 951
1729300 950
1729310 948
1729320 948
1729330 946
1729340 944
1729350 942
1729360 942
1729370 941
1729380 939
1729390 939
1729400 937
1729410 935
1729420 935
1729430 932
1729440 929
1729450 929
1729460 925
1729470 921
1729480 921
1729490 917
1729500 915
1729510 915
1729520 907
1729530 911
1729540 911
1729550 914
1729560 920
1729570 920
1729580 925
1729590 930
1729600 930
1729610 935
1729620 939
1729630 939
1729640 944
1729650 948
1729660 948
1729670 952
1729680 955
1729690 955
1729700 958
1729710 960
1729720 960
1729730 962
1729740 964
1729750 964
1729760 964
1729770 963
1729780 962
1729790 962
1729800 960
1729810 958
1729820 958
1729830 955
1729840 953
1729850 953
1729860 951
1729870 949
1729880 949
1729890 947
1729900 945
1729910 945
1729920 943
1729930 941
1729940 941
1729950 939
1729960 936
1729970 936
1729980 933
1729990 931
1730000 931
1730010 929
1730020 926
1730030 926
1730040 923
1730050 917
1730060 917
1730070 916
1730080 913
1730090 913
1730100 907
1730110 903
1730120 899
1730130 899
1730140 894
1730150 888
1730160 888
1730170 881
1730180 876
1730190 876
1730200 872
1730210 864
1730220 864
1730230 858
1730240 852
1730250 852
1730260 847
1730270 841
1730280 841
1730290 835
1730300 829
1730310 829
1730320 826
1730330 822
1730340 822
1730350 816
1730360 809
1730370 809
1730380 803
1730390 796
1730400 796
1730410 790
1730420 784
1730430 784
1730440 778
1730450 772
1730460 772
1730470 766
1730480 759
1730490 753
1730500 753
1730510 747
1730520 741
1730530 741
1730540 735
1730550 730
1730560 730
1730570 725
1730580 721
1730590 721
1730600 714
1730610 709
1730620 709
1730630 709
1730640 711
1730650 711
1730660 714
1730670 718
1730680 718
1730690 723
1730700 728
1730710 728
1730720 733
1730730 738
1730740 738
1730750 742
1730760 748
1730770 748
1730780 753
1730790 759
1730800 759
1730810 764
1730820 770
1730830 770
1730840 775
1730850 780
1730860 786
1730870 786
1730880 790
1730890 795
1730900 795
1730910 798
1730920 801
1730930 801
1730940 804
1730950 807
1730960 807
1730970 811
1730980 814
1730990 814
1731000 818
1731010 822
1731020 822
1731030 826
1731040 829
1731050 829
1731060 835
1731070 836
1731080 836
1731090 840
1731100 844
1731110 844
1731120 847
1731130 851
1731140 851
1731150 854
1731160 858
1731170 858
1731180 862
1731190 866
1731200 866
1731210 870
1731220 875
1731230 879
1731240 879
1731250 884
1731260 888
1731270 888
1731280 893
1731290 897
1731300 897
1731310 902
1731320 907
1731330 907
1731340 912
1731350 916
1731360 916
1731370 921
1731380 925
1731390 925
1731400 929
1731410 933
1731420 933
1731430 936
1731440 939
1731450 939
1731460 942
1731470 944
1731480 944
1731490 945
1731500 947
1731510 947
1731520 947
1731530 946
1731540 946
1731550 945
1731560 943
1731570 943
1731580 940
1731590 938
1731600 936
1731610 936
1731620 933
1731630 931
1731640 931
1731650 928
1731660 926
1731670 926
1731680 924
1731690 921
1731700 921
1731710 919
1731720 916
1731730 916
1731740 913
1731750 909
1731760 909
1731770 905
1731780 900
1731790 900
1731800 896
1731810 891
1731820 891
1731830 885
1731840 880
1731850 880
1731860 875
1731870 869
1731880 869
1731890 864
1731900 860
1731910 860
1731920 857
1731930 852
1731940 852
1731950 847
1731960 843
1731970 837
1731980 837
1731990 831
1732000 825
1732010 825
1732020 819
1732030 808
1732040 808
1732050 801
1732060 808
1732070 808
1732080 811
1732090 814
1732100 814
1732110 816
1732120 818
1732130 818
1732140 825
1732150 829
1732160 829
1732170 835
1732180 841
1732190 841
1732200 847
1732210 852
1732220 852
1732230 858
1732240 863
1732250 863
1732260 869
1732270 875
1732280 875
1732290 880
1732300 884
1732310 884
1732320 888
1732330 892
1732340 895
1732350 895
1732360 898
1732370 900
1732380 900
1732390 901
1732400 903
1732410 903
1732420 904
1732430 905
1732440 905
1732450 906
1732460 907
1732470 907
1732480 908
1732490 909
1732500 909
1732510 910
1732520 910
1732530 910
1732540 909
1732550 907
1732560 907
1732570 905
1732580 902
1732590 902
1732600 899
1732610 896
1732620 896
1732630 892
1732640 887
1732650 887
1732660 882
1732670 877
1732680 877
1732690 874
1732700 868
1732710 863
1732720 863
1732730 858
1732740 854
1732750 854
1732760 850
1732770 846
1732780 846
1732790 841
1732800 838
1732810 838
1732820 834
1732830 830
1732840 830
1732850 827
1732860 824
1732870 824
1732880 821
1732890 818
1732900 818
1732910 815
1732920 813
1732930 813
1732940 812
1732950 811
1732960 811
1732970 811
1732980 812
1732990 812
1733000 815
1733010 818
1733020 818
1733030 822
1733040 826
1733050 826
1733060 830
1733070 833
1733080 836
1733090 836
1733100 839
1733110 843
1733120 843
1733130 845
1733140 845
1733150 845
1733160 842
1733170 838
1733180 838
1733190 835
1733200 833
1733210 833
1733220 832
1733230 832
1733240 832
1733250 832
1733260 833
1733270 833
1733280 833
1733290 834
1733300 834
1733310 834
1733320 834
1733330 834
1733340 835
1733350 835
1733360 835
1733370 834
1733380 834
1733390 834
1733400 834
1733410 834
1733420 834
1733430 834
1733440 834
1733450 834
1733460 834
1733470 833
1733480 832
1733490 832
1733500 831
1733510 831
1733520 831
1733530 830
1733540 829
1733550 829
1733560 828
1733570 827
1733580 827
1733590 826
1733600 826
1733610 826
1733620 825
1733630 823
1733640 823
1733650 821
1733660 818
1733670 818
1733680 815
1733690 812
1733700 812
1733710 809
1733720 803
1733730 803
1733740 798
1733750 794
1733760 794
1733770 792
1733780 791
1733790 791
1733800 790
1733810 789
1733820 788
1733830 788
1733840 787
1733850 785
1733860 785
1733870 783
1733880 781
1733890 781
1733900 780
1733910 778
1733920 778
1733930 775
1733940 771
1733950 771
1733960 769
1733970 765
1733980 765
1733990 765
1734000 763
1734010 763
1734020 761
1734030 757
1734040 757
1734050 753
1734060 749
1734070 749
1734080 745
1734090 741
1734100 741
1734110 737
1734120 731
1734130 731
1734140 724
1734150 717
1734160 717
1734170 710
1734180 704
1734190 697
1734200 697
1734210 691
1734220 685
1734230 685
1734240 679
1734250 673
1734260 673
1734270 672
1734280 671
1734290 671
1734300 672
1734310 672
1734320 672
1734330 672
1734340 674
1734350 674
1734360 678
1734370 681
1734380 681
1734390 686
1734400 690
1734410 695
1734420 699
1734430 703
1734440 703
1734450 707
1734460 711
1734470 711
1734480 714
1734490 718
1734500 718
1734510 719
1734520 723
1734530 723
1734540 726
1734550 728
1734560 729
1734570 729
1734580 731
1734590 734
1734600 734
1734610 738
1734620 742
1734630 742
1734640 744
1734650 745
1734660 745
1734670 747
1734680 746
1734690 746
1734700 748
1734710 747
1734720 747
1734730 748
1734740 748
1734750 748
1734760 748
1734770 749
1734780 749
1734790 752
1734800 755
1734810 755
1734820 757
1734830 760
1734840 760
1734850 762
1734860 762
1734870 762
1734880 763
1734890 764
1734900 764
1734910 764
1734920 765
1734930 766
1734940 766
1734950 767
1734960 767
1734970 767
1734980 766
1734990 766
1735000 766
1735010 767
1735020 767
1735030 767
1735040 767
1735050 768
1735060 768
1735070 770
1735080 770
1735090 770
1735100 771
1735110 771
1735120 771
1735130 772
1735140 772
1735150 772
1735160 771
1735170 770
1735180 770
1735190 768
1735200 766
1735210 766
1735220 766
1735230 766
1735240 766
1735250 766
1735260 766
1735270 766
1735280 766
1735290 766
1735300 767
1735310 767
1735320 768
1735330 770
1735340 770
1735350 770
1735360 767
1735370 767
1735380 769
1735390 770
1735400 770
1735410 768
1735420 767
1735430 767
1735440 769
1735450 772
1735460 772
1735470 773
1735480 772
1735490 772
1735500 775
1735510 781
1735520 781
1735530 782
1735540 783
1735550 783
1735560 782
1735570 782
1735580 782
1735590 777
1735600 772
1735610 772
1735620 768
1735630 764
1735640 764
1735650 761
1735660 758
1735670 755
1735680 755
1735690 751
1735700 749
1735710 749
1735720 747
1735730 745
1735740 745
1735750 744
1735760 742
1735770 742
1735780 741
1735790 740
1735800 740
1735810 737
1735820 733
1735830 733
1735840 727
1735850 722
1735860 722
1735870 714
1735880 710
1735890 710
1735900 705
1735910 709
1735920 709
1735930 707
1735940 712
1735950 712
1735960 716
1735970 716
1735980 716
1735990 718
1736000 719
1736010 719
1736020 719
1736030 721
1736040 722
1736050 722
1736060 722
1736070 723
1736080 723
1736090 724
1736100 723
1736110 723
1736120 724
1736130 724
1736140 724
1736150 724
1736160 725
1736170 725
1736180 725
1736190 726
1736200 726
1736210 726
1736220 727
1736230 727
1736240 729
1736250 730
1736260 730
1736270 731
1736280 733
1736290 733
1736300 734
1736310 736
1736320 736
1736330 736
1736340 734
1736350 734
1736360 736
1736370 734
1736380 734
1736390 734
1736400 733
1736410 733
1736420 733
1736430 732
1736440 731
1736450 731
1736460 731
1736470 730
1736480 730
1736490 728
1736500 726
1736510 726
1736520 725
1736530 724
1736540 724
1736550 722
1736560 720
1736570 720
1736580 717
1736590 715
1736600 715
1736610 713
1736620 710
1736630 710
1736640 708
1736650 706
1736660 706
1736670 701
1736680 696
1736690 696
1736700 691
1736710 689
1736720 689
1736730 688
1736740 688
1736750 688
1736760 687
1736770 687
1736780 686
1736790 686
1736800 689
1736810 692
1736820 692
1736830 697
1736840 699
1736850 699
1736860 702
1736870 705
1736880 705
1736890 706
1736900 707
1736910 707
1736920 707
1736930 708
1736940 708
1736950 709
1736960 710
1736970 710
1736980 711
1736990 715
1737000 715
1737010 716
1737020 718
1737030 718
1737040 720
1737050 721
1737060 721
1737070 722
1737080 724
1737090 724
1737100 726
1737110 726
1737120 726
1737130 727
1737140 728
1737150 728
1737160 728
1737170 732
1737180 734
1737190 734
1737200 736
1737210 736
1737220 736
1737230 735
1737240 734
1737250 734
1737260 731
1737270 728
1737280 728
1737290 724
1737300 721
1737310 721
1737320 718
1737330 715
1737340 715
1737350 713
1737360 710
1737370 710
1737380 705
1737390 708
1737400 708
1737410 710
1737420 711
1737430 711
1737440 713
1737450 714
1737460 714
1737470 716
1737480 717
1737490 717
1737500 717
1737510 717
1737520 718
1737530 718
1737540 719
1737550 720
1737560 720
1737570 722
1737580 722
1737590 722
1737600 723
1737610 723
1737620 723
1737630 724
1737640 724
1737650 724
1737660 725
1737670 726
1737680 726
1737690 726
1737700 726
1737710 726
1737720 727
1737730 727
1737740 727
1737750 726
1737760 726
1737770 726
1737780 725
1737790 724
1737800 724
1737810 723
1737820 722
1737830 722
1737840 721
1737850 721
1737860 721
1737870 720
1737880 719
1737890 717
1737900 717
1737910 716
1737920 714
1737930 714
1737940 713
1737950 713
1737960 713
1737970 712
1737980 711
1737990 711
1738000 710
1738010 708
1738020 708
1738030 704
1738040 700
1738050 700
1738060 694
1738070 690
1738080 690
1738090 687
1738100 684
1738110 684
1738120 683
1738130 681
1738140 681
1738150 679
1738160 678
1738170 678
1738180 677
1738190 675
1738200 675
1738210 673
1738220 672
1738230 672
1738240 670
1738250 667
1738260 666
1738270 666
1738280 664
1738290 662
1738300 662
1738310 659
1738320 654
1738330 654
1738340 647
1738350 638
1738360 638
1738370 636
1738380 636
1738390 636
1738400 636
1738410 636
1738420 636
1738430 632
1738440 638
1738450 638
1738460 638
1738470 636
1738480 636
1738490 634
1738500 634
1738510 634
1738520 634
1738530 634
1738540 634
1738550 633
1738560 631
1738570 631
1738580 631
1738590 634
1738600 634
1738610 635
1738620 634
1738630 634
1738640 634
1738650 635
1738660 634
1738670 634
1738680 634
1738690 634
1738700 634
1738710 634
1738720 634
1738730 634
1738740 634
1738750 635
1738760 635
1738770 635
1738780 636
1738790 636
1738800 636
1738810 636
1738820 636
1738830 636
1738840 637
1738850 637
1738860 637
1738870 637
1738880 637
1738890 637
1738900 637
1738910 637
1738920 637
1738930 637
1738940 637
1738950 637
1738960 637
1738970 637
1738980 636
1738990 637
1739000 637
1739010 637
1739020 637
1739030 637
1739040 637
1739050 637
1739060 637
1739070 637
1739080 637
1739090 637
1739100 637
1739110 637
1739120 638
1739130 638
1739140 638
1739150 638
1739160 638
1739170 637
1739180 637
1739190 637
1739200 637
1739210 637
1739220 637
1739230 637
1739240 637
1739250 637
1739260 637
1739270 637
1739280 637
1739290 637
1739300 637
1739310 637
1739320 638
1739330 638
1739340 638
1739350 638
1739360 638
1739370 639
1739380 639
1739390 639
1739400 639
1739410 639
1739420 640
1739430 640
1739440 640
1739450 640
1739460 641
1739470 641
1739480 641
1739490 641
1739500 641
1739510 641
1739520 642
1739530 642
1739540 642
1739550 642
1739560 642
1739570 643
1739580 643
1739590 643
1739600 644
1739610 644
1739620 644
1739630 645
1739640 645
1739650 645
1739660 646
1739670 646
1739680 646
1739690 647
1739700 647
1739710 647
1739720 647
1739730 648
1739740 648
1739750 648
1739760 648
1739770 649
1739780 649
1739790 649
1739800 649
1739810 649
1739820 649
1739830 649
1739840 649
1739850 650
1739860 650
1739870 650
1739880 650
1739890 650
1739900 650
1739910 651
1739920 651
1739930 651
1739940 651
1739950 650
1739960 650
1739970 650
1739980 651
1739990 651
