1720000 989
1720010 984
1720020 984
1720030 978
1720040 973
1720050 973
1720060 967
1720070 960
1720080 956
1720090 956
1720100 949
1720110 943
1720120 943
1720130 937
1720140 930
1720150 930
1720160 925
1720170 920
1720180 920
1720190 914
1720200 908
1720210 908
1720220 903
1720230 897
1720240 897
1720250 891
1720260 887
1720270 887
1720280 881
1720290 875
1720300 875
1720310 870
1720320 865
1720330 865
1720340 859
1720350 854
1720360 854
1720370 849
1720380 844
1720390 844
1720400 838
1720410 834
1720420 834
1720430 832
1720440 829
1720450 825
1720460 825
1720470 819
1720480 815
1720490 815
1720500 812
1720510 808
1720520 808
1720530 804
1720540 800
1720550 800
1720560 798
1720570 794
1720580 794
1720590 793
1720600 789
1720610 789
1720620 781
1720630 775
1720640 775
1720650 775
1720660 775
1720670 775
1720680 775
1720690 775
1720700 775
1720710 774
1720720 774
1720730 774
1720740 774
1720750 774
1720760 774
1720770 774
1720780 775
1720790 775
1720800 776
1720810 779
1720820 779
1720830 782
1720840 787
1720850 790
1720860 790
1720870 794
1720880 797
1720890 797
1720900 800
1720910 804
1720920 804
1720930 809
1720940 813
1720950 813
1720960 819
1720970 824
1720980 824
1720990 828
1721000 833
1721010 833
1721020 836
1721030 835
1721040 835
1721050 832
1721060 831
1721070 831
1721080 830
1721090 830
1721100 830
1721110 831
1721120 832
1721130 832
1721140 834
1721150 835
1721160 835
1721170 839
1721180 840
1721190 840
1721200 842
1721210 845
1721220 845
1721230 848
1721240 853
1721250 858
1721260 858
1721270 864
1721280 869
1721290 869
1721300 874
1721310 879
1721320 879
1721330 884
1721340 889
1721350 889
1721360 896
1721370 903
1721380 903
1721390 908
1721400 914
1721410 914
1721420 918
1721430 923
1721440 923
1721450 927
1721460 933
1721470 933
1721480 938
1721490 944
1721500 944
1721510 949
1721520 955
1721530 955
1721540 961
1721550 967
1721560 967
1721570 973
1721580 979
1721590 979
1721600 984
1721610 990
1721620 990
1721630 992
1721640 998
1721650 1004
1721660 1004
1721670 1009
1721680 1014
1721690 1014
1721700 1019
1721710 1025
1721720 1025
1721730 1030
1721740 1036
1721750 1036
1721760 1040
1721770 1045
1721780 1045
1721790 1051
1721800 1057
1721810 1057
1721820 1063
1721830 1067
1721840 1067
1721850 1070
1721860 1072
1721870 1072
1721880 1075
1721890 1077
1721900 1077
1721910 1079
1721920 1080
1721930 1080
1721940 1083
1721950 1086
1721960 1086
1721970 1088
1721980 1091
1721990 1091
1722000 1093
1722010 1096
1722020 1096
1722030 1099
1722040 1102
1722050 1104
1722060 1104
1722070 1108
1722080 1111
1722090 1111
1722100 1115
1722110 1119
1722120 1119
1722130 1123
1722140 1128
1722150 1128
1722160 1135
1722170 1135
1722180 1135
1722190 1136
1722200 1142
1722210 1142
1722220 1147
1722230 1150
1722240 1150
1722250 1154
1722260 1158
1722270 1158
1722280 1161
1722290 1166
1722300 1166
1722310 1170
1722320 1173
1722330 1173
1722340 1176
1722350 1179
1722360 1179
1722370 1182
1722380 1185
1722390 1185
1722400 1186
1722410 1187
1722420 1192
1722430 1192
1722440 1197
1722450 1201
1722460 1201
1722470 1205
1722480 1209
1722490 1209
1722500 1214
1722510 1218
1722520 1218
1722530 1222
1722540 1227
1722550 1227
1722560 1231
1722570 1235
1722580 1235
1722590 1240
1722600 1244
1722610 1244
1722620 1247
1722630 1248
1722640 1248
1722650 1250
1722660 1251
1722670 1251
1722680 1250
1722690 1248
1722700 1248
1722710 1247
1722720 1244
1722730 1244
1722740 1242
1722750 1239
1722760 1239
1722770 1237
1722780 1234
1722790 1234
1722800 1232
1722810 1230
1722820 1227
1722830 1227
1722840 1225
1722850 1223
1722860 1223
1722870 1220
1722880 1217
1722890 1217
1722900 1215
1722910 1212
1722920 1212
1722930 1209
1722940 1206
1722950 1206
1722960 1201
1722970 1198
1722980 1198
1722990 1194
1723000 1191
1723010 1191
1723020 1186
1723030 1182
1723040 1182
1723050 1177
1723060 1172
1723070 1172
1723080 1168
1723090 1163
1723100 1163
1723110 1158
1723120 1154
1723130 1154
1723140 1149
1723150 1143
1723160 1143
1723170 1137
1723180 1131
1723190 1131
1723200 1125
1723210 1119
1723220 1113
1723230 1113
1723240 1108
1723250 1102
1723260 1102
1723270 1097
1723280 1091
1723290 1091
1723300 1085
1723310 1082
1723320 1082
1723330 1081
1723340 1081
1723350 1081
1723360 1079
1723370 1084
1723380 1084
1723390 1087
1723400 1090
1723410 1090
1723420 1093
1723430 1096
1723440 1096
1723450 1098
1723460 1100
1723470 1100
1723480 1099
1723490 1094
1723500 1094
1723510 1092
1723520 1091
1723530 1091
1723540 1093
1723550 1097
1723560 1097
1723570 1100
1723580 1103
1723590 1103
1723600 1106
1723610 1108
1723620 1113
1723630 1113
1723640 1117
1723650 1122
1723660 1122
1723670 1126
1723680 1130
1723690 1130
1723700 1134
1723710 1137
1723720 1137
1723730 1139
1723740 1140
1723750 1140
1723760 1141
1723770 1142
1723780 1142
1723790 1142
1723800 1145
1723810 1145
1723820 1151
1723830 1154
1723840 1154
1723850 1161
1723860 1166
1723870 1166
1723880 1172
1723890 1178
1723900 1178
1723910 1182
1723920 1187
1723930 1187
1723940 1191
1723950 1195
1723960 1195
1723970 1199
1723980 1204
1723990 1204
1724000 1208
1724010 1212
1724020 1215
1724030 1215
1724040 1219
1724050 1222
1724060 1222
1724070 1225
1724080 1228
1724090 1228
1724100 1231
1724110 1234
1724120 1234
1724130 1236
1724140 1238
1724150 1238
1724160 1238
1724170 1239
1724180 1239
1724190 1239
1724200 1238
1724210 1238
1724220 1237
1724230 1236
1724240 1236
1724250 1234
1724260 1233
1724270 1233
1724280 1231
1724290 1230
1724300 1230
1724310 1227
1724320 1225
1724330 1225
1724340 1222
1724350 1219
1724360 1219
1724370 1216
1724380 1212
1724390 1208
1724400 1208
1724410 1204
1724420 1200
1724430 1200
1724440 1196
1724450 1192
1724460 1192
1724470 1188
1724480 1184
1724490 1184
1724500 1180
1724510 1176
1724520 1176
1724530 1171
1724540 1167
1724550 1167
1724560 1163
1724570 1160
1724580 1160
1724590 1157
1724600 1155
1724610 1155
1724620 1153
1724630 1151
1724640 1151
1724650 1150
1724660 1148
1724670 1148
1724680 1148
1724690 1149
1724700 1149
1724710 1151
1724720 1154
1724730 1154
1724740 1157
1724750 1160
1724760 1160
1724770 1163
1724780 1165
1724790 1168
1724800 1170
1724810 1172
1724820 1173
1724830 1173
1724840 1175
1724850 1176
1724860 1176
1724870 1176
1724880 1176
1724890 1176
1724900 1176
1724910 1175
1724920 1175
1724930 1173
1724940 1171
1724950 1171
1724960 1169
1724970 1165
1724980 1165
1724990 1160
1725000 1155
1725010 1155
1725020 1147
1725030 1141
1725040 1141
1725050 1133
1725060 1126
1725070 1126
1725080 1119
1725090 1113
1725100 1113
1725110 1107
1725120 1101
1725130 1101
1725140 1095
1725150 1089
1725160 1089
1725170 1084
1725180 1079
1725190 1073
1725200 1073
1725210 1067
1725220 1062
1725230 1062
1725240 1056
1725250 1051
1725260 1051
1725270 1045
1725280 1040
1725290 1040
1725300 1035
1725310 1029
1725320 1029
1725330 1026
1725340 1021
1725350 1021
1725360 1016
1725370 1011
1725380 1011
1725390 1007
1725400 1004
1725410 1004
1725420 1001
1725430 998
1725440 998
1725450 995
1725460 992
1725470 992
1725480 990
1725490 988
1725500 988
1725510 987
1725520 987
1725530 987
1725540 986
1725550 985
1725560 985
1725570 984
1725580 982
1725590 979
1725600 979
1725610 979
1725620 979
1725630 979
1725640 980
1725650 980
1725660 980
1725670 980
1725680 980
1725690 980
1725700 979
1725710 978
1725720 978
1725730 976
1725740 975
1725750 975
1725760 975
1725770 973
1725780 973
1725790 971
1725800 969
1725810 969
1725820 967
1725830 963
1725840 963
1725850 960
1725860 955
1725870 955
1725880 950
1725890 944
1725900 944
1725910 939
1725920 934
1725930 934
1725940 926
1725950 921
1725960 921
1725970 915
1725980 909
1725990 905
1726000 905
1726010 900
1726020 894
1726030 894
1726040 889
1726050 885
1726060 885
1726070 880
1726080 874
1726090 874
1726100 869
1726110 863
1726120 863
1726130 857
1726140 851
1726150 851
1726160 845
1726170 838
1726180 838
1726190 831
1726200 825
1726210 825
1726220 818
1726230 813
1726240 813
1726250 806
1726260 800
1726270 800
1726280 794
1726290 788
1726300 788
1726310 781
1726320 774
1726330 774
1726340 769
1726350 763
1726360 763
1726370 763
1726380 764
1726390 765
1726400 765
1726410 765
1726420 769
1726430 769
1726440 772
1726450 780
1726460 780
1726470 787
1726480 792
1726490 792
1726500 797
1726510 802
1726520 802
1726530 805
1726540 808
1726550 808
1726560 812
1726570 815
1726580 815
1726590 819
1726600 823
1726610 823
1726620 826
1726630 830
1726640 830
1726650 836
1726660 837
1726670 837
1726680 843
1726690 848
1726700 848
1726710 852
1726720 857
1726730 857
1726740 862
1726750 867
1726760 872
1726770 872
1726780 877
1726790 883
1726800 883
1726810 889
1726820 895
1726830 895
1726840 902
1726850 908
1726860 908
1726870 915
1726880 920
1726890 920
1726900 926
1726910 932
1726920 932
1726930 937
1726940 942
1726950 942
1726960 947
1726970 953
1726980 953
1726990 959
1727000 963
1727010 963
1727020 967
1727030 971
1727040 971
1727050 975
1727060 979
1727070 979
1727080 980
1727090 984
1727100 984
1727110 991
1727120 996
1727130 996
1727140 1001
1727150 1007
1727160 1012
1727170 1012
1727180 1016
1727190 1021
1727200 1021
1727210 1024
1727220 1028
1727230 1028
1727240 1031
1727250 1034
1727260 1034
1727270 1038
1727280 1041
1727290 1041
1727300 1044
1727310 1047
1727320 1047
1727330 1050
1727340 1052
1727350 1052
1727360 1055
1727370 1057
1727380 1057
1727390 1060
1727400 1062
1727410 1062
1727420 1064
1727430 1066
1727440 1066
1727450 1068
1727460 1070
1727470 1070
1727480 1072
1727490 1074
1727500 1074
1727510 1076
1727520 1078
1727530 1078
1727540 1080
1727550 1082
1727560 1084
1727570 1084
1727580 1086
1727590 1088
1727600 1088
1727610 1090
1727620 1092
1727630 1092
1727640 1094
1727650 1096
1727660 1096
1727670 1098
1727680 1100
1727690 1100
1727700 1102
1727710 1103
1727720 1103
1727730 1105
1727740 1107
1727750 1107
1727760 1109
1727770 1111
1727780 1111
1727790 1113
1727800 1115
1727810 1115
1727820 1117
1727830 1119
1727840 1119
1727850 1121
1727860 1122
1727870 1122
1727880 1124
1727890 1125
1727900 1125
1727910 1127
1727920 1128
1727930 1128
1727940 1129
1727950 1130
1727960 1131
1727970 1131
1727980 1133
1727990 1135
1728000 1135
1728010 1136
1728020 1138
1728030 1138
1728040 1139
1728050 1140
1728060 1140
1728070 1141
1728080 1142
1728090 1142
1728100 1143
1728110 1144
1728120 1144
1728130 1145
1728140 1146
1728150 1146
1728160 1147
1728170 1147
1728180 1147
1728190 1147
1728200 1147
1728210 1147
1728220 1146
1728230 1146
1728240 1146
1728250 1146
1728260 1145
1728270 1145
1728280 1143
1728290 1141
1728300 1141
1728310 1138
1728320 1134
1728330 1130
1728340 1130
1728350 1125
1728360 1121
1728370 1121
1728380 1117
1728390 1112
1728400 1112
1728410 1107
1728420 1102
1728430 1102
1728440 1098
1728450 1092
1728460 1092
1728470 1086
1728480 1081
1728490 1081
1728500 1075
1728510 1069
1728520 1069
1728530 1064
1728540 1058
1728550 1058
1728560 1053
1728570 1048
1728580 1048
1728590 1046
1728600 1044
1728610 1044
1728620 1041
1728630 1038
1728640 1038
1728650 1036
1728660 1032
1728670 1032
1728680 1027
1728690 1023
1728700 1023
1728710 1021
1728720 1019
1728730 1017
1728740 1017
1728750 1013
1728760 1009
1728770 1009
1728780 1005
1728790 1000
1728800 1000
1728810 996
1728820 991
1728830 991
1728840 987
1728850 984
1728860 984
1728870 981
1728880 978
1728890 978
1728900 976
1728910 973
1728920 973
1728930 970
1728940 968
1728950 968
1728960 965
1728970 962
1728980 962
1728990 960
1729000 957
1729010 957
1729020 955
1729030 952
1729040 952
1729050 949
1729060 945
1729070 945
1729080 941
1729090 938
1729100 938
1729110 935
1729120 932
1729130 928
1729140 928
1729150 925
1729160 919
1729170 919
1729180 919
1729190 917
1729200 917
1729210 914
1729220 912
1729230 912
1729240 910
1729250 909
1729260 909
1729270 909
1729280 907
1729290 907
1729300 905
1729310 905
1729320 905
1729330 904
1729340 902
1729350 902
1729360 901
1729370 900
1729380 900
1729390 899
1729400 900
1729410 900
1729420 898
1729430 898
1729440 898
1729450 899
1729460 898
1729470 898
1729480 895
1729490 896
1729500 896
1729510 896
1729520 894
1729530 891
1729540 891
1729550 889
1729560 890
1729570 890
1729580 891
1729590 892
1729600 892
1729610 893
1729620 895
1729630 895
1729640 897
1729650 897
1729660 897
1729670 896
1729680 895
1729690 895
1729700 891
1729710 888
1729720 888
1729730 886
1729740 883
1729750 883
1729760 880
1729770 877
1729780 877
1729790 874
1729800 871
1729810 871
1729820 867
1729830 864
1729840 864
1729850 863
1729860 863
1729870 863
1729880 862
1729890 860
1729900 860
1729910 863
1729920 863
1729930 867
1729940 867
1729950 870
1729960 873
1729970 873
1729980 877
1729990 880
1730000 880
1730010 885
1730020 888
1730030 888
1730040 891
1730050 891
1730060 891
1730070 892
1730080 891
1730090 891
1730100 889
1730110 887
1730120 887
1730130 884
1730140 883
1730150 883
1730160 882
1730170 881
1730180 881
1730190 884
1730200 887
1730210 887
1730220 890
1730230 892
1730240 892
1730250 894
1730260 896
1730270 896
1730280 898
1730290 901
1730300 903
1730310 903
1730320 906
1730330 910
1730340 910
1730350 913
1730360 916
1730370 916
1730380 921
1730390 923
1730400 923
1730410 927
1730420 930
1730430 930
1730440 933
1730450 934
1730460 934
1730470 937
1730480 940
1730490 940
1730500 943
1730510 946
1730520 946
1730530 948
1730540 950
1730550 950
1730560 953
1730570 955
1730580 955
1730590 958
1730600 960
1730610 960
1730620 963
1730630 967
1730640 967
1730650 970
1730660 974
1730670 974
1730680 977
1730690 981
1730700 985
1730710 985
1730720 989
1730730 991
1730740 991
1730750 994
1730760 996
1730770 996
1730780 1000
1730790 1003
1730800 1003
1730810 1007
1730820 1010
1730830 1010
1730840 1013
1730850 1017
1730860 1017
1730870 1021
1730880 1026
1730890 1026
1730900 1030
1730910 1035
1730920 1035
1730930 1040
1730940 1046
1730950 1046
1730960 1051
1730970 1057
1730980 1057
1730990 1062
1731000 1068
1731010 1068
1731020 1072
1731030 1078
1731040 1078
1731050 1083
1731060 1087
1731070 1087
1731080 1091
1731090 1094
1731100 1090
1731110 1090
1731120 1085
1731130 1079
1731140 1079
1731150 1073
1731160 1067
1731170 1067
1731180 1061
1731190 1054
1731200 1054
1731210 1049
1731220 1042
1731230 1042
1731240 1037
1731250 1031
1731260 1031
1731270 1026
1731280 1021
1731290 1021
1731300 1017
1731310 1012
1731320 1012
1731330 1007
1731340 1002
1731350 1002
1731360 997
1731370 992
1731380 993
1731390 988
1731400 983
1731410 983
1731420 979
1731430 976
1731440 976
1731450 972
1731460 969
1731470 969
1731480 966
1731490 963
1731500 959
1731510 959
1731520 956
1731530 952
1731540 952
1731550 953
1731560 956
1731570 956
1731580 962
1731590 966
1731600 966
1731610 971
1731620 973
1731630 973
1731640 975
1731650 980
1731660 980
1731670 981
1731680 982
1731690 982
1731700 982
1731710 979
1731720 979
1731730 976
1731740 973
1731750 973
1731760 971
1731770 971
1731780 971
1731790 972
1731800 973
1731810 973
1731820 972
1731830 971
1731840 971
1731850 976
1731860 977
1731870 977
1731880 978
1731890 981
1731900 982
1731910 982
1731920 986
1731930 989
1731940 989
1731950 991
1731960 993
1731970 993
1731980 997
1731990 999
1732000 999
1732010 1002
1732020 1005
1732030 1005
1732040 1006
1732050 1008
1732060 1008
1732070 1011
1732080 1013
1732090 1013
1732100 1016
1732110 1019
1732120 1019
1732130 1022
1732140 1024
1732150 1024
1732160 1025
1732170 1025
1732180 1025
1732190 1029
1732200 1033
1732210 1033
1732220 1035
1732230 1037
1732240 1037
1732250 1040
1732260 1043
1732270 1045
1732280 1045
1732290 1047
1732300 1049
1732310 1049
1732320 1051
1732330 1054
1732340 1054
1732350 1057
1732360 1062
1732370 1062
1732380 1064
1732390 1069
1732400 1069
1732410 1073
1732420 1076
1732430 1076
1732440 1079
1732450 1081
1732460 1081
1732470 1084
1732480 1086
1732490 1086
1732500 1090
1732510 1093
1732520 1093
1732530 1096
1732540 1098
1732550 1098
1732560 1101
1732570 1105
1732580 1105
1732590 1108
1732600 1114
1732610 1114
1732620 1118
1732630 1124
1732640 1124
1732650 1128
1732660 1133
1732670 1137
1732680 1137
1732690 1141
1732700 1144
1732710 1144
1732720 1149
1732730 1153
1732740 1153
1732750 1157
1732760 1160
1732770 1160
1732780 1165
1732790 1168
1732800 1168
1732810 1174
1732820 1179
1732830 1179
1732840 1184
1732850 1188
1732860 1188
1732870 1193
1732880 1196
1732890 1196
1732900 1201
1732910 1207
1732920 1207
1732930 1212
1732940 1217
1732950 1217
1732960 1223
1732970 1227
1732980 1227
1732990 1231
1733000 1234
1733010 1234
1733020 1237
1733030 1239
1733040 1239
1733050 1241
1733060 1244
1733070 1246
1733080 1246
1733090 1249
1733100 1253
1733110 1253
1733120 1256
1733130 1258
1733140 1258
1733150 1261
1733160 1263
1733170 1263
1733180 1265
1733190 1267
1733200 1267
1733210 1267
1733220 1268
1733230 1268
1733240 1269
1733250 1269
1733260 1269
1733270 1269
1733280 1270
1733290 1270
1733300 1270
1733310 1268
1733320 1268
1733330 1267
1733340 1265
1733350 1265
1733360 1263
1733370 1261
1733380 1261
1733390 1259
1733400 1257
1733410 1257
1733420 1257
1733430 1255
1733440 1255
1733450 1253
1733460 1251
1733470 1248
1733480 1248
1733490 1246
1733500 1243
1733510 1243
1733520 1239
1733530 1235
1733540 1235
1733550 1231
1733560 1228
1733570 1228
1733580 1225
1733590 1222
1733600 1222
1733610 1219
1733620 1215
1733630 1215
1733640 1212
1733650 1210
1733660 1210
1733670 1207
1733680 1202
1733690 1202
1733700 1197
1733710 1193
1733720 1193
1733730 1190
1733740 1190
1733750 1190
1733760 1193
1733770 1195
1733780 1195
1733790 1198
1733800 1200
1733810 1200
1733820 1202
1733830 1204
1733840 1204
1733850 1204
1733860 1205
1733870 1208
1733880 1208
1733890 1211
1733900 1214
1733910 1214
1733920 1217
1733930 1218
1733940 1218
1733950 1220
1733960 1221
1733970 1221
1733980 1222
1733990 1223
1734000 1223
1734010 1224
1734020 1225
1734030 1225
1734040 1226
1734050 1227
1734060 1227
1734070 1229
1734080 1231
1734090 1231
1734100 1232
1734110 1233
1734120 1233
1734130 1235
1734140 1236
1734150 1236
1734160 1237
1734170 1239
1734180 1239
1734190 1241
1734200 1243
1734210 1243
1734220 1244
1734230 1244
1734240 1247
1734250 1247
1734260 1249
1734270 1251
1734280 1251
1734290 1253
1734300 1254
1734310 1254
1734320 1255
1734330 1255
1734340 1255
1734350 1255
1734360 1255
1734370 1255
1734380 1256
1734390 1255
1734400 1255
1734410 1254
1734420 1256
1734430 1256
1734440 1257
1734450 1257
1734460 1257
1734470 1260
1734480 1262
1734490 1262
1734500 1265
1734510 1269
1734520 1269
1734530 1272
1734540 1276
1734550 1276
1734560 1280
1734570 1283
1734580 1283
1734590 1287
1734600 1291
1734610 1291
1734620 1292
1734630 1295
1734640 1297
1734650 1297
1734660 1299
1734670 1301
1734680 1301
1734690 1301
1734700 1303
1734710 1303
1734720 1304
1734730 1306
1734740 1306
1734750 1308
1734760 1310
1734770 1310
1734780 1311
1734790 1313
1734800 1313
1734810 1316
1734820 1318
1734830 1318
1734840 1320
1734850 1322
1734860 1322
1734870 1324
1734880 1327
1734890 1327
1734900 1328
1734910 1331
1734920 1331
1734930 1333
1734940 1336
1734950 1336
1734960 1338
1734970 1340
1734980 1340
1734990 1343
1735000 1346
1735010 1346
1735020 1349
1735030 1354
1735040 1358
1735050 1358
1735060 1366
1735070 1371
1735080 1371
1735090 1377
1735100 1382
1735110 1382
1735120 1386
1735130 1390
1735140 1390
1735150 1394
1735160 1396
1735170 1396
1735180 1399
1735190 1402
1735200 1402
1735210 1404
1735220 1407
1735230 1407
1735240 1409
1735250 1411
1735260 1411
1735270 1413
1735280 1413
1735290 1413
1735300 1414
1735310 1416
1735320 1416
1735330 1417
1735340 1418
1735350 1418
1735360 1421
1735370 1422
1735380 1422
1735390 1424
1735400 1425
1735410 1425
1735420 1427
1735430 1427
1735440 1427
1735450 1427
1735460 1426
1735470 1425
1735480 1425
1735490 1424
1735500 1422
1735510 1422
1735520 1419
1735530 1416
1735540 1416
1735550 1412
1735560 1407
1735570 1407
1735580 1401
1735590 1395
1735600 1395
1735610 1389
1735620 1382
1735630 1382
1735640 1375
1735650 1369
1735660 1369
1735670 1363
1735680 1356
1735690 1356
1735700 1349
1735710 1343
1735720 1343
1735730 1336
1735740 1330
1735750 1330
1735760 1325
1735770 1320
1735780 1320
1735790 1316
1735800 1310
1735810 1310
1735820 1305
1735830 1301
1735840 1296
1735850 1296
1735860 1290
1735870 1285
1735880 1285
1735890 1280
1735900 1274
1735910 1274
1735920 1269
1735930 1263
1735940 1263
1735950 1258
1735960 1253
1735970 1253
1735980 1249
1735990 1245
1736000 1245
1736010 1240
1736020 1236
1736030 1236
1736040 1232
1736050 1228
1736060 1228
1736070 1223
1736080 1220
1736090 1220
1736100 1217
1736110 1214
1736120 1214
1736130 1211
1736140 1208
1736150 1208
1736160 1206
1736170 1205
1736180 1205
1736190 1207
1736200 1206
1736210 1206
1736220 1206
1736230 1205
1736240 1204
1736250 1204
1736260 1204
1736270 1204
1736280 1204
1736290 1204
1736300 1204
1736310 1204
1736320 1204
1736330 1204
1736340 1204
1736350 1204
1736360 1205
1736370 1205
1736380 1206
1736390 1207
1736400 1207
1736410 1208
1736420 1209
1736430 1209
1736440 1210
1736450 1212
1736460 1212
1736470 1214
1736480 1215
1736490 1215
1736500 1217
1736510 1218
1736520 1218
1736530 1219
1736540 1220
1736550 1220
1736560 1220
1736570 1217
1736580 1217
1736590 1213
1736600 1207
1736610 1201
1736620 1201
1736630 1196
1736640 1189
1736650 1189
1736660 1183
1736670 1178
1736680 1178
1736690 1174
1736700 1170
1736710 1170
1736720 1167
1736730 1164
1736740 1164
1736750 1163
1736760 1160
1736770 1160
1736780 1161
1736790 1171
1736800 1171
1736810 1174
1736820 1180
1736830 1180
1736840 1184
1736850 1189
1736860 1189
1736870 1194
1736880 1199
1736890 1199
1736900 1205
1736910 1211
1736920 1211
1736930 1215
1736940 1220
1736950 1220
1736960 1226
1736970 1231
1736980 1231
1736990 1237
1737000 1242
1737010 1247
1737020 1247
1737030 1252
1737040 1257
1737050 1257
1737060 1261
1737070 1266
1737080 1266
1737090 1268
1737100 1272
1737110 1272
1737120 1275
1737130 1278
1737140 1278
1737150 1281
1737160 1282
1737170 1282
1737180 1283
1737190 1284
1737200 1284
1737210 1284
1737220 1284
1737230 1284
1737240 1284
1737250 1284
1737260 1284
1737270 1283
1737280 1282
1737290 1282
1737300 1280
1737310 1278
1737320 1278
1737330 1279
1737340 1275
1737350 1275
1737360 1273
1737370 1271
1737380 1271
1737390 1267
1737400 1264
1737410 1260
1737420 1260
1737430 1256
1737440 1251
1737450 1251
1737460 1246
1737470 1242
1737480 1242
1737490 1237
1737500 1234
1737510 1234
1737520 1230
1737530 1226
1737540 1226
1737550 1221
1737560 1216
1737570 1216
1737580 1211
1737590 1207
1737600 1207
1737610 1201
1737620 1196
1737630 1196
1737640 1192
1737650 1188
1737660 1188
1737670 1184
1737680 1180
1737690 1180
1737700 1176
1737710 1171
1737720 1171
1737730 1169
1737740 1168
1737750 1168
1737760 1170
1737770 1172
1737780 1172
1737790 1173
1737800 1174
1737810 1176
1737820 1176
1737830 1177
1737840 1179
1737850 1179
1737860 1181
1737870 1183
1737880 1183
1737890 1185
1737900 1186
1737910 1186
1737920 1187
1737930 1187
1737940 1187
1737950 1186
1737960 1186
1737970 1186
1737980 1185
1737990 1188
1738000 1188
1738010 1192
1738020 1194
1738030 1194
1738040 1197
1738050 1200
1738060 1200
1738070 1202
1738080 1205
1738090 1205
1738100 1208
1738110 1211
1738120 1211
1738130 1214
1738140 1216
1738150 1216
1738160 1219
1738170 1222
1738180 1226
1738190 1226
1738200 1229
1738210 1232
1738220 1232
1738230 1234
1738240 1237
1738250 1237
1738260 1240
1738270 1243
1738280 1243
1738290 1245
1738300 1247
1738310 1247
1738320 1249
1738330 1250
1738340 1250
1738350 1252
1738360 1254
1738370 1254
1738380 1256
1738390 1258
1738400 1258
1738410 1260
1738420 1261
1738430 1261
1738440 1263
1738450 1264
1738460 1264
1738470 1266
1738480 1267
1738490 1267
1738500 1269
1738510 1269
1738520 1269
1738530 1270
1738540 1271
1738550 1271
1738560 1272
1738570 1272
1738580 1273
1738590 1273
1738600 1272
1738610 1271
1738620 1271
1738630 1272
1738640 1273
1738650 1273
1738660 1274
1738670 1275
1738680 1275
1738690 1275
1738700 1275
1738710 1275
1738720 1274
1738730 1273
1738740 1273
1738750 1272
1738760 1271
1738770 1271
1738780 1269
1738790 1267
1738800 1267
1738810 1264
1738820 1262
1738830 1262
1738840 1260
1738850 1259
1738860 1259
1738870 1258
1738880 1256
1738890 1256
1738900 1256
1738910 1255
1738920 1255
1738930 1254
1738940 1254
1738950 1254
1738960 1253
1738970 1253
1738980 1252
1738990 1252
1739000 1254
1739010 1255
1739020 1255
1739030 1256
1739040 1258
1739050 1258
1739060 1260
1739070 1263
1739080 1263
1739090 1265
1739100 1266
1739110 1266
1739120 1268
1739130 1269
1739140 1269
1739150 1270
1739160 1271
1739170 1271
1739180 1272
1739190 1276
1739200 1276
1739210 1276
1739220 1277
1739230 1277
1739240 1278
1739250 1278
1739260 1278
1739270 1278
1739280 1278
1739290 1278
1739300 1277
1739310 1277
1739320 1277
1739330 1276
1739340 1276
1739350 1276
1739360 1277
1739370 1277
1739380 1278
1739390 1278
1739400 1279
1739410 1279
1739420 1279
1739430 1280
1739440 1281
1739450 1281
1739460 1282
1739470 1283
1739480 1283
1739490 1284
1739500 1285
1739510 1285
1739520 1285
1739530 1286
1739540 1286
1739550 1286
1739560 1286
1739570 1286
1739580 1286
1739590 1285
1739600 1285
1739610 1284
1739620 1284
1739630 1284
1739640 1284
1739650 1283
1739660 1283
1739670 1282
1739680 1282
1739690 1282
1739700 1281
1739710 1279
1739720 1279
1739730 1278
1739740 1276
1739750 1276
1739760 1273
1739770 1271
1739780 1269
1739790 1269
1739800 1266
1739810 1263
1739820 1263
1739830 1260
1739840 1257
1739850 1257
1739860 1255
1739870 1252
1739880 1252
1739890 1250
1739900 1249
1739910 1249
1739920 1248
1739930 1249
1739940 1249
1739950 1248
1739960 1248
1739970 1248
1739980 1247
1739990 1247
