1720000 884
1720010 884
1720020 887
1720030 891
1720040 891
1720050 893
1720060 895
1720070 895
1720080 896
1720090 896
1720100 896
1720110 897
1720120 896
1720130 896
1720140 893
1720150 890
1720160 890
1720170 888
1720180 885
1720190 885
1720200 886
1720210 885
1720220 885
1720230 882
1720240 880
1720250 880
1720260 877
1720270 874
1720280 874
1720290 871
1720300 868
1720310 868
1720320 862
1720330 858
1720340 854
1720350 854
1720360 849
1720370 846
1720380 846
1720390 841
1720400 837
1720410 837
1720420 831
1720430 827
1720440 827
1720450 822
1720460 817
1720470 817
1720480 814
1720490 813
1720500 813
1720510 813
1720520 812
1720530 812
1720540 811
1720550 814
1720560 814
1720570 815
1720580 816
1720590 816
1720600 818
1720610 822
1720620 822
1720630 828
1720640 833
1720650 833
1720660 839
1720670 846
1720680 846
1720690 851
1720700 856
1720710 856
1720720 861
1720730 865
1720740 868
1720750 868
1720760 872
1720770 874
1720780 874
1720790 876
1720800 878
1720810 878
1720820 881
1720830 882
1720840 882
1720850 884
1720860 886
1720870 886
1720880 888
1720890 890
1720900 890
1720910 891
1720920 893
1720930 893
1720940 894
1720950 896
1720960 896
1720970 897
1720980 899
1720990 899
1721000 899
1721010 898
1721020 898
1721030 899
1721040 898
1721050 898
1721060 899
1721070 898
1721080 898
1721090 898
1721100 897
1721110 897
1721120 896
1721130 898
1721140 898
1721150 898
1721160 900
1721170 903
1721180 903
1721190 905
1721200 907
1721210 907
1721220 910
1721230 911
1721240 911
1721250 914
1721260 916
1721270 916
1721280 920
1721290 924
1721300 924
1721310 929
1721320 934
1721330 934
1721340 938
1721350 944
1721360 944
1721370 949
1721380 955
1721390 955
1721400 962
1721410 968
1721420 968
1721430 974
1721440 980
1721450 980
1721460 985
1721470 990
1721480 990
1721490 990
1721500 988
1721510 988
1721520 982
1721530 978
1721540 977
1721550 977
1721560 978
1721570 980
1721580 980
1721590 984
1721600 990
1721610 990
1721620 996
1721630 1000
1721640 1000
1721650 1005
1721660 1011
1721670 1011
1721680 1017
1721690 1023
1721700 1023
1721710 1029
1721720 1036
1721730 1036
1721740 1041
1721750 1046
1721760 1046
1721770 1052
1721780 1056
1721790 1056
1721800 1061
1721810 1065
1721820 1065
1721830 1069
1721840 1074
1721850 1074
1721860 1077
1721870 1080
1721880 1080
1721890 1084
1721900 1086
1721910 1086
1721920 1089
1721930 1092
1721940 1094
1721950 1094
1721960 1096
1721970 1098
1721980 1098
1721990 1099
1722000 1099
1722010 1099
1722020 1100
1722030 1101
1722040 1101
1722050 1102
1722060 1104
1722070 1104
1722080 1106
1722090 1107
1722100 1107
1722110 1108
1722120 1109
1722130 1109
1722140 1110
1722150 1110
1722160 1110
1722170 1112
1722180 1114
1722190 1114
1722200 1117
1722210 1121
1722220 1121
1722230 1125
1722240 1128
1722250 1128
1722260 1134
1722270 1140
1722280 1140
1722290 1147
1722300 1152
1722310 1158
1722320 1158
1722330 1164
1722340 1170
1722350 1170
1722360 1175
1722370 1183
1722380 1183
1722390 1184
1722400 1190
1722410 1190
1722420 1196
1722430 1200
1722440 1200
1722450 1205
1722460 1208
1722470 1208
1722480 1213
1722490 1216
1722500 1216
1722510 1220
1722520 1224
1722530 1224
1722540 1228
1722550 1232
1722560 1232
1722570 1236
1722580 1240
1722590 1240
1722600 1244
1722610 1248
1722620 1248
1722630 1252
1722640 1256
1722650 1256
1722660 1260
1722670 1263
1722680 1263
1722690 1267
1722700 1270
1722710 1274
1722720 1274
1722730 1278
1722740 1280
1722750 1280
1722760 1284
1722770 1287
1722780 1287
1722790 1290
1722800 1293
1722810 1293
1722820 1296
1722830 1299
1722840 1299
1722850 1302
1722860 1304
1722870 1304
1722880 1306
1722890 1309
1722900 1309
1722910 1312
1722920 1314
1722930 1314
1722940 1315
1722950 1316
1722960 1316
1722970 1317
1722980 1317
1722990 1317
1723000 1317
1723010 1316
1723020 1316
1723030 1315
1723040 1313
1723050 1313
1723060 1312
1723070 1311
1723080 1311
1723090 1310
1723100 1308
1723110 1307
1723120 1307
1723130 1305
1723140 1303
1723150 1303
1723160 1302
1723170 1299
1723180 1299
1723190 1297
1723200 1295
1723210 1295
1723220 1292
1723230 1291
1723240 1291
1723250 1289
1723260 1288
1723270 1288
1723280 1283
1723290 1282
1723300 1282
1723310 1279
1723320 1277
1723330 1277
1723340 1275
1723350 1274
1723360 1274
1723370 1273
1723380 1272
1723390 1272
1723400 1270
1723410 1268
1723420 1268
1723430 1266
1723440 1263
1723450 1263
1723460 1260
1723470 1257
1723480 1257
1723490 1255
1723500 1253
1723510 1252
1723520 1252
1723530 1251
1723540 1249
1723550 1249
1723560 1246
1723570 1243
1723580 1243
1723590 1240
1723600 1237
1723610 1237
1723620 1232
1723630 1227
1723640 1227
1723650 1223
1723660 1217
1723670 1217
1723680 1211
1723690 1206
1723700 1206
1723710 1200
1723720 1195
1723730 1195
1723740 1189
1723750 1183
1723760 1183
1723770 1176
1723780 1169
1723790 1169
1723800 1162
1723810 1156
1723820 1156
1723830 1150
1723840 1143
1723850 1143
1723860 1137
1723870 1130
1723880 1130
1723890 1125
1723900 1119
1723910 1113
1723920 1113
1723930 1107
1723940 1101
1723950 1101
1723960 1096
1723970 1090
1723980 1090
1723990 1085
1724000 1080
1724010 1080
1724020 1075
1724030 1071
1724040 1071
1724050 1067
1724060 1062
1724070 1062
1724080 1055
1724090 1052
1724100 1052
1724110 1043
1724120 1037
1724130 1037
1724140 1032
1724150 1027
1724160 1027
1724170 1022
1724180 1016
1724190 1016
1724200 1011
1724210 1007
1724220 1007
1724230 1002
1724240 997
1724250 997
1724260 992
1724270 990
1724280 990
1724290 984
1724300 981
1724310 978
1724320 978
1724330 975
1724340 971
1724350 971
1724360 966
1724370 961
1724380 961
1724390 956
1724400 951
1724410 951
1724420 947
1724430 944
1724440 944
1724450 943
1724460 942
1724470 942
1724480 941
1724490 940
1724500 940
1724510 943
1724520 944
1724530 944
1724540 944
1724550 946
1724560 946
1724570 948
1724580 949
1724590 949
1724600 950
1724610 951
1724620 951
1724630 951
1724640 952
1724650 952
1724660 954
1724670 957
1724680 957
1724690 957
1724700 960
1724710 961
1724720 961
1724730 963
1724740 965
1724750 965
1724760 968
1724770 970
1724780 970
1724790 971
1724800 972
1724810 972
1724820 973
1724830 972
1724840 972
1724850 971
1724860 969
1724870 969
1724880 965
1724890 963
1724900 963
1724910 960
1724920 956
1724930 956
1724940 951
1724950 947
1724960 947
1724970 943
1724980 939
1724990 939
1725000 935
1725010 930
1725020 930
1725030 926
1725040 915
1725050 915
1725060 908
1725070 903
1725080 903
1725090 898
1725100 894
1725110 890
1725120 890
1725130 886
1725140 882
1725150 882
1725160 878
1725170 873
1725180 873
1725190 869
1725200 865
1725210 865
1725220 861
1725230 856
1725240 856
1725250 852
1725260 848
1725270 848
1725280 843
1725290 841
1725300 841
1725310 841
1725320 840
1725330 840
1725340 836
1725350 835
1725360 835
1725370 833
1725380 832
1725390 832
1725400 830
1725410 830
1725420 830
1725430 828
1725440 827
1725450 827
1725460 828
1725470 829
1725480 829
1725490 829
1725500 829
1725510 830
1725520 830
1725530 831
1725540 833
1725550 833
1725560 836
1725570 838
1725580 838
1725590 841
1725600 842
1725610 842
1725620 846
1725630 849
1725640 849
1725650 852
1725660 854
1725670 854
1725680 857
1725690 859
1725700 859
1725710 862
1725720 865
1725730 865
1725740 868
1725750 870
1725760 870
1725770 873
1725780 876
1725790 876
1725800 879
1725810 880
1725820 880
1725830 884
1725840 887
1725850 887
1725860 890
1725870 893
1725880 893
1725890 895
1725900 899
1725910 903
1725920 903
1725930 908
1725940 912
1725950 912
1725960 917
1725970 921
1725980 921
1725990 925
1726000 928
1726010 928
1726020 931
1726030 934
1726040 934
1726050 936
1726060 935
1726070 935
1726080 933
1726090 932
1726100 932
1726110 932
1726120 933
1726130 933
1726140 933
1726150 939
1726160 939
1726170 944
1726180 950
1726190 950
1726200 956
1726210 961
1726220 961
1726230 965
1726240 970
1726250 970
1726260 972
1726270 976
1726280 976
1726290 975
1726300 971
1726310 965
1726320 965
1726330 960
1726340 954
1726350 954
1726360 948
1726370 941
1726380 941
1726390 934
1726400 926
1726410 926
1726420 918
1726430 913
1726440 913
1726450 905
1726460 899
1726470 899
1726480 893
1726490 886
1726500 886
1726510 880
1726520 874
1726530 874
1726540 868
1726550 862
1726560 862
1726570 856
1726580 850
1726590 850
1726600 844
1726610 838
1726620 838
1726630 831
1726640 826
1726650 826
1726660 822
1726670 817
1726680 817
1726690 815
1726700 817
1726710 818
1726720 818
1726730 821
1726740 826
1726750 826
1726760 832
1726770 835
1726780 835
1726790 840
1726800 844
1726810 844
1726820 850
1726830 855
1726840 855
1726850 860
1726860 865
1726870 865
1726880 870
1726890 875
1726900 875
1726910 880
1726920 885
1726930 885
1726940 888
1726950 893
1726960 893
1726970 896
1726980 899
1726990 899
1727000 901
1727010 902
1727020 902
1727030 901
1727040 900
1727050 900
1727060 898
1727070 897
1727080 897
1727090 897
1727100 897
1727110 894
1727120 894
1727130 891
1727140 887
1727150 887
1727160 883
1727170 878
1727180 878
1727190 873
1727200 868
1727210 868
1727220 862
1727230 857
1727240 857
1727250 851
1727260 845
1727270 845
1727280 840
1727290 835
1727300 835
1727310 835
1727320 832
1727330 832
1727340 830
1727350 830
1727360 830
1727370 830
1727380 830
1727390 830
1727400 834
1727410 838
1727420 838
1727430 840
1727440 842
1727450 842
1727460 844
1727470 851
1727480 851
1727490 859
1727500 863
1727510 868
1727520 868
1727530 872
1727540 877
1727550 877
1727560 882
1727570 888
1727580 888
1727590 894
1727600 899
1727610 899
1727620 904
1727630 911
1727640 911
1727650 912
1727660 913
1727670 913
1727680 919
1727690 921
1727700 921
1727710 921
1727720 920
1727730 920
1727740 920
1727750 920
1727760 920
1727770 920
1727780 921
1727790 921
1727800 921
1727810 924
1727820 924
1727830 930
1727840 936
1727850 936
1727860 943
1727870 950
1727880 950
1727890 958
1727900 965
1727910 971
1727920 971
1727930 976
1727940 982
1727950 982
1727960 989
1727970 995
1727980 995
1727990 1000
1728000 1006
1728010 1006
1728020 1006
1728030 1008
1728040 1008
1728050 1012
1728060 1016
1728070 1016
1728080 1020
1728090 1023
1728100 1023
1728110 1027
1728120 1031
1728130 1031
1728140 1034
1728150 1038
1728160 1038
1728170 1041
1728180 1045
1728190 1045
1728200 1049
1728210 1052
1728220 1052
1728230 1055
1728240 1057
1728250 1057
1728260 1059
1728270 1061
1728280 1061
1728290 1063
1728300 1064
1728310 1065
1728320 1065
1728330 1067
1728340 1069
1728350 1069
1728360 1070
1728370 1069
1728380 1069
1728390 1069
1728400 1067
1728410 1067
1728420 1067
1728430 1072
1728440 1072
1728450 1077
1728460 1081
1728470 1081
1728480 1085
1728490 1090
1728500 1090
1728510 1095
1728520 1096
1728530 1096
1728540 1101
1728550 1106
1728560 1106
1728570 1110
1728580 1114
1728590 1114
1728600 1119
1728610 1122
1728620 1122
1728630 1128
1728640 1133
1728650 1133
1728660 1138
1728670 1141
1728680 1141
1728690 1144
1728700 1149
1728710 1153
1728720 1153
1728730 1157
1728740 1161
1728750 1161
1728760 1164
1728770 1167
1728780 1167
1728790 1171
1728800 1174
1728810 1174
1728820 1175
1728830 1176
1728840 1176
1728850 1178
1728860 1180
1728870 1180
1728880 1181
1728890 1183
1728900 1183
1728910 1184
1728920 1185
1728930 1185
1728940 1186
1728950 1187
1728960 1187
1728970 1188
1728980 1189
1728990 1189
1729000 1190
1729010 1191
1729020 1191
1729030 1191
1729040 1193
1729050 1193
1729060 1193
1729070 1193
1729080 1193
1729090 1194
1729100 1193
1729110 1193
1729120 1193
1729130 1193
1729140 1192
1729150 1192
1729160 1192
1729170 1190
1729180 1190
1729190 1189
1729200 1187
1729210 1187
1729220 1184
1729230 1182
1729240 1182
1729250 1179
1729260 1176
1729270 1176
1729280 1172
1729290 1169
1729300 1169
1729310 1165
1729320 1161
1729330 1161
1729340 1157
1729350 1153
1729360 1153
1729370 1149
1729380 1145
1729390 1145
1729400 1140
1729410 1135
1729420 1135
1729430 1129
1729440 1123
1729450 1123
1729460 1117
1729470 1110
1729480 1110
1729490 1104
1729500 1102
1729510 1097
1729520 1097
1729530 1092
1729540 1088
1729550 1088
1729560 1086
1729570 1082
1729580 1082
1729590 1076
1729600 1071
1729610 1071
1729620 1067
1729630 1061
1729640 1061
1729650 1058
1729660 1054
1729670 1054
1729680 1051
1729690 1049
1729700 1049
1729710 1045
1729720 1044
1729730 1044
1729740 1043
1729750 1043
1729760 1043
1729770 1042
1729780 1042
1729790 1042
1729800 1041
1729810 1041
1729820 1041
1729830 1040
1729840 1039
1729850 1039
1729860 1038
1729870 1036
1729880 1036
1729890 1034
1729900 1032
1729910 1030
1729920 1030
1729930 1030
1729940 1029
1729950 1029
1729960 1028
1729970 1027
1729980 1027
1729990 1025
1730000 1022
1730010 1022
1730020 1020
1730030 1017
1730040 1017
1730050 1014
1730060 1011
1730070 1011
1730080 1007
1730090 1003
1730100 1003
1730110 998
1730120 996
1730130 996
1730140 993
1730150 988
1730160 988
1730170 984
1730180 980
1730190 980
1730200 975
1730210 970
1730220 970
1730230 968
1730240 960
1730250 960
1730260 960
1730270 958
1730280 958
1730290 956
1730300 956
1730310 955
1730320 955
1730330 954
1730340 952
1730350 952
1730360 955
1730370 958
1730380 958
1730390 960
1730400 963
1730410 963
1730420 966
1730430 971
1730440 971
1730450 972
1730460 976
1730470 976
1730480 981
1730490 986
1730500 986
1730510 992
1730520 997
1730530 997
1730540 1002
1730550 1007
1730560 1007
1730570 1012
1730580 1017
1730590 1017
1730600 1022
1730610 1025
1730620 1025
1730630 1030
1730640 1035
1730650 1035
1730660 1039
1730670 1042
1730680 1042
1730690 1046
1730700 1049
1730710 1053
1730720 1053
1730730 1057
1730740 1060
1730750 1060
1730760 1063
1730770 1065
1730780 1065
1730790 1067
1730800 1067
1730810 1067
1730820 1067
1730830 1065
1730840 1065
1730850 1062
1730860 1058
1730870 1058
1730880 1056
1730890 1053
1730900 1053
1730910 1050
1730920 1047
1730930 1047
1730940 1045
1730950 1044
1730960 1044
1730970 1043
1730980 1042
1730990 1042
1731000 1042
1731010 1043
1731020 1043
1731030 1043
1731040 1043
1731050 1043
1731060 1044
1731070 1044
1731080 1044
1731090 1044
1731100 1044
1731110 1044
1731120 1044
1731130 1044
1731140 1044
1731150 1044
1731160 1044
1731170 1044
1731180 1044
1731190 1046
1731200 1046
1731210 1046
1731220 1047
1731230 1047
1731240 1047
1731250 1048
1731260 1049
1731270 1049
1731280 1051
1731290 1053
1731300 1053
1731310 1054
1731320 1056
1731330 1056
1731340 1058
1731350 1060
1731360 1060
1731370 1062
1731380 1065
1731390 1065
1731400 1068
1731410 1070
1731420 1070
1731430 1073
1731440 1077
1731450 1077
1731460 1080
1731470 1084
1731480 1084
1731490 1088
1731500 1092
1731510 1096
1731520 1096
1731530 1101
1731540 1106
1731550 1106
1731560 1110
1731570 1115
1731580 1115
1731590 1119
1731600 1123
1731610 1123
1731620 1128
1731630 1133
1731640 1133
1731650 1138
1731660 1143
1731670 1143
1731680 1148
1731690 1153
1731700 1153
1731710 1157
1731720 1162
1731730 1162
1731740 1165
1731750 1168
1731760 1168
1731770 1174
1731780 1178
1731790 1178
1731800 1183
1731810 1186
1731820 1186
1731830 1190
1731840 1193
1731850 1193
1731860 1194
1731870 1194
1731880 1194
1731890 1194
1731900 1194
1731910 1194
1731920 1194
1731930 1194
1731940 1194
1731950 1194
1731960 1194
1731970 1193
1731980 1193
1731990 1193
1732000 1193
1732010 1193
1732020 1193
1732030 1195
1732040 1195
1732050 1197
1732060 1198
1732070 1198
1732080 1200
1732090 1202
1732100 1202
1732110 1205
1732120 1208
1732130 1208
1732140 1212
1732150 1216
1732160 1216
1732170 1219
1732180 1223
1732190 1223
1732200 1227
1732210 1230
1732220 1230
1732230 1233
1732240 1235
1732250 1235
1732260 1237
1732270 1239
1732280 1239
1732290 1241
1732300 1241
1732310 1236
1732320 1236
1732330 1232
1732340 1228
1732350 1228
1732360 1226
1732370 1224
1732380 1224
1732390 1222
1732400 1220
1732410 1220
1732420 1216
1732430 1212
1732440 1212
1732450 1208
1732460 1203
1732470 1203
1732480 1196
1732490 1191
1732500 1191
1732510 1187
1732520 1187
1732530 1187
1732540 1186
1732550 1186
1732560 1186
1732570 1184
1732580 1184
1732590 1184
1732600 1182
1732610 1181
1732620 1181
1732630 1180
1732640 1176
1732650 1176
1732660 1172
1732670 1170
1732680 1170
1732690 1169
1732700 1168
1732710 1168
1732720 1168
1732730 1169
1732740 1172
1732750 1172
1732760 1174
1732770 1177
1732780 1177
1732790 1182
1732800 1187
1732810 1187
1732820 1191
1732830 1195
1732840 1195
1732850 1200
1732860 1204
1732870 1204
1732880 1209
1732890 1215
1732900 1215
1732910 1219
1732920 1225
1732930 1225
1732940 1229
1732950 1234
1732960 1234
1732970 1238
1732980 1241
1732990 1241
1733000 1245
1733010 1248
1733020 1248
1733030 1252
1733040 1252
1733050 1252
1733060 1250
1733070 1248
1733080 1248
1733090 1244
1733100 1239
1733110 1234
1733120 1234
1733130 1228
1733140 1223
1733150 1223
1733160 1216
1733170 1210
1733180 1210
1733190 1204
1733200 1198
1733210 1198
1733220 1192
1733230 1185
1733240 1185
1733250 1180
1733260 1173
1733270 1173
1733280 1170
1733290 1166
1733300 1166
1733310 1163
1733320 1159
1733330 1159
1733340 1153
1733350 1148
1733360 1148
1733370 1143
1733380 1138
1733390 1138
1733400 1132
1733410 1126
1733420 1126
1733430 1119
1733440 1113
1733450 1113
1733460 1110
1733470 1107
1733480 1107
1733490 1104
1733500 1102
1733510 1098
1733520 1098
1733530 1093
1733540 1093
1733550 1093
1733560 1094
1733570 1094
1733580 1094
1733590 1100
1733600 1105
1733610 1105
1733620 1110
1733630 1114
1733640 1111
1733650 1115
1733660 1120
1733670 1120
1733680 1124
1733690 1128
1733700 1128
1733710 1133
1733720 1138
1733730 1138
1733740 1142
1733750 1149
1733760 1149
1733770 1151
1733780 1156
1733790 1156
1733800 1161
1733810 1165
1733820 1165
1733830 1170
1733840 1174
1733850 1174
1733860 1179
1733870 1183
1733880 1183
1733890 1187
1733900 1191
1733910 1194
1733920 1194
1733930 1197
1733940 1200
1733950 1200
1733960 1203
1733970 1204
1733980 1204
1733990 1205
1734000 1206
1734010 1206
1734020 1205
1734030 1204
1734040 1204
1734050 1201
1734060 1198
1734070 1198
1734080 1197
1734090 1196
1734100 1196
1734110 1197
1734120 1197
1734130 1197
1734140 1198
1734150 1203
1734160 1203
1734170 1208
1734180 1212
1734190 1212
1734200 1217
1734210 1221
1734220 1221
1734230 1226
1734240 1229
1734250 1229
1734260 1234
1734270 1239
1734280 1239
1734290 1243
1734300 1247
1734310 1251
1734320 1251
1734330 1255
1734340 1259
1734350 1259
1734360 1263
1734370 1266
1734380 1266
1734390 1269
1734400 1272
1734410 1272
1734420 1274
1734430 1277
1734440 1277
1734450 1280
1734460 1282
1734470 1282
1734480 1286
1734490 1288
1734500 1288
1734510 1289
1734520 1291
1734530 1291
1734540 1292
1734550 1293
1734560 1293
1734570 1292
1734580 1292
1734590 1292
1734600 1290
1734610 1290
1734620 1290
1734630 1290
1734640 1289
1734650 1289
1734660 1288
1734670 1286
1734680 1286
1734690 1282
1734700 1280
1734710 1277
1734720 1277
1734730 1270
1734740 1270
1734750 1270
1734760 1270
1734770 1268
1734780 1268
1734790 1268
1734800 1271
1734810 1271
1734820 1274
1734830 1279
1734840 1279
1734850 1283
1734860 1286
1734870 1286
1734880 1292
1734890 1297
1734900 1297
1734910 1303
1734920 1308
1734930 1308
1734940 1313
1734950 1318
1734960 1318
1734970 1324
1734980 1327
1734990 1327
1735000 1332
1735010 1335
1735020 1335
1735030 1338
1735040 1342
1735050 1342
1735060 1345
1735070 1349
1735080 1349
1735090 1353
1735100 1356
1735110 1358
1735120 1358
1735130 1360
1735140 1362
1735150 1362
1735160 1364
1735170 1365
1735180 1365
1735190 1367
1735200 1368
1735210 1368
1735220 1370
1735230 1372
1735240 1372
1735250 1374
1735260 1375
1735270 1375
1735280 1377
1735290 1379
1735300 1379
1735310 1381
1735320 1382
1735330 1382
1735340 1384
1735350 1387
1735360 1387
1735370 1390
1735380 1393
1735390 1393
1735400 1397
1735410 1400
1735420 1400
1735430 1401
1735440 1403
1735450 1403
1735460 1405
1735470 1405
1735480 1405
1735490 1404
1735500 1404
1735510 1402
1735520 1402
1735530 1401
1735540 1398
1735550 1398
1735560 1394
1735570 1391
1735580 1391
1735590 1389
1735600 1385
1735610 1383
1735620 1379
1735630 1375
1735640 1375
1735650 1369
1735660 1363
1735670 1363
1735680 1356
1735690 1350
1735700 1350
1735710 1343
1735720 1336
1735730 1336
1735740 1331
1735750 1325
1735760 1325
1735770 1321
1735780 1316
1735790 1316
1735800 1311
1735810 1306
1735820 1306
1735830 1302
1735840 1298
1735850 1298
1735860 1294
1735870 1291
1735880 1291
1735890 1286
1735900 1283
1735910 1280
1735920 1280
1735930 1280
1735940 1280
1735950 1280
1735960 1284
1735970 1285
1735980 1285
1735990 1287
1736000 1289
1736010 1289
1736020 1291
1736030 1291
1736040 1291
1736050 1291
1736060 1290
1736070 1290
1736080 1288
1736090 1289
1736100 1289
1736110 1288
1736120 1290
1736130 1290
1736140 1293
1736150 1298
1736160 1298
1736170 1303
1736180 1308
1736190 1308
1736200 1312
1736210 1316
1736220 1316
1736230 1320
1736240 1324
1736250 1324
1736260 1328
1736270 1332
1736280 1332
1736290 1336
1736300 1340
1736310 1344
1736320 1344
1736330 1349
1736340 1353
1736350 1353
1736360 1357
1736370 1362
1736380 1362
1736390 1365
1736400 1369
1736410 1369
1736420 1372
1736430 1376
1736440 1376
1736450 1379
1736460 1381
1736470 1381
1736480 1382
1736490 1382
1736500 1382
1736510 1382
1736520 1381
1736530 1381
1736540 1379
1736550 1377
1736560 1377
1736570 1375
1736580 1372
1736590 1372
1736600 1369
1736610 1367
1736620 1367
1736630 1365
1736640 1364
1736650 1364
1736660 1361
1736670 1359
1736680 1359
1736690 1357
1736700 1355
1736710 1353
1736720 1353
1736730 1350
1736740 1347
1736750 1347
1736760 1344
1736770 1339
1736780 1339
1736790 1334
1736800 1329
1736810 1329
1736820 1324
1736830 1319
1736840 1319
1736850 1314
1736860 1308
1736870 1308
1736880 1302
1736890 1297
1736900 1297
1736910 1291
1736920 1289
1736930 1289
1736940 1286
1736950 1282
1736960 1282
1736970 1278
1736980 1276
1736990 1276
1737000 1283
1737010 1288
1737020 1288
1737030 1294
1737040 1299
1737050 1299
1737060 1303
1737070 1306
1737080 1309
1737090 1309
1737100 1313
1737110 1315
1737120 1315
1737130 1317
1737140 1320
1737150 1320
1737160 1321
1737170 1324
1737180 1324
1737190 1326
1737200 1327
1737210 1327
1737220 1327
1737230 1327
1737240 1327
1737250 1325
1737260 1324
1737270 1324
1737280 1323
1737290 1322
1737300 1322
1737310 1321
1737320 1320
1737330 1320
1737340 1319
1737350 1318
1737360 1318
1737370 1317
1737380 1316
1737390 1316
1737400 1315
1737410 1314
1737420 1314
1737430 1313
1737440 1311
1737450 1311
1737460 1310
1737470 1309
1737480 1307
1737490 1307
1737500 1305
1737510 1303
1737520 1303
1737530 1297
1737540 1294
1737550 1294
1737560 1291
1737570 1288
1737580 1288
1737590 1285
1737600 1281
1737610 1281
1737620 1278
1737630 1273
1737640 1273
1737650 1269
1737660 1265
1737670 1265
1737680 1260
1737690 1255
1737700 1255
1737710 1249
1737720 1244
1737730 1244
1737740 1240
1737750 1237
1737760 1237
1737770 1235
1737780 1235
1737790 1235
1737800 1235
1737810 1235
1737820 1235
1737830 1238
1737840 1242
1737850 1242
1737860 1246
1737870 1251
1737880 1254
1737890 1254
1737900 1257
1737910 1259
1737920 1259
1737930 1261
1737940 1264
1737950 1264
1737960 1266
1737970 1269
1737980 1269
1737990 1271
1738000 1272
1738010 1272
1738020 1274
1738030 1276
1738040 1276
1738050 1277
1738060 1277
1738070 1277
1738080 1277
1738090 1277
1738100 1277
1738110 1277
1738120 1275
1738130 1275
1738140 1273
1738150 1271
1738160 1271
1738170 1268
1738180 1265
1738190 1265
1738200 1262
1738210 1257
1738220 1257
1738230 1254
1738240 1250
1738250 1250
1738260 1245
1738270 1240
1738280 1234
1738290 1234
1738300 1229
1738310 1226
1738320 1226
1738330 1222
1738340 1219
1738350 1219
1738360 1217
1738370 1216
1738380 1216
1738390 1216
1738400 1213
1738410 1213
1738420 1210
1738430 1205
1738440 1205
1738450 1202
1738460 1199
1738470 1199
1738480 1200
1738490 1200
1738500 1200
1738510 1201
1738520 1203
1738530 1203
1738540 1195
1738550 1187
1738560 1187
1738570 1180
1738580 1174
1738590 1174
1738600 1169
1738610 1166
1738620 1166
1738630 1166
1738640 1172
1738650 1172
1738660 1177
1738670 1183
1738680 1189
1738690 1189
1738700 1195
1738710 1201
1738720 1201
1738730 1207
1738740 1213
1738750 1213
1738760 1219
1738770 1224
1738780 1224
1738790 1228
1738800 1232
1738810 1232
1738820 1236
1738830 1238
1738840 1238
1738850 1239
1738860 1238
1738870 1238
1738880 1235
1738890 1234
1738900 1234
1738910 1231
1738920 1228
1738930 1228
1738940 1226
1738950 1223
1738960 1223
1738970 1221
1738980 1217
1738990 1217
1739000 1218
1739010 1222
1739020 1222
1739030 1225
1739040 1227
1739050 1227
1739060 1229
1739070 1230
1739080 1234
1739090 1234
1739100 1240
1739110 1248
1739120 1248
1739130 1255
1739140 1261
1739150 1261
1739160 1267
1739170 1273
1739180 1273
1739190 1279
1739200 1285
1739210 1285
1739220 1291
1739230 1296
1739240 1296
1739250 1302
1739260 1307
1739270 1307
1739280 1312
1739290 1314
1739300 1314
1739310 1318
1739320 1321
1739330 1321
1739340 1323
1739350 1323
1739360 1323
1739370 1321
1739380 1318
1739390 1312
1739400 1308
1739410 1304
1739420 1304
1739430 1299
1739440 1297
1739450 1297
1739460 1295
1739470 1297
1739480 1297
1739490 1297
1739500 1296
1739510 1293
1739520 1293
1739530 1291
1739540 1287
1739550 1287
1739560 1283
1739570 1283
1739580 1283
1739590 1284
1739600 1284
1739610 1284
1739620 1284
1739630 1284
1739640 1284
1739650 1283
1739660 1281
1739670 1281
1739680 1278
1739690 1281
1739700 1281
1739710 1284
1739720 1284
1739730 1284
1739740 1286
1739750 1290
1739760 1290
1739770 1298
1739780 1306
1739790 1306
1739800 1313
1739810 1319
1739820 1319
1739830 1326
1739840 1332
1739850 1332
1739860 1339
1739870 1344
1739880 1349
1739890 1349
1739900 1354
1739910 1358
1739920 1358
1739930 1361
1739940 1362
1739950 1362
1739960 1363
1739970 1364
1739980 1364
1739990 1365
