1720000 871
1720010 871
1720020 875
1720030 878
1720040 878
1720050 881
1720060 884
1720070 884
1720080 887
1720090 889
1720100 889
1720110 889
1720120 889
1720130 889
1720140 887
1720150 884
1720160 884
1720170 879
1720180 876
1720190 876
1720200 873
1720210 870
1720220 870
1720230 866
1720240 864
1720250 870
1720260 867
1720270 864
1720280 864
1720290 862
1720300 857
1720310 852
1720320 852
1720330 848
1720340 844
1720350 844
1720360 842
1720370 837
1720380 837
1720390 832
1720400 827
1720410 827
1720420 821
1720430 816
1720440 816
1720450 813
1720460 812
1720470 812
1720480 811
1720490 810
1720500 810
1720510 811
1720520 811
1720530 811
1720540 814
1720550 816
1720560 816
1720570 817
1720580 820
1720590 820
1720600 824
1720610 829
1720620 829
1720630 835
1720640 840
1720650 840
1720660 846
1720670 852
1720680 852
1720690 859
1720700 865
1720710 870
1720720 870
1720730 876
1720740 880
1720750 880
1720760 884
1720770 886
1720780 886
1720790 889
1720800 891
1720810 891
1720820 893
1720830 895
1720840 895
1720850 896
1720860 898
1720870 898
1720880 901
1720890 903
1720900 903
1720910 904
1720920 906
1720930 906
1720940 907
1720950 909
1720960 909
1720970 910
1720980 910
1720990 910
1721000 910
1721010 910
1721020 910
1721030 911
1721040 912
1721050 912
1721060 912
1721070 912
1721080 912
1721090 912
1721100 912
1721110 911
1721120 911
1721130 910
1721140 908
1721150 908
1721160 907
1721170 907
1721180 907
1721190 907
1721200 909
1721210 909
1721220 911
1721230 913
1721240 913
1721250 916
1721260 918
1721270 918
1721280 920
1721290 922
1721300 922
1721310 924
1721320 930
1721330 930
1721340 935
1721350 941
1721360 941
1721370 946
1721380 952
1721390 952
1721400 958
1721410 965
1721420 965
1721430 969
1721440 972
1721450 972
1721460 975
1721470 976
1721480 976
1721490 977
1721500 975
1721510 972
1721520 972
1721530 972
1721540 972
1721550 972
1721560 977
1721570 982
1721580 982
1721590 987
1721600 992
1721610 992
1721620 997
1721630 1003
1721640 1003
1721650 1009
1721660 1015
1721670 1015
1721680 1021
1721690 1027
1721700 1027
1721710 1034
1721720 1038
1721730 1038
1721740 1045
1721750 1050
1721760 1050
1721770 1056
1721780 1061
1721790 1061
1721800 1067
1721810 1072
1721820 1072
1721830 1076
1721840 1080
1721850 1080
1721860 1085
1721870 1089
1721880 1089
1721890 1093
1721900 1096
1721910 1100
1721920 1100
1721930 1103
1721940 1105
1721950 1105
1721960 1108
1721970 1110
1721980 1110
1721990 1111
1722000 1112
1722010 1112
1722020 1113
1722030 1115
1722040 1115
1722050 1117
1722060 1118
1722070 1118
1722080 1118
1722090 1120
1722100 1120
1722110 1121
1722120 1121
1722130 1121
1722140 1122
1722150 1124
1722160 1124
1722170 1124
1722180 1125
1722190 1125
1722200 1125
1722210 1126
1722220 1126
1722230 1127
1722240 1130
1722250 1130
1722260 1132
1722270 1136
1722280 1136
1722290 1141
1722300 1147
1722310 1153
1722320 1153
1722330 1159
1722340 1165
1722350 1165
1722360 1171
1722370 1177
1722380 1177
1722390 1183
1722400 1187
1722410 1187
1722420 1193
1722430 1199
1722440 1199
1722450 1204
1722460 1209
1722470 1209
1722480 1213
1722490 1216
1722500 1216
1722510 1220
1722520 1224
1722530 1224
1722540 1229
1722550 1233
1722560 1233
1722570 1237
1722580 1241
1722590 1241
1722600 1245
1722610 1249
1722620 1249
1722630 1253
1722640 1256
1722650 1256
1722660 1260
1722670 1263
1722680 1263
1722690 1266
1722700 1270
1722710 1274
1722720 1276
1722730 1277
1722740 1280
1722750 1280
1722760 1284
1722770 1287
1722780 1287
1722790 1291
1722800 1294
1722810 1294
1722820 1298
1722830 1301
1722840 1301
1722850 1304
1722860 1306
1722870 1306
1722880 1308
1722890 1310
1722900 1310
1722910 1313
1722920 1315
1722930 1315
1722940 1315
1722950 1316
1722960 1316
1722970 1317
1722980 1318
1722990 1318
1723000 1318
1723010 1317
1723020 1317
1723030 1317
1723040 1316
1723050 1316
1723060 1315
1723070 1314
1723080 1314
1723090 1314
1723100 1312
1723110 1310
1723120 1310
1723130 1309
1723140 1307
1723150 1307
1723160 1305
1723170 1303
1723180 1303
1723190 1302
1723200 1300
1723210 1300
1723220 1298
1723230 1295
1723240 1295
1723250 1293
1723260 1292
1723270 1292
1723280 1289
1723290 1287
1723300 1287
1723310 1286
1723320 1286
1723330 1286
1723340 1284
1723350 1283
1723360 1283
1723370 1280
1723380 1278
1723390 1278
1723400 1275
1723410 1273
1723420 1273
1723430 1269
1723440 1265
1723450 1265
1723460 1262
1723470 1260
1723480 1260
1723490 1258
1723500 1257
1723510 1254
1723520 1254
1723530 1253
1723540 1250
1723550 1250
1723560 1247
1723570 1244
1723580 1244
1723590 1241
1723600 1237
1723610 1237
1723620 1233
1723630 1228
1723640 1228
1723650 1223
1723660 1217
1723670 1217
1723680 1212
1723690 1206
1723700 1206
1723710 1201
1723720 1196
1723730 1196
1723740 1191
1723750 1185
1723760 1185
1723770 1179
1723780 1172
1723790 1172
1723800 1166
1723810 1160
1723820 1160
1723830 1153
1723840 1147
1723850 1147
1723860 1142
1723870 1135
1723880 1135
1723890 1132
1723900 1124
1723910 1119
1723920 1119
1723930 1113
1723940 1107
1723950 1107
1723960 1101
1723970 1093
1723980 1093
1723990 1090
1724000 1084
1724010 1084
1724020 1078
1724030 1074
1724040 1074
1724050 1069
1724060 1064
1724070 1064
1724080 1057
1724090 1053
1724100 1053
1724110 1048
1724120 1042
1724130 1042
1724140 1037
1724150 1033
1724160 1033
1724170 1028
1724180 1023
1724190 1023
1724200 1017
1724210 1013
1724220 1013
1724230 1009
1724240 1005
1724250 1005
1724260 1000
1724270 993
1724280 993
1724290 987
1724300 981
1724310 974
1724320 974
1724330 969
1724340 964
1724350 964
1724360 959
1724370 957
1724380 957
1724390 958
1724400 955
1724410 955
1724420 953
1724430 953
1724440 953
1724450 954
1724460 955
1724470 955
1724480 956
1724490 956
1724500 956
1724510 957
1724520 958
1724530 958
1724540 959
1724550 961
1724560 961
1724570 963
1724580 965
1724590 965
1724600 964
1724610 965
1724620 965
1724630 966
1724640 966
1724650 966
1724660 968
1724670 969
1724680 969
1724690 971
1724700 971
1724710 971
1724720 971
1724730 973
1724740 975
1724750 975
1724760 978
1724770 979
1724780 979
1724790 981
1724800 981
1724810 981
1724820 981
1724830 980
1724840 980
1724850 978
1724860 976
1724870 976
1724880 973
1724890 971
1724900 971
1724910 968
1724920 967
1724930 967
1724940 962
1724950 957
1724960 957
1724970 954
1724980 951
1724990 951
1725000 947
1725010 941
1725020 941
1725030 935
1725040 930
1725050 930
1725060 925
1725070 922
1725080 922
1725090 912
1725100 908
1725110 903
1725120 903
1725130 898
1725140 893
1725150 893
1725160 889
1725170 884
1725180 884
1725190 880
1725200 876
1725210 876
1725220 870
1725230 868
1725240 868
1725250 862
1725260 857
1725270 857
1725280 853
1725290 850
1725300 850
1725310 848
1725320 846
1725330 846
1725340 845
1725350 844
1725360 844
1725370 842
1725380 841
1725390 841
1725400 838
1725410 837
1725420 837
1725430 833
1725440 833
1725450 833
1725460 831
1725470 829
1725480 829
1725490 825
1725500 825
1725510 825
1725520 825
1725530 826
1725540 827
1725550 827
1725560 827
1725570 827
1725580 827
1725590 829
1725600 832
1725610 832
1725620 835
1725630 839
1725640 839
1725650 842
1725660 844
1725670 844
1725680 847
1725690 850
1725700 850
1725710 852
1725720 855
1725730 855
1725740 859
1725750 861
1725760 861
1725770 864
1725780 865
1725790 865
1725800 867
1725810 870
1725820 870
1725830 873
1725840 876
1725850 876
1725860 879
1725870 881
1725880 881
1725890 885
1725900 889
1725910 894
1725920 894
1725930 899
1725940 903
1725950 903
1725960 907
1725970 911
1725980 911
1725990 914
1726000 917
1726010 917
1726020 920
1726030 921
1726040 921
1726050 921
1726060 919
1726070 919
1726080 918
1726090 918
1726100 918
1726110 918
1726120 920
1726130 920
1726140 926
1726150 930
1726160 930
1726170 938
1726180 944
1726190 944
1726200 950
1726210 955
1726220 955
1726230 960
1726240 965
1726250 965
1726260 969
1726270 971
1726280 971
1726290 973
1726300 970
1726310 967
1726320 967
1726330 962
1726340 955
1726350 955
1726360 949
1726370 942
1726380 942
1726390 935
1726400 928
1726410 928
1726420 921
1726430 915
1726440 915
1726450 908
1726460 902
1726470 902
1726480 896
1726490 890
1726500 890
1726510 885
1726520 879
1726530 879
1726540 874
1726550 869
1726560 869
1726570 862
1726580 857
1726590 857
1726600 849
1726610 844
1726620 844
1726630 836
1726640 832
1726650 832
1726660 825
1726670 819
1726680 819
1726690 815
1726700 814
1726710 815
1726720 815
1726730 815
1726740 818
1726750 818
1726760 822
1726770 827
1726780 827
1726790 832
1726800 837
1726810 837
1726820 842
1726830 848
1726840 848
1726850 853
1726860 858
1726870 858
1726880 864
1726890 869
1726900 869
1726910 874
1726920 879
1726930 879
1726940 883
1726950 886
1726960 886
1726970 889
1726980 891
1726990 891
1727000 891
1727010 889
1727020 889
1727030 887
1727040 885
1727050 885
1727060 883
1727070 882
1727080 882
1727090 883
1727100 883
1727110 882
1727120 882
1727130 881
1727140 878
1727150 878
1727160 873
1727170 869
1727180 869
1727190 864
1727200 858
1727210 858
1727220 853
1727230 847
1727240 847
1727250 842
1727260 837
1727270 837
1727280 833
1727290 829
1727300 829
1727310 827
1727320 826
1727330 826
1727340 828
1727350 833
1727360 833
1727370 838
1727380 843
1727390 843
1727400 846
1727410 851
1727420 851
1727430 851
1727440 848
1727450 848
1727460 846
1727470 850
1727480 850
1727490 855
1727500 861
1727510 866
1727520 866
1727530 871
1727540 876
1727550 876
1727560 882
1727570 887
1727580 887
1727590 892
1727600 897
1727610 897
1727620 903
1727630 909
1727640 909
1727650 915
1727660 921
1727670 921
1727680 927
1727690 931
1727700 931
1727710 933
1727720 934
1727730 934
1727740 934
1727750 934
1727760 934
1727770 933
1727780 932
1727790 932
1727800 933
1727810 933
1727820 933
1727830 933
1727840 936
1727850 936
1727860 941
1727870 947
1727880 947
1727890 954
1727900 960
1727910 966
1727920 966
1727930 972
1727940 979
1727950 979
1727960 986
1727970 993
1727980 993
1727990 998
1728000 1000
1728010 1000
1728020 1003
1728030 1007
1728040 1007
1728050 1012
1728060 1017
1728070 1017
1728080 1021
1728090 1025
1728100 1025
1728110 1029
1728120 1033
1728130 1033
1728140 1038
1728150 1042
1728160 1042
1728170 1046
1728180 1050
1728190 1050
1728200 1054
1728210 1057
1728220 1057
1728230 1060
1728240 1062
1728250 1062
1728260 1065
1728270 1067
1728280 1067
1728290 1069
1728300 1071
1728310 1074
1728320 1074
1728330 1077
1728340 1079
1728350 1079
1728360 1080
1728370 1081
1728380 1081
1728390 1081
1728400 1079
1728410 1079
1728420 1078
1728430 1080
1728440 1080
1728450 1085
1728460 1089
1728470 1089
1728480 1093
1728490 1097
1728500 1097
1728510 1101
1728520 1105
1728530 1105
1728540 1109
1728550 1113
1728560 1113
1728570 1117
1728580 1121
1728590 1121
1728600 1124
1728610 1129
1728620 1129
1728630 1133
1728640 1138
1728650 1138
1728660 1141
1728670 1143
1728680 1146
1728690 1146
1728700 1150
1728710 1153
1728720 1153
1728730 1156
1728740 1159
1728750 1159
1728760 1162
1728770 1165
1728780 1165
1728790 1168
1728800 1169
1728810 1169
1728820 1172
1728830 1173
1728840 1173
1728850 1175
1728860 1177
1728870 1177
1728880 1178
1728890 1179
1728900 1179
1728910 1180
1728920 1181
1728930 1181
1728940 1182
1728950 1183
1728960 1183
1728970 1184
1728980 1185
1728990 1185
1729000 1186
1729010 1187
1729020 1187
1729030 1188
1729040 1189
1729050 1189
1729060 1189
1729070 1190
1729080 1190
1729090 1190
1729100 1190
1729110 1190
1729120 1190
1729130 1190
1729140 1190
1729150 1190
1729160 1188
1729170 1187
1729180 1187
1729190 1186
1729200 1184
1729210 1184
1729220 1182
1729230 1179
1729240 1179
1729250 1176
1729260 1174
1729270 1174
1729280 1171
1729290 1167
1729300 1167
1729310 1163
1729320 1159
1729330 1159
1729340 1155
1729350 1151
1729360 1151
1729370 1147
1729380 1143
1729390 1143
1729400 1138
1729410 1134
1729420 1134
1729430 1128
1729440 1122
1729450 1122
1729460 1117
1729470 1110
1729480 1104
1729490 1104
1729500 1099
1729510 1092
1729520 1092
1729530 1088
1729540 1081
1729550 1081
1729560 1075
1729570 1071
1729580 1071
1729590 1067
1729600 1063
1729610 1063
1729620 1059
1729630 1056
1729640 1056
1729650 1052
1729660 1050
1729670 1050
1729680 1047
1729690 1044
1729700 1044
1729710 1040
1729720 1036
1729730 1036
1729740 1036
1729750 1034
1729760 1034
1729770 1035
1729780 1034
1729790 1034
1729800 1034
1729810 1032
1729820 1032
1729830 1031
1729840 1029
1729850 1029
1729860 1027
1729870 1026
1729880 1024
1729890 1024
1729900 1022
1729910 1022
1729920 1022
1729930 1022
1729940 1022
1729950 1022
1729960 1021
1729970 1020
1729980 1020
1729990 1018
1730000 1016
1730010 1016
1730020 1015
1730030 1012
1730040 1012
1730050 1010
1730060 1006
1730070 1006
1730080 1004
1730090 1000
1730100 1000
1730110 998
1730120 995
1730130 995
1730140 991
1730150 987
1730160 987
1730170 983
1730180 978
1730190 978
1730200 973
1730210 968
1730220 968
1730230 965
1730240 959
1730250 959
1730260 956
1730270 954
1730280 952
1730290 952
1730300 952
1730310 952
1730320 952
1730330 951
1730340 948
1730350 948
1730360 952
1730370 954
1730380 954
1730390 958
1730400 960
1730410 960
1730420 964
1730430 966
1730440 966
1730450 970
1730460 973
1730470 973
1730480 979
1730490 983
1730500 983
1730510 987
1730520 992
1730530 992
1730540 997
1730550 1002
1730560 1002
1730570 1006
1730580 1011
1730590 1011
1730600 1015
1730610 1020
1730620 1020
1730630 1024
1730640 1029
1730650 1029
1730660 1033
1730670 1037
1730680 1040
1730690 1040
1730700 1044
1730710 1048
1730720 1048
1730730 1051
1730740 1054
1730750 1054
1730760 1056
1730770 1057
1730780 1057
1730790 1056
1730800 1055
1730810 1055
1730820 1053
1730830 1051
1730840 1051
1730850 1048
1730860 1044
1730870 1044
1730880 1041
1730890 1038
1730900 1038
1730910 1036
1730920 1035
1730930 1035
1730940 1034
1730950 1033
1730960 1033
1730970 1032
1730980 1033
1730990 1033
1731000 1033
1731010 1034
1731020 1034
1731030 1034
1731040 1034
1731050 1034
1731060 1035
1731070 1036
1731080 1037
1731090 1037
1731100 1038
1731110 1038
1731120 1038
1731130 1037
1731140 1038
1731150 1038
1731160 1037
1731170 1038
1731180 1038
1731190 1039
1731200 1040
1731210 1040
1731220 1041
1731230 1043
1731240 1043
1731250 1045
1731260 1047
1731270 1047
1731280 1049
1731290 1051
1731300 1051
1731310 1054
1731320 1056
1731330 1056
1731340 1058
1731350 1061
1731360 1061
1731370 1063
1731380 1065
1731390 1065
1731400 1068
1731410 1071
1731420 1071
1731430 1075
1731440 1079
1731450 1079
1731460 1083
1731470 1087
1731480 1091
1731490 1091
1731500 1094
1731510 1098
1731520 1098
1731530 1103
1731540 1108
1731550 1108
1731560 1113
1731570 1118
1731580 1118
1731590 1123
1731600 1129
1731610 1129
1731620 1134
1731630 1139
1731640 1137
1731650 1142
1731660 1147
1731670 1147
1731680 1152
1731690 1158
1731700 1158
1731710 1162
1731720 1166
1731730 1166
1731740 1170
1731750 1173
1731760 1173
1731770 1177
1731780 1183
1731790 1183
1731800 1188
1731810 1192
1731820 1192
1731830 1195
1731840 1198
1731850 1198
1731860 1200
1731870 1202
1731880 1203
1731890 1203
1731900 1203
1731910 1203
1731920 1203
1731930 1203
1731940 1203
1731950 1203
1731960 1203
1731970 1203
1731980 1203
1731990 1202
1732000 1201
1732010 1201
1732020 1200
1732030 1201
1732040 1201
1732050 1203
1732060 1205
1732070 1205
1732080 1207
1732090 1209
1732100 1209
1732110 1212
1732120 1215
1732130 1215
1732140 1218
1732150 1221
1732160 1221
1732170 1225
1732180 1228
1732190 1228
1732200 1231
1732210 1234
1732220 1234
1732230 1237
1732240 1239
1732250 1239
1732260 1242
1732270 1244
1732280 1246
1732290 1246
1732300 1247
1732310 1245
1732320 1245
1732330 1242
1732340 1240
1732350 1240
1732360 1237
1732370 1234
1732380 1234
1732390 1232
1732400 1227
1732410 1227
1732420 1222
1732430 1218
1732440 1218
1732450 1213
1732460 1206
1732470 1206
1732480 1203
1732490 1198
1732500 1198
1732510 1199
1732520 1199
1732530 1199
1732540 1198
1732550 1197
1732560 1197
1732570 1197
1732580 1196
1732590 1196
1732600 1194
1732610 1191
1732620 1191
1732630 1190
1732640 1187
1732650 1187
1732660 1184
1732670 1181
1732680 1179
1732690 1179
1732700 1177
1732710 1178
1732720 1178
1732730 1179
1732740 1179
1732750 1179
1732760 1180
1732770 1183
1732780 1183
1732790 1186
1732800 1191
1732810 1191
1732820 1195
1732830 1200
1732840 1200
1732850 1204
1732860 1208
1732870 1208
1732880 1213
1732890 1218
1732900 1218
1732910 1223
1732920 1227
1732930 1227
1732940 1233
1732950 1238
1732960 1238
1732970 1242
1732980 1245
1732990 1245
1733000 1252
1733010 1253
1733020 1253
1733030 1256
1733040 1256
1733050 1256
1733060 1253
1733070 1251
1733080 1246
1733090 1246
1733100 1240
1733110 1234
1733120 1234
1733130 1227
1733140 1220
1733150 1220
1733160 1213
1733170 1207
1733180 1207
1733190 1200
1733200 1194
1733210 1194
1733220 1188
1733230 1182
1733240 1182
1733250 1179
1733260 1173
1733270 1173
1733280 1170
1733290 1167
1733300 1167
1733310 1163
1733320 1158
1733330 1158
1733340 1153
1733350 1148
1733360 1148
1733370 1142
1733380 1137
1733390 1137
1733400 1132
1733410 1127
1733420 1127
1733430 1121
1733440 1115
1733450 1115
1733460 1113
1733470 1111
1733480 1110
1733490 1110
1733500 1107
1733510 1102
1733520 1102
1733530 1099
1733540 1097
1733550 1097
1733560 1099
1733570 1100
1733580 1100
1733590 1105
1733600 1111
1733610 1111
1733620 1116
1733630 1121
1733640 1121
1733650 1125
1733660 1130
1733670 1127
1733680 1132
1733690 1137
1733700 1137
1733710 1141
1733720 1146
1733730 1146
1733740 1151
1733750 1155
1733760 1155
1733770 1159
1733780 1163
1733790 1163
1733800 1168
1733810 1173
1733820 1173
1733830 1178
1733840 1182
1733850 1182
1733860 1186
1733870 1189
1733880 1191
1733890 1191
1733900 1195
1733910 1199
1733920 1199
1733930 1204
1733940 1207
1733950 1207
1733960 1208
1733970 1210
1733980 1210
1733990 1211
1734000 1212
1734010 1212
1734020 1212
1734030 1210
1734040 1210
1734050 1207
1734060 1205
1734070 1205
1734080 1205
1734090 1205
1734100 1205
1734110 1204
1734120 1205
1734130 1205
1734140 1205
1734150 1205
1734160 1205
1734170 1210
1734180 1215
1734190 1215
1734200 1219
1734210 1225
1734220 1225
1734230 1228
1734240 1233
1734250 1233
1734260 1237
1734270 1243
1734280 1247
1734290 1247
1734300 1251
1734310 1255
1734320 1255
1734330 1261
1734340 1263
1734350 1263
1734360 1267
1734370 1270
1734380 1270
1734390 1273
1734400 1275
1734410 1275
1734420 1278
1734430 1280
1734440 1280
1734450 1284
1734460 1287
1734470 1287
1734480 1290
1734490 1293
1734500 1293
1734510 1295
1734520 1297
1734530 1297
1734540 1298
1734550 1299
1734560 1299
1734570 1299
1734580 1300
1734590 1300
1734600 1299
1734610 1299
1734620 1299
1734630 1299
1734640 1298
1734650 1298
1734660 1297
1734670 1296
1734680 1293
1734690 1293
1734700 1289
1734710 1286
1734720 1286
1734730 1283
1734740 1275
1734750 1275
1734760 1271
1734770 1271
1734780 1271
1734790 1272
1734800 1272
1734810 1272
1734820 1274
1734830 1280
1734840 1280
1734850 1284
1734860 1288
1734870 1288
1734880 1292
1734890 1296
1734900 1296
1734910 1301
1734920 1307
1734930 1307
1734940 1312
1734950 1318
1734960 1318
1734970 1323
1734980 1327
1734990 1327
1735000 1331
1735010 1334
1735020 1334
1735030 1338
1735040 1341
1735050 1341
1735060 1345
1735070 1349
1735080 1352
1735090 1352
1735100 1355
1735110 1359
1735120 1359
1735130 1361
1735140 1363
1735150 1363
1735160 1365
1735170 1367
1735180 1367
1735190 1370
1735200 1370
1735210 1370
1735220 1372
1735230 1374
1735240 1374
1735250 1376
1735260 1378
1735270 1378
1735280 1379
1735290 1382
1735300 1382
1735310 1384
1735320 1386
1735330 1386
1735340 1388
1735350 1390
1735360 1390
1735370 1392
1735380 1395
1735390 1395
1735400 1397
1735410 1401
1735420 1401
1735430 1404
1735440 1406
1735450 1406
1735460 1408
1735470 1410
1735480 1409
1735490 1409
1735500 1408
1735510 1407
1735520 1407
1735530 1405
1735540 1403
1735550 1403
1735560 1399
1735570 1395
1735580 1395
1735590 1391
1735600 1388
1735610 1388
1735620 1384
1735630 1378
1735640 1378
1735650 1370
1735660 1363
1735670 1363
1735680 1357
1735690 1349
1735700 1349
1735710 1343
1735720 1337
1735730 1337
1735740 1331
1735750 1327
1735760 1327
1735770 1322
1735780 1318
1735790 1318
1735800 1314
1735810 1310
1735820 1310
1735830 1306
1735840 1303
1735850 1303
1735860 1299
1735870 1295
1735880 1291
1735890 1291
1735900 1290
1735910 1288
1735920 1288
1735930 1288
1735940 1290
1735950 1290
1735960 1292
1735970 1295
1735980 1295
1735990 1297
1736000 1298
1736010 1298
1736020 1299
1736030 1300
1736040 1300
1736050 1300
1736060 1300
1736070 1300
1736080 1300
1736090 1300
1736100 1300
1736110 1300
1736120 1300
1736130 1300
1736140 1300
1736150 1302
1736160 1302
1736170 1307
1736180 1312
1736190 1312
1736200 1316
1736210 1319
1736220 1319
1736230 1323
1736240 1327
1736250 1327
1736260 1331
1736270 1336
1736280 1340
1736290 1340
1736300 1344
1736310 1349
1736320 1349
1736330 1352
1736340 1358
1736350 1358
1736360 1362
1736370 1367
1736380 1367
1736390 1371
1736400 1374
1736410 1374
1736420 1378
1736430 1381
1736440 1381
1736450 1383
1736460 1386
1736470 1386
1736480 1387
1736490 1386
1736500 1386
1736510 1385
1736520 1384
1736530 1384
1736540 1382
1736550 1379
1736560 1379
1736570 1378
1736580 1376
1736590 1376
1736600 1374
1736610 1372
1736620 1372
1736630 1370
1736640 1368
1736650 1368
1736660 1366
1736670 1364
1736680 1361
1736690 1361
1736700 1359
1736710 1357
1736720 1357
1736730 1355
1736740 1351
1736750 1351
1736760 1347
1736770 1342
1736780 1342
1736790 1337
1736800 1332
1736810 1332
1736820 1327
1736830 1322
1736840 1322
1736850 1315
1736860 1310
1736870 1310
1736880 1307
1736890 1305
1736900 1305
1736910 1303
1736920 1298
1736930 1298
1736940 1295
1736950 1290
1736960 1290
1736970 1285
1736980 1284
1736990 1284
1737000 1288
1737010 1295
1737020 1295
1737030 1301
1737040 1307
1737050 1307
1737060 1310
1737070 1314
1737080 1318
1737090 1318
1737100 1322
1737110 1325
1737120 1325
1737130 1327
1737140 1329
1737150 1329
1737160 1330
1737170 1331
1737180 1331
1737190 1332
1737200 1333
1737210 1333
1737220 1333
1737230 1332
1737240 1332
1737250 1331
1737260 1330
1737270 1330
1737280 1329
1737290 1328
1737300 1328
1737310 1327
1737320 1326
1737330 1326
1737340 1325
1737350 1325
1737360 1325
1737370 1324
1737380 1323
1737390 1323
1737400 1321
1737410 1320
1737420 1320
1737430 1319
1737440 1318
1737450 1318
1737460 1316
1737470 1315
1737480 1313
1737490 1313
1737500 1311
1737510 1309
1737520 1309
1737530 1306
1737540 1303
1737550 1303
1737560 1297
1737570 1294
1737580 1294
1737590 1291
1737600 1287
1737610 1287
1737620 1284
1737630 1279
1737640 1279
1737650 1275
1737660 1271
1737670 1271
1737680 1266
1737690 1260
1737700 1260
1737710 1254
1737720 1249
1737730 1249
1737740 1246
1737750 1243
1737760 1243
1737770 1242
1737780 1241
1737790 1241
1737800 1241
1737810 1242
1737820 1242
1737830 1243
1737840 1248
1737850 1248
1737860 1252
1737870 1256
1737880 1259
1737890 1259
1737900 1261
1737910 1264
1737920 1264
1737930 1267
1737940 1270
1737950 1270
1737960 1273
1737970 1274
1737980 1274
1737990 1276
1738000 1278
1738010 1278
1738020 1280
1738030 1281
1738040 1281
1738050 1282
1738060 1283
1738070 1283
1738080 1283
1738090 1282
1738100 1282
1738110 1282
1738120 1280
1738130 1280
1738140 1278
1738150 1275
1738160 1275
1738170 1273
1738180 1270
1738190 1270
1738200 1266
1738210 1263
1738220 1263
1738230 1259
1738240 1255
1738250 1255
1738260 1251
1738270 1246
1738280 1240
1738290 1240
1738300 1236
1738310 1233
1738320 1233
1738330 1230
1738340 1227
1738350 1227
1738360 1225
1738370 1223
1738380 1223
1738390 1221
1738400 1218
1738410 1218
1738420 1215
1738430 1211
1738440 1211
1738450 1207
1738460 1205
1738470 1205
1738480 1206
1738490 1207
1738500 1207
1738510 1205
1738520 1201
1738530 1201
1738540 1195
1738550 1190
1738560 1190
1738570 1185
1738580 1180
1738590 1180
1738600 1176
1738610 1174
1738620 1174
1738630 1172
1738640 1178
1738650 1178
1738660 1183
1738670 1189
1738680 1195
1738690 1195
1738700 1200
1738710 1206
1738720 1206
1738730 1211
1738740 1218
1738750 1218
1738760 1224
1738770 1229
1738780 1229
1738790 1233
1738800 1237
1738810 1237
1738820 1240
1738830 1243
1738840 1243
1738850 1245
1738860 1246
1738870 1246
1738880 1246
1738890 1245
1738900 1245
1738910 1243
1738920 1241
1738930 1241
1738940 1239
1738950 1236
1738960 1236
1738970 1233
1738980 1229
1738990 1229
1739000 1229
1739010 1233
1739020 1233
1739030 1237
1739040 1240
1739050 1240
1739060 1242
1739070 1244
1739080 1246
1739090 1246
1739100 1249
1739110 1251
1739120 1251
1739130 1254
1739140 1259
1739150 1259
1739160 1265
1739170 1272
1739180 1272
1739190 1278
1739200 1285
1739210 1285
1739220 1291
1739230 1297
1739240 1297
1739250 1303
1739260 1308
1739270 1308
1739280 1312
1739290 1316
1739300 1316
1739310 1321
1739320 1325
1739330 1325
1739340 1329
1739350 1333
1739360 1333
1739370 1333
1739380 1330
1739390 1330
1739400 1328
1739410 1325
1739420 1319
1739430 1317
1739440 1314
1739450 1314
1739460 1310
1739470 1312
1739480 1313
1739490 1313
1739500 1310
1739510 1307
1739520 1307
1739530 1302
1739540 1298
1739550 1298
1739560 1296
1739570 1298
1739580 1298
1739590 1299
1739600 1300
1739610 1300
1739620 1299
1739630 1299
1739640 1299
1739650 1297
1739660 1295
1739670 1295
1739680 1292
1739690 1292
1739700 1292
1739710 1297
1739720 1300
1739730 1300
1739740 1301
1739750 1303
1739760 1303
1739770 1304
1739780 1306
1739790 1306
1739800 1314
1739810 1321
1739820 1321
1739830 1328
1739840 1335
1739850 1335
1739860 1340
1739870 1347
1739880 1354
1739890 1354
1739900 1360
1739910 1365
1739920 1365
1739930 1369
1739940 1371
1739950 1371
1739960 1373
1739970 1375
1739980 1375
1739990 1376
