1720000 1037
1720010 1033
1720020 1033
1720030 1029
1720040 1025
1720050 1025
1720060 1021
1720070 1016
1720080 1011
1720090 1011
1720100 1010
1720110 1006
1720120 1006
1720130 1004
1720140 1000
1720150 1000
1720160 998
1720170 996
1720180 996
1720190 992
1720200 988
1720210 988
1720220 986
1720230 985
1720240 985
1720250 983
1720260 982
1720270 982
1720280 979
1720290 977
1720300 977
1720310 976
1720320 973
1720330 973
1720340 971
1720350 967
1720360 967
1720370 963
1720380 961
1720390 961
1720400 959
1720410 955
1720420 955
1720430 952
1720440 949
1720450 949
1720460 946
1720470 942
1720480 938
1720490 938
1720500 933
1720510 929
1720520 929
1720530 925
1720540 922
1720550 922
1720560 917
1720570 914
1720580 914
1720590 908
1720600 902
1720610 902
1720620 897
1720630 892
1720640 892
1720650 885
1720660 880
1720670 880
1720680 874
1720690 879
1720700 879
1720710 883
1720720 886
1720730 886
1720740 890
1720750 893
1720760 893
1720770 897
1720780 901
1720790 901
1720800 906
1720810 909
1720820 909
1720830 913
1720840 917
1720850 917
1720860 921
1720870 925
1720880 929
1720890 929
1720900 932
1720910 935
1720920 935
1720930 943
1720940 946
1720950 946
1720960 946
1720970 948
1720980 948
1720990 949
1721000 950
1721010 950
1721020 950
1721030 949
1721040 949
1721050 948
1721060 947
1721070 947
1721080 946
1721090 946
1721100 946
1721110 945
1721120 943
1721130 943
1721140 942
1721150 941
1721160 941
1721170 939
1721180 937
1721190 937
1721200 935
1721210 931
1721220 931
1721230 926
1721240 921
1721250 921
1721260 916
1721270 911
1721280 907
1721290 907
1721300 902
1721310 898
1721320 898
1721330 894
1721340 893
1721350 893
1721360 891
1721370 889
1721380 889
1721390 886
1721400 884
1721410 884
1721420 882
1721430 880
1721440 880
1721450 878
1721460 877
1721470 877
1721480 878
1721490 878
1721500 878
1721510 879
1721520 879
1721530 879
1721540 878
1721550 878
1721560 878
1721570 878
1721580 877
1721590 877
1721600 882
1721610 889
1721620 889
1721630 897
1721640 903
1721650 903
1721660 910
1721670 914
1721680 922
1721690 922
1721700 927
1721710 931
1721720 931
1721730 938
1721740 940
1721750 940
1721760 944
1721770 947
1721780 947
1721790 951
1721800 954
1721810 954
1721820 956
1721830 960
1721840 960
1721850 964
1721860 968
1721870 968
1721880 972
1721890 977
1721900 977
1721910 983
1721920 988
1721930 988
1721940 993
1721950 998
1721960 998
1721970 1001
1721980 1004
1721990 1004
1722000 1006
1722010 1010
1722020 1010
1722030 1013
1722040 1017
1722050 1017
1722060 1020
1722070 1022
1722080 1025
1722090 1025
1722100 1028
1722110 1030
1722120 1030
1722130 1032
1722140 1034
1722150 1034
1722160 1038
1722170 1041
1722180 1041
1722190 1043
1722200 1044
1722210 1044
1722220 1044
1722230 1044
1722240 1044
1722250 1046
1722260 1047
1722270 1047
1722280 1049
1722290 1051
1722300 1051
1722310 1052
1722320 1053
1722330 1053
1722340 1056
1722350 1061
1722360 1061
1722370 1064
1722380 1068
1722390 1068
1722400 1071
1722410 1076
1722420 1076
1722430 1080
1722440 1086
1722450 1086
1722460 1091
1722470 1096
1722480 1101
1722490 1101
1722500 1106
1722510 1111
1722520 1111
1722530 1116
1722540 1119
1722550 1119
1722560 1124
1722570 1127
1722580 1127
1722590 1132
1722600 1137
1722610 1137
1722620 1142
1722630 1148
1722640 1148
1722650 1153
1722660 1159
1722670 1159
1722680 1165
1722690 1171
1722700 1171
1722710 1176
1722720 1182
1722730 1182
1722740 1187
1722750 1193
1722760 1193
1722770 1200
1722780 1204
1722790 1204
1722800 1211
1722810 1216
1722820 1216
1722830 1222
1722840 1227
1722850 1227
1722860 1232
1722870 1237
1722880 1243
1722890 1243
1722900 1247
1722910 1251
1722920 1251
1722930 1256
1722940 1258
1722950 1258
1722960 1260
1722970 1260
1722980 1260
1722990 1259
1723000 1258
1723010 1258
1723020 1256
1723030 1252
1723040 1252
1723050 1250
1723060 1247
1723070 1247
1723080 1245
1723090 1242
1723100 1242
1723110 1238
1723120 1234
1723130 1234
1723140 1230
1723150 1226
1723160 1226
1723170 1221
1723180 1218
1723190 1218
1723200 1213
1723210 1209
1723220 1209
1723230 1207
1723240 1201
1723250 1201
1723260 1197
1723270 1193
1723280 1188
1723290 1188
1723300 1183
1723310 1178
1723320 1178
1723330 1173
1723340 1169
1723350 1169
1723360 1165
1723370 1160
1723380 1160
1723390 1154
1723400 1149
1723410 1149
1723420 1143
1723430 1139
1723440 1139
1723450 1135
1723460 1129
1723470 1129
1723480 1122
1723490 1115
1723500 1115
1723510 1112
1723520 1110
1723530 1110
1723540 1108
1723550 1109
1723560 1109
1723570 1107
1723580 1106
1723590 1106
1723600 1108
1723610 1107
1723620 1107
1723630 1108
1723640 1109
1723650 1109
1723660 1110
1723670 1111
1723680 1111
1723690 1113
1723700 1113
1723710 1114
1723720 1114
1723730 1115
1723740 1115
1723750 1115
1723760 1115
1723770 1114
1723780 1114
1723790 1114
1723800 1113
1723810 1113
1723820 1113
1723830 1112
1723840 1112
1723850 1110
1723860 1109
1723870 1109
1723880 1107
1723890 1105
1723900 1105
1723910 1104
1723920 1101
1723930 1101
1723940 1099
1723950 1096
1723960 1096
1723970 1092
1723980 1088
1723990 1088
1724000 1083
1724010 1077
1724020 1077
1724030 1072
1724040 1066
1724050 1066
1724060 1060
1724070 1054
1724080 1054
1724090 1048
1724100 1042
1724110 1036
1724120 1036
1724130 1031
1724140 1025
1724150 1025
1724160 1020
1724170 1015
1724180 1015
1724190 1011
1724200 1006
1724210 1006
1724220 1000
1724230 995
1724240 995
1724250 991
1724260 986
1724270 986
1724280 981
1724290 975
1724300 975
1724310 970
1724320 965
1724330 965
1724340 960
1724350 954
1724360 954
1724370 948
1724380 941
1724390 941
1724400 937
1724410 933
1724420 933
1724430 935
1724440 935
1724450 935
1724460 936
1724470 938
1724480 938
1724490 942
1724500 947
1724510 952
1724520 952
1724530 958
1724540 964
1724550 964
1724560 970
1724570 976
1724580 976
1724590 982
1724600 988
1724610 988
1724620 992
1724630 996
1724640 996
1724650 998
1724660 1002
1724670 1002
1724680 1006
1724690 1011
1724700 1011
1724710 1017
1724720 1023
1724730 1023
1724740 1027
1724750 1032
1724760 1032
1724770 1036
1724780 1041
1724790 1041
1724800 1046
1724810 1051
1724820 1051
1724830 1056
1724840 1062
1724850 1062
1724860 1066
1724870 1071
1724880 1071
1724890 1076
1724900 1079
1724910 1082
1724920 1082
1724930 1086
1724940 1090
1724950 1090
1724960 1094
1724970 1097
1724980 1097
1724990 1099
1725000 1102
1725010 1102
1725020 1104
1725030 1106
1725040 1106
1725050 1108
1725060 1109
1725070 1109
1725080 1111
1725090 1112
1725100 1112
1725110 1114
1725120 1115
1725130 1115
1725140 1117
1725150 1118
1725160 1118
1725170 1120
1725180 1122
1725190 1122
1725200 1125
1725210 1127
1725220 1127
1725230 1129
1725240 1132
1725250 1132
1725260 1134
1725270 1136
1725280 1136
1725290 1138
1725300 1140
1725310 1142
1725320 1142
1725330 1146
1725340 1149
1725350 1149
1725360 1152
1725370 1154
1725380 1154
1725390 1157
1725400 1159
1725410 1159
1725420 1161
1725430 1163
1725440 1163
1725450 1165
1725460 1165
1725470 1165
1725480 1166
1725490 1166
1725500 1166
1725510 1163
1725520 1160
1725530 1160
1725540 1156
1725550 1151
1725560 1151
1725570 1146
1725580 1140
1725590 1140
1725600 1134
1725610 1129
1725620 1129
1725630 1123
1725640 1117
1725650 1117
1725660 1112
1725670 1106
1725680 1106
1725690 1100
1725700 1095
1725710 1089
1725720 1089
1725730 1084
1725740 1077
1725750 1077
1725760 1076
1725770 1070
1725780 1070
1725790 1066
1725800 1061
1725810 1061
1725820 1057
1725830 1053
1725840 1053
1725850 1049
1725860 1044
1725870 1044
1725880 1040
1725890 1035
1725900 1035
1725910 1029
1725920 1024
1725930 1024
1725940 1020
1725950 1015
1725960 1015
1725970 1009
1725980 1003
1725990 1003
1726000 998
1726010 993
1726020 993
1726030 988
1726040 984
1726050 984
1726060 978
1726070 974
1726080 974
1726090 970
1726100 965
1726110 960
1726120 960
1726130 955
1726140 951
1726150 951
1726160 947
1726170 943
1726180 943
1726190 939
1726200 935
1726210 935
1726220 930
1726230 925
1726240 925
1726250 919
1726260 916
1726270 916
1726280 910
1726290 906
1726300 906
1726310 903
1726320 899
1726330 899
1726340 895
1726350 893
1726360 893
1726370 885
1726380 878
1726390 878
1726400 877
1726410 878
1726420 878
1726430 878
1726440 878
1726450 878
1726460 879
1726470 885
1726480 885
1726490 891
1726500 896
1726510 901
1726520 901
1726530 907
1726540 912
1726550 912
1726560 918
1726570 923
1726580 923
1726590 928
1726600 933
1726610 933
1726620 938
1726630 943
1726640 943
1726650 947
1726660 952
1726670 952
1726680 956
1726690 961
1726700 961
1726710 965
1726720 971
1726730 971
1726740 975
1726750 980
1726760 980
1726770 985
1726780 990
1726790 990
1726800 996
1726810 1001
1726820 1001
1726830 1006
1726840 1011
1726850 1011
1726860 1016
1726870 1020
1726880 1020
1726890 1025
1726900 1029
1726910 1033
1726920 1033
1726930 1037
1726940 1041
1726950 1041
1726960 1045
1726970 1049
1726980 1049
1726990 1052
1727000 1057
1727010 1057
1727020 1059
1727030 1063
1727040 1063
1727050 1066
1727060 1070
1727070 1070
1727080 1074
1727090 1078
1727100 1078
1727110 1081
1727120 1083
1727130 1083
1727140 1085
1727150 1088
1727160 1088
1727170 1091
1727180 1094
1727190 1094
1727200 1097
1727210 1100
1727220 1100
1727230 1102
1727240 1103
1727250 1103
1727260 1104
1727270 1106
1727280 1106
1727290 1109
1727300 1112
1727310 1112
1727320 1116
1727330 1118
1727340 1121
1727350 1121
1727360 1121
1727370 1123
1727380 1123
1727390 1124
1727400 1123
1727410 1123
1727420 1121
1727430 1118
1727440 1118
1727450 1114
1727460 1110
1727470 1110
1727480 1107
1727490 1103
1727500 1103
1727510 1099
1727520 1093
1727530 1093
1727540 1087
1727550 1082
1727560 1082
1727570 1078
1727580 1073
1727590 1073
1727600 1070
1727610 1067
1727620 1067
1727630 1061
1727640 1055
1727650 1055
1727660 1049
1727670 1043
1727680 1043
1727690 1037
1727700 1032
1727710 1032
1727720 1027
1727730 1021
1727740 1015
1727750 1015
1727760 1009
1727770 1002
1727780 1002
1727790 995
1727800 989
1727810 989
1727820 982
1727830 977
1727840 977
1727850 971
1727860 964
1727870 964
1727880 959
1727890 956
1727900 956
1727910 953
1727920 950
1727930 950
1727940 947
1727950 948
1727960 948
1727970 943
1727980 940
1727990 940
1728000 936
1728010 932
1728020 932
1728030 929
1728040 928
1728050 928
1728060 926
1728070 926
1728080 926
1728090 927
1728100 929
1728110 929
1728120 932
1728130 938
1728140 943
1728150 943
1728160 948
1728170 952
1728180 952
1728190 957
1728200 961
1728210 961
1728220 964
1728230 967
1728240 967
1728250 969
1728260 972
1728270 972
1728280 974
1728290 977
1728300 977
1728310 981
1728320 985
1728330 985
1728340 989
1728350 993
1728360 993
1728370 997
1728380 1002
1728390 1002
1728400 1007
1728410 1012
1728420 1012
1728430 1018
1728440 1022
1728450 1022
1728460 1028
1728470 1034
1728480 1034
1728490 1041
1728500 1044
1728510 1044
1728520 1051
1728530 1057
1728540 1062
1728550 1062
1728560 1067
1728570 1071
1728580 1071
1728590 1075
1728600 1081
1728610 1081
1728620 1086
1728630 1091
1728640 1091
1728650 1095
1728660 1097
1728670 1097
1728680 1100
1728690 1104
1728700 1104
1728710 1107
1728720 1110
1728730 1110
1728740 1113
1728750 1117
1728760 1117
1728770 1120
1728780 1124
1728790 1124
1728800 1128
1728810 1133
1728820 1133
1728830 1137
1728840 1141
1728850 1141
1728860 1145
1728870 1149
1728880 1149
1728890 1153
1728900 1158
1728910 1158
1728920 1161
1728930 1164
1728940 1167
1728950 1167
1728960 1170
1728970 1174
1728980 1174
1728990 1177
1729000 1181
1729010 1181
1729020 1184
1729030 1188
1729040 1188
1729050 1191
1729060 1195
1729070 1195
1729080 1199
1729090 1203
1729100 1203
1729110 1206
1729120 1210
1729130 1210
1729140 1213
1729150 1216
1729160 1216
1729170 1219
1729180 1222
1729190 1222
1729200 1225
1729210 1227
1729220 1227
1729230 1229
1729240 1232
1729250 1232
1729260 1236
1729270 1239
1729280 1239
1729290 1241
1729300 1244
1729310 1244
1729320 1247
1729330 1250
1729340 1253
1729350 1253
1729360 1256
1729370 1259
1729380 1259
1729390 1262
1729400 1264
1729410 1264
1729420 1267
1729430 1270
1729440 1270
1729450 1273
1729460 1276
1729470 1276
1729480 1277
1729490 1279
1729500 1279
1729510 1282
1729520 1284
1729530 1284
1729540 1286
1729550 1287
1729560 1287
1729570 1289
1729580 1294
1729590 1294
1729600 1296
1729610 1299
1729620 1299
1729630 1300
1729640 1301
1729650 1301
1729660 1302
1729670 1301
1729680 1301
1729690 1298
1729700 1295
1729710 1295
1729720 1291
1729730 1286
1729740 1278
1729750 1278
1729760 1270
1729770 1262
1729780 1262
1729790 1257
1729800 1251
1729810 1251
1729820 1247
1729830 1243
1729840 1243
1729850 1241
1729860 1238
1729870 1238
1729880 1238
1729890 1238
1729900 1238
1729910 1240
1729920 1242
1729930 1242
1729940 1246
1729950 1249
1729960 1249
1729970 1251
1729980 1253
1729990 1253
1730000 1253
1730010 1254
1730020 1254
1730030 1254
1730040 1254
1730050 1254
1730060 1253
1730070 1250
1730080 1250
1730090 1246
1730100 1241
1730110 1245
1730120 1240
1730130 1236
1730140 1231
1730150 1231
1730160 1228
1730170 1223
1730180 1223
1730190 1219
1730200 1214
1730210 1214
1730220 1209
1730230 1203
1730240 1203
1730250 1198
1730260 1198
1730270 1198
1730280 1199
1730290 1199
1730300 1199
1730310 1199
1730320 1197
1730330 1197
1730340 1194
1730350 1190
1730360 1190
1730370 1186
1730380 1181
1730390 1181
1730400 1175
1730410 1169
1730420 1169
1730430 1167
1730440 1161
1730450 1161
1730460 1155
1730470 1150
1730480 1150
1730490 1146
1730500 1148
1730510 1148
1730520 1149
1730530 1150
1730540 1150
1730550 1152
1730560 1155
1730570 1161
1730580 1161
1730590 1165
1730600 1168
1730610 1168
1730620 1169
1730630 1172
1730640 1172
1730650 1175
1730660 1178
1730670 1178
1730680 1181
1730690 1184
1730700 1184
1730710 1186
1730720 1188
1730730 1188
1730740 1191
1730750 1195
1730760 1195
1730770 1198
1730780 1202
1730790 1202
1730800 1203
1730810 1207
1730820 1207
1730830 1210
1730840 1214
1730850 1214
1730860 1217
1730870 1220
1730880 1220
1730890 1224
1730900 1228
1730910 1228
1730920 1232
1730930 1236
1730940 1236
1730950 1239
1730960 1242
1730970 1244
1730980 1244
1730990 1247
1731000 1249
1731010 1249
1731020 1250
1731030 1250
1731040 1250
1731050 1248
1731060 1247
1731070 1247
1731080 1244
1731090 1242
1731100 1242
1731110 1241
1731120 1239
1731130 1239
1731140 1239
1731150 1237
1731160 1237
1731170 1237
1731180 1238
1731190 1238
1731200 1239
1731210 1239
1731220 1239
1731230 1240
1731240 1241
1731250 1241
1731260 1241
1731270 1242
1731280 1242
1731290 1243
1731300 1244
1731310 1244
1731320 1245
1731330 1247
1731340 1247
1731350 1250
1731360 1252
1731370 1253
1731380 1253
1731390 1252
1731400 1249
1731410 1249
1731420 1246
1731430 1242
1731440 1242
1731450 1237
1731460 1231
1731470 1231
1731480 1225
1731490 1220
1731500 1220
1731510 1214
1731520 1207
1731530 1207
1731540 1203
1731550 1197
1731560 1197
1731570 1192
1731580 1186
1731590 1186
1731600 1181
1731610 1175
1731620 1175
1731630 1170
1731640 1164
1731650 1164
1731660 1159
1731670 1154
1731680 1154
1731690 1149
1731700 1144
1731710 1144
1731720 1140
1731730 1137
1731740 1137
1731750 1134
1731760 1132
1731770 1131
1731780 1131
1731790 1128
1731800 1125
1731810 1125
1731820 1120
1731830 1115
1731840 1115
1731850 1110
1731860 1105
1731870 1105
1731880 1100
1731890 1098
1731900 1098
1731910 1096
1731920 1094
1731930 1094
1731940 1092
1731950 1091
1731960 1091
1731970 1089
1731980 1087
1731990 1087
1732000 1085
1732010 1086
1732020 1086
1732030 1085
1732040 1084
1732050 1084
1732060 1084
1732070 1083
1732080 1083
1732090 1084
1732100 1085
1732110 1085
1732120 1086
1732130 1087
1732140 1087
1732150 1087
1732160 1086
1732170 1085
1732180 1085
1732190 1080
1732200 1079
1732210 1079
1732220 1075
1732230 1070
1732240 1070
1732250 1064
1732260 1058
1732270 1058
1732280 1051
1732290 1046
1732300 1046
1732310 1040
1732320 1034
1732330 1034
1732340 1029
1732350 1023
1732360 1023
1732370 1017
1732380 1010
1732390 1010
1732400 1004
1732410 998
1732420 998
1732430 992
1732440 986
1732450 986
1732460 980
1732470 974
1732480 974
1732490 968
1732500 962
1732510 962
1732520 955
1732530 950
1732540 950
1732550 944
1732560 939
1732570 934
1732580 934
1732590 935
1732600 939
1732610 939
1732620 943
1732630 947
1732640 947
1732650 952
1732660 958
1732670 958
1732680 963
1732690 969
1732700 969
1732710 975
1732720 980
1732730 980
1732740 985
1732750 991
1732760 991
1732770 995
1732780 999
1732790 999
1732800 1000
1732810 997
1732820 997
1732830 993
1732840 990
1732850 990
1732860 985
1732870 980
1732880 980
1732890 975
1732900 969
1732910 969
1732920 964
1732930 959
1732940 959
1732950 955
1732960 952
1732970 949
1732980 949
1732990 946
1733000 943
1733010 943
1733020 939
1733030 936
1733040 936
1733050 932
1733060 930
1733070 930
1733080 929
1733090 930
1733100 930
1733110 931
1733120 931
1733130 931
1733140 932
1733150 937
1733160 937
1733170 942
1733180 947
1733190 947
1733200 950
1733210 955
1733220 955
1733230 961
1733240 966
1733250 966
1733260 968
1733270 969
1733280 969
1733290 971
1733300 972
1733310 972
1733320 974
1733330 976
1733340 976
1733350 979
1733360 981
1733370 984
1733380 984
1733390 986
1733400 988
1733410 988
1733420 989
1733430 991
1733440 991
1733450 992
1733460 995
1733470 995
1733480 995
1733490 998
1733500 998
1733510 999
1733520 1001
1733530 1001
1733540 1002
1733550 1004
1733560 1004
1733570 1006
1733580 1008
1733590 1008
1733600 1011
1733610 1013
1733620 1013
1733630 1014
1733640 1015
1733650 1015
1733660 1016
1733670 1016
1733680 1016
1733690 1015
1733700 1015
1733710 1015
1733720 1016
1733730 1019
1733740 1019
1733750 1021
1733760 1025
1733770 1029
1733780 1029
1733790 1033
1733800 1036
1733810 1036
1733820 1038
1733830 1042
1733840 1042
1733850 1045
1733860 1048
1733870 1048
1733880 1051
1733890 1055
1733900 1055
1733910 1058
1733920 1062
1733930 1062
1733940 1065
1733950 1069
1733960 1069
1733970 1072
1733980 1076
1733990 1076
1734000 1080
1734010 1084
1734020 1084
1734030 1088
1734040 1092
1734050 1092
1734060 1095
1734070 1098
1734080 1098
1734090 1101
1734100 1102
1734110 1102
1734120 1103
1734130 1104
1734140 1104
1734150 1104
1734160 1104
1734170 1104
1734180 1106
1734190 1108
1734200 1110
1734210 1114
1734220 1116
1734230 1119
1734240 1119
1734250 1121
1734260 1124
1734270 1124
1734280 1126
1734290 1128
1734300 1128
1734310 1131
1734320 1134
1734330 1134
1734340 1136
1734350 1138
1734360 1138
1734370 1142
1734380 1146
1734390 1146
1734400 1149
1734410 1154
1734420 1154
1734430 1157
1734440 1160
1734450 1160
1734460 1164
1734470 1166
1734480 1166
1734490 1171
1734500 1175
1734510 1175
1734520 1179
1734530 1183
1734540 1183
1734550 1186
1734560 1190
1734570 1190
1734580 1193
1734590 1196
1734600 1198
1734610 1198
1734620 1199
1734630 1199
1734640 1199
1734650 1200
1734660 1203
1734670 1203
1734680 1206
1734690 1210
1734700 1210
1734710 1215
1734720 1220
1734730 1220
1734740 1225
1734750 1228
1734760 1228
1734770 1234
1734780 1239
1734790 1239
1734800 1243
1734810 1248
1734820 1248
1734830 1252
1734840 1257
1734850 1257
1734860 1261
1734870 1265
1734880 1265
1734890 1270
1734900 1274
1734910 1274
1734920 1278
1734930 1282
1734940 1282
1734950 1286
1734960 1291
1734970 1291
1734980 1295
1734990 1299
1735000 1303
1735010 1303
1735020 1306
1735030 1309
1735040 1309
1735050 1313
1735060 1316
1735070 1316
1735080 1319
1735090 1322
1735100 1322
1735110 1325
1735120 1325
1735130 1325
1735140 1326
1735150 1326
1735160 1326
1735170 1324
1735180 1323
1735190 1323
1735200 1320
1735210 1318
1735220 1318
1735230 1314
1735240 1311
1735250 1311
1735260 1307
1735270 1303
1735280 1303
1735290 1297
1735300 1292
1735310 1292
1735320 1287
1735330 1282
1735340 1282
1735350 1279
1735360 1275
1735370 1275
1735380 1272
1735390 1268
1735400 1263
1735410 1263
1735420 1257
1735430 1250
1735440 1250
1735450 1246
1735460 1242
1735470 1242
1735480 1238
1735490 1235
1735500 1235
1735510 1233
1735520 1231
1735530 1231
1735540 1230
1735550 1229
1735560 1229
1735570 1229
1735580 1228
1735590 1228
1735600 1226
1735610 1225
1735620 1225
1735630 1224
1735640 1223
1735650 1223
1735660 1222
1735670 1221
1735680 1221
1735690 1220
1735700 1219
1735710 1219
1735720 1218
1735730 1217
1735740 1217
1735750 1216
1735760 1215
1735770 1215
1735780 1214
1735790 1212
1735800 1209
1735810 1209
1735820 1206
1735830 1203
1735840 1203
1735850 1198
1735860 1194
1735870 1194
1735880 1189
1735890 1186
1735900 1186
1735910 1182
1735920 1180
1735930 1180
1735940 1177
1735950 1175
1735960 1175
1735970 1172
1735980 1171
1735990 1171
1736000 1169
1736010 1168
1736020 1168
1736030 1167
1736040 1165
1736050 1165
1736060 1165
1736070 1165
1736080 1165
1736090 1165
1736100 1165
1736110 1165
1736120 1164
1736130 1163
1736140 1163
1736150 1162
1736160 1161
1736170 1159
1736180 1158
1736190 1156
1736200 1154
1736210 1154
1736220 1151
1736230 1147
1736240 1147
1736250 1143
1736260 1139
1736270 1139
1736280 1134
1736290 1130
1736300 1130
1736310 1125
1736320 1119
1736330 1119
1736340 1113
1736350 1108
1736360 1108
1736370 1103
1736380 1098
1736390 1098
1736400 1093
1736410 1090
1736420 1090
1736430 1086
1736440 1082
1736450 1082
1736460 1077
1736470 1073
1736480 1073
1736490 1069
1736500 1065
1736510 1065
1736520 1061
1736530 1057
1736540 1057
1736550 1053
1736560 1049
1736570 1049
1736580 1045
1736590 1041
1736600 1038
1736610 1038
1736620 1033
1736630 1028
1736640 1028
1736650 1024
1736660 1019
1736670 1019
1736680 1017
1736690 1014
1736700 1014
1736710 1013
1736720 1012
1736730 1012
1736740 1013
1736750 1015
1736760 1015
1736770 1016
1736780 1018
1736790 1018
1736800 1018
1736810 1019
1736820 1019
1736830 1018
1736840 1020
1736850 1020
1736860 1020
1736870 1021
1736880 1021
1736890 1022
1736900 1025
1736910 1025
1736920 1030
1736930 1034
1736940 1034
1736950 1038
1736960 1042
1736970 1042
1736980 1045
1736990 1049
1737000 1052
1737010 1052
1737020 1054
1737030 1056
1737040 1056
1737050 1058
1737060 1059
1737070 1059
1737080 1058
1737090 1058
1737100 1058
1737110 1058
1737120 1059
1737130 1059
1737140 1060
1737150 1060
1737160 1060
1737170 1060
1737180 1066
1737190 1066
1737200 1072
1737210 1078
1737220 1078
1737230 1081
1737240 1084
1737250 1084
1737260 1088
1737270 1091
1737280 1091
1737290 1094
1737300 1098
1737310 1098
1737320 1102
1737330 1106
1737340 1106
1737350 1109
1737360 1113
1737370 1113
1737380 1116
1737390 1121
1737400 1125
1737410 1125
1737420 1128
1737430 1132
1737440 1132
1737450 1136
1737460 1140
1737470 1140
1737480 1146
1737490 1152
1737500 1152
1737510 1157
1737520 1162
1737530 1162
1737540 1168
1737550 1172
1737560 1172
1737570 1176
1737580 1178
1737590 1178
1737600 1180
1737610 1183
1737620 1183
1737630 1185
1737640 1187
1737650 1187
1737660 1189
1737670 1190
1737680 1190
1737690 1192
1737700 1193
1737710 1193
1737720 1194
1737730 1195
1737740 1195
1737750 1196
1737760 1195
1737770 1195
1737780 1195
1737790 1193
1737800 1193
1737810 1192
1737820 1190
1737830 1189
1737840 1189
1737850 1189
1737860 1189
1737870 1189
1737880 1186
1737890 1184
1737900 1184
1737910 1182
1737920 1180
1737930 1180
1737940 1178
1737950 1177
1737960 1177
1737970 1176
1737980 1174
1737990 1174
1738000 1173
1738010 1171
1738020 1171
1738030 1168
1738040 1165
1738050 1165
1738060 1163
1738070 1164
1738080 1164
1738090 1162
1738100 1159
1738110 1159
1738120 1157
1738130 1157
1738140 1157
1738150 1157
1738160 1158
1738170 1158
1738180 1160
1738190 1162
1738200 1162
1738210 1163
1738220 1164
1738230 1164
1738240 1164
1738250 1163
1738260 1162
1738270 1162
1738280 1160
1738290 1158
1738300 1158
1738310 1156
1738320 1152
1738330 1152
1738340 1148
1738350 1146
1738360 1146
1738370 1142
1738380 1140
1738390 1140
1738400 1139
1738410 1138
1738420 1138
1738430 1137
1738440 1137
1738450 1137
1738460 1135
1738470 1133
1738480 1133
1738490 1128
1738500 1127
1738510 1127
1738520 1127
1738530 1127
1738540 1127
1738550 1128
1738560 1128
1738570 1128
1738580 1127
1738590 1124
1738600 1124
1738610 1115
1738620 1109
1738630 1102
1738640 1102
1738650 1099
1738660 1095
1738670 1095
1738680 1091
1738690 1088
1738700 1088
1738710 1085
1738720 1083
1738730 1083
1738740 1079
1738750 1075
1738760 1075
1738770 1074
1738780 1071
1738790 1071
1738800 1069
1738810 1065
1738820 1065
1738830 1060
1738840 1054
1738850 1054
1738860 1050
1738870 1046
1738880 1046
1738890 1044
1738900 1042
1738910 1042
1738920 1040
1738930 1037
1738940 1037
1738950 1032
1738960 1029
1738970 1029
1738980 1024
1738990 1020
1739000 1020
1739010 1016
1739020 1014
1739030 1010
1739040 1010
1739050 1005
1739060 999
1739070 999
1739080 1000
1739090 1002
1739100 1002
1739110 1002
1739120 1002
1739130 1002
1739140 1002
1739150 1001
1739160 1001
1739170 1004
1739180 1011
1739190 1011
1739200 1017
1739210 1023
1739220 1023
1739230 1028
1739240 1034
1739250 1034
1739260 1038
1739270 1043
1739280 1043
1739290 1048
1739300 1052
1739310 1052
1739320 1056
1739330 1060
1739340 1060
1739350 1064
1739360 1065
1739370 1065
1739380 1068
1739390 1071
1739400 1071
1739410 1073
1739420 1074
1739430 1075
1739440 1075
1739450 1076
1739460 1074
1739470 1074
1739480 1072
1739490 1069
1739500 1069
1739510 1068
1739520 1065
1739530 1065
1739540 1067
1739550 1072
1739560 1072
1739570 1077
1739580 1082
1739590 1082
1739600 1087
1739610 1093
1739620 1093
1739630 1098
1739640 1103
1739650 1103
1739660 1107
1739670 1103
1739680 1103
1739690 1097
1739700 1091
1739710 1091
1739720 1085
1739730 1080
1739740 1080
1739750 1074
1739760 1068
1739770 1068
1739780 1063
1739790 1057
1739800 1057
1739810 1051
1739820 1046
1739830 1043
1739840 1043
1739850 1046
1739860 1051
1739870 1051
1739880 1055
1739890 1059
1739900 1059
1739910 1061
1739920 1060
1739930 1060
1739940 1063
1739950 1065
1739960 1065
1739970 1065
1739980 1066
1739990 1066
