1720000 1063
1720010 1060
1720020 1057
1720030 1057
1720040 1054
1720050 1051
1720060 1051
1720070 1048
1720080 1045
1720090 1045
1720100 1043
1720110 1042
1720120 1042
1720130 1044
1720140 1044
1720150 1044
1720160 1043
1720170 1041
1720180 1041
1720190 1040
1720200 1037
1720210 1037
1720220 1032
1720230 1029
1720240 1029
1720250 1024
1720260 1019
1720270 1019
1720280 1014
1720290 1009
1720300 1009
1720310 1008
1720320 1003
1720330 1003
1720340 998
1720350 994
1720360 994
1720370 989
1720380 985
1720390 981
1720400 981
1720410 978
1720420 974
1720430 974
1720440 970
1720450 966
1720460 966
1720470 962
1720480 958
1720490 958
1720500 954
1720510 951
1720520 951
1720530 947
1720540 942
1720550 942
1720560 937
1720570 933
1720580 933
1720590 929
1720600 926
1720610 926
1720620 921
1720630 918
1720640 918
1720650 913
1720660 908
1720670 908
1720680 902
1720690 897
1720700 897
1720710 892
1720720 886
1720730 886
1720740 878
1720750 873
1720760 873
1720770 869
1720780 864
1720790 858
1720800 858
1720810 862
1720820 867
1720830 867
1720840 870
1720850 873
1720860 873
1720870 876
1720880 880
1720890 880
1720900 884
1720910 887
1720920 887
1720930 890
1720940 894
1720950 894
1720960 894
1720970 895
1720980 895
1720990 895
1721000 896
1721010 896
1721020 895
1721030 893
1721040 893
1721050 889
1721060 886
1721070 886
1721080 884
1721090 883
1721100 883
1721110 882
1721120 882
1721130 882
1721140 883
1721150 882
1721160 882
1721170 881
1721180 880
1721190 876
1721200 876
1721210 872
1721220 868
1721230 868
1721240 863
1721250 861
1721260 861
1721270 861
1721280 860
1721290 860
1721300 861
1721310 861
1721320 861
1721330 861
1721340 863
1721350 863
1721360 872
1721370 880
1721380 880
1721390 886
1721400 891
1721410 891
1721420 896
1721430 900
1721440 900
1721450 905
1721460 909
1721470 909
1721480 914
1721490 918
1721500 918
1721510 921
1721520 925
1721530 925
1721540 928
1721550 930
1721560 930
1721570 933
1721580 938
1721590 942
1721600 942
1721610 946
1721620 950
1721630 950
1721640 952
1721650 954
1721660 954
1721670 956
1721680 958
1721690 958
1721700 960
1721710 961
1721720 961
1721730 963
1721740 962
1721750 962
1721760 961
1721770 960
1721780 960
1721790 959
1721800 958
1721810 958
1721820 957
1721830 958
1721840 958
1721850 960
1721860 961
1721870 961
1721880 962
1721890 963
1721900 963
1721910 962
1721920 960
1721930 960
1721940 963
1721950 970
1721960 970
1721970 978
1721980 985
1721990 990
1722000 990
1722010 995
1722020 996
1722030 996
1722040 1004
1722050 1009
1722060 1009
1722070 1013
1722080 1018
1722090 1018
1722100 1024
1722110 1029
1722120 1029
1722130 1034
1722140 1038
1722150 1038
1722160 1043
1722170 1048
1722180 1048
1722190 1054
1722200 1059
1722210 1059
1722220 1064
1722230 1069
1722240 1069
1722250 1073
1722260 1077
1722270 1077
1722280 1081
1722290 1087
1722300 1087
1722310 1093
1722320 1098
1722330 1098
1722340 1103
1722350 1108
1722360 1108
1722370 1113
1722380 1117
1722390 1121
1722400 1121
1722410 1124
1722420 1127
1722430 1127
1722440 1127
1722450 1129
1722460 1129
1722470 1130
1722480 1132
1722490 1132
1722500 1133
1722510 1135
1722520 1135
1722530 1138
1722540 1141
1722550 1141
1722560 1145
1722570 1149
1722580 1149
1722590 1153
1722600 1157
1722610 1157
1722620 1160
1722630 1163
1722640 1163
1722650 1166
1722660 1171
1722670 1171
1722680 1175
1722690 1179
1722700 1179
1722710 1183
1722720 1187
1722730 1187
1722740 1191
1722750 1195
1722760 1195
1722770 1200
1722780 1205
1722790 1207
1722800 1207
1722810 1213
1722820 1218
1722830 1218
1722840 1223
1722850 1225
1722860 1225
1722870 1230
1722880 1235
1722890 1235
1722900 1240
1722910 1244
1722920 1244
1722930 1248
1722940 1252
1722950 1252
1722960 1255
1722970 1257
1722980 1257
1722990 1258
1723000 1259
1723010 1259
1723020 1259
1723030 1258
1723040 1258
1723050 1258
1723060 1258
1723070 1258
1723080 1257
1723090 1255
1723100 1255
1723110 1252
1723120 1247
1723130 1247
1723140 1242
1723150 1239
1723160 1239
1723170 1235
1723180 1231
1723190 1228
1723200 1228
1723210 1224
1723220 1219
1723230 1219
1723240 1216
1723250 1211
1723260 1211
1723270 1207
1723280 1204
1723290 1204
1723300 1201
1723310 1200
1723320 1200
1723330 1195
1723340 1190
1723350 1190
1723360 1187
1723370 1184
1723380 1184
1723390 1181
1723400 1179
1723410 1179
1723420 1177
1723430 1175
1723440 1175
1723450 1173
1723460 1171
1723470 1171
1723480 1170
1723490 1169
1723500 1169
1723510 1169
1723520 1169
1723530 1169
1723540 1167
1723550 1168
1723560 1168
1723570 1168
1723580 1170
1723590 1170
1723600 1170
1723610 1172
1723620 1175
1723630 1175
1723640 1176
1723650 1177
1723660 1177
1723670 1175
1723680 1173
1723690 1173
1723700 1171
1723710 1169
1723720 1169
1723730 1167
1723740 1165
1723750 1165
1723760 1163
1723770 1161
1723780 1161
1723790 1159
1723800 1157
1723810 1157
1723820 1154
1723830 1151
1723840 1151
1723850 1147
1723860 1143
1723870 1143
1723880 1138
1723890 1133
1723900 1133
1723910 1128
1723920 1125
1723930 1125
1723940 1118
1723950 1113
1723960 1113
1723970 1108
1723980 1102
1723990 1097
1724000 1097
1724010 1092
1724020 1086
1724030 1086
1724040 1082
1724050 1076
1724060 1076
1724070 1071
1724080 1066
1724090 1066
1724100 1060
1724110 1054
1724120 1054
1724130 1049
1724140 1043
1724150 1043
1724160 1038
1724170 1031
1724180 1031
1724190 1026
1724200 1020
1724210 1020
1724220 1014
1724230 1008
1724240 1008
1724250 1001
1724260 998
1724270 998
1724280 991
1724290 985
1724300 985
1724310 980
1724320 975
1724330 975
1724340 969
1724350 963
1724360 963
1724370 957
1724380 951
1724390 951
1724400 946
1724410 940
1724420 934
1724430 934
1724440 927
1724450 923
1724460 923
1724470 924
1724480 926
1724490 926
1724500 927
1724510 931
1724520 931
1724530 934
1724540 939
1724550 939
1724560 943
1724570 949
1724580 949
1724590 955
1724600 961
1724610 961
1724620 968
1724630 974
1724640 974
1724650 980
1724660 988
1724670 988
1724680 993
1724690 999
1724700 999
1724710 1006
1724720 1010
1724730 1010
1724740 1017
1724750 1023
1724760 1023
1724770 1028
1724780 1032
1724790 1032
1724800 1036
1724810 1039
1724820 1041
1724830 1041
1724840 1043
1724850 1045
1724860 1045
1724870 1046
1724880 1048
1724890 1048
1724900 1048
1724910 1049
1724920 1049
1724930 1049
1724940 1048
1724950 1048
1724960 1046
1724970 1045
1724980 1045
1724990 1043
1725000 1041
1725010 1041
1725020 1039
1725030 1039
1725040 1039
1725050 1038
1725060 1041
1725070 1041
1725080 1044
1725090 1047
1725100 1047
1725110 1050
1725120 1055
1725130 1055
1725140 1059
1725150 1064
1725160 1064
1725170 1068
1725180 1074
1725190 1074
1725200 1077
1725210 1084
1725220 1086
1725230 1086
1725240 1087
1725250 1088
1725260 1088
1725270 1090
1725280 1090
1725290 1090
1725300 1092
1725310 1093
1725320 1093
1725330 1094
1725340 1095
1725350 1095
1725360 1096
1725370 1098
1725380 1098
1725390 1100
1725400 1102
1725410 1102
1725420 1104
1725430 1105
1725440 1105
1725450 1106
1725460 1108
1725470 1108
1725480 1110
1725490 1110
1725500 1110
1725510 1111
1725520 1112
1725530 1112
1725540 1112
1725550 1112
1725560 1112
1725570 1112
1725580 1112
1725590 1112
1725600 1113
1725610 1113
1725620 1113
1725630 1113
1725640 1115
1725650 1115
1725660 1115
1725670 1115
1725680 1114
1725690 1114
1725700 1112
1725710 1108
1725720 1108
1725730 1104
1725740 1099
1725750 1099
1725760 1093
1725770 1088
1725780 1088
1725790 1084
1725800 1081
1725810 1081
1725820 1075
1725830 1067
1725840 1067
1725850 1064
1725860 1056
1725870 1056
1725880 1049
1725890 1042
1725900 1042
1725910 1035
1725920 1028
1725930 1028
1725940 1020
1725950 1016
1725960 1016
1725970 1011
1725980 1003
1725990 1003
1726000 1000
1726010 997
1726020 995
1726030 995
1726040 994
1726050 993
1726060 993
1726070 991
1726080 990
1726090 990
1726100 989
1726110 988
1726120 988
1726130 985
1726140 982
1726150 982
1726160 977
1726170 972
1726180 972
1726190 966
1726200 959
1726210 959
1726220 953
1726230 948
1726240 948
1726250 942
1726260 936
1726270 936
1726280 930
1726290 925
1726300 925
1726310 918
1726320 912
1726330 912
1726340 906
1726350 900
1726360 900
1726370 895
1726380 890
1726390 890
1726400 885
1726410 880
1726420 875
1726430 875
1726440 871
1726450 869
1726460 869
1726470 867
1726480 867
1726490 867
1726500 866
1726510 866
1726520 866
1726530 874
1726540 884
1726550 884
1726560 889
1726570 894
1726580 894
1726590 900
1726600 905
1726610 905
1726620 911
1726630 917
1726640 917
1726650 922
1726660 926
1726670 926
1726680 931
1726690 937
1726700 937
1726710 942
1726720 947
1726730 947
1726740 953
1726750 958
1726760 958
1726770 964
1726780 969
1726790 969
1726800 974
1726810 978
1726820 982
1726830 982
1726840 986
1726850 990
1726860 990
1726870 994
1726880 998
1726890 998
1726900 1001
1726910 1004
1726920 1004
1726930 1007
1726940 1010
1726950 1010
1726960 1012
1726970 1014
1726980 1014
1726990 1018
1727000 1022
1727010 1022
1727020 1027
1727030 1031
1727040 1031
1727050 1035
1727060 1040
1727070 1040
1727080 1045
1727090 1049
1727100 1049
1727110 1053
1727120 1057
1727130 1057
1727140 1061
1727150 1064
1727160 1064
1727170 1068
1727180 1071
1727190 1071
1727200 1075
1727210 1077
1727220 1082
1727230 1082
1727240 1086
1727250 1089
1727260 1089
1727270 1092
1727280 1094
1727290 1094
1727300 1096
1727310 1095
1727320 1095
1727330 1093
1727340 1090
1727350 1090
1727360 1084
1727370 1078
1727380 1078
1727390 1072
1727400 1066
1727410 1066
1727420 1059
1727430 1055
1727440 1055
1727450 1049
1727460 1043
1727470 1046
1727480 1041
1727490 1036
1727500 1036
1727510 1031
1727520 1026
1727530 1026
1727540 1021
1727550 1017
1727560 1017
1727570 1012
1727580 1006
1727590 1006
1727600 1002
1727610 1000
1727620 998
1727630 998
1727640 995
1727650 992
1727660 992
1727670 989
1727680 988
1727690 988
1727700 984
1727710 978
1727720 978
1727730 972
1727740 967
1727750 967
1727760 962
1727770 957
1727780 957
1727790 952
1727800 947
1727810 947
1727820 942
1727830 937
1727840 937
1727850 932
1727860 927
1727870 927
1727880 922
1727890 917
1727900 917
1727910 913
1727920 910
1727930 910
1727940 905
1727950 907
1727960 907
1727970 908
1727980 909
1727990 909
1728000 910
1728010 917
1728020 923
1728030 923
1728040 930
1728050 935
1728060 935
1728070 941
1728080 947
1728090 947
1728100 954
1728110 961
1728120 961
1728130 967
1728140 974
1728150 974
1728160 980
1728170 986
1728180 986
1728190 992
1728200 998
1728210 998
1728220 1004
1728230 1011
1728240 1011
1728250 1017
1728260 1024
1728270 1024
1728280 1028
1728290 1035
1728300 1035
1728310 1041
1728320 1046
1728330 1046
1728340 1051
1728350 1056
1728360 1056
1728370 1059
1728380 1063
1728390 1063
1728400 1066
1728410 1069
1728420 1071
1728430 1071
1728440 1073
1728450 1076
1728460 1076
1728470 1078
1728480 1079
1728490 1079
1728500 1081
1728510 1083
1728520 1083
1728530 1085
1728540 1088
1728550 1088
1728560 1090
1728570 1092
1728580 1092
1728590 1095
1728600 1097
1728610 1097
1728620 1101
1728630 1104
1728640 1104
1728650 1107
1728660 1112
1728670 1112
1728680 1115
1728690 1118
1728700 1118
1728710 1122
1728720 1126
1728730 1126
1728740 1130
1728750 1134
1728760 1134
1728770 1139
1728780 1143
1728790 1143
1728800 1147
1728810 1152
1728820 1152
1728830 1155
1728840 1158
1728850 1161
1728860 1161
1728870 1163
1728880 1166
1728890 1166
1728900 1171
1728910 1175
1728920 1175
1728930 1178
1728940 1181
1728950 1181
1728960 1184
1728970 1187
1728980 1187
1728990 1190
1729000 1193
1729010 1193
1729020 1196
1729030 1199
1729040 1199
1729050 1202
1729060 1205
1729070 1205
1729080 1208
1729090 1210
1729100 1210
1729110 1214
1729120 1218
1729130 1218
1729140 1221
1729150 1224
1729160 1224
1729170 1227
1729180 1230
1729190 1230
1729200 1233
1729210 1235
1729220 1235
1729230 1237
1729240 1240
1729250 1242
1729260 1242
1729270 1245
1729280 1246
1729290 1246
1729300 1248
1729310 1250
1729320 1250
1729330 1252
1729340 1253
1729350 1253
1729360 1255
1729370 1257
1729380 1257
1729390 1259
1729400 1260
1729410 1260
1729420 1262
1729430 1263
1729440 1263
1729450 1265
1729460 1265
1729470 1265
1729480 1266
1729490 1268
1729500 1268
1729510 1271
1729520 1275
1729530 1275
1729540 1278
1729550 1280
1729560 1280
1729570 1282
1729580 1283
1729590 1283
1729600 1284
1729610 1283
1729620 1283
1729630 1278
1729640 1273
1729650 1272
1729660 1272
1729670 1268
1729680 1263
1729690 1263
1729700 1258
1729710 1254
1729720 1254
1729730 1248
1729740 1244
1729750 1244
1729760 1239
1729770 1235
1729780 1235
1729790 1229
1729800 1224
1729810 1224
1729820 1218
1729830 1211
1729840 1211
1729850 1205
1729860 1199
1729870 1199
1729880 1193
1729890 1189
1729900 1189
1729910 1185
1729920 1182
1729930 1182
1729940 1181
1729950 1180
1729960 1180
1729970 1181
1729980 1182
1729990 1182
1730000 1184
1730010 1185
1730020 1185
1730030 1186
1730040 1187
1730050 1189
1730060 1189
1730070 1189
1730080 1189
1730090 1189
1730100 1188
1730110 1186
1730120 1186
1730130 1182
1730140 1178
1730150 1178
1730160 1174
1730170 1170
1730180 1170
1730190 1167
1730200 1163
1730210 1163
1730220 1159
1730230 1155
1730240 1155
1730250 1151
1730260 1148
1730270 1148
1730280 1143
1730290 1138
1730300 1138
1730310 1135
1730320 1131
1730330 1131
1730340 1128
1730350 1124
1730360 1124
1730370 1119
1730380 1113
1730390 1113
1730400 1112
1730410 1114
1730420 1114
1730430 1113
1730440 1110
1730450 1110
1730460 1110
1730470 1105
1730480 1103
1730490 1103
1730500 1108
1730510 1111
1730520 1111
1730530 1114
1730540 1117
1730550 1117
1730560 1120
1730570 1123
1730580 1123
1730590 1127
1730600 1130
1730610 1130
1730620 1133
1730630 1137
1730640 1137
1730650 1140
1730660 1143
1730670 1143
1730680 1147
1730690 1149
1730700 1149
1730710 1153
1730720 1154
1730730 1154
1730740 1159
1730750 1161
1730760 1161
1730770 1164
1730780 1166
1730790 1166
1730800 1169
1730810 1172
1730820 1172
1730830 1174
1730840 1177
1730850 1179
1730860 1179
1730870 1182
1730880 1183
1730890 1183
1730900 1185
1730910 1187
1730920 1187
1730930 1189
1730940 1192
1730950 1192
1730960 1195
1730970 1198
1730980 1198
1730990 1201
1731000 1204
1731010 1204
1731020 1207
1731030 1209
1731040 1209
1731050 1213
1731060 1216
1731070 1216
1731080 1220
1731090 1222
1731100 1222
1731110 1226
1731120 1229
1731130 1229
1731140 1232
1731150 1234
1731160 1234
1731170 1237
1731180 1240
1731190 1240
1731200 1243
1731210 1247
1731220 1247
1731230 1250
1731240 1253
1731250 1254
1731260 1254
1731270 1256
1731280 1258
1731290 1258
1731300 1258
1731310 1257
1731320 1257
1731330 1255
1731340 1252
1731350 1252
1731360 1250
1731370 1246
1731380 1246
1731390 1243
1731400 1238
1731410 1238
1731420 1234
1731430 1228
1731440 1228
1731450 1223
1731460 1217
1731470 1217
1731480 1211
1731490 1205
1731500 1205
1731510 1199
1731520 1192
1731530 1192
1731540 1187
1731550 1181
1731560 1181
1731570 1175
1731580 1170
1731590 1170
1731600 1164
1731610 1158
1731620 1158
1731630 1153
1731640 1148
1731650 1143
1731660 1143
1731670 1139
1731680 1136
1731690 1136
1731700 1133
1731710 1129
1731720 1129
1731730 1127
1731740 1124
1731750 1124
1731760 1121
1731770 1119
1731780 1119
1731790 1116
1731800 1114
1731810 1114
1731820 1111
1731830 1108
1731840 1108
1731850 1105
1731860 1104
1731870 1104
1731880 1100
1731890 1097
1731900 1097
1731910 1094
1731920 1090
1731930 1090
1731940 1086
1731950 1083
1731960 1083
1731970 1080
1731980 1077
1731990 1077
1732000 1073
1732010 1070
1732020 1070
1732030 1068
1732040 1065
1732050 1066
1732060 1066
1732070 1065
1732080 1063
1732090 1063
1732100 1062
1732110 1061
1732120 1061
1732130 1059
1732140 1057
1732150 1057
1732160 1055
1732170 1052
1732180 1052
1732190 1052
1732200 1049
1732210 1049
1732220 1045
1732230 1040
1732240 1040
1732250 1034
1732260 1029
1732270 1029
1732280 1024
1732290 1018
1732300 1018
1732310 1013
1732320 1007
1732330 1007
1732340 1002
1732350 996
1732360 996
1732370 990
1732380 984
1732390 984
1732400 977
1732410 973
1732420 973
1732430 968
1732440 964
1732450 960
1732460 960
1732470 957
1732480 963
1732490 963
1732500 968
1732510 972
1732520 972
1732530 977
1732540 982
1732550 982
1732560 987
1732570 992
1732580 992
1732590 997
1732600 1001
1732610 1001
1732620 1006
1732630 1011
1732640 1011
1732650 1015
1732660 1020
1732670 1020
1732680 1025
1732690 1029
1732700 1029
1732710 1034
1732720 1039
1732730 1039
1732740 1044
1732750 1049
1732760 1049
1732770 1054
1732780 1057
1732790 1057
1732800 1060
1732810 1060
1732820 1060
1732830 1059
1732840 1056
1732850 1052
1732860 1052
1732870 1049
1732880 1045
1732890 1045
1732900 1040
1732910 1036
1732920 1036
1732930 1031
1732940 1025
1732950 1025
1732960 1020
1732970 1013
1732980 1013
1732990 1006
1733000 999
1733010 999
1733020 992
1733030 988
1733040 988
1733050 986
1733060 984
1733070 984
1733080 981
1733090 981
1733100 981
1733110 980
1733120 978
1733130 978
1733140 976
1733150 975
1733160 975
1733170 972
1733180 969
1733190 969
1733200 967
1733210 967
1733220 967
1733230 967
1733240 966
1733250 966
1733260 964
1733270 963
1733280 962
1733290 962
1733300 962
1733310 962
1733320 962
1733330 961
1733340 960
1733350 960
1733360 957
1733370 957
1733380 957
1733390 964
1733400 970
1733410 970
1733420 975
1733430 979
1733440 979
1733450 983
1733460 986
1733470 986
1733480 990
1733490 994
1733500 994
1733510 997
1733520 1001
1733530 1001
1733540 1004
1733550 1007
1733560 1007
1733570 1008
1733580 1009
1733590 1009
1733600 1010
1733610 1011
1733620 1011
1733630 1012
1733640 1015
1733650 1015
1733660 1019
1733670 1022
1733680 1024
1733690 1024
1733700 1026
1733710 1027
1733720 1027
1733730 1027
1733740 1027
1733750 1027
1733760 1026
1733770 1026
1733780 1021
1733790 1021
1733800 1019
1733810 1019
1733820 1017
1733830 1013
1733840 1013
1733850 1012
1733860 1011
1733870 1011
1733880 1011
1733890 1014
1733900 1014
1733910 1018
1733920 1023
1733930 1023
1733940 1027
1733950 1031
1733960 1031
1733970 1036
1733980 1041
1733990 1041
1734000 1046
1734010 1047
1734020 1047
1734030 1048
1734040 1046
1734050 1046
1734060 1043
1734070 1042
1734080 1044
1734090 1044
1734100 1045
1734110 1046
1734120 1046
1734130 1048
1734140 1052
1734150 1052
1734160 1057
1734170 1059
1734180 1059
1734190 1062
1734200 1065
1734210 1065
1734220 1067
1734230 1069
1734240 1069
1734250 1069
1734260 1069
1734270 1069
1734280 1072
1734290 1075
1734300 1075
1734310 1079
1734320 1082
1734330 1082
1734340 1085
1734350 1087
1734360 1087
1734370 1091
1734380 1094
1734390 1094
1734400 1098
1734410 1102
1734420 1102
1734430 1106
1734440 1110
1734450 1110
1734460 1114
1734470 1118
1734480 1122
1734490 1122
1734500 1127
1734510 1131
1734520 1131
1734530 1136
1734540 1141
1734550 1141
1734560 1147
1734570 1152
1734580 1152
1734590 1157
1734600 1163
1734610 1163
1734620 1168
1734630 1173
1734640 1173
1734650 1180
1734660 1184
1734670 1184
1734680 1189
1734690 1196
1734700 1196
1734710 1201
1734720 1202
1734730 1202
1734740 1211
1734750 1216
1734760 1216
1734770 1224
1734780 1230
1734790 1230
1734800 1236
1734810 1242
1734820 1242
1734830 1248
1734840 1254
1734850 1254
1734860 1260
1734870 1266
1734880 1271
1734890 1271
1734900 1277
1734910 1281
1734920 1281
1734930 1286
1734940 1290
1734950 1290
1734960 1294
1734970 1299
1734980 1299
1734990 1304
1735000 1308
1735010 1308
1735020 1312
1735030 1317
1735040 1317
1735050 1320
1735060 1324
1735070 1324
1735080 1327
1735090 1330
1735100 1330
1735110 1332
1735120 1334
1735130 1334
1735140 1335
1735150 1337
1735160 1337
1735170 1338
1735180 1340
1735190 1340
1735200 1341
1735210 1341
1735220 1341
1735230 1341
1735240 1339
1735250 1339
1735260 1337
1735270 1334
1735280 1332
1735290 1332
1735300 1329
1735310 1329
1735320 1329
1735330 1326
1735340 1324
1735350 1324
1735360 1322
1735370 1318
1735380 1318
1735390 1316
1735400 1313
1735410 1313
1735420 1310
1735430 1307
1735440 1307
1735450 1305
1735460 1304
1735470 1304
1735480 1302
1735490 1300
1735500 1300
1735510 1298
1735520 1295
1735530 1295
1735540 1292
1735550 1290
1735560 1290
1735570 1289
1735580 1286
1735590 1286
1735600 1284
1735610 1282
1735620 1282
1735630 1280
1735640 1277
1735650 1277
1735660 1274
1735670 1272
1735680 1269
1735690 1269
1735700 1265
1735710 1262
1735720 1262
1735730 1257
1735740 1253
1735750 1251
1735760 1247
1735770 1243
1735780 1243
1735790 1240
1735800 1238
1735810 1238
1735820 1234
1735830 1232
1735840 1232
1735850 1230
1735860 1228
1735870 1228
1735880 1227
1735890 1224
1735900 1224
1735910 1222
1735920 1219
1735930 1219
1735940 1215
1735950 1209
1735960 1209
1735970 1202
1735980 1197
1735990 1197
1736000 1191
1736010 1186
1736020 1186
1736030 1182
1736040 1177
1736050 1177
1736060 1172
1736070 1166
1736080 1159
1736090 1159
1736100 1151
1736110 1148
1736120 1148
1736130 1141
1736140 1136
1736150 1136
1736160 1131
1736170 1126
1736180 1126
1736190 1121
1736200 1116
1736210 1116
1736220 1111
1736230 1106
1736240 1106
1736250 1101
1736260 1096
1736270 1096
1736280 1091
1736290 1086
1736300 1086
1736310 1082
1736320 1077
1736330 1077
1736340 1073
1736350 1067
1736360 1067
1736370 1064
1736380 1060
1736390 1060
1736400 1056
1736410 1052
1736420 1052
1736430 1048
1736440 1048
1736450 1048
1736460 1051
1736470 1052
1736480 1052
1736490 1052
1736500 1054
1736510 1056
1736520 1056
1736530 1059
1736540 1062
1736550 1062
1736560 1063
1736570 1065
1736580 1065
1736590 1067
1736600 1068
1736610 1068
1736620 1069
1736630 1071
1736640 1071
1736650 1072
1736660 1074
1736670 1074
1736680 1074
1736690 1075
1736700 1075
1736710 1076
1736720 1076
1736730 1076
1736740 1076
1736750 1073
1736760 1073
1736770 1070
1736780 1064
1736790 1064
1736800 1059
1736810 1055
1736820 1055
1736830 1050
1736840 1049
1736850 1049
1736860 1050
1736870 1049
1736880 1051
1736890 1051
1736900 1057
1736910 1064
1736920 1064
1736930 1071
1736940 1079
1736950 1079
1736960 1087
1736970 1096
1736980 1096
1736990 1104
1737000 1112
1737010 1112
1737020 1119
1737030 1125
1737040 1125
1737050 1129
1737060 1133
1737070 1133
1737080 1136
1737090 1138
1737100 1138
1737110 1139
1737120 1140
1737130 1140
1737140 1142
1737150 1143
1737160 1143
1737170 1143
1737180 1142
1737190 1142
1737200 1141
1737210 1140
1737220 1140
1737230 1138
1737240 1135
1737250 1135
1737260 1135
1737270 1138
1737280 1143
1737290 1143
1737300 1148
1737310 1152
1737320 1152
1737330 1155
1737340 1157
1737350 1157
1737360 1159
1737370 1161
1737380 1161
1737390 1162
1737400 1164
1737410 1164
1737420 1165
1737430 1166
1737440 1166
1737450 1168
1737460 1170
1737470 1170
1737480 1172
1737490 1175
1737500 1175
1737510 1177
1737520 1179
1737530 1179
1737540 1182
1737550 1185
1737560 1185
1737570 1187
1737580 1190
1737590 1190
1737600 1192
1737610 1195
1737620 1195
1737630 1198
1737640 1201
1737650 1201
1737660 1201
1737670 1203
1737680 1203
1737690 1204
1737700 1203
1737710 1202
1737720 1202
1737730 1200
1737740 1197
1737750 1197
1737760 1193
1737770 1190
1737780 1190
1737790 1186
1737800 1183
1737810 1183
1737820 1180
1737830 1176
1737840 1176
1737850 1173
1737860 1169
1737870 1169
1737880 1165
1737890 1161
1737900 1161
1737910 1157
1737920 1153
1737930 1153
1737940 1150
1737950 1147
1737960 1147
1737970 1144
1737980 1142
1737990 1142
1738000 1139
1738010 1136
1738020 1136
1738030 1134
1738040 1132
1738050 1132
1738060 1129
1738070 1126
1738080 1126
1738090 1123
1738100 1121
1738110 1120
1738120 1120
1738130 1118
1738140 1114
1738150 1114
1738160 1111
1738170 1108
1738180 1108
1738190 1104
1738200 1103
1738210 1103
1738220 1102
1738230 1101
1738240 1101
1738250 1100
1738260 1099
1738270 1099
1738280 1096
1738290 1094
1738300 1094
1738310 1091
1738320 1089
1738330 1089
1738340 1088
1738350 1086
1738360 1086
1738370 1085
1738380 1083
1738390 1083
1738400 1082
1738410 1080
1738420 1080
1738430 1079
1738440 1078
1738450 1078
1738460 1076
1738470 1076
1738480 1076
1738490 1076
1738500 1077
1738510 1076
1738520 1076
1738530 1077
1738540 1075
1738550 1075
1738560 1074
1738570 1073
1738580 1073
1738590 1072
1738600 1071
1738610 1071
1738620 1070
1738630 1069
1738640 1069
1738650 1067
1738660 1065
1738670 1065
1738680 1061
1738690 1056
1738700 1056
1738710 1052
1738720 1047
1738730 1047
1738740 1041
1738750 1039
1738760 1039
1738770 1035
1738780 1033
1738790 1033
1738800 1030
1738810 1031
1738820 1031
1738830 1028
1738840 1026
1738850 1026
1738860 1023
1738870 1020
1738880 1020
1738890 1017
1738900 1016
1738910 1016
1738920 1016
1738930 1017
1738940 1019
1738950 1019
1738960 1019
1738970 1020
1738980 1020
1738990 1021
1739000 1022
1739010 1022
1739020 1024
1739030 1026
1739040 1026
1739050 1027
1739060 1029
1739070 1029
1739080 1032
1739090 1032
1739100 1032
1739110 1032
1739120 1030
1739130 1030
1739140 1028
1739150 1023
1739160 1023
1739170 1023
1739180 1025
1739190 1025
1739200 1030
1739210 1037
1739220 1037
1739230 1044
1739240 1050
1739250 1050
1739260 1057
1739270 1065
1739280 1065
1739290 1072
1739300 1081
1739310 1089
1739320 1089
1739330 1098
1739340 1104
1739350 1104
1739360 1111
1739370 1116
1739380 1116
1739390 1122
1739400 1126
1739410 1126
1739420 1130
1739430 1133
1739440 1133
1739450 1135
1739460 1136
1739470 1136
1739480 1137
1739490 1137
1739500 1137
1739510 1138
1739520 1133
1739530 1133
1739540 1133
1739550 1133
1739560 1133
1739570 1133
1739580 1134
1739590 1134
1739600 1135
1739610 1135
1739620 1135
1739630 1135
1739640 1139
1739650 1139
1739660 1143
1739670 1146
1739680 1146
1739690 1148
1739700 1150
1739710 1148
1739720 1148
1739730 1143
1739740 1138
1739750 1138
1739760 1135
1739770 1127
1739780 1127
1739790 1124
1739800 1120
1739810 1120
1739820 1115
1739830 1109
1739840 1109
1739850 1104
1739860 1099
1739870 1099
1739880 1094
1739890 1090
1739900 1090
1739910 1085
1739920 1080
1739930 1080
1739940 1076
1739950 1073
1739960 1073
1739970 1080
1739980 1084
1739990 1084
