1720000 1108
1720010 1108
1720020 1108
1720030 1107
1720040 1107
1720050 1105
1720060 1100
1720070 1100
1720080 1099
1720090 1102
1720100 1102
1720110 1105
1720120 1109
1720130 1109
1720140 1112
1720150 1115
1720160 1115
1720170 1118
1720180 1120
1720190 1120
1720200 1122
1720210 1125
1720220 1125
1720230 1128
1720240 1131
1720250 1131
1720260 1134
1720270 1136
1720280 1136
1720290 1138
1720300 1139
1720310 1142
1720320 1142
1720330 1145
1720340 1149
1720350 1149
1720360 1153
1720370 1157
1720380 1157
1720390 1160
1720400 1163
1720410 1163
1720420 1166
1720430 1168
1720440 1168
1720450 1170
1720460 1172
1720470 1172
1720480 1177
1720490 1178
1720500 1178
1720510 1179
1720520 1179
1720530 1179
1720540 1181
1720550 1182
1720560 1182
1720570 1183
1720580 1184
1720590 1184
1720600 1184
1720610 1183
1720620 1183
1720630 1182
1720640 1181
1720650 1181
1720660 1178
1720670 1176
1720680 1176
1720690 1175
1720700 1172
1720710 1170
1720720 1170
1720730 1167
1720740 1165
1720750 1165
1720760 1162
1720770 1159
1720780 1159
1720790 1157
1720800 1155
1720810 1155
1720820 1152
1720830 1149
1720840 1149
1720850 1144
1720860 1141
1720870 1141
1720880 1138
1720890 1135
1720900 1135
1720910 1133
1720920 1131
1720930 1131
1720940 1130
1720950 1127
1720960 1127
1720970 1123
1720980 1118
1720990 1118
1721000 1115
1721010 1112
1721020 1112
1721030 1109
1721040 1106
1721050 1106
1721060 1103
1721070 1100
1721080 1100
1721090 1093
1721100 1085
1721110 1085
1721120 1077
1721130 1078
1721140 1081
1721150 1081
1721160 1081
1721170 1081
1721180 1081
1721190 1079
1721200 1077
1721210 1077
1721220 1074
1721230 1072
1721240 1072
1721250 1070
1721260 1066
1721270 1066
1721280 1057
1721290 1052
1721300 1052
1721310 1056
1721320 1057
1721330 1057
1721340 1059
1721350 1059
1721360 1059
1721370 1059
1721380 1060
1721390 1060
1721400 1063
1721410 1065
1721420 1065
1721430 1068
1721440 1072
1721450 1072
1721460 1075
1721470 1078
1721480 1078
1721490 1083
1721500 1088
1721510 1088
1721520 1094
1721530 1095
1721540 1098
1721550 1098
1721560 1100
1721570 1102
1721580 1102
1721590 1104
1721600 1107
1721610 1107
1721620 1112
1721630 1114
1721640 1114
1721650 1113
1721660 1109
1721670 1109
1721680 1104
1721690 1100
1721700 1100
1721710 1096
1721720 1091
1721730 1091
1721740 1087
1721750 1083
1721760 1083
1721770 1079
1721780 1075
1721790 1075
1721800 1071
1721810 1066
1721820 1066
1721830 1063
1721840 1060
1721850 1060
1721860 1057
1721870 1054
1721880 1054
1721890 1051
1721900 1049
1721910 1049
1721920 1047
1721930 1044
1721940 1041
1721950 1041
1721960 1039
1721970 1036
1721980 1036
1721990 1033
1722000 1027
1722010 1027
1722020 1025
1722030 1030
1722040 1030
1722050 1031
1722060 1037
1722070 1037
1722080 1044
1722090 1051
1722100 1051
1722110 1058
1722120 1066
1722130 1066
1722140 1076
1722150 1083
1722160 1083
1722170 1091
1722180 1094
1722190 1094
1722200 1094
1722210 1093
1722220 1093
1722230 1093
1722240 1092
1722250 1092
1722260 1089
1722270 1086
1722280 1086
1722290 1082
1722300 1077
1722310 1077
1722320 1072
1722330 1067
1722340 1067
1722350 1061
1722360 1055
1722370 1048
1722380 1048
1722390 1041
1722400 1035
1722410 1035
1722420 1026
1722430 1018
1722440 1018
1722450 1008
1722460 999
1722470 999
1722480 1011
1722490 1019
1722500 1019
1722510 1028
1722520 1031
1722530 1031
1722540 1037
1722550 1040
1722560 1040
1722570 1046
1722580 1051
1722590 1051
1722600 1056
1722610 1061
1722620 1061
1722630 1067
1722640 1069
1722650 1069
1722660 1075
1722670 1080
1722680 1080
1722690 1086
1722700 1093
1722710 1093
1722720 1100
1722730 1106
1722740 1106
1722750 1112
1722760 1118
1722770 1125
1722780 1125
1722790 1130
1722800 1136
1722810 1136
1722820 1140
1722830 1142
1722840 1142
1722850 1145
1722860 1148
1722870 1148
1722880 1149
1722890 1153
1722900 1153
1722910 1157
1722920 1159
1722930 1159
1722940 1164
1722950 1170
1722960 1170
1722970 1174
1722980 1178
1722990 1178
1723000 1182
1723010 1188
1723020 1188
1723030 1195
1723040 1200
1723050 1200
1723060 1202
1723070 1203
1723080 1203
1723090 1206
1723100 1209
1723110 1209
1723120 1212
1723130 1216
1723140 1216
1723150 1220
1723160 1222
1723170 1225
1723180 1225
1723190 1228
1723200 1231
1723210 1231
1723220 1233
1723230 1235
1723240 1235
1723250 1236
1723260 1237
1723270 1237
1723280 1238
1723290 1239
1723300 1239
1723310 1238
1723320 1237
1723330 1237
1723340 1236
1723350 1235
1723360 1235
1723370 1233
1723380 1231
1723390 1231
1723400 1230
1723410 1227
1723420 1227
1723430 1224
1723440 1220
1723450 1220
1723460 1215
1723470 1211
1723480 1211
1723490 1207
1723500 1203
1723510 1203
1723520 1199
1723530 1195
1723540 1195
1723550 1191
1723560 1187
1723570 1184
1723580 1184
1723590 1179
1723600 1176
1723610 1176
1723620 1172
1723630 1168
1723640 1168
1723650 1165
1723660 1161
1723670 1161
1723680 1159
1723690 1154
1723700 1154
1723710 1148
1723720 1142
1723730 1142
1723740 1137
1723750 1132
1723760 1132
1723770 1128
1723780 1123
1723790 1123
1723800 1120
1723810 1114
1723820 1114
1723830 1111
1723840 1108
1723850 1108
1723860 1105
1723870 1102
1723880 1102
1723890 1098
1723900 1094
1723910 1094
1723920 1090
1723930 1086
1723940 1086
1723950 1082
1723960 1079
1723970 1079
1723980 1075
1723990 1071
1724000 1068
1724010 1068
1724020 1065
1724030 1062
1724040 1062
1724050 1059
1724060 1056
1724070 1056
1724080 1053
1724090 1049
1724100 1049
1724110 1045
1724120 1041
1724130 1041
1724140 1036
1724150 1032
1724160 1032
1724170 1027
1724180 1023
1724190 1023
1724200 1020
1724210 1017
1724220 1017
1724230 1014
1724240 1012
1724250 1012
1724260 1010
1724270 1007
1724280 1007
1724290 1006
1724300 1005
1724310 1005
1724320 1004
1724330 1006
1724340 1006
1724350 1007
1724360 1007
1724370 1007
1724380 1008
1724390 1010
1724400 1012
1724410 1012
1724420 1016
1724430 1017
1724440 1017
1724450 1019
1724460 1021
1724470 1021
1724480 1023
1724490 1024
1724500 1024
1724510 1028
1724520 1031
1724530 1031
1724540 1035
1724550 1038
1724560 1038
1724570 1041
1724580 1043
1724590 1043
1724600 1044
1724610 1048
1724620 1048
1724630 1051
1724640 1056
1724650 1056
1724660 1060
1724670 1063
1724680 1063
1724690 1066
1724700 1070
1724710 1070
1724720 1074
1724730 1079
1724740 1079
1724750 1083
1724760 1086
1724770 1086
1724780 1091
1724790 1095
1724800 1099
1724810 1099
1724820 1104
1724830 1106
1724840 1106
1724850 1111
1724860 1115
1724870 1115
1724880 1119
1724890 1123
1724900 1123
1724910 1126
1724920 1131
1724930 1131
1724940 1133
1724950 1139
1724960 1139
1724970 1143
1724980 1146
1724990 1146
1725000 1151
1725010 1155
1725020 1155
1725030 1159
1725040 1163
1725050 1163
1725060 1165
1725070 1168
1725080 1168
1725090 1170
1725100 1170
1725110 1170
1725120 1169
1725130 1169
1725140 1169
1725150 1168
1725160 1167
1725170 1167
1725180 1166
1725190 1164
1725200 1164
1725210 1162
1725220 1158
1725230 1154
1725240 1154
1725250 1146
1725260 1144
1725270 1144
1725280 1137
1725290 1133
1725300 1130
1725310 1125
1725320 1120
1725330 1120
1725340 1117
1725350 1113
1725360 1113
1725370 1109
1725380 1105
1725390 1105
1725400 1100
1725410 1096
1725420 1096
1725430 1092
1725440 1089
1725450 1089
1725460 1085
1725470 1080
1725480 1080
1725490 1075
1725500 1070
1725510 1070
1725520 1064
1725530 1059
1725540 1059
1725550 1053
1725560 1047
1725570 1047
1725580 1041
1725590 1034
1725600 1034
1725610 1030
1725620 1024
1725630 1014
1725640 1014
1725650 1002
1725660 995
1725670 995
1725680 998
1725690 1004
1725700 1004
1725710 1007
1725720 1012
1725730 1012
1725740 1017
1725750 1021
1725760 1021
1725770 1026
1725780 1030
1725790 1030
1725800 1035
1725810 1039
1725820 1039
1725830 1044
1725840 1048
1725850 1048
1725860 1054
1725870 1059
1725880 1059
1725890 1064
1725900 1071
1725910 1071
1725920 1072
1725930 1078
1725940 1078
1725950 1082
1725960 1086
1725970 1086
1725980 1088
1725990 1090
1726000 1090
1726010 1091
1726020 1092
1726030 1093
1726040 1093
1726050 1094
1726060 1096
1726070 1096
1726080 1096
1726090 1097
1726100 1097
1726110 1098
1726120 1100
1726130 1100
1726140 1101
1726150 1101
1726160 1101
1726170 1102
1726180 1102
1726190 1102
1726200 1103
1726210 1103
1726220 1103
1726230 1103
1726240 1104
1726250 1104
1726260 1105
1726270 1107
1726280 1107
1726290 1109
1726300 1110
1726310 1110
1726320 1111
1726330 1111
1726340 1111
1726350 1112
1726360 1112
1726370 1112
1726380 1113
1726390 1114
1726400 1114
1726410 1115
1726420 1116
1726430 1116
1726440 1117
1726450 1118
1726460 1119
1726470 1119
1726480 1121
1726490 1122
1726500 1122
1726510 1124
1726520 1125
1726530 1125
1726540 1126
1726550 1128
1726560 1128
1726570 1131
1726580 1134
1726590 1134
1726600 1136
1726610 1138
1726620 1138
1726630 1140
1726640 1142
1726650 1142
1726660 1143
1726670 1144
1726680 1144
1726690 1144
1726700 1145
1726710 1145
1726720 1145
1726730 1145
1726740 1145
1726750 1143
1726760 1141
1726770 1141
1726780 1139
1726790 1137
1726800 1137
1726810 1137
1726820 1135
1726830 1135
1726840 1134
1726850 1138
1726860 1140
1726870 1140
1726880 1143
1726890 1145
1726900 1145
1726910 1148
1726920 1150
1726930 1150
1726940 1154
1726950 1158
1726960 1158
1726970 1160
1726980 1163
1726990 1163
1727000 1166
1727010 1169
1727020 1169
1727030 1171
1727040 1173
1727050 1173
1727060 1176
1727070 1179
1727080 1179
1727090 1182
1727100 1184
1727110 1184
1727120 1187
1727130 1189
1727140 1189
1727150 1192
1727160 1195
1727170 1195
1727180 1197
1727190 1200
1727200 1200
1727210 1203
1727220 1206
1727230 1206
1727240 1210
1727250 1214
1727260 1217
1727270 1217
1727280 1221
1727290 1224
1727300 1224
1727310 1227
1727320 1232
1727330 1232
1727340 1236
1727350 1239
1727360 1239
1727370 1244
1727380 1248
1727390 1248
1727400 1251
1727410 1255
1727420 1255
1727430 1257
1727440 1260
1727450 1260
1727460 1263
1727470 1266
1727480 1266
1727490 1268
1727500 1271
1727510 1271
1727520 1274
1727530 1276
1727540 1276
1727550 1279
1727560 1278
1727570 1278
1727580 1279
1727590 1280
1727600 1280
1727610 1281
1727620 1281
1727630 1281
1727640 1281
1727650 1280
1727660 1280
1727670 1280
1727680 1279
1727690 1275
1727700 1275
1727710 1273
1727720 1270
1727730 1270
1727740 1268
1727750 1265
1727760 1265
1727770 1263
1727780 1261
1727790 1261
1727800 1259
1727810 1258
1727820 1258
1727830 1258
1727840 1258
1727850 1258
1727860 1258
1727870 1259
1727880 1259
1727890 1259
1727900 1260
1727910 1260
1727920 1261
1727930 1261
1727940 1261
1727950 1259
1727960 1257
1727970 1257
1727980 1256
1727990 1255
1728000 1255
1728010 1253
1728020 1251
1728030 1251
1728040 1250
1728050 1249
1728060 1249
1728070 1247
1728080 1245
1728090 1242
1728100 1242
1728110 1241
1728120 1239
1728130 1239
1728140 1236
1728150 1233
1728160 1233
1728170 1229
1728180 1225
1728190 1225
1728200 1220
1728210 1216
1728220 1216
1728230 1211
1728240 1206
1728250 1206
1728260 1201
1728270 1196
1728280 1196
1728290 1190
1728300 1186
1728310 1186
1728320 1181
1728330 1175
1728340 1175
1728350 1170
1728360 1166
1728370 1166
1728380 1162
1728390 1157
1728400 1157
1728410 1153
1728420 1149
1728430 1149
1728440 1145
1728450 1141
1728460 1141
1728470 1137
1728480 1133
1728490 1129
1728500 1129
1728510 1125
1728520 1122
1728530 1122
1728540 1119
1728550 1116
1728560 1116
1728570 1113
1728580 1109
1728590 1109
1728600 1105
1728610 1101
1728620 1101
1728630 1096
1728640 1091
1728650 1091
1728660 1086
1728670 1081
1728680 1081
1728690 1077
1728700 1073
1728710 1073
1728720 1068
1728730 1068
1728740 1068
1728750 1068
1728760 1068
1728770 1068
1728780 1068
1728790 1077
1728800 1077
1728810 1082
1728820 1088
1728830 1088
1728840 1092
1728850 1098
1728860 1098
1728870 1104
1728880 1110
1728890 1113
1728900 1113
1728910 1120
1728920 1125
1728930 1125
1728940 1130
1728950 1135
1728960 1135
1728970 1139
1728980 1144
1728990 1144
1729000 1149
1729010 1153
1729020 1153
1729030 1158
1729040 1161
1729050 1161
1729060 1164
1729070 1168
1729080 1168
1729090 1171
1729100 1174
1729110 1174
1729120 1178
1729130 1181
1729140 1181
1729150 1183
1729160 1186
1729170 1186
1729180 1188
1729190 1189
1729200 1189
1729210 1189
1729220 1189
1729230 1189
1729240 1188
1729250 1189
1729260 1189
1729270 1190
1729280 1193
1729290 1193
1729300 1198
1729310 1202
1729320 1207
1729330 1207
1729340 1211
1729350 1214
1729360 1214
1729370 1217
1729380 1220
1729390 1220
1729400 1224
1729410 1226
1729420 1226
1729430 1229
1729440 1232
1729450 1232
1729460 1235
1729470 1238
1729480 1238
1729490 1241
1729500 1244
1729510 1244
1729520 1247
1729530 1250
1729540 1250
1729550 1252
1729560 1255
1729570 1255
1729580 1258
1729590 1261
1729600 1261
1729610 1264
1729620 1268
1729630 1268
1729640 1271
1729650 1274
1729660 1274
1729670 1277
1729680 1279
1729690 1279
1729700 1279
1729710 1282
1729720 1285
1729730 1285
1729740 1292
1729750 1293
1729760 1293
1729770 1294
1729780 1296
1729790 1296
1729800 1301
1729810 1304
1729820 1304
1729830 1308
1729840 1312
1729850 1312
1729860 1315
1729870 1318
1729880 1318
1729890 1321
1729900 1323
1729910 1323
1729920 1325
1729930 1327
1729940 1327
1729950 1329
1729960 1332
1729970 1332
1729980 1335
1729990 1337
1730000 1337
1730010 1340
1730020 1343
1730030 1343
1730040 1346
1730050 1348
1730060 1348
1730070 1351
1730080 1353
1730090 1353
1730100 1355
1730110 1357
1730120 1359
1730130 1359
1730140 1361
1730150 1362
1730160 1362
1730170 1364
1730180 1367
1730190 1367
1730200 1370
1730210 1373
1730220 1373
1730230 1375
1730240 1378
1730250 1378
1730260 1379
1730270 1381
1730280 1381
1730290 1383
1730300 1385
1730310 1385
1730320 1387
1730330 1388
1730340 1388
1730350 1390
1730360 1391
1730370 1391
1730380 1392
1730390 1393
1730400 1393
1730410 1394
1730420 1394
1730430 1394
1730440 1395
1730450 1396
1730460 1396
1730470 1397
1730480 1398
1730490 1398
1730500 1399
1730510 1400
1730520 1401
1730530 1401
1730540 1402
1730550 1402
1730560 1402
1730570 1402
1730580 1402
1730590 1402
1730600 1401
1730610 1398
1730620 1398
1730630 1393
1730640 1386
1730650 1386
1730660 1378
1730670 1370
1730680 1370
1730690 1363
1730700 1356
1730710 1356
1730720 1349
1730730 1343
1730740 1343
1730750 1337
1730760 1331
1730770 1331
1730780 1326
1730790 1321
1730800 1321
1730810 1315
1730820 1310
1730830 1310
1730840 1305
1730850 1300
1730860 1300
1730870 1294
1730880 1289
1730890 1289
1730900 1284
1730910 1278
1730920 1278
1730930 1273
1730940 1266
1730950 1261
1730960 1261
1730970 1256
1730980 1250
1730990 1250
1731000 1244
1731010 1237
1731020 1237
1731030 1231
1731040 1224
1731050 1224
1731060 1222
1731070 1219
1731080 1219
1731090 1215
1731100 1210
1731110 1210
1731120 1205
1731130 1200
1731140 1200
1731150 1198
1731160 1193
1731170 1193
1731180 1191
1731190 1186
1731200 1186
1731210 1183
1731220 1179
1731230 1179
1731240 1175
1731250 1172
1731260 1172
1731270 1168
1731280 1166
1731290 1166
1731300 1165
1731310 1163
1731320 1163
1731330 1161
1731340 1158
1731350 1155
1731360 1155
1731370 1152
1731380 1149
1731390 1149
1731400 1146
1731410 1144
1731420 1144
1731430 1143
1731440 1141
1731450 1141
1731460 1138
1731470 1135
1731480 1135
1731490 1131
1731500 1126
1731510 1126
1731520 1121
1731530 1116
1731540 1116
1731550 1111
1731560 1106
1731570 1106
1731580 1102
1731590 1097
1731600 1097
1731610 1093
1731620 1090
1731630 1090
1731640 1087
1731650 1084
1731660 1084
1731670 1082
1731680 1079
1731690 1079
1731700 1077
1731710 1075
1731720 1075
1731730 1073
1731740 1071
1731750 1069
1731760 1069
1731770 1067
1731780 1064
1731790 1064
1731800 1061
1731810 1059
1731820 1059
1731830 1059
1731840 1056
1731850 1056
1731860 1054
1731870 1053
1731880 1053
1731890 1051
1731900 1049
1731910 1049
1731920 1047
1731930 1046
1731940 1046
1731950 1044
1731960 1042
1731970 1042
1731980 1040
1731990 1038
1732000 1038
1732010 1035
1732020 1032
1732030 1032
1732040 1029
1732050 1026
1732060 1026
1732070 1021
1732080 1016
1732090 1016
1732100 1011
1732110 1006
1732120 1006
1732130 1001
1732140 997
1732150 997
1732160 992
1732170 988
1732180 984
1732190 984
1732200 979
1732210 974
1732220 974
1732230 970
1732240 965
1732250 965
1732260 961
1732270 957
1732280 957
1732290 953
1732300 949
1732310 949
1732320 946
1732330 942
1732340 942
1732350 940
1732360 936
1732370 936
1732380 933
1732390 930
1732400 930
1732410 928
1732420 925
1732430 925
1732440 923
1732450 920
1732460 920
1732470 917
1732480 914
1732490 914
1732500 910
1732510 907
1732520 907
1732530 902
1732540 899
1732550 899
1732560 895
1732570 892
1732580 889
1732590 889
1732600 886
1732610 883
1732620 883
1732630 880
1732640 876
1732650 876
1732660 872
1732670 869
1732680 869
1732690 867
1732700 865
1732710 865
1732720 862
1732730 860
1732740 860
1732750 858
1732760 856
1732770 856
1732780 855
1732790 854
1732800 854
1732810 854
1732820 853
1732830 853
1732840 855
1732850 856
1732860 856
1732870 858
1732880 862
1732890 862
1732900 864
1732910 866
1732920 866
1732930 868
1732940 869
1732950 869
1732960 871
1732970 872
1732980 874
1732990 874
1733000 876
1733010 878
1733020 878
1733030 879
1733040 881
1733050 881
1733060 883
1733070 884
1733080 884
1733090 884
1733100 886
1733110 886
1733120 888
1733130 890
1733140 890
1733150 893
1733160 895
1733170 895
1733180 899
1733190 900
1733200 900
1733210 901
1733220 903
1733230 903
1733240 905
1733250 907
1733260 907
1733270 909
1733280 911
1733290 911
1733300 911
1733310 915
1733320 915
1733330 919
1733340 923
1733350 923
1733360 929
1733370 934
1733380 941
1733390 941
1733400 946
1733410 952
1733420 952
1733430 957
1733440 963
1733450 963
1733460 969
1733470 975
1733480 975
1733490 980
1733500 986
1733510 986
1733520 990
1733530 993
1733540 993
1733550 996
1733560 1000
1733570 1000
1733580 1005
1733590 1010
1733600 1010
1733610 1015
1733620 1020
1733630 1020
1733640 1025
1733650 1031
1733660 1031
1733670 1036
1733680 1042
1733690 1042
1733700 1047
1733710 1053
1733720 1053
1733730 1059
1733740 1065
1733750 1065
1733760 1071
1733770 1076
1733780 1076
1733790 1081
1733800 1085
1733810 1089
1733820 1089
1733830 1093
1733840 1097
1733850 1097
1733860 1100
1733870 1103
1733880 1103
1733890 1106
1733900 1109
1733910 1109
1733920 1112
1733930 1115
1733940 1115
1733950 1118
1733960 1120
1733970 1120
1733980 1122
1733990 1125
1734000 1125
1734010 1127
1734020 1129
1734030 1129
1734040 1130
1734050 1132
1734060 1132
1734070 1133
1734080 1134
1734090 1134
1734100 1135
1734110 1136
1734120 1136
1734130 1137
1734140 1138
1734150 1138
1734160 1138
1734170 1140
1734180 1140
1734190 1142
1734200 1144
1734210 1145
1734220 1145
1734230 1145
1734240 1146
1734250 1146
1734260 1150
1734270 1152
1734280 1152
1734290 1155
1734300 1159
1734310 1159
1734320 1163
1734330 1167
1734340 1167
1734350 1172
1734360 1176
1734370 1176
1734380 1180
1734390 1184
1734400 1184
1734410 1187
1734420 1190
1734430 1190
1734440 1191
1734450 1192
1734460 1192
1734470 1192
1734480 1190
1734490 1190
1734500 1187
1734510 1185
1734520 1185
1734530 1182
1734540 1179
1734550 1179
1734560 1176
1734570 1173
1734580 1173
1734590 1171
1734600 1169
1734610 1167
1734620 1167
1734630 1165
1734640 1163
1734650 1163
1734660 1160
1734670 1157
1734680 1157
1734690 1154
1734700 1151
1734710 1151
1734720 1148
1734730 1146
1734740 1146
1734750 1143
1734760 1140
1734770 1140
1734780 1137
1734790 1135
1734800 1135
1734810 1133
1734820 1131
1734830 1131
1734840 1129
1734850 1129
1734860 1129
1734870 1132
1734880 1135
1734890 1135
1734900 1139
1734910 1142
1734920 1142
1734930 1146
1734940 1149
1734950 1149
1734960 1152
1734970 1154
1734980 1154
1734990 1157
1735000 1160
1735010 1160
1735020 1163
1735030 1166
1735040 1170
1735050 1170
1735060 1174
1735070 1176
1735080 1176
1735090 1180
1735100 1182
1735110 1182
1735120 1183
1735130 1185
1735140 1185
1735150 1188
1735160 1192
1735170 1192
1735180 1195
1735190 1197
1735200 1197
1735210 1199
1735220 1201
1735230 1201
1735240 1203
1735250 1204
1735260 1204
1735270 1206
1735280 1208
1735290 1208
1735300 1210
1735310 1211
1735320 1211
1735330 1214
1735340 1216
1735350 1216
1735360 1219
1735370 1221
1735380 1221
1735390 1223
1735400 1225
1735410 1225
1735420 1228
1735430 1230
1735440 1232
1735450 1232
1735460 1234
1735470 1235
1735480 1235
1735490 1238
1735500 1239
1735510 1239
1735520 1240
1735530 1242
1735540 1242
1735550 1242
1735560 1243
1735570 1243
1735580 1244
1735590 1243
1735600 1243
1735610 1243
1735620 1242
1735630 1242
1735640 1239
1735650 1236
1735660 1236
1735670 1233
1735680 1229
1735690 1229
1735700 1224
1735710 1219
1735720 1219
1735730 1213
1735740 1208
1735750 1208
1735760 1202
1735770 1197
1735780 1197
1735790 1193
1735800 1188
1735810 1188
1735820 1183
1735830 1182
1735840 1177
1735850 1177
1735860 1174
1735870 1170
1735880 1170
1735890 1167
1735900 1163
1735910 1163
1735920 1160
1735930 1158
1735940 1158
1735950 1154
1735960 1149
1735970 1149
1735980 1148
1735990 1142
1736000 1142
1736010 1139
1736020 1135
1736030 1135
1736040 1132
1736050 1130
1736060 1130
1736070 1127
1736080 1124
1736090 1124
1736100 1119
1736110 1114
1736120 1114
1736130 1109
1736140 1105
1736150 1105
1736160 1100
1736170 1095
1736180 1095
1736190 1090
1736200 1085
1736210 1085
1736220 1080
1736230 1076
1736240 1076
1736250 1071
1736260 1067
1736270 1062
1736280 1062
1736290 1058
1736300 1054
1736310 1054
1736320 1050
1736330 1047
1736340 1047
1736350 1043
1736360 1039
1736370 1039
1736380 1034
1736390 1030
1736400 1030
1736410 1024
1736420 1019
1736430 1019
1736440 1013
1736450 1007
1736460 1007
1736470 1001
1736480 996
1736490 996
1736500 991
1736510 987
1736520 987
1736530 982
1736540 977
1736550 977
1736560 971
1736570 966
1736580 966
1736590 960
1736600 955
1736610 955
1736620 950
1736630 946
1736640 946
1736650 942
1736660 938
1736670 934
1736680 934
1736690 930
1736700 926
1736710 926
1736720 922
1736730 919
1736740 919
1736750 915
1736760 911
1736770 911
1736780 908
1736790 904
1736800 904
1736810 902
1736820 903
1736830 903
1736840 901
1736850 899
1736860 899
1736870 895
1736880 890
1736890 890
1736900 885
1736910 882
1736920 882
1736930 885
1736940 887
1736950 887
1736960 890
1736970 890
1736980 890
1736990 890
1737000 890
1737010 890
1737020 892
1737030 892
1737040 892
1737050 894
1737060 896
1737070 898
1737080 898
1737090 900
1737100 902
1737110 902
1737120 904
1737130 904
1737140 904
1737150 905
1737160 904
1737170 904
1737180 903
1737190 904
1737200 904
1737210 905
1737220 907
1737230 907
1737240 909
1737250 912
1737260 912
1737270 914
1737280 916
1737290 916
1737300 916
1737310 917
1737320 917
1737330 917
1737340 918
1737350 918
1737360 918
1737370 917
1737380 917
1737390 915
1737400 913
1737410 913
1737420 913
1737430 913
1737440 913
1737450 911
1737460 911
1737470 913
1737480 913
1737490 914
1737500 916
1737510 916
1737520 919
1737530 922
1737540 922
1737550 925
1737560 929
1737570 929
1737580 932
1737590 936
1737600 936
1737610 940
1737620 946
1737630 946
1737640 951
1737650 953
1737660 953
1737670 959
1737680 962
1737690 962
1737700 965
1737710 968
1737720 968
1737730 971
1737740 976
1737750 976
1737760 983
1737770 985
1737780 985
1737790 982
1737800 981
1737810 981
1737820 982
1737830 982
1737840 982
1737850 982
1737860 981
1737870 981
1737880 981
1737890 982
1737900 982
1737910 982
1737920 983
1737930 984
1737940 984
1737950 983
1737960 982
1737970 982
1737980 978
1737990 976
1738000 976
1738010 975
1738020 974
1738030 974
1738040 974
1738050 975
1738060 975
1738070 975
1738080 973
1738090 973
1738100 976
1738110 978
1738120 978
1738130 982
1738140 984
1738150 984
1738160 988
1738170 992
1738180 992
1738190 994
1738200 998
1738210 998
1738220 1002
1738230 1005
1738240 1005
1738250 1007
1738260 1010
1738270 1010
1738280 1013
1738290 1016
1738300 1020
1738310 1020
1738320 1025
1738330 1030
1738340 1030
1738350 1035
1738360 1041
1738370 1041
1738380 1043
1738390 1047
1738400 1047
1738410 1051
1738420 1055
1738430 1055
1738440 1059
1738450 1063
1738460 1063
1738470 1068
1738480 1073
1738490 1073
1738500 1077
1738510 1083
1738520 1083
1738530 1089
1738540 1095
1738550 1095
1738560 1102
1738570 1107
1738580 1107
1738590 1114
1738600 1120
1738610 1120
1738620 1126
1738630 1132
1738640 1132
1738650 1137
1738660 1142
1738670 1142
1738680 1148
1738690 1153
1738700 1158
1738710 1158
1738720 1162
1738730 1166
1738740 1166
1738750 1169
1738760 1172
1738770 1172
1738780 1175
1738790 1178
1738800 1178
1738810 1181
1738820 1184
1738830 1184
1738840 1186
1738850 1184
1738860 1184
1738870 1181
1738880 1178
1738890 1178
1738900 1175
1738910 1172
1738920 1172
1738930 1168
1738940 1164
1738950 1164
1738960 1162
1738970 1160
1738980 1160
1738990 1157
1739000 1153
1739010 1153
1739020 1148
1739030 1146
1739040 1146
1739050 1143
1739060 1141
1739070 1141
1739080 1139
1739090 1137
1739100 1137
1739110 1135
1739120 1131
1739130 1128
1739140 1128
1739150 1125
1739160 1121
1739170 1121
1739180 1118
1739190 1117
1739200 1117
1739210 1114
1739220 1111
1739230 1111
1739240 1110
1739250 1110
1739260 1110
1739270 1111
1739280 1111
1739290 1111
1739300 1113
1739310 1113
1739320 1113
1739330 1114
1739340 1114
1739350 1114
1739360 1114
1739370 1113
1739380 1113
1739390 1111
1739400 1109
1739410 1109
1739420 1111
1739430 1110
1739440 1110
1739450 1113
1739460 1109
1739470 1109
1739480 1101
1739490 1095
1739500 1095
1739510 1092
1739520 1086
1739530 1076
1739540 1076
1739550 1063
1739560 1055
1739570 1055
1739580 1047
1739590 1044
1739600 1044
1739610 1040
1739620 1036
1739630 1036
1739640 1034
1739650 1030
1739660 1030
1739670 1023
1739680 1018
1739690 1018
1739700 1013
1739710 1006
1739720 1006
1739730 996
1739740 987
1739750 987
1739760 976
1739770 969
1739780 969
1739790 962
1739800 956
1739810 956
1739820 950
1739830 944
1739840 944
1739850 938
1739860 936
1739870 936
1739880 931
1739890 930
1739900 930
1739910 923
1739920 916
1739930 905
1739940 905
1739950 896
1739960 889
1739970 889
1739980 880
1739990 873
