1720000 915
1720010 918
1720020 918
1720030 920
1720040 922
1720050 922
1720060 925
1720070 926
1720080 926
1720090 926
1720100 927
1720110 927
1720120 927
1720130 925
1720140 925
1720150 926
1720160 928
1720170 928
1720180 928
1720190 931
1720200 931
1720210 932
1720220 933
1720230 933
1720240 933
1720250 929
1720260 925
1720270 925
1720280 921
1720290 919
1720300 919
1720310 918
1720320 923
1720330 923
1720340 929
1720350 934
1720360 934
1720370 941
1720380 946
1720390 946
1720400 952
1720410 956
1720420 956
1720430 960
1720440 963
1720450 963
1720460 965
1720470 967
1720480 967
1720490 968
1720500 969
1720510 969
1720520 971
1720530 973
1720540 973
1720550 975
1720560 976
1720570 976
1720580 976
1720590 975
1720600 975
1720610 973
1720620 971
1720630 971
1720640 968
1720650 966
1720660 966
1720670 963
1720680 963
1720690 965
1720700 965
1720710 968
1720720 968
1720730 968
1720740 965
1720750 958
1720760 958
1720770 953
1720780 947
1720790 947
1720800 943
1720810 942
1720820 942
1720830 938
1720840 933
1720850 933
1720860 933
1720870 937
1720880 937
1720890 942
1720900 946
1720910 946
1720920 951
1720930 955
1720940 955
1720950 959
1720960 963
1720970 963
1720980 966
1720990 970
1721000 970
1721010 973
1721020 974
1721030 974
1721040 974
1721050 969
1721060 969
1721070 966
1721080 961
1721090 961
1721100 953
1721110 948
1721120 948
1721130 945
1721140 944
1721150 948
1721160 948
1721170 952
1721180 955
1721190 955
1721200 956
1721210 952
1721220 952
1721230 944
1721240 937
1721250 937
1721260 933
1721270 926
1721280 926
1721290 921
1721300 916
1721310 916
1721320 920
1721330 925
1721340 925
1721350 929
1721360 934
1721370 934
1721380 938
1721390 942
1721400 942
1721410 946
1721420 949
1721430 949
1721440 953
1721450 957
1721460 957
1721470 960
1721480 964
1721490 964
1721500 967
1721510 968
1721520 968
1721530 971
1721540 973
1721550 973
1721560 972
1721570 969
1721580 964
1721590 964
1721600 959
1721610 952
1721620 952
1721630 945
1721640 939
1721650 939
1721660 933
1721670 929
1721680 929
1721690 932
1721700 935
1721710 935
1721720 939
1721730 941
1721740 941
1721750 945
1721760 947
1721770 947
1721780 950
1721790 950
1721800 950
1721810 953
1721820 956
1721830 956
1721840 958
1721850 958
1721860 958
1721870 956
1721880 950
1721890 950
1721900 948
1721910 943
1721920 943
1721930 938
1721940 934
1721950 934
1721960 931
1721970 926
1721980 926
1721990 923
1722000 921
1722010 917
1722020 917
1722030 915
1722040 914
1722050 914
1722060 912
1722070 911
1722080 911
1722090 910
1722100 910
1722110 910
1722120 909
1722130 908
1722140 908
1722150 907
1722160 907
1722170 907
1722180 906
1722190 904
1722200 904
1722210 902
1722220 900
1722230 900
1722240 897
1722250 895
1722260 895
1722270 894
1722280 891
1722290 891
1722300 889
1722310 886
1722320 886
1722330 882
1722340 878
1722350 878
1722360 872
1722370 867
1722380 870
1722390 864
1722400 859
1722410 859
1722420 855
1722430 851
1722440 847
1722450 847
1722460 843
1722470 840
1722480 840
1722490 838
1722500 838
1722510 838
1722520 840
1722530 845
1722540 845
1722550 852
1722560 857
1722570 857
1722580 861
1722590 865
1722600 865
1722610 869
1722620 873
1722630 873
1722640 876
1722650 878
1722660 878
1722670 880
1722680 881
1722690 881
1722700 880
1722710 879
1722720 879
1722730 878
1722740 875
1722750 875
1722760 870
1722770 867
1722780 867
1722790 866
1722800 864
1722810 864
1722820 862
1722830 864
1722840 864
1722850 869
1722860 875
1722870 875
1722880 880
1722890 884
1722900 887
1722910 887
1722920 891
1722930 894
1722940 894
1722950 898
1722960 901
1722970 901
1722980 905
1722990 909
1723000 909
1723010 913
1723020 916
1723030 916
1723040 919
1723050 923
1723060 923
1723070 927
1723080 932
1723090 932
1723100 936
1723110 939
1723120 939
1723130 943
1723140 948
1723150 948
1723160 951
1723170 948
1723180 948
1723190 946
1723200 944
1723210 944
1723220 944
1723230 945
1723240 945
1723250 946
1723260 945
1723270 945
1723280 941
1723290 937
1723300 937
1723310 933
1723320 931
1723330 928
1723340 928
1723350 924
1723360 921
1723370 921
1723380 921
1723390 919
1723400 919
1723410 918
1723420 919
1723430 919
1723440 918
1723450 918
1723460 918
1723470 918
1723480 915
1723490 915
1723500 912
1723510 912
1723520 912
1723530 910
1723540 909
1723550 909
1723560 908
1723570 905
1723580 905
1723590 900
1723600 893
1723610 893
1723620 885
1723630 881
1723640 881
1723650 877
1723660 873
1723670 873
1723680 870
1723690 866
1723700 866
1723710 863
1723720 860
1723730 860
1723740 857
1723750 853
1723760 851
1723770 851
1723780 848
1723790 846
1723800 846
1723810 843
1723820 841
1723830 841
1723840 839
1723850 837
1723860 837
1723870 834
1723880 833
1723890 833
1723900 831
1723910 828
1723920 828
1723930 825
1723940 824
1723950 824
1723960 822
1723970 820
1723980 820
1723990 818
1724000 815
1724010 815
1724020 812
1724030 808
1724040 808
1724050 804
1724060 800
1724070 800
1724080 797
1724090 794
1724100 794
1724110 789
1724120 788
1724130 788
1724140 788
1724150 788
1724160 788
1724170 788
1724180 788
1724190 787
1724200 787
1724210 787
1724220 787
1724230 787
1724240 787
1724250 786
1724260 786
1724270 786
1724280 786
1724290 786
1724300 786
1724310 786
1724320 786
1724330 786
1724340 784
1724350 784
1724360 784
1724370 784
1724380 784
1724390 784
1724400 784
1724410 784
1724420 784
1724430 784
1724440 784
1724450 782
1724460 783
1724470 783
1724480 783
1724490 783
1724500 783
1724510 783
1724520 782
1724530 782
1724540 783
1724550 783
1724560 783
1724570 783
1724580 783
1724590 783
1724600 783
1724610 782
1724620 782
1724630 782
1724640 782
1724650 782
1724660 782
1724670 780
1724680 779
1724690 779
1724700 779
1724710 781
1724720 781
1724730 781
1724740 781
1724750 781
1724760 781
1724770 781
1724780 781
1724790 780
1724800 780
1724810 780
1724820 780
1724830 780
1724840 780
1724850 780
1724860 781
1724870 781
1724880 781
1724890 781
1724900 781
1724910 781
1724920 781
1724930 781
1724940 781
1724950 781
1724960 781
1724970 781
1724980 781
1724990 781
1725000 781
1725010 781
1725020 781
1725030 780
1725040 780
1725050 780
1725060 780
1725070 780
1725080 781
1725090 781
1725100 781
1725110 781
1725120 781
1725130 783
1725140 785
1725150 785
1725160 786
1725170 788
1725180 788
1725190 789
1725200 791
1725210 791
1725220 793
1725230 794
1725240 794
1725250 796
1725260 797
1725270 797
1725280 798
1725290 798
1725300 798
1725310 797
1725320 796
1725330 796
1725340 795
1725350 795
1725360 795
1725370 797
1725380 801
1725390 801
1725400 803
1725410 805
1725420 805
1725430 805
1725440 808
1725450 808
1725460 809
1725470 811
1725480 811
1725490 811
1725500 813
1725510 814
1725520 814
1725530 817
1725540 822
1725550 822
1725560 825
1725570 829
1725580 829
1725590 831
1725600 832
1725610 832
1725620 832
1725630 832
1725640 832
1725650 830
1725660 829
1725670 829
1725680 830
1725690 833
1725700 833
1725710 835
1725720 837
1725730 837
1725740 839
1725750 840
1725760 840
1725770 838
1725780 843
1725790 843
1725800 847
1725810 850
1725820 850
1725830 852
1725840 853
1725850 853
1725860 856
1725870 861
1725880 861
1725890 865
1725900 870
1725910 870
1725920 875
1725930 879
1725940 885
1725950 885
1725960 890
1725970 894
1725980 894
1725990 898
1726000 902
1726010 902
1726020 907
1726030 911
1726040 911
1726050 915
1726060 918
1726070 918
1726080 921
1726090 923
1726100 923
1726110 923
1726120 921
1726130 921
1726140 918
1726150 915
1726160 915
1726170 913
1726180 913
1726190 913
1726200 914
1726210 916
1726220 916
1726230 918
1726240 921
1726250 921
1726260 926
1726270 932
1726280 932
1726290 937
1726300 944
1726310 944
1726320 951
1726330 952
1726340 952
1726350 957
1726360 962
1726370 966
1726380 966
1726390 970
1726400 977
1726410 977
1726420 984
1726430 991
1726440 991
1726450 997
1726460 1004
1726470 1004
1726480 1011
1726490 1017
1726500 1017
1726510 1024
1726520 1032
1726530 1032
1726540 1040
1726550 1048
1726560 1048
1726570 1055
1726580 1063
1726590 1063
1726600 1072
1726610 1079
1726620 1079
1726630 1097
1726640 1120
1726650 1120
1726660 1146
1726670 1161
1726680 1161
1726690 1172
1726700 1174
1726710 1174
1726720 1168
1726730 1163
1726740 1163
1726750 1168
1726760 1158
1726770 1158
1726780 1165
1726790 1175
1726800 1173
1726810 1173
1726820 1178
1726830 1181
1726840 1181
1726850 1186
1726860 1182
1726870 1182
1726880 1177
1726890 1172
1726900 1172
1726910 1169
1726920 1166
1726930 1166
1726940 1163
1726950 1162
1726960 1162
1726970 1161
1726980 1162
1726990 1162
1727000 1164
1727010 1169
1727020 1169
1727030 1170
1727040 1167
1727050 1167
1727060 1162
1727070 1157
1727080 1157
1727090 1153
1727100 1148
1727110 1148
1727120 1144
1727130 1139
1727140 1139
1727150 1136
1727160 1130
1727170 1130
1727180 1127
1727190 1125
1727200 1125
1727210 1125
1727220 1125
1727230 1125
1727240 1125
1727250 1125
1727260 1125
1727270 1125
1727280 1125
1727290 1124
1727300 1124
1727310 1123
1727320 1121
1727330 1121
1727340 1119
1727350 1118
1727360 1118
1727370 1116
1727380 1114
1727390 1114
1727400 1110
1727410 1106
1727420 1106
1727430 1103
1727440 1100
1727450 1100
1727460 1097
1727470 1094
1727480 1094
1727490 1091
1727500 1088
1727510 1088
1727520 1084
1727530 1080
1727540 1080
1727550 1077
1727560 1073
1727570 1073
1727580 1070
1727590 1067
1727600 1067
1727610 1063
1727620 1060
1727630 1060
1727640 1056
1727650 1055
1727660 1055
1727670 1050
1727680 1047
1727690 1045
1727700 1045
1727710 1042
1727720 1039
1727730 1039
1727740 1036
1727750 1034
1727760 1034
1727770 1032
1727780 1029
1727790 1029
1727800 1026
1727810 1023
1727820 1023
1727830 1021
1727840 1018
1727850 1018
1727860 1015
1727870 1013
1727880 1013
1727890 1011
1727900 1009
1727910 1009
1727920 1006
1727930 1005
1727940 1005
1727950 1003
1727960 1000
1727970 1000
1727980 998
1727990 996
1728000 996
1728010 993
1728020 991
1728030 991
1728040 989
1728050 987
1728060 987
1728070 984
1728080 983
1728090 983
1728100 982
1728110 980
1728120 979
1728130 979
1728140 976
1728150 974
1728160 974
1728170 973
1728180 971
1728190 971
1728200 969
1728210 967
1728220 967
1728230 967
1728240 967
1728250 967
1728260 967
1728270 967
1728280 967
1728290 967
1728300 965
1728310 965
1728320 963
1728330 961
1728340 961
1728350 960
1728360 960
1728370 960
1728380 959
1728390 958
1728400 958
1728410 957
1728420 956
1728430 956
1728440 954
1728450 953
1728460 953
1728470 952
1728480 950
1728490 950
1728500 947
1728510 945
1728520 945
1728530 942
1728540 940
1728550 938
1728560 938
1728570 935
1728580 934
1728590 934
1728600 932
1728610 933
1728620 933
1728630 933
1728640 934
1728650 934
1728660 932
1728670 930
1728680 930
1728690 928
1728700 927
1728710 927
1728720 924
1728730 924
1728740 924
1728750 923
1728760 923
1728770 923
1728780 922
1728790 922
1728800 922
1728810 920
1728820 918
1728830 918
1728840 916
1728850 913
1728860 913
1728870 913
1728880 914
1728890 914
1728900 915
1728910 916
1728920 916
1728930 917
1728940 919
1728950 919
1728960 920
1728970 922
1728980 922
1728990 923
1729000 923
1729010 924
1729020 924
1729030 925
1729040 928
1729050 928
1729060 930
1729070 933
1729080 933
1729090 935
1729100 937
1729110 937
1729120 939
1729130 941
1729140 941
1729150 944
1729160 948
1729170 948
1729180 951
1729190 954
1729200 954
1729210 958
1729220 962
1729230 962
1729240 971
1729250 975
1729260 975
1729270 979
1729280 981
1729290 981
1729300 984
1729310 985
1729320 985
1729330 985
1729340 980
1729350 980
1729360 974
1729370 967
1729380 967
1729390 963
1729400 957
1729410 957
1729420 951
1729430 945
1729440 940
1729450 940
1729460 934
1729470 929
1729480 929
1729490 923
1729500 917
1729510 917
1729520 912
1729530 907
1729540 907
1729550 901
1729560 896
1729570 896
1729580 890
1729590 885
1729600 885
1729610 879
1729620 872
1729630 872
1729640 866
1729650 860
1729660 860
1729670 856
1729680 858
1729690 858
1729700 864
1729710 869
1729720 869
1729730 874
1729740 879
1729750 879
1729760 883
1729770 888
1729780 888
1729790 892
1729800 893
1729810 893
1729820 897
1729830 898
1729840 898
1729850 900
1729860 900
1729870 900
1729880 900
1729890 900
1729900 899
1729910 899
1729920 899
1729930 899
1729940 899
1729950 898
1729960 895
1729970 895
1729980 894
1729990 892
1730000 892
1730010 883
1730020 876
1730030 876
1730040 869
1730050 865
1730060 865
1730070 859
1730080 851
1730090 851
1730100 845
1730110 839
1730120 839
1730130 831
1730140 825
1730150 825
1730160 819
1730170 811
1730180 811
1730190 805
1730200 801
1730210 801
1730220 799
1730230 794
1730240 794
1730250 784
1730260 780
1730270 780
1730280 780
1730290 779
1730300 774
1730310 774
1730320 772
1730330 772
1730340 772
1730350 773
1730360 774
1730370 774
1730380 773
1730390 772
1730400 772
1730410 769
1730420 765
1730430 765
1730440 760
1730450 760
1730460 760
1730470 757
1730480 757
1730490 757
1730500 755
1730510 755
1730520 755
1730530 755
1730540 756
1730550 756
1730560 753
1730570 753
1730580 753
1730590 753
1730600 753
1730610 753
1730620 753
1730630 754
1730640 754
1730650 754
1730660 755
1730670 755
1730680 756
1730690 754
1730700 754
1730710 753
1730720 752
1730730 753
1730740 753
1730750 754
1730760 753
1730770 753
1730780 753
1730790 755
1730800 755
1730810 755
1730820 752
1730830 752
1730840 751
1730850 750
1730860 750
1730870 751
1730880 751
1730890 751
1730900 752
1730910 752
1730920 752
1730930 752
1730940 752
1730950 752
1730960 752
1730970 752
1730980 752
1730990 752
1731000 752
1731010 752
1731020 751
1731030 749
1731040 749
1731050 752
1731060 752
1731070 752
1731080 751
1731090 749
1731100 749
1731110 750
1731120 749
1731130 749
1731140 749
1731150 749
1731160 749
1731170 749
1731180 749
1731190 749
1731200 749
1731210 749
1731220 748
1731230 748
1731240 748
1731250 748
1731260 748
1731270 747
1731280 747
1731290 747
1731300 747
1731310 747
1731320 747
1731330 747
1731340 748
1731350 747
1731360 747
1731370 747
1731380 747
1731390 748
1731400 750
1731410 750
1731420 754
1731430 757
1731440 757
1731450 762
1731460 766
1731470 766
1731480 769
1731490 774
1731500 774
1731510 780
1731520 779
1731530 779
1731540 778
1731550 779
1731560 779
1731570 765
1731580 762
1731590 762
1731600 758
1731610 756
1731620 753
1731630 753
1731640 750
1731650 751
1731660 751
1731670 751
1731680 750
1731690 750
1731700 747
1731710 746
1731720 746
1731730 747
1731740 747
1731750 747
1731760 747
1731770 747
1731780 747
1731790 747
1731800 748
1731810 748
1731820 749
1731830 750
1731840 750
1731850 750
1731860 750
1731870 750
1731880 751
1731890 753
1731900 753
1731910 754
1731920 755
1731930 755
1731940 755
1731950 756
1731960 756
1731970 758
1731980 764
1731990 764
1732000 768
1732010 771
1732020 771
1732030 777
1732040 784
1732050 791
1732060 791
1732070 797
1732080 802
1732090 802
1732100 807
1732110 812
1732120 812
1732130 815
1732140 816
1732150 816
1732160 815
1732170 816
1732180 816
1732190 817
1732200 819
1732210 819
1732220 821
1732230 823
1732240 823
1732250 825
1732260 827
1732270 827
1732280 829
1732290 830
1732300 830
1732310 832
1732320 833
1732330 833
1732340 834
1732350 834
1732360 834
1732370 834
1732380 834
1732390 834
1732400 833
1732410 833
1732420 833
1732430 832
1732440 833
1732450 833
1732460 833
1732470 833
1732480 834
1732490 834
1732500 834
1732510 834
1732520 834
1732530 833
1732540 833
1732550 833
1732560 832
1732570 832
1732580 832
1732590 831
1732600 831
1732610 831
1732620 830
1732630 830
1732640 830
1732650 829
1732660 828
1732670 828
1732680 828
1732690 827
1732700 827
1732710 826
1732720 826
1732730 826
1732740 825
1732750 825
1732760 825
1732770 824
1732780 824
1732790 824
1732800 824
1732810 824
1732820 824
1732830 824
1732840 823
1732850 823
1732860 822
1732870 820
1732880 820
1732890 819
1732900 818
1732910 818
1732920 817
1732930 816
1732940 817
1732950 817
1732960 818
1732970 819
1732980 819
1732990 822
1733000 823
1733010 823
1733020 826
1733030 829
1733040 829
1733050 832
1733060 835
1733070 835
1733080 837
1733090 839
1733100 839
1733110 838
1733120 833
1733130 833
1733140 827
1733150 822
1733160 822
1733170 816
1733180 810
1733190 810
1733200 804
1733210 797
1733220 797
1733230 791
1733240 787
1733250 787
1733260 786
1733270 790
1733280 790
1733290 792
1733300 796
1733310 796
1733320 799
1733330 804
1733340 804
1733350 808
1733360 813
1733370 818
1733380 818
1733390 820
1733400 824
1733410 824
1733420 829
1733430 832
1733440 832
1733450 837
1733460 841
1733470 841
1733480 845
1733490 850
1733500 850
1733510 852
1733520 854
1733530 854
1733540 851
1733550 850
1733560 850
1733570 847
1733580 839
1733590 839
1733600 832
1733610 826
1733620 826
1733630 822
1733640 817
1733650 817
1733660 815
1733670 814
1733680 814
1733690 814
1733700 814
1733710 814
1733720 815
1733730 815
1733740 815
1733750 816
1733760 817
1733770 817
1733780 817
1733790 818
1733800 821
1733810 821
1733820 823
1733830 827
1733840 827
1733850 830
1733860 834
1733870 834
1733880 838
1733890 840
1733900 840
1733910 842
1733920 844
1733930 844
1733940 847
1733950 848
1733960 848
1733970 850
1733980 852
1733990 852
1734000 854
1734010 858
1734020 858
1734030 862
1734040 865
1734050 865
1734060 866
1734070 869
1734080 869
1734090 871
1734100 873
1734110 873
1734120 874
1734130 876
1734140 876
1734150 878
1734160 879
1734170 879
1734180 880
1734190 882
1734200 882
1734210 883
1734220 883
1734230 884
1734240 884
1734250 883
1734260 884
1734270 884
1734280 884
1734290 885
1734300 885
1734310 887
1734320 888
1734330 888
1734340 889
1734350 890
1734360 890
1734370 892
1734380 893
1734390 893
1734400 895
1734410 897
1734420 897
1734430 899
1734440 900
1734450 900
1734460 902
1734470 904
1734480 904
1734490 906
1734500 908
1734510 908
1734520 911
1734530 913
1734540 913
1734550 915
1734560 919
1734570 919
1734580 922
1734590 926
1734600 926
1734610 929
1734620 932
1734630 932
1734640 936
1734650 939
1734660 943
1734670 943
1734680 946
1734690 949
1734700 949
1734710 953
1734720 955
1734730 955
1734740 959
1734750 963
1734760 963
1734770 967
1734780 971
1734790 971
1734800 975
1734810 980
1734820 980
1734830 986
1734840 992
1734850 992
1734860 999
1734870 1004
1734880 1004
1734890 1008
1734900 1012
1734910 1012
1734920 1017
1734930 1020
1734940 1020
1734950 1024
1734960 1027
1734970 1027
1734980 1032
1734990 1032
1735000 1032
1735010 1032
1735020 1024
1735030 1024
1735040 1019
1735050 1014
1735060 1014
1735070 1011
1735080 1008
1735090 1008
1735100 1003
1735110 998
1735120 993
1735130 993
1735140 988
1735150 983
1735160 983
1735170 978
1735180 976
1735190 976
1735200 974
1735210 972
1735220 972
1735230 973
1735240 975
1735250 975
1735260 975
1735270 976
1735280 976
1735290 976
1735300 976
1735310 976
1735320 979
1735330 981
1735340 981
1735350 987
1735360 994
1735370 994
1735380 1005
1735390 1014
1735400 1014
1735410 1019
1735420 1022
1735430 1022
1735440 1023
1735450 1025
1735460 1025
1735470 1027
1735480 1030
1735490 1030
1735500 1032
1735510 1033
1735520 1033
1735530 1036
1735540 1038
1735550 1039
1735560 1039
1735570 1043
1735580 1047
1735590 1047
1735600 1050
1735610 1054
1735620 1054
1735630 1057
1735640 1059
1735650 1059
1735660 1063
1735670 1067
1735680 1067
1735690 1073
1735700 1077
1735710 1077
1735720 1079
1735730 1083
1735740 1083
1735750 1086
1735760 1089
1735770 1089
1735780 1091
1735790 1093
1735800 1093
1735810 1094
1735820 1095
1735830 1095
1735840 1097
1735850 1097
1735860 1097
1735870 1096
1735880 1096
1735890 1096
1735900 1097
1735910 1099
1735920 1099
1735930 1100
1735940 1100
1735950 1100
1735960 1100
1735970 1100
1735980 1101
1735990 1101
1736000 1102
1736010 1104
1736020 1104
1736030 1106
1736040 1108
1736050 1108
1736060 1110
1736070 1112
1736080 1112
1736090 1114
1736100 1116
1736110 1116
1736120 1118
1736130 1122
1736140 1122
1736150 1124
1736160 1126
1736170 1126
1736180 1127
1736190 1128
1736200 1128
1736210 1129
1736220 1131
1736230 1131
1736240 1132
1736250 1134
1736260 1134
1736270 1134
1736280 1134
1736290 1134
1736300 1135
1736310 1135
1736320 1135
1736330 1135
1736340 1135
1736350 1135
1736360 1133
1736370 1130
1736380 1130
1736390 1126
1736400 1121
1736410 1116
1736420 1116
1736430 1112
1736440 1108
1736450 1108
1736460 1107
1736470 1102
1736480 1102
1736490 1097
1736500 1091
1736510 1091
1736520 1084
1736530 1076
1736540 1076
1736550 1067
1736560 1064
1736570 1064
1736580 1064
1736590 1067
1736600 1067
1736610 1070
1736620 1074
1736630 1074
1736640 1076
1736650 1078
1736660 1078
1736670 1077
1736680 1077
1736690 1077
1736700 1075
1736710 1074
1736720 1074
1736730 1077
1736740 1078
1736750 1078
1736760 1080
1736770 1080
1736780 1080
1736790 1081
1736800 1082
1736810 1082
1736820 1084
1736830 1083
1736840 1083
1736850 1085
1736860 1085
1736870 1086
1736880 1086
1736890 1086
1736900 1085
1736910 1085
1736920 1079
1736930 1078
1736940 1078
1736950 1077
1736960 1079
1736970 1079
1736980 1081
1736990 1083
1737000 1083
1737010 1084
1737020 1087
1737030 1087
1737040 1089
1737050 1091
1737060 1091
1737070 1091
1737080 1091
1737090 1091
1737100 1090
1737110 1091
1737120 1091
1737130 1089
1737140 1086
1737150 1086
1737160 1084
1737170 1082
1737180 1082
1737190 1083
1737200 1083
1737210 1083
1737220 1082
1737230 1079
1737240 1079
1737250 1076
1737260 1070
1737270 1070
1737280 1064
1737290 1057
1737300 1054
1737310 1054
1737320 1050
1737330 1050
1737340 1050
1737350 1054
1737360 1060
1737370 1060
1737380 1065
1737390 1070
1737400 1070
1737410 1074
1737420 1078
1737430 1078
1737440 1079
1737450 1080
1737460 1080
1737470 1080
1737480 1084
1737490 1084
1737500 1087
1737510 1088
1737520 1088
1737530 1088
1737540 1088
1737550 1088
1737560 1087
1737570 1087
1737580 1087
1737590 1087
1737600 1089
1737610 1089
1737620 1090
1737630 1092
1737640 1092
1737650 1093
1737660 1094
1737670 1094
1737680 1096
1737690 1097
1737700 1097
1737710 1098
1737720 1098
1737730 1098
1737740 1098
1737750 1099
1737760 1097
1737770 1097
1737780 1096
1737790 1096
1737800 1096
1737810 1094
1737820 1091
1737830 1091
1737840 1093
1737850 1096
1737860 1096
1737870 1100
1737880 1104
1737890 1104
1737900 1106
1737910 1108
1737920 1108
1737930 1110
1737940 1112
1737950 1112
1737960 1113
1737970 1114
1737980 1114
1737990 1115
1738000 1115
1738010 1115
1738020 1115
1738030 1115
1738040 1115
1738050 1116
1738060 1117
1738070 1117
1738080 1117
1738090 1116
1738100 1116
1738110 1116
1738120 1116
1738130 1116
1738140 1115
1738150 1114
1738160 1113
1738170 1113
1738180 1114
1738190 1113
1738200 1113
1738210 1113
1738220 1111
1738230 1111
1738240 1111
1738250 1109
1738260 1109
1738270 1109
1738280 1108
1738290 1108
1738300 1108
1738310 1107
1738320 1107
1738330 1107
1738340 1106
1738350 1106
1738360 1105
1738370 1104
1738380 1104
1738390 1104
1738400 1104
1738410 1104
1738420 1104
1738430 1103
1738440 1103
1738450 1103
1738460 1104
1738470 1104
1738480 1105
1738490 1106
1738500 1106
1738510 1107
1738520 1109
1738530 1109
1738540 1109
1738550 1110
1738560 1110
1738570 1110
1738580 1109
1738590 1108
1738600 1108
1738610 1107
1738620 1105
1738630 1105
1738640 1104
1738650 1101
1738660 1101
1738670 1100
1738680 1098
1738690 1098
1738700 1097
1738710 1095
1738720 1095
1738730 1093
1738740 1089
1738750 1089
1738760 1086
1738770 1083
1738780 1083
1738790 1081
1738800 1078
1738810 1078
1738820 1075
1738830 1075
1738840 1075
1738850 1074
1738860 1069
1738870 1069
1738880 1073
1738890 1072
1738900 1072
1738910 1069
1738920 1068
1738930 1068
1738940 1067
1738950 1065
1738960 1065
1738970 1064
1738980 1063
1738990 1063
1739000 1061
1739010 1058
1739020 1058
1739030 1058
1739040 1058
1739050 1058
1739060 1058
1739070 1059
1739080 1060
1739090 1060
1739100 1061
1739110 1062
1739120 1062
1739130 1063
1739140 1064
1739150 1064
1739160 1065
1739170 1070
1739180 1070
1739190 1071
1739200 1072
1739210 1072
1739220 1073
1739230 1074
1739240 1074
1739250 1075
1739260 1075
1739270 1075
1739280 1076
1739290 1077
1739300 1077
1739310 1078
1739320 1080
1739330 1080
1739340 1082
1739350 1084
1739360 1084
1739370 1086
1739380 1087
1739390 1087
1739400 1086
1739410 1085
1739420 1085
1739430 1084
1739440 1082
1739450 1082
1739460 1081
1739470 1080
1739480 1079
1739490 1079
1739500 1078
1739510 1076
1739520 1076
1739530 1072
1739540 1068
1739550 1068
1739560 1064
1739570 1060
1739580 1060
1739590 1057
1739600 1053
1739610 1053
1739620 1048
1739630 1042
1739640 1042
1739650 1036
1739660 1030
1739670 1030
1739680 1025
1739690 1021
1739700 1021
1739710 1017
1739720 1014
1739730 1014
1739740 1010
1739750 1008
1739760 1008
1739770 1004
1739780 1002
1739790 1002
1739800 999
1739810 996
1739820 996
1739830 994
1739840 992
1739850 992
1739860 990
1739870 988
1739880 988
1739890 987
1739900 984
1739910 982
1739920 982
1739930 981
1739940 980
1739950 980
1739960 978
1739970 977
1739980 977
1739990 974
