1720000 851
1720010 852
1720020 852
1720030 856
1720040 857
1720050 857
1720060 858
1720070 859
1720080 859
1720090 861
1720100 862
1720110 862
1720120 862
1720130 863
1720140 863
1720150 865
1720160 865
1720170 865
1720180 866
1720190 869
1720200 871
1720210 871
1720220 872
1720230 870
1720240 870
1720250 865
1720260 867
1720270 867
1720280 873
1720290 875
1720300 875
1720310 878
1720320 879
1720330 879
1720340 881
1720350 885
1720360 885
1720370 887
1720380 891
1720390 891
1720400 895
1720410 899
1720420 899
1720430 902
1720440 904
1720450 904
1720460 905
1720470 906
1720480 906
1720490 906
1720500 909
1720510 909
1720520 912
1720530 914
1720540 914
1720550 917
1720560 919
1720570 919
1720580 920
1720590 922
1720600 922
1720610 922
1720620 919
1720630 917
1720640 917
1720650 917
1720660 914
1720670 914
1720680 916
1720690 917
1720700 917
1720710 919
1720720 920
1720730 920
1720740 921
1720750 921
1720760 921
1720770 920
1720780 916
1720790 916
1720800 912
1720810 906
1720820 906
1720830 898
1720840 893
1720850 893
1720860 894
1720870 897
1720880 897
1720890 902
1720900 905
1720910 905
1720920 910
1720930 917
1720940 917
1720950 921
1720960 924
1720970 924
1720980 927
1720990 929
1721000 929
1721010 931
1721020 930
1721030 930
1721040 925
1721050 919
1721060 917
1721070 917
1721080 913
1721090 907
1721100 907
1721110 898
1721120 897
1721130 897
1721140 901
1721150 904
1721160 904
1721170 909
1721180 913
1721190 913
1721200 917
1721210 919
1721220 919
1721230 921
1721240 917
1721250 917
1721260 910
1721270 902
1721280 902
1721290 895
1721300 889
1721310 889
1721320 887
1721330 891
1721340 891
1721350 895
1721360 899
1721370 899
1721380 902
1721390 906
1721400 906
1721410 908
1721420 912
1721430 912
1721440 917
1721450 920
1721460 920
1721470 923
1721480 925
1721490 928
1721500 928
1721510 932
1721520 934
1721530 934
1721540 937
1721550 938
1721560 938
1721570 939
1721580 940
1721590 940
1721600 940
1721610 938
1721620 938
1721630 932
1721640 927
1721650 927
1721660 921
1721670 915
1721680 915
1721690 909
1721700 903
1721710 903
1721720 897
1721730 896
1721740 896
1721750 900
1721760 904
1721770 904
1721780 906
1721790 907
1721800 907
1721810 909
1721820 912
1721830 912
1721840 914
1721850 917
1721860 917
1721870 920
1721880 918
1721890 918
1721900 914
1721910 910
1721920 910
1721930 906
1721940 904
1721950 900
1721960 900
1721970 897
1721980 893
1721990 893
1722000 890
1722010 885
1722020 885
1722030 877
1722040 870
1722050 870
1722060 862
1722070 859
1722080 859
1722090 861
1722100 860
1722110 860
1722120 860
1722130 862
1722140 862
1722150 862
1722160 861
1722170 861
1722180 861
1722190 861
1722200 861
1722210 859
1722220 858
1722230 858
1722240 856
1722250 855
1722260 855
1722270 855
1722280 853
1722290 853
1722300 850
1722310 848
1722320 848
1722330 849
1722340 848
1722350 848
1722360 847
1722370 847
1722380 845
1722390 845
1722400 843
1722410 838
1722420 838
1722430 832
1722440 827
1722450 827
1722460 824
1722470 823
1722480 823
1722490 824
1722500 824
1722510 824
1722520 830
1722530 835
1722540 835
1722550 839
1722560 844
1722570 844
1722580 846
1722590 848
1722600 848
1722610 849
1722620 849
1722630 849
1722640 849
1722650 849
1722660 849
1722670 847
1722680 841
1722690 841
1722700 840
1722710 835
1722720 835
1722730 834
1722740 833
1722750 833
1722760 835
1722770 839
1722780 839
1722790 845
1722800 850
1722810 857
1722820 857
1722830 858
1722840 860
1722850 860
1722860 863
1722870 865
1722880 865
1722890 868
1722900 870
1722910 870
1722920 873
1722930 875
1722940 875
1722950 875
1722960 874
1722970 874
1722980 875
1722990 877
1723000 877
1723010 877
1723020 875
1723030 875
1723040 876
1723050 876
1723060 876
1723070 877
1723080 880
1723090 880
1723100 879
1723110 877
1723120 877
1723130 876
1723140 876
1723150 876
1723160 875
1723170 875
1723180 875
1723190 875
1723200 875
1723210 875
1723220 874
1723230 874
1723240 875
1723250 875
1723260 875
1723270 875
1723280 875
1723290 875
1723300 875
1723310 875
1723320 874
1723330 873
1723340 873
1723350 872
1723360 867
1723370 867
1723380 874
1723390 876
1723400 876
1723410 878
1723420 877
1723430 877
1723440 876
1723450 873
1723460 873
1723470 872
1723480 870
1723490 870
1723500 866
1723510 863
1723520 863
1723530 860
1723540 858
1723550 858
1723560 858
1723570 855
1723580 855
1723590 852
1723600 849
1723610 849
1723620 845
1723630 842
1723640 842
1723650 838
1723660 834
1723670 831
1723680 831
1723690 828
1723700 824
1723710 824
1723720 821
1723730 818
1723740 818
1723750 815
1723760 812
1723770 812
1723780 810
1723790 807
1723800 807
1723810 804
1723820 803
1723830 803
1723840 801
1723850 799
1723860 799
1723870 796
1723880 794
1723890 794
1723900 793
1723910 791
1723920 791
1723930 791
1723940 790
1723950 790
1723960 789
1723970 789
1723980 789
1723990 788
1724000 788
1724010 788
1724020 788
1724030 788
1724040 788
1724050 788
1724060 788
1724070 788
1724080 788
1724090 788
1724100 788
1724110 788
1724120 788
1724130 788
1724140 788
1724150 787
1724160 786
1724170 786
1724180 786
1724190 786
1724200 786
1724210 786
1724220 786
1724230 786
1724240 786
1724250 786
1724260 786
1724270 786
1724280 785
1724290 785
1724300 786
1724310 786
1724320 786
1724330 786
1724340 786
1724350 786
1724360 786
1724370 786
1724380 786
1724390 786
1724400 786
1724410 786
1724420 786
1724430 788
1724440 788
1724450 792
1724460 795
1724470 795
1724480 796
1724490 795
1724500 795
1724510 796
1724520 795
1724530 795
1724540 795
1724550 796
1724560 796
1724570 796
1724580 796
1724590 796
1724600 796
1724610 796
1724620 795
1724630 795
1724640 795
1724650 794
1724660 794
1724670 794
1724680 793
1724690 793
1724700 793
1724710 793
1724720 793
1724730 793
1724740 793
1724750 793
1724760 793
1724770 793
1724780 793
1724790 789
1724800 785
1724810 785
1724820 784
1724830 784
1724840 784
1724850 785
1724860 785
1724870 785
1724880 788
1724890 788
1724900 788
1724910 788
1724920 792
1724930 792
1724940 794
1724950 795
1724960 795
1724970 795
1724980 796
1724990 796
1725000 796
1725010 794
1725020 793
1725030 793
1725040 793
1725050 793
1725060 793
1725070 792
1725080 792
1725090 792
1725100 791
1725110 790
1725120 790
1725130 790
1725140 789
1725150 789
1725160 788
1725170 785
1725180 785
1725190 781
1725200 780
1725210 780
1725220 779
1725230 779
1725240 779
1725250 779
1725260 779
1725270 779
1725280 779
1725290 779
1725300 779
1725310 779
1725320 779
1725330 779
1725340 776
1725350 776
1725360 776
1725370 776
1725380 779
1725390 779
1725400 779
1725410 780
1725420 782
1725430 782
1725440 782
1725450 787
1725460 787
1725470 790
1725480 793
1725490 793
1725500 793
1725510 794
1725520 794
1725530 796
1725540 798
1725550 798
1725560 799
1725570 803
1725580 803
1725590 807
1725600 808
1725610 808
1725620 810
1725630 813
1725640 813
1725650 817
1725660 821
1725670 821
1725680 827
1725690 832
1725700 832
1725710 833
1725720 838
1725730 838
1725740 843
1725750 848
1725760 848
1725770 852
1725780 857
1725790 857
1725800 862
1725810 867
1725820 867
1725830 870
1725840 874
1725850 877
1725860 877
1725870 880
1725880 884
1725890 884
1725900 888
1725910 892
1725920 892
1725930 895
1725940 898
1725950 898
1725960 903
1725970 907
1725980 907
1725990 907
1726000 907
1726010 907
1726020 909
1726030 908
1726040 908
1726050 917
1726060 916
1726070 916
1726080 906
1726090 902
1726100 902
1726110 897
1726120 892
1726130 892
1726140 888
1726150 892
1726160 892
1726170 908
1726180 913
1726190 913
1726200 921
1726210 917
1726220 917
1726230 919
1726240 922
1726250 922
1726260 927
1726270 931
1726280 931
1726290 936
1726300 940
1726310 944
1726320 944
1726330 949
1726340 954
1726350 954
1726360 961
1726370 963
1726380 963
1726390 969
1726400 975
1726410 975
1726420 980
1726430 986
1726440 986
1726450 992
1726460 998
1726470 998
1726480 1004
1726490 1009
1726500 1009
1726510 1014
1726520 1019
1726530 1019
1726540 1025
1726550 1031
1726560 1031
1726570 1038
1726580 1044
1726590 1044
1726600 1050
1726610 1056
1726620 1056
1726630 1062
1726640 1068
1726650 1068
1726660 1075
1726670 1081
1726680 1081
1726690 1087
1726700 1092
1726710 1092
1726720 1098
1726730 1104
1726740 1115
1726750 1115
1726760 1132
1726770 1131
1726780 1131
1726790 1143
1726800 1152
1726810 1152
1726820 1161
1726830 1171
1726840 1171
1726850 1180
1726860 1191
1726870 1191
1726880 1191
1726890 1187
1726900 1187
1726910 1176
1726920 1144
1726930 1144
1726940 1126
1726950 1125
1726960 1125
1726970 1117
1726980 1114
1726990 1114
1727000 1111
1727010 1113
1727020 1113
1727030 1113
1727040 1113
1727050 1113
1727060 1113
1727070 1116
1727080 1116
1727090 1117
1727100 1117
1727110 1117
1727120 1118
1727130 1120
1727140 1120
1727150 1114
1727160 1109
1727170 1103
1727180 1103
1727190 1099
1727200 1096
1727210 1096
1727220 1093
1727230 1092
1727240 1092
1727250 1094
1727260 1096
1727270 1096
1727280 1098
1727290 1099
1727300 1099
1727310 1099
1727320 1099
1727330 1099
1727340 1098
1727350 1096
1727360 1096
1727370 1094
1727380 1092
1727390 1092
1727400 1090
1727410 1088
1727420 1088
1727430 1086
1727440 1082
1727450 1082
1727460 1079
1727470 1075
1727480 1075
1727490 1070
1727500 1066
1727510 1066
1727520 1062
1727530 1059
1727540 1059
1727550 1056
1727560 1053
1727570 1053
1727580 1051
1727590 1047
1727600 1044
1727610 1044
1727620 1043
1727630 1040
1727640 1040
1727650 1037
1727660 1035
1727670 1035
1727680 1032
1727690 1030
1727700 1030
1727710 1028
1727720 1025
1727730 1025
1727740 1023
1727750 1021
1727760 1021
1727770 1019
1727780 1016
1727790 1016
1727800 1012
1727810 1009
1727820 1009
1727830 1006
1727840 1004
1727850 1004
1727860 1002
1727870 1000
1727880 1000
1727890 999
1727900 997
1727910 997
1727920 995
1727930 993
1727940 993
1727950 991
1727960 988
1727970 988
1727980 986
1727990 984
1728000 984
1728010 983
1728020 982
1728030 980
1728040 980
1728050 979
1728060 978
1728070 978
1728080 976
1728090 974
1728100 974
1728110 972
1728120 970
1728130 970
1728140 968
1728150 967
1728160 967
1728170 966
1728180 963
1728190 963
1728200 961
1728210 960
1728220 960
1728230 958
1728240 956
1728250 956
1728260 954
1728270 953
1728280 953
1728290 952
1728300 950
1728310 950
1728320 948
1728330 946
1728340 946
1728350 945
1728360 943
1728370 943
1728380 943
1728390 941
1728400 941
1728410 940
1728420 939
1728430 939
1728440 937
1728450 935
1728460 935
1728470 934
1728480 932
1728490 930
1728500 930
1728510 929
1728520 928
1728530 928
1728540 927
1728550 925
1728560 925
1728570 924
1728580 923
1728590 923
1728600 922
1728610 920
1728620 920
1728630 919
1728640 917
1728650 917
1728660 916
1728670 914
1728680 914
1728690 913
1728700 915
1728710 915
1728720 914
1728730 913
1728740 913
1728750 909
1728760 907
1728770 907
1728780 906
1728790 905
1728800 905
1728810 904
1728820 903
1728830 903
1728840 901
1728850 900
1728860 900
1728870 899
1728880 898
1728890 898
1728900 896
1728910 895
1728920 894
1728930 894
1728940 894
1728950 893
1728960 893
1728970 893
1728980 896
1728990 896
1729000 898
1729010 900
1729020 900
1729030 903
1729040 902
1729050 902
1729060 901
1729070 903
1729080 903
1729090 907
1729100 911
1729110 911
1729120 916
1729130 919
1729140 919
1729150 920
1729160 921
1729170 921
1729180 923
1729190 926
1729200 926
1729210 929
1729220 933
1729230 933
1729240 936
1729250 939
1729260 939
1729270 944
1729280 951
1729290 951
1729300 958
1729310 963
1729320 963
1729330 966
1729340 961
1729350 954
1729360 954
1729370 946
1729380 938
1729390 938
1729400 931
1729410 922
1729420 922
1729430 913
1729440 907
1729450 907
1729460 900
1729470 897
1729480 897
1729490 892
1729500 887
1729510 887
1729520 883
1729530 879
1729540 879
1729550 874
1729560 870
1729570 870
1729580 864
1729590 859
1729600 859
1729610 854
1729620 850
1729630 850
1729640 846
1729650 842
1729660 842
1729670 835
1729680 834
1729690 834
1729700 837
1729710 842
1729720 842
1729730 848
1729740 854
1729750 854
1729760 858
1729770 859
1729780 859
1729790 859
1729800 860
1729810 862
1729820 862
1729830 863
1729840 865
1729850 865
1729860 865
1729870 865
1729880 865
1729890 864
1729900 861
1729910 861
1729920 857
1729930 853
1729940 853
1729950 849
1729960 844
1729970 844
1729980 839
1729990 833
1730000 833
1730010 828
1730020 823
1730030 823
1730040 819
1730050 814
1730060 814
1730070 808
1730080 804
1730090 804
1730100 800
1730110 795
1730120 795
1730130 790
1730140 785
1730150 785
1730160 781
1730170 776
1730180 776
1730190 772
1730200 767
1730210 763
1730220 763
1730230 760
1730240 759
1730250 759
1730260 759
1730270 758
1730280 758
1730290 755
1730300 753
1730310 753
1730320 751
1730330 751
1730340 751
1730350 751
1730360 752
1730370 752
1730380 752
1730390 753
1730400 753
1730410 753
1730420 754
1730430 754
1730440 754
1730450 753
1730460 753
1730470 751
1730480 751
1730490 751
1730500 751
1730510 751
1730520 751
1730530 750
1730540 750
1730550 750
1730560 750
1730570 750
1730580 750
1730590 750
1730600 750
1730610 750
1730620 750
1730630 750
1730640 750
1730650 750
1730660 750
1730670 750
1730680 750
1730690 750
1730700 750
1730710 750
1730720 750
1730730 750
1730740 750
1730750 749
1730760 749
1730770 749
1730780 749
1730790 747
1730800 747
1730810 747
1730820 747
1730830 747
1730840 747
1730850 751
1730860 751
1730870 752
1730880 756
1730890 756
1730900 757
1730910 757
1730920 757
1730930 755
1730940 752
1730950 752
1730960 752
1730970 760
1730980 760
1730990 773
1731000 773
1731010 773
1731020 772
1731030 768
1731040 768
1731050 766
1731060 765
1731070 765
1731080 763
1731090 762
1731100 760
1731110 760
1731120 758
1731130 758
1731140 758
1731150 757
1731160 755
1731170 755
1731180 754
1731190 756
1731200 756
1731210 756
1731220 755
1731230 755
1731240 754
1731250 754
1731260 754
1731270 754
1731280 760
1731290 760
1731300 762
1731310 771
1731320 771
1731330 776
1731340 779
1731350 779
1731360 783
1731370 787
1731380 787
1731390 791
1731400 796
1731410 796
1731420 798
1731430 801
1731440 801
1731450 805
1731460 809
1731470 809
1731480 814
1731490 819
1731500 819
1731510 824
1731520 828
1731530 832
1731540 832
1731550 835
1731560 832
1731570 832
1731580 828
1731590 826
1731600 826
1731610 824
1731620 821
1731630 821
1731640 819
1731650 816
1731660 816
1731670 813
1731680 812
1731690 812
1731700 816
1731710 814
1731720 814
1731730 802
1731740 788
1731750 788
1731760 784
1731770 777
1731780 777
1731790 770
1731800 766
1731810 766
1731820 762
1731830 756
1731840 756
1731850 752
1731860 747
1731870 747
1731880 747
1731890 747
1731900 747
1731910 747
1731920 747
1731930 747
1731940 747
1731950 747
1731960 746
1731970 746
1731980 749
1731990 756
1732000 756
1732010 755
1732020 755
1732030 755
1732040 755
1732050 756
1732060 756
1732070 760
1732080 765
1732090 765
1732100 768
1732110 769
1732120 769
1732130 771
1732140 774
1732150 774
1732160 777
1732170 779
1732180 779
1732190 781
1732200 789
1732210 789
1732220 792
1732230 794
1732240 794
1732250 796
1732260 798
1732270 798
1732280 801
1732290 803
1732300 803
1732310 805
1732320 806
1732330 806
1732340 804
1732350 799
1732360 799
1732370 796
1732380 795
1732390 789
1732400 789
1732410 788
1732420 792
1732430 792
1732440 793
1732450 796
1732460 796
1732470 798
1732480 801
1732490 801
1732500 797
1732510 795
1732520 795
1732530 798
1732540 803
1732550 803
1732560 800
1732570 799
1732580 799
1732590 798
1732600 798
1732610 798
1732620 798
1732630 796
1732640 796
1732650 795
1732660 793
1732670 793
1732680 792
1732690 790
1732700 790
1732710 788
1732720 785
1732730 785
1732740 783
1732750 780
1732760 780
1732770 778
1732780 778
1732790 778
1732800 779
1732810 778
1732820 778
1732830 777
1732840 776
1732850 774
1732860 774
1732870 774
1732880 774
1732890 774
1732900 775
1732910 776
1732920 776
1732930 777
1732940 779
1732950 779
1732960 779
1732970 779
1732980 779
1732990 780
1733000 781
1733010 781
1733020 782
1733030 783
1733040 783
1733050 783
1733060 786
1733070 786
1733080 787
1733090 787
1733100 787
1733110 789
1733120 791
1733130 791
1733140 792
1733150 793
1733160 793
1733170 786
1733180 781
1733190 781
1733200 777
1733210 772
1733220 772
1733230 773
1733240 777
1733250 777
1733260 786
1733270 795
1733280 800
1733290 800
1733300 805
1733310 810
1733320 810
1733330 816
1733340 821
1733350 821
1733360 826
1733370 832
1733380 832
1733390 837
1733400 841
1733410 841
1733420 841
1733430 836
1733440 836
1733450 829
1733460 822
1733470 822
1733480 817
1733490 813
1733500 813
1733510 810
1733520 806
1733530 806
1733540 802
1733550 798
1733560 798
1733570 796
1733580 796
1733590 796
1733600 796
1733610 796
1733620 796
1733630 797
1733640 797
1733650 797
1733660 799
1733670 800
1733680 800
1733690 801
1733700 802
1733710 809
1733720 809
1733730 814
1733740 819
1733750 819
1733760 826
1733770 830
1733780 830
1733790 837
1733800 843
1733810 843
1733820 850
1733830 858
1733840 858
1733850 865
1733860 872
1733870 872
1733880 878
1733890 886
1733900 886
1733910 892
1733920 897
1733930 897
1733940 898
1733950 900
1733960 900
1733970 902
1733980 905
1733990 905
1734000 907
1734010 910
1734020 910
1734030 913
1734040 916
1734050 916
1734060 919
1734070 922
1734080 922
1734090 927
1734100 934
1734110 934
1734120 945
1734130 955
1734140 948
1734150 948
1734160 948
1734170 946
1734180 946
1734190 945
1734200 945
1734210 945
1734220 937
1734230 936
1734240 936
1734250 938
1734260 938
1734270 938
1734280 938
1734290 940
1734300 940
1734310 937
1734320 934
1734330 934
1734340 930
1734350 926
1734360 926
1734370 923
1734380 919
1734390 919
1734400 915
1734410 912
1734420 912
1734430 911
1734440 913
1734450 913
1734460 914
1734470 915
1734480 915
1734490 919
1734500 921
1734510 921
1734520 926
1734530 929
1734540 929
1734550 934
1734560 938
1734570 942
1734580 942
1734590 946
1734600 951
1734610 951
1734620 956
1734630 960
1734640 960
1734650 964
1734660 968
1734670 968
1734680 973
1734690 978
1734700 978
1734710 982
1734720 986
1734730 986
1734740 990
1734750 997
1734760 997
1734770 1005
1734780 1008
1734790 1008
1734800 1009
1734810 1007
1734820 1007
1734830 1003
1734840 997
1734850 997
1734860 993
1734870 990
1734880 990
1734890 989
1734900 986
1734910 986
1734920 981
1734930 976
1734940 976
1734950 972
1734960 969
1734970 969
1734980 968
1734990 963
1735000 963
1735010 956
1735020 952
1735030 950
1735040 950
1735050 949
1735060 949
1735070 949
1735080 948
1735090 947
1735100 947
1735110 945
1735120 944
1735130 944
1735140 943
1735150 944
1735160 944
1735170 946
1735180 948
1735190 948
1735200 950
1735210 951
1735220 951
1735230 953
1735240 956
1735250 956
1735260 961
1735270 967
1735280 967
1735290 972
1735300 978
1735310 978
1735320 983
1735330 988
1735340 988
1735350 994
1735360 999
1735370 999
1735380 1004
1735390 1009
1735400 1009
1735410 1014
1735420 1020
1735430 1020
1735440 1023
1735450 1028
1735460 1031
1735470 1031
1735480 1035
1735490 1039
1735500 1039
1735510 1041
1735520 1044
1735530 1044
1735540 1046
1735550 1047
1735560 1047
1735570 1049
1735580 1050
1735590 1050
1735600 1052
1735610 1052
1735620 1052
1735630 1053
1735640 1053
1735650 1053
1735660 1053
1735670 1053
1735680 1053
1735690 1053
1735700 1053
1735710 1053
1735720 1053
1735730 1054
1735740 1054
1735750 1054
1735760 1055
1735770 1055
1735780 1055
1735790 1055
1735800 1055
1735810 1055
1735820 1055
1735830 1055
1735840 1056
1735850 1056
1735860 1056
1735870 1052
1735880 1050
1735890 1049
1735900 1049
1735910 1049
1735920 1050
1735930 1050
1735940 1050
1735950 1051
1735960 1051
1735970 1053
1735980 1056
1735990 1056
1736000 1057
1736010 1058
1736020 1058
1736030 1062
1736040 1067
1736050 1067
1736060 1069
1736070 1072
1736080 1072
1736090 1076
1736100 1079
1736110 1079
1736120 1083
1736130 1086
1736140 1086
1736150 1088
1736160 1090
1736170 1094
1736180 1096
1736190 1098
1736200 1098
1736210 1099
1736220 1100
1736230 1100
1736240 1102
1736250 1104
1736260 1104
1736270 1106
1736280 1108
1736290 1108
1736300 1109
1736310 1110
1736320 1111
1736330 1111
1736340 1111
1736350 1110
1736360 1110
1736370 1108
1736380 1107
1736390 1107
1736400 1105
1736410 1102
1736420 1102
1736430 1097
1736440 1092
1736450 1092
1736460 1088
1736470 1082
1736480 1082
1736490 1076
1736500 1069
1736510 1069
1736520 1063
1736530 1055
1736540 1055
1736550 1049
1736560 1041
1736570 1041
1736580 1032
1736590 1029
1736600 1029
1736610 1029
1736620 1031
1736630 1031
1736640 1032
1736650 1034
1736660 1034
1736670 1036
1736680 1038
1736690 1038
1736700 1039
1736710 1037
1736720 1037
1736730 1037
1736740 1038
1736750 1042
1736760 1042
1736770 1044
1736780 1046
1736790 1046
1736800 1047
1736810 1048
1736820 1048
1736830 1049
1736840 1048
1736850 1048
1736860 1048
1736870 1048
1736880 1048
1736890 1048
1736900 1049
1736910 1049
1736920 1048
1736930 1043
1736940 1043
1736950 1041
1736960 1042
1736970 1042
1736980 1043
1736990 1044
1737000 1044
1737010 1046
1737020 1048
1737030 1048
1737040 1049
1737050 1050
1737060 1050
1737070 1052
1737080 1053
1737090 1053
1737100 1053
1737110 1051
1737120 1051
1737130 1049
1737140 1049
1737150 1049
1737160 1046
1737170 1042
1737180 1042
1737190 1039
1737200 1038
1737210 1038
1737220 1038
1737230 1038
1737240 1037
1737250 1037
1737260 1034
1737270 1028
1737280 1028
1737290 1023
1737300 1025
1737310 1025
1737320 1019
1737330 1013
1737340 1013
1737350 1012
1737360 1014
1737370 1014
1737380 1020
1737390 1026
1737400 1026
1737410 1027
1737420 1029
1737430 1029
1737440 1031
1737450 1034
1737460 1034
1737470 1038
1737480 1041
1737490 1041
1737500 1043
1737510 1044
1737520 1044
1737530 1044
1737540 1044
1737550 1044
1737560 1043
1737570 1042
1737580 1042
1737590 1044
1737600 1045
1737610 1045
1737620 1046
1737630 1046
1737640 1048
1737650 1048
1737660 1048
1737670 1047
1737680 1047
1737690 1046
1737700 1046
1737710 1046
1737720 1045
1737730 1044
1737740 1044
1737750 1045
1737760 1044
1737770 1044
1737780 1044
1737790 1041
1737800 1041
1737810 1039
1737820 1038
1737830 1038
1737840 1043
1737850 1046
1737860 1046
1737870 1049
1737880 1052
1737890 1052
1737900 1053
1737910 1055
1737920 1055
1737930 1056
1737940 1059
1737950 1059
1737960 1061
1737970 1063
1737980 1063
1737990 1065
1738000 1066
1738010 1066
1738020 1068
1738030 1070
1738040 1070
1738050 1070
1738060 1069
1738070 1073
1738080 1073
1738090 1072
1738100 1072
1738110 1072
1738120 1073
1738130 1072
1738140 1072
1738150 1071
1738160 1071
1738170 1071
1738180 1071
1738190 1069
1738200 1069
1738210 1068
1738220 1068
1738230 1068
1738240 1067
1738250 1068
1738260 1068
1738270 1069
1738280 1071
1738290 1071
1738300 1072
1738310 1073
1738320 1073
1738330 1074
1738340 1075
1738350 1075
1738360 1076
1738370 1077
1738380 1077
1738390 1077
1738400 1075
1738410 1075
1738420 1078
1738430 1080
1738440 1080
1738450 1082
1738460 1084
1738470 1084
1738480 1084
1738490 1086
1738500 1088
1738510 1088
1738520 1089
1738530 1089
1738540 1089
1738550 1091
1738560 1093
1738570 1093
1738580 1095
1738590 1096
1738600 1096
1738610 1097
1738620 1098
1738630 1098
1738640 1097
1738650 1096
1738660 1096
1738670 1095
1738680 1093
1738690 1093
1738700 1090
1738710 1088
1738720 1088
1738730 1086
1738740 1085
1738750 1085
1738760 1082
1738770 1080
1738780 1080
1738790 1078
1738800 1075
1738810 1075
1738820 1072
1738830 1068
1738840 1068
1738850 1064
1738860 1059
1738870 1059
1738880 1055
1738890 1051
1738900 1051
1738910 1047
1738920 1044
1738930 1041
1738940 1041
1738950 1035
1738960 1038
1738970 1038
1738980 1035
1738990 1033
1739000 1033
1739010 1030
1739020 1028
1739030 1028
1739040 1024
1739050 1024
1739060 1024
1739070 1022
1739080 1020
1739090 1020
1739100 1020
1739110 1019
1739120 1019
1739130 1019
1739140 1019
1739150 1019
1739160 1020
1739170 1021
1739180 1021
1739190 1023
1739200 1024
1739210 1024
1739220 1025
1739230 1027
1739240 1027
1739250 1028
1739260 1028
1739270 1028
1739280 1029
1739290 1030
1739300 1030
1739310 1030
1739320 1031
1739330 1031
1739340 1032
1739350 1033
1739360 1033
1739370 1033
1739380 1033
1739390 1034
1739400 1034
1739410 1032
1739420 1032
1739430 1032
1739440 1031
1739450 1031
1739460 1031
1739470 1030
1739480 1028
1739490 1028
1739500 1027
1739510 1026
1739520 1026
1739530 1025
1739540 1024
1739550 1024
1739560 1023
1739570 1024
1739580 1024
1739590 1023
1739600 1022
1739610 1022
1739620 1021
1739630 1020
1739640 1020
1739650 1019
1739660 1019
1739670 1019
1739680 1019
1739690 1019
1739700 1019
1739710 1019
1739720 1018
1739730 1018
1739740 1017
1739750 1017
1739760 1017
1739770 1017
1739780 1017
1739790 1017
1739800 1018
1739810 1018
1739820 1019
1739830 1019
1739840 1020
1739850 1022
1739860 1022
1739870 1022
1739880 1020
1739890 1020
1739900 1018
1739910 1017
1739920 1018
1739930 1015
1739940 1012
1739950 1012
1739960 1011
1739970 1012
1739980 1012
1739990 1011
