1720000 1030
1720010 1030
1720020 1033
1720030 1033
1720040 1033
1720050 1038
1720060 1042
1720070 1042
1720080 1046
1720090 1049
1720100 1049
1720110 1052
1720120 1055
1720130 1055
1720140 1058
1720150 1061
1720160 1061
1720170 1063
1720180 1065
1720190 1065
1720200 1066
1720210 1071
1720220 1071
1720230 1074
1720240 1077
1720250 1077
1720260 1079
1720270 1081
1720280 1081
1720290 1080
1720300 1083
1720310 1083
1720320 1088
1720330 1092
1720340 1092
1720350 1092
1720360 1091
1720370 1091
1720380 1091
1720390 1096
1720400 1104
1720410 1104
1720420 1109
1720430 1114
1720440 1114
1720450 1118
1720460 1122
1720470 1122
1720480 1126
1720490 1129
1720500 1129
1720510 1132
1720520 1136
1720530 1136
1720540 1140
1720550 1144
1720560 1144
1720570 1147
1720580 1150
1720590 1150
1720600 1154
1720610 1158
1720620 1158
1720630 1159
1720640 1163
1720650 1163
1720660 1166
1720670 1168
1720680 1168
1720690 1170
1720700 1172
1720710 1172
1720720 1173
1720730 1175
1720740 1175
1720750 1176
1720760 1177
1720770 1178
1720780 1178
1720790 1178
1720800 1178
1720810 1178
1720820 1178
1720830 1178
1720840 1178
1720850 1178
1720860 1177
1720870 1177
1720880 1176
1720890 1176
1720900 1176
1720910 1174
1720920 1172
1720930 1172
1720940 1171
1720950 1168
1720960 1168
1720970 1166
1720980 1163
1720990 1163
1721000 1159
1721010 1155
1721020 1155
1721030 1150
1721040 1145
1721050 1145
1721060 1141
1721070 1136
1721080 1136
1721090 1133
1721100 1129
1721110 1129
1721120 1125
1721130 1121
1721140 1121
1721150 1116
1721160 1112
1721170 1112
1721180 1107
1721190 1102
1721200 1102
1721210 1097
1721220 1093
1721230 1089
1721240 1089
1721250 1085
1721260 1084
1721270 1084
1721280 1081
1721290 1079
1721300 1079
1721310 1081
1721320 1082
1721330 1082
1721340 1087
1721350 1089
1721360 1089
1721370 1091
1721380 1093
1721390 1093
1721400 1096
1721410 1098
1721420 1098
1721430 1100
1721440 1102
1721450 1102
1721460 1103
1721470 1099
1721480 1099
1721490 1096
1721500 1094
1721510 1094
1721520 1092
1721530 1090
1721540 1090
1721550 1089
1721560 1087
1721570 1087
1721580 1085
1721590 1082
1721600 1082
1721610 1080
1721620 1077
1721630 1077
1721640 1075
1721650 1072
1721660 1070
1721670 1070
1721680 1064
1721690 1058
1721700 1058
1721710 1054
1721720 1054
1721730 1054
1721740 1054
1721750 1050
1721760 1050
1721770 1050
1721780 1053
1721790 1053
1721800 1050
1721810 1052
1721820 1052
1721830 1053
1721840 1056
1721850 1056
1721860 1054
1721870 1049
1721880 1049
1721890 1046
1721900 1048
1721910 1048
1721920 1050
1721930 1049
1721940 1049
1721950 1047
1721960 1043
1721970 1043
1721980 1039
1721990 1035
1722000 1035
1722010 1029
1722020 1022
1722030 1022
1722040 1017
1722050 1013
1722060 1013
1722070 1011
1722080 1006
1722090 1005
1722100 1005
1722110 1005
1722120 1003
1722130 1003
1722140 1000
1722150 999
1722160 999
1722170 1001
1722180 1005
1722190 1005
1722200 1007
1722210 1007
1722220 1007
1722230 1002
1722240 997
1722250 997
1722260 992
1722270 989
1722280 989
1722290 988
1722300 986
1722310 986
1722320 982
1722330 977
1722340 977
1722350 972
1722360 969
1722370 969
1722380 970
1722390 973
1722400 973
1722410 974
1722420 974
1722430 974
1722440 975
1722450 978
1722460 978
1722470 979
1722480 980
1722490 980
1722500 979
1722510 977
1722520 977
1722530 976
1722540 974
1722550 971
1722560 971
1722570 970
1722580 967
1722590 967
1722600 965
1722610 963
1722620 963
1722630 960
1722640 958
1722650 958
1722660 956
1722670 954
1722680 950
1722690 948
1722700 946
1722710 946
1722720 944
1722730 943
1722740 943
1722750 943
1722760 944
1722770 944
1722780 944
1722790 943
1722800 943
1722810 943
1722820 942
1722830 942
1722840 941
1722850 940
1722860 940
1722870 938
1722880 937
1722890 937
1722900 937
1722910 937
1722920 937
1722930 936
1722940 936
1722950 936
1722960 935
1722970 934
1722980 932
1722990 932
1723000 928
1723010 924
1723020 924
1723030 919
1723040 914
1723050 914
1723060 909
1723070 904
1723080 904
1723090 899
1723100 896
1723110 896
1723120 895
1723130 895
1723140 895
1723150 896
1723160 896
1723170 896
1723180 895
1723190 894
1723200 894
1723210 892
1723220 891
1723230 891
1723240 893
1723250 895
1723260 895
1723270 895
1723280 894
1723290 894
1723300 892
1723310 890
1723320 890
1723330 888
1723340 884
1723350 884
1723360 881
1723370 875
1723380 875
1723390 868
1723400 861
1723410 855
1723420 855
1723430 849
1723440 843
1723450 843
1723460 838
1723470 833
1723480 833
1723490 830
1723500 828
1723510 828
1723520 825
1723530 823
1723540 823
1723550 823
1723560 820
1723570 820
1723580 818
1723590 816
1723600 816
1723610 815
1723620 813
1723630 813
1723640 811
1723650 808
1723660 808
1723670 807
1723680 803
1723690 803
1723700 796
1723710 790
1723720 790
1723730 789
1723740 788
1723750 788
1723760 786
1723770 785
1723780 785
1723790 785
1723800 785
1723810 785
1723820 785
1723830 785
1723840 785
1723850 785
1723860 785
1723870 785
1723880 785
1723890 785
1723900 785
1723910 785
1723920 785
1723930 785
1723940 785
1723950 785
1723960 787
1723970 787
1723980 788
1723990 788
1724000 788
1724010 788
1724020 789
1724030 789
1724040 788
1724050 788
1724060 788
1724070 788
1724080 786
1724090 786
1724100 784
1724110 784
1724120 784
1724130 784
1724140 784
1724150 784
1724160 784
1724170 784
1724180 784
1724190 785
1724200 787
1724210 787
1724220 790
1724230 798
1724240 798
1724250 802
1724260 807
1724270 807
1724280 811
1724290 815
1724300 819
1724310 819
1724320 823
1724330 841
1724340 841
1724350 840
1724360 837
1724370 837
1724380 835
1724390 839
1724400 839
1724410 838
1724420 839
1724430 839
1724440 841
1724450 844
1724460 844
1724470 847
1724480 851
1724490 851
1724500 854
1724510 856
1724520 856
1724530 862
1724540 865
1724550 865
1724560 866
1724570 869
1724580 869
1724590 871
1724600 876
1724610 876
1724620 881
1724630 886
1724640 886
1724650 891
1724660 896
1724670 896
1724680 902
1724690 907
1724700 907
1724710 912
1724720 917
1724730 924
1724740 924
1724750 931
1724760 942
1724770 942
1724780 960
1724790 970
1724800 970
1724810 968
1724820 969
1724830 969
1724840 976
1724850 981
1724860 981
1724870 983
1724880 989
1724890 989
1724900 992
1724910 995
1724920 995
1724930 999
1724940 1002
1724950 1002
1724960 1007
1724970 1012
1724980 1012
1724990 1017
1725000 1022
1725010 1022
1725020 1028
1725030 1035
1725040 1035
1725050 1040
1725060 1046
1725070 1046
1725080 1053
1725090 1059
1725100 1059
1725110 1067
1725120 1077
1725130 1077
1725140 1083
1725150 1092
1725160 1092
1725170 1097
1725180 1105
1725190 1110
1725200 1110
1725210 1116
1725220 1122
1725230 1122
1725240 1128
1725250 1135
1725260 1135
1725270 1142
1725280 1150
1725290 1150
1725300 1157
1725310 1164
1725320 1164
1725330 1172
1725340 1180
1725350 1180
1725360 1187
1725370 1192
1725380 1192
1725390 1195
1725400 1197
1725410 1197
1725420 1199
1725430 1201
1725440 1201
1725450 1195
1725460 1194
1725470 1194
1725480 1190
1725490 1189
1725500 1189
1725510 1190
1725520 1191
1725530 1191
1725540 1191
1725550 1191
1725560 1191
1725570 1192
1725580 1193
1725590 1193
1725600 1194
1725610 1192
1725620 1189
1725630 1189
1725640 1187
1725650 1184
1725660 1184
1725670 1182
1725680 1180
1725690 1180
1725700 1172
1725710 1165
1725720 1165
1725730 1156
1725740 1151
1725750 1151
1725760 1145
1725770 1142
1725780 1142
1725790 1136
1725800 1134
1725810 1134
1725820 1134
1725830 1133
1725840 1133
1725850 1136
1725860 1141
1725870 1141
1725880 1140
1725890 1137
1725900 1137
1725910 1135
1725920 1133
1725930 1133
1725940 1128
1725950 1127
1725960 1127
1725970 1130
1725980 1133
1725990 1133
1726000 1134
1726010 1137
1726020 1137
1726030 1141
1726040 1149
1726050 1149
1726060 1155
1726070 1161
1726080 1154
1726090 1154
1726100 1145
1726110 1144
1726120 1144
1726130 1149
1726140 1152
1726150 1152
1726160 1156
1726170 1148
1726180 1148
1726190 1137
1726200 1114
1726210 1114
1726220 1107
1726230 1104
1726240 1104
1726250 1116
1726260 1127
1726270 1127
1726280 1125
1726290 1133
1726300 1133
1726310 1142
1726320 1143
1726330 1143
1726340 1145
1726350 1148
1726360 1148
1726370 1153
1726380 1159
1726390 1159
1726400 1165
1726410 1170
1726420 1170
1726430 1174
1726440 1179
1726450 1179
1726460 1183
1726470 1189
1726480 1189
1726490 1202
1726500 1213
1726510 1224
1726520 1224
1726530 1227
1726540 1228
1726550 1228
1726560 1231
1726570 1235
1726580 1235
1726590 1242
1726600 1250
1726610 1250
1726620 1258
1726630 1288
1726640 1288
1726650 1289
1726660 1291
1726670 1291
1726680 1296
1726690 1295
1726700 1295
1726710 1298
1726720 1304
1726730 1304
1726740 1306
1726750 1311
1726760 1311
1726770 1317
1726780 1320
1726790 1320
1726800 1321
1726810 1321
1726820 1321
1726830 1320
1726840 1319
1726850 1319
1726860 1322
1726870 1327
1726880 1327
1726890 1330
1726900 1329
1726910 1329
1726920 1330
1726930 1332
1726940 1336
1726950 1336
1726960 1340
1726970 1343
1726980 1343
1726990 1345
1727000 1343
1727010 1343
1727020 1343
1727030 1346
1727040 1346
1727050 1347
1727060 1345
1727070 1345
1727080 1341
1727090 1337
1727100 1337
1727110 1335
1727120 1333
1727130 1333
1727140 1330
1727150 1328
1727160 1328
1727170 1326
1727180 1323
1727190 1323
1727200 1320
1727210 1316
1727220 1316
1727230 1311
1727240 1304
1727250 1304
1727260 1300
1727270 1295
1727280 1295
1727290 1291
1727300 1287
1727310 1287
1727320 1291
1727330 1287
1727340 1287
1727350 1283
1727360 1284
1727370 1284
1727380 1284
1727390 1284
1727400 1284
1727410 1284
1727420 1286
1727430 1286
1727440 1286
1727450 1282
1727460 1282
1727470 1282
1727480 1281
1727490 1281
1727500 1281
1727510 1279
1727520 1275
1727530 1275
1727540 1272
1727550 1267
1727560 1267
1727570 1263
1727580 1260
1727590 1260
1727600 1257
1727610 1253
1727620 1253
1727630 1250
1727640 1246
1727650 1246
1727660 1246
1727670 1244
1727680 1244
1727690 1243
1727700 1243
1727710 1243
1727720 1242
1727730 1240
1727740 1240
1727750 1240
1727760 1240
1727770 1240
1727780 1241
1727790 1243
1727800 1243
1727810 1246
1727820 1249
1727830 1251
1727840 1251
1727850 1253
1727860 1255
1727870 1255
1727880 1255
1727890 1255
1727900 1255
1727910 1254
1727920 1253
1727930 1253
1727940 1252
1727950 1252
1727960 1252
1727970 1251
1727980 1249
1727990 1249
1728000 1248
1728010 1247
1728020 1247
1728030 1246
1728040 1245
1728050 1245
1728060 1244
1728070 1244
1728080 1244
1728090 1243
1728100 1242
1728110 1242
1728120 1243
1728130 1244
1728140 1244
1728150 1244
1728160 1244
1728170 1244
1728180 1244
1728190 1243
1728200 1243
1728210 1240
1728220 1234
1728230 1234
1728240 1229
1728250 1222
1728260 1221
1728270 1221
1728280 1220
1728290 1218
1728300 1218
1728310 1215
1728320 1212
1728330 1212
1728340 1210
1728350 1207
1728360 1207
1728370 1201
1728380 1196
1728390 1196
1728400 1193
1728410 1187
1728420 1187
1728430 1180
1728440 1174
1728450 1174
1728460 1168
1728470 1162
1728480 1162
1728490 1157
1728500 1150
1728510 1150
1728520 1145
1728530 1139
1728540 1139
1728550 1134
1728560 1131
1728570 1131
1728580 1126
1728590 1121
1728600 1121
1728610 1116
1728620 1111
1728630 1111
1728640 1108
1728650 1103
1728660 1103
1728670 1099
1728680 1097
1728690 1097
1728700 1095
1728710 1091
1728720 1084
1728730 1084
1728740 1081
1728750 1082
1728760 1082
1728770 1086
1728780 1088
1728790 1088
1728800 1088
1728810 1088
1728820 1088
1728830 1087
1728840 1086
1728850 1086
1728860 1086
1728870 1085
1728880 1085
1728890 1085
1728900 1084
1728910 1084
1728920 1083
1728930 1082
1728940 1082
1728950 1080
1728960 1078
1728970 1078
1728980 1078
1728990 1075
1729000 1075
1729010 1073
1729020 1071
1729030 1071
1729040 1068
1729050 1063
1729060 1063
1729070 1058
1729080 1054
1729090 1054
1729100 1050
1729110 1048
1729120 1048
1729130 1045
1729140 1043
1729150 1040
1729160 1040
1729170 1037
1729180 1034
1729190 1034
1729200 1030
1729210 1028
1729220 1028
1729230 1025
1729240 1021
1729250 1021
1729260 1018
1729270 1014
1729280 1014
1729290 1010
1729300 1008
1729310 1008
1729320 1003
1729330 999
1729340 999
1729350 994
1729360 989
1729370 989
1729380 985
1729390 981
1729400 981
1729410 976
1729420 972
1729430 972
1729440 969
1729450 965
1729460 965
1729470 960
1729480 956
1729490 956
1729500 955
1729510 951
1729520 951
1729530 947
1729540 943
1729550 943
1729560 940
1729570 937
1729580 937
1729590 935
1729600 931
1729610 929
1729620 929
1729630 925
1729640 921
1729650 921
1729660 918
1729670 915
1729680 915
1729690 911
1729700 907
1729710 907
1729720 905
1729730 900
1729740 900
1729750 896
1729760 891
1729770 891
1729780 887
1729790 882
1729800 882
1729810 876
1729820 872
1729830 872
1729840 867
1729850 863
1729860 863
1729870 860
1729880 857
1729890 857
1729900 854
1729910 852
1729920 852
1729930 850
1729940 849
1729950 849
1729960 847
1729970 845
1729980 845
1729990 843
1730000 839
1730010 839
1730020 836
1730030 831
1730040 827
1730050 827
1730060 820
1730070 814
1730080 814
1730090 808
1730100 804
1730110 804
1730120 803
1730130 802
1730140 802
1730150 800
1730160 798
1730170 798
1730180 797
1730190 795
1730200 795
1730210 793
1730220 792
1730230 792
1730240 790
1730250 789
1730260 789
1730270 787
1730280 787
1730290 787
1730300 786
1730310 784
1730320 784
1730330 783
1730340 782
1730350 782
1730360 781
1730370 781
1730380 781
1730390 780
1730400 779
1730410 779
1730420 778
1730430 777
1730440 777
1730450 776
1730460 772
1730470 772
1730480 772
1730490 768
1730500 771
1730510 771
1730520 775
1730530 779
1730540 779
1730550 785
1730560 790
1730570 790
1730580 794
1730590 799
1730600 799
1730610 804
1730620 810
1730630 810
1730640 819
1730650 823
1730660 823
1730670 826
1730680 830
1730690 830
1730700 834
1730710 839
1730720 839
1730730 844
1730740 849
1730750 849
1730760 853
1730770 857
1730780 857
1730790 861
1730800 866
1730810 866
1730820 870
1730830 875
1730840 875
1730850 880
1730860 884
1730870 884
1730880 890
1730890 895
1730900 895
1730910 901
1730920 906
1730930 907
1730940 907
1730950 906
1730960 906
1730970 906
1730980 909
1730990 911
1731000 911
1731010 912
1731020 914
1731030 914
1731040 916
1731050 918
1731060 918
1731070 922
1731080 925
1731090 925
1731100 928
1731110 930
1731120 930
1731130 934
1731140 937
1731150 937
1731160 941
1731170 945
1731180 945
1731190 950
1731200 954
1731210 954
1731220 959
1731230 963
1731240 963
1731250 968
1731260 972
1731270 972
1731280 977
1731290 981
1731300 981
1731310 985
1731320 988
1731330 988
1731340 991
1731350 994
1731360 996
1731370 996
1731380 999
1731390 1002
1731400 1002
1731410 1004
1731420 1006
1731430 1006
1731440 1009
1731450 1011
1731460 1011
1731470 1014
1731480 1016
1731490 1016
1731500 1018
1731510 1019
1731520 1019
1731530 1020
1731540 1020
1731550 1020
1731560 1019
1731570 1018
1731580 1018
1731590 1017
1731600 1017
1731610 1020
1731620 1019
1731630 1019
1731640 1019
1731650 1019
1731660 1018
1731670 1018
1731680 1017
1731690 1016
1731700 1016
1731710 1013
1731720 1006
1731730 1006
1731740 1004
1731750 1002
1731760 1002
1731770 1000
1731780 999
1731790 998
1731800 998
1731810 997
1731820 994
1731830 994
1731840 990
1731850 987
1731860 987
1731870 984
1731880 982
1731890 982
1731900 979
1731910 976
1731920 976
1731930 972
1731940 968
1731950 968
1731960 965
1731970 962
1731980 962
1731990 959
1732000 956
1732010 956
1732020 952
1732030 947
1732040 947
1732050 941
1732060 935
1732070 935
1732080 929
1732090 924
1732100 924
1732110 917
1732120 913
1732130 913
1732140 901
1732150 893
1732160 893
1732170 885
1732180 878
1732190 878
1732200 871
1732210 863
1732220 863
1732230 856
1732240 849
1732250 844
1732260 844
1732270 839
1732280 835
1732290 835
1732300 830
1732310 823
1732320 823
1732330 817
1732340 813
1732350 813
1732360 808
1732370 801
1732380 801
1732390 793
1732400 785
1732410 785
1732420 782
1732430 782
1732440 782
1732450 781
1732460 783
1732470 783
1732480 787
1732490 792
1732500 792
1732510 799
1732520 806
1732530 806
1732540 813
1732550 819
1732560 819
1732570 826
1732580 832
1732590 832
1732600 838
1732610 844
1732620 844
1732630 850
1732640 856
1732650 856
1732660 862
1732670 867
1732680 871
1732690 871
1732700 875
1732710 877
1732720 877
1732730 878
1732740 879
1732750 879
1732760 881
1732770 884
1732780 884
1732790 887
1732800 889
1732810 889
1732820 892
1732830 894
1732840 894
1732850 897
1732860 901
1732870 901
1732880 905
1732890 909
1732900 909
1732910 913
1732920 916
1732930 916
1732940 919
1732950 922
1732960 922
1732970 926
1732980 930
1732990 930
1733000 934
1733010 938
1733020 938
1733030 942
1733040 945
1733050 945
1733060 949
1733070 952
1733080 952
1733090 955
1733100 958
1733110 962
1733120 962
1733130 964
1733140 964
1733150 964
1733160 968
1733170 971
1733180 971
1733190 973
1733200 976
1733210 976
1733220 978
1733230 980
1733240 980
1733250 982
1733260 984
1733270 984
1733280 986
1733290 988
1733300 988
1733310 989
1733320 991
1733330 991
1733340 993
1733350 994
1733360 994
1733370 995
1733380 997
1733390 997
1733400 998
1733410 1000
1733420 1000
1733430 1000
1733440 1001
1733450 1001
1733460 1002
1733470 1003
1733480 1003
1733490 1004
1733500 1005
1733510 1005
1733520 1005
1733530 1006
1733540 1006
1733550 1006
1733560 1004
1733570 1000
1733580 1000
1733590 995
1733600 990
1733610 990
1733620 987
1733630 982
1733640 989
1733650 986
1733660 991
1733670 991
1733680 995
1733690 1000
1733700 1000
1733710 1005
1733720 1009
1733730 1009
1733740 1012
1733750 1014
1733760 1014
1733770 1016
1733780 1018
1733790 1018
1733800 1018
1733810 1017
1733820 1017
1733830 1016
1733840 1015
1733850 1015
1733860 1013
1733870 1011
1733880 1011
1733890 1009
1733900 1008
1733910 1008
1733920 1009
1733930 1009
1733940 1009
1733950 1009
1733960 1005
1733970 1005
1733980 998
1733990 1001
1734000 1005
1734010 1005
1734020 1008
1734030 1011
1734040 1011
1734050 1012
1734060 1014
1734070 1014
1734080 1013
1734090 1011
1734100 1011
1734110 1010
1734120 1009
1734130 1009
1734140 1006
1734150 1001
1734160 1001
1734170 997
1734180 1003
1734190 1003
1734200 1000
1734210 997
1734220 997
1734230 994
1734240 993
1734250 993
1734260 992
1734270 995
1734280 995
1734290 1001
1734300 1009
1734310 1009
1734320 1013
1734330 1021
1734340 1021
1734350 1026
1734360 1032
1734370 1032
1734380 1040
1734390 1047
1734400 1047
1734410 1053
1734420 1056
1734430 1056
1734440 1061
1734450 1066
1734460 1071
1734470 1071
1734480 1077
1734490 1084
1734500 1084
1734510 1090
1734520 1096
1734530 1096
1734540 1101
1734550 1105
1734560 1105
1734570 1109
1734580 1113
1734590 1113
1734600 1118
1734610 1124
1734620 1124
1734630 1131
1734640 1136
1734650 1136
1734660 1142
1734670 1149
1734680 1149
1734690 1156
1734700 1160
1734710 1160
1734720 1167
1734730 1174
1734740 1174
1734750 1182
1734760 1187
1734770 1187
1734780 1194
1734790 1201
1734800 1201
1734810 1207
1734820 1214
1734830 1214
1734840 1227
1734850 1229
1734860 1229
1734870 1231
1734880 1233
1734890 1238
1734900 1238
1734910 1243
1734920 1250
1734930 1250
1734940 1257
1734950 1259
1734960 1259
1734970 1258
1734980 1257
1734990 1257
1735000 1256
1735010 1254
1735020 1254
1735030 1253
1735040 1252
1735050 1252
1735060 1252
1735070 1251
1735080 1251
1735090 1252
1735100 1253
1735110 1253
1735120 1254
1735130 1256
1735140 1256
1735150 1257
1735160 1257
1735170 1257
1735180 1262
1735190 1264
1735200 1264
1735210 1266
1735220 1267
1735230 1267
1735240 1268
1735250 1269
1735260 1269
1735270 1269
1735280 1270
1735290 1270
1735300 1270
1735310 1269
1735320 1268
1735330 1268
1735340 1265
1735350 1260
1735360 1260
1735370 1254
1735380 1249
1735390 1249
1735400 1244
1735410 1243
1735420 1243
1735430 1244
1735440 1245
1735450 1245
1735460 1246
1735470 1250
1735480 1250
1735490 1253
1735500 1261
1735510 1261
1735520 1267
1735530 1274
1735540 1274
1735550 1280
1735560 1287
1735570 1287
1735580 1294
1735590 1301
1735600 1301
1735610 1308
1735620 1318
1735630 1318
1735640 1325
1735650 1331
1735660 1331
1735670 1335
1735680 1340
1735690 1340
1735700 1344
1735710 1349
1735720 1349
1735730 1353
1735740 1356
1735750 1356
1735760 1360
1735770 1362
1735780 1363
1735790 1363
1735800 1364
1735810 1364
1735820 1364
1735830 1362
1735840 1362
1735850 1362
1735860 1361
1735870 1359
1735880 1359
1735890 1358
1735900 1356
1735910 1356
1735920 1355
1735930 1354
1735940 1354
1735950 1353
1735960 1353
1735970 1353
1735980 1353
1735990 1352
1736000 1352
1736010 1351
1736020 1349
1736030 1349
1736040 1345
1736050 1341
1736060 1341
1736070 1337
1736080 1335
1736090 1335
1736100 1332
1736110 1328
1736120 1328
1736130 1325
1736140 1321
1736150 1321
1736160 1319
1736170 1316
1736180 1316
1736190 1317
1736200 1320
1736210 1324
1736220 1324
1736230 1330
1736240 1337
1736250 1337
1736260 1343
1736270 1349
1736280 1349
1736290 1356
1736300 1363
1736310 1363
1736320 1370
1736330 1377
1736340 1377
1736350 1384
1736360 1392
1736370 1392
1736380 1399
1736390 1407
1736400 1407
1736410 1414
1736420 1419
1736430 1419
1736440 1424
1736450 1428
1736460 1428
1736470 1432
1736480 1435
1736490 1435
1736500 1436
1736510 1438
1736520 1438
1736530 1438
1736540 1440
1736550 1440
1736560 1441
1736570 1441
1736580 1441
1736590 1442
1736600 1442
1736610 1442
1736620 1442
1736630 1445
1736640 1450
1736650 1450
1736660 1457
1736670 1464
1736680 1464
1736690 1472
1736700 1479
1736710 1479
1736720 1486
1736730 1492
1736740 1492
1736750 1496
1736760 1506
1736770 1506
1736780 1507
1736790 1510
1736800 1510
1736810 1510
1736820 1509
1736830 1509
1736840 1507
1736850 1506
1736860 1506
1736870 1505
1736880 1502
1736890 1502
1736900 1499
1736910 1496
1736920 1496
1736930 1493
1736940 1489
1736950 1489
1736960 1485
1736970 1481
1736980 1481
1736990 1481
1737000 1481
1737010 1481
1737020 1480
1737030 1479
1737040 1479
1737050 1478
1737060 1476
1737070 1476
1737080 1474
1737090 1472
1737100 1471
1737110 1471
1737120 1472
1737130 1472
1737140 1472
1737150 1474
1737160 1477
1737170 1477
1737180 1482
1737190 1485
1737200 1485
1737210 1490
1737220 1496
1737230 1496
1737240 1501
1737250 1506
1737260 1506
1737270 1510
1737280 1512
1737290 1512
1737300 1528
1737310 1528
1737320 1528
1737330 1522
1737340 1523
1737350 1523
1737360 1515
1737370 1511
1737380 1511
1737390 1512
1737400 1522
1737410 1522
1737420 1533
1737430 1540
1737440 1540
1737450 1546
1737460 1550
1737470 1550
1737480 1546
1737490 1541
1737500 1541
1737510 1535
1737520 1534
1737530 1549
1737540 1549
1737550 1549
1737560 1541
1737570 1541
1737580 1533
1737590 1526
1737600 1526
1737610 1520
1737620 1514
1737630 1514
1737640 1509
1737650 1503
1737660 1503
1737670 1497
1737680 1491
1737690 1491
1737700 1486
1737710 1482
1737720 1482
1737730 1476
1737740 1470
1737750 1470
1737760 1465
1737770 1467
1737780 1467
1737790 1457
1737800 1451
1737810 1451
1737820 1447
1737830 1443
1737840 1443
1737850 1438
1737860 1434
1737870 1434
1737880 1429
1737890 1425
1737900 1425
1737910 1421
1737920 1417
1737930 1417
1737940 1413
1737950 1409
1737960 1409
1737970 1406
1737980 1402
1737990 1398
1738000 1398
1738010 1394
1738020 1390
1738030 1390
1738040 1386
1738050 1381
1738060 1381
1738070 1376
1738080 1372
1738090 1372
1738100 1367
1738110 1362
1738120 1362
1738130 1358
1738140 1352
1738150 1352
1738160 1347
1738170 1343
1738180 1343
1738190 1337
1738200 1332
1738210 1332
1738220 1328
1738230 1323
1738240 1323
1738250 1319
1738260 1314
1738270 1314
1738280 1309
1738290 1304
1738300 1304
1738310 1299
1738320 1295
1738330 1295
1738340 1290
1738350 1285
1738360 1285
1738370 1279
1738380 1273
1738390 1273
1738400 1268
1738410 1262
1738420 1257
1738430 1257
1738440 1252
1738450 1247
1738460 1247
1738470 1243
1738480 1238
1738490 1238
1738500 1234
1738510 1230
1738520 1230
1738530 1224
1738540 1220
1738550 1220
1738560 1214
1738570 1208
1738580 1208
1738590 1202
1738600 1196
1738610 1196
1738620 1189
1738630 1182
1738640 1182
1738650 1176
1738660 1169
1738670 1169
1738680 1163
1738690 1156
1738700 1156
1738710 1149
1738720 1144
1738730 1144
1738740 1140
1738750 1136
1738760 1136
1738770 1133
1738780 1128
1738790 1128
1738800 1123
1738810 1118
1738820 1118
1738830 1114
1738840 1111
1738850 1108
1738860 1108
1738870 1105
1738880 1103
1738890 1103
1738900 1100
1738910 1098
1738920 1098
1738930 1096
1738940 1094
1738950 1094
1738960 1092
1738970 1090
1738980 1090
1738990 1089
1739000 1086
1739010 1086
1739020 1085
1739030 1084
1739040 1084
1739050 1082
1739060 1081
1739070 1081
1739080 1080
1739090 1079
1739100 1079
1739110 1078
1739120 1078
1739130 1078
1739140 1076
1739150 1074
1739160 1074
1739170 1073
1739180 1073
1739190 1073
1739200 1072
1739210 1072
1739220 1072
1739230 1072
1739240 1073
1739250 1073
1739260 1074
1739270 1076
1739280 1076
1739290 1078
1739300 1081
1739310 1083
1739320 1083
1739330 1084
1739340 1088
1739350 1088
1739360 1089
1739370 1091
1739380 1091
1739390 1091
1739400 1089
1739410 1089
1739420 1093
1739430 1095
1739440 1095
1739450 1095
1739460 1093
1739470 1093
1739480 1089
1739490 1086
1739500 1086
1739510 1084
1739520 1081
1739530 1081
1739540 1077
1739550 1075
1739560 1075
1739570 1071
1739580 1068
1739590 1068
1739600 1064
1739610 1060
1739620 1060
1739630 1055
1739640 1052
1739650 1052
1739660 1047
1739670 1042
1739680 1042
1739690 1039
1739700 1036
1739710 1036
1739720 1035
1739730 1034
1739740 1032
1739750 1032
1739760 1028
1739770 1024
1739780 1024
1739790 1019
1739800 1013
1739810 1013
1739820 1008
1739830 1002
1739840 1002
1739850 995
1739860 989
1739870 989
1739880 984
1739890 978
1739900 978
1739910 975
1739920 970
1739930 970
1739940 966
1739950 963
1739960 963
1739970 961
1739980 958
1739990 958
