1720000 1217
1720010 1218
1720020 1218
1720030 1218
1720040 1219
1720050 1219
1720060 1219
1720070 1219
1720080 1219
1720090 1219
1720100 1217
1720110 1214
1720120 1214
1720130 1212
1720140 1210
1720150 1210
1720160 1208
1720170 1205
1720180 1205
1720190 1203
1720200 1202
1720210 1201
1720220 1201
1720230 1203
1720240 1207
1720250 1207
1720260 1209
1720270 1207
1720280 1207
1720290 1204
1720300 1207
1720310 1207
1720320 1211
1720330 1215
1720340 1215
1720350 1218
1720360 1221
1720370 1221
1720380 1224
1720390 1226
1720400 1226
1720410 1230
1720420 1232
1720430 1232
1720440 1234
1720450 1235
1720460 1235
1720470 1237
1720480 1238
1720490 1238
1720500 1241
1720510 1243
1720520 1243
1720530 1244
1720540 1245
1720550 1245
1720560 1245
1720570 1245
1720580 1245
1720590 1245
1720600 1244
1720610 1244
1720620 1243
1720630 1240
1720640 1240
1720650 1238
1720660 1235
1720670 1232
1720680 1232
1720690 1229
1720700 1225
1720710 1225
1720720 1221
1720730 1216
1720740 1216
1720750 1211
1720760 1206
1720770 1206
1720780 1201
1720790 1197
1720800 1197
1720810 1192
1720820 1187
1720830 1187
1720840 1181
1720850 1175
1720860 1175
1720870 1171
1720880 1168
1720890 1168
1720900 1165
1720910 1162
1720920 1162
1720930 1162
1720940 1160
1720950 1160
1720960 1159
1720970 1159
1720980 1159
1720990 1157
1721000 1157
1721010 1157
1721020 1157
1721030 1156
1721040 1156
1721050 1157
1721060 1157
1721070 1157
1721080 1158
1721090 1159
1721100 1160
1721110 1160
1721120 1161
1721130 1161
1721140 1161
1721150 1162
1721160 1161
1721170 1161
1721180 1160
1721190 1159
1721200 1159
1721210 1157
1721220 1156
1721230 1156
1721240 1154
1721250 1153
1721260 1153
1721270 1151
1721280 1151
1721290 1151
1721300 1150
1721310 1149
1721320 1149
1721330 1145
1721340 1140
1721350 1140
1721360 1135
1721370 1132
1721380 1132
1721390 1129
1721400 1126
1721410 1126
1721420 1123
1721430 1120
1721440 1120
1721450 1118
1721460 1115
1721470 1115
1721480 1110
1721490 1105
1721500 1105
1721510 1099
1721520 1094
1721530 1094
1721540 1088
1721550 1082
1721560 1076
1721570 1076
1721580 1070
1721590 1064
1721600 1064
1721610 1056
1721620 1052
1721630 1052
1721640 1044
1721650 1038
1721660 1038
1721670 1031
1721680 1025
1721690 1025
1721700 1018
1721710 1012
1721720 1012
1721730 1005
1721740 999
1721750 999
1721760 993
1721770 987
1721780 987
1721790 981
1721800 976
1721810 976
1721820 973
1721830 969
1721840 969
1721850 964
1721860 960
1721870 960
1721880 955
1721890 952
1721900 952
1721910 950
1721920 947
1721930 947
1721940 945
1721950 943
1721960 943
1721970 943
1721980 942
1721990 941
1722000 941
1722010 941
1722020 939
1722030 939
1722040 932
1722050 928
1722060 928
1722070 925
1722080 929
1722090 929
1722100 927
1722110 925
1722120 925
1722130 923
1722140 919
1722150 919
1722160 915
1722170 910
1722180 910
1722190 907
1722200 904
1722210 904
1722220 900
1722230 899
1722240 899
1722250 898
1722260 897
1722270 897
1722280 893
1722290 889
1722300 889
1722310 885
1722320 881
1722330 881
1722340 877
1722350 875
1722360 875
1722370 875
1722380 872
1722390 872
1722400 871
1722410 870
1722420 870
1722430 869
1722440 866
1722450 863
1722460 863
1722470 860
1722480 857
1722490 857
1722500 855
1722510 854
1722520 854
1722530 853
1722540 853
1722550 853
1722560 852
1722570 854
1722580 854
1722590 855
1722600 857
1722610 857
1722620 862
1722630 866
1722640 866
1722650 872
1722660 876
1722670 876
1722680 878
1722690 879
1722700 879
1722710 880
1722720 877
1722730 877
1722740 876
1722750 873
1722760 873
1722770 871
1722780 869
1722790 869
1722800 868
1722810 867
1722820 867
1722830 864
1722840 860
1722850 860
1722860 854
1722870 849
1722880 848
1722890 848
1722900 851
1722910 856
1722920 856
1722930 861
1722940 867
1722950 867
1722960 871
1722970 872
1722980 872
1722990 872
1723000 869
1723010 869
1723020 864
1723030 859
1723040 859
1723050 852
1723060 845
1723070 845
1723080 839
1723090 837
1723100 837
1723110 835
1723120 832
1723130 832
1723140 829
1723150 825
1723160 825
1723170 823
1723180 819
1723190 819
1723200 819
1723210 818
1723220 818
1723230 816
1723240 813
1723250 813
1723260 812
1723270 810
1723280 810
1723290 808
1723300 807
1723310 806
1723320 806
1723330 804
1723340 804
1723350 804
1723360 802
1723370 802
1723380 802
1723390 801
1723400 800
1723410 800
1723420 799
1723430 799
1723440 799
1723450 797
1723460 794
1723470 794
1723480 792
1723490 791
1723500 791
1723510 789
1723520 789
1723530 789
1723540 789
1723550 794
1723560 794
1723570 795
1723580 811
1723590 811
1723600 818
1723610 830
1723620 830
1723630 836
1723640 840
1723650 840
1723660 850
1723670 857
1723680 857
1723690 849
1723700 848
1723710 848
1723720 848
1723730 849
1723740 849
1723750 850
1723760 851
1723770 853
1723780 853
1723790 856
1723800 865
1723810 865
1723820 881
1723830 880
1723840 880
1723850 881
1723860 886
1723870 886
1723880 889
1723890 891
1723900 891
1723910 891
1723920 892
1723930 892
1723940 894
1723950 896
1723960 896
1723970 898
1723980 901
1723990 901
1724000 903
1724010 906
1724020 906
1724030 909
1724040 912
1724050 912
1724060 914
1724070 914
1724080 914
1724090 913
1724100 912
1724110 912
1724120 910
1724130 911
1724140 911
1724150 911
1724160 909
1724170 909
1724180 907
1724190 908
1724200 910
1724210 910
1724220 912
1724230 914
1724240 914
1724250 914
1724260 914
1724270 914
1724280 915
1724290 916
1724300 916
1724310 914
1724320 921
1724330 921
1724340 929
1724350 936
1724360 936
1724370 942
1724380 949
1724390 949
1724400 956
1724410 963
1724420 963
1724430 969
1724440 975
1724450 975
1724460 982
1724470 987
1724480 987
1724490 994
1724500 1000
1724510 1000
1724520 1006
1724530 1012
1724540 1012
1724550 1017
1724560 1023
1724570 1023
1724580 1029
1724590 1035
1724600 1035
1724610 1040
1724620 1046
1724630 1046
1724640 1051
1724650 1057
1724660 1063
1724670 1063
1724680 1067
1724690 1071
1724700 1071
1724710 1075
1724720 1078
1724730 1078
1724740 1080
1724750 1083
1724760 1083
1724770 1087
1724780 1090
1724790 1090
1724800 1093
1724810 1096
1724820 1096
1724830 1098
1724840 1103
1724850 1103
1724860 1107
1724870 1108
1724880 1108
1724890 1111
1724900 1117
1724910 1117
1724920 1124
1724930 1131
1724940 1131
1724950 1138
1724960 1145
1724970 1145
1724980 1152
1724990 1159
1725000 1159
1725010 1166
1725020 1172
1725030 1172
1725040 1179
1725050 1188
1725060 1188
1725070 1188
1725080 1186
1725090 1186
1725100 1186
1725110 1185
1725120 1185
1725130 1185
1725140 1185
1725150 1186
1725160 1186
1725170 1185
1725180 1185
1725190 1185
1725200 1191
1725210 1189
1725220 1189
1725230 1185
1725240 1184
1725250 1184
1725260 1183
1725270 1185
1725280 1185
1725290 1188
1725300 1193
1725310 1193
1725320 1199
1725330 1202
1725340 1202
1725350 1205
1725360 1213
1725370 1213
1725380 1224
1725390 1220
1725400 1220
1725410 1223
1725420 1228
1725430 1228
1725440 1237
1725450 1242
1725460 1242
1725470 1248
1725480 1253
1725490 1253
1725500 1259
1725510 1265
1725520 1265
1725530 1272
1725540 1279
1725550 1286
1725560 1286
1725570 1297
1725580 1308
1725590 1308
1725600 1312
1725610 1318
1725620 1318
1725630 1325
1725640 1332
1725650 1332
1725660 1340
1725670 1348
1725680 1348
1725690 1354
1725700 1360
1725710 1360
1725720 1366
1725730 1374
1725740 1374
1725750 1381
1725760 1387
1725770 1387
1725780 1394
1725790 1402
1725800 1402
1725810 1409
1725820 1415
1725830 1415
1725840 1422
1725850 1429
1725860 1429
1725870 1435
1725880 1441
1725890 1441
1725900 1446
1725910 1450
1725920 1450
1725930 1450
1725940 1448
1725950 1448
1725960 1446
1725970 1443
1725980 1441
1725990 1441
1726000 1439
1726010 1437
1726020 1437
1726030 1435
1726040 1433
1726050 1433
1726060 1431
1726070 1430
1726080 1430
1726090 1429
1726100 1428
1726110 1428
1726120 1427
1726130 1427
1726140 1427
1726150 1426
1726160 1426
1726170 1426
1726180 1427
1726190 1427
1726200 1427
1726210 1426
1726220 1426
1726230 1426
1726240 1425
1726250 1423
1726260 1423
1726270 1421
1726280 1419
1726290 1419
1726300 1417
1726310 1416
1726320 1416
1726330 1415
1726340 1412
1726350 1412
1726360 1411
1726370 1412
1726380 1412
1726390 1412
1726400 1413
1726410 1413
1726420 1412
1726430 1412
1726440 1413
1726450 1413
1726460 1414
1726470 1416
1726480 1416
1726490 1416
1726500 1420
1726510 1420
1726520 1421
1726530 1420
1726540 1420
1726550 1420
1726560 1423
1726570 1423
1726580 1422
1726590 1423
1726600 1423
1726610 1426
1726620 1432
1726630 1432
1726640 1436
1726650 1438
1726660 1438
1726670 1439
1726680 1438
1726690 1438
1726700 1440
1726710 1443
1726720 1443
1726730 1446
1726740 1450
1726750 1450
1726760 1458
1726770 1467
1726780 1467
1726790 1479
1726800 1486
1726810 1486
1726820 1490
1726830 1494
1726840 1494
1726850 1497
1726860 1499
1726870 1501
1726880 1501
1726890 1503
1726900 1505
1726910 1505
1726920 1507
1726930 1509
1726940 1509
1726950 1512
1726960 1514
1726970 1514
1726980 1516
1726990 1518
1727000 1518
1727010 1519
1727020 1520
1727030 1520
1727040 1521
1727050 1523
1727060 1523
1727070 1523
1727080 1524
1727090 1524
1727100 1525
1727110 1526
1727120 1526
1727130 1527
1727140 1527
1727150 1527
1727160 1527
1727170 1528
1727180 1528
1727190 1528
1727200 1528
1727210 1528
1727220 1529
1727230 1530
1727240 1530
1727250 1531
1727260 1531
1727270 1531
1727280 1530
1727290 1529
1727300 1529
1727310 1529
1727320 1528
1727330 1528
1727340 1528
1727350 1528
1727360 1529
1727370 1529
1727380 1529
1727390 1529
1727400 1529
1727410 1528
1727420 1527
1727430 1527
1727440 1526
1727450 1524
1727460 1524
1727470 1523
1727480 1521
1727490 1521
1727500 1519
1727510 1518
1727520 1518
1727530 1516
1727540 1514
1727550 1514
1727560 1512
1727570 1510
1727580 1510
1727590 1507
1727600 1505
1727610 1505
1727620 1503
1727630 1501
1727640 1501
1727650 1498
1727660 1494
1727670 1494
1727680 1491
1727690 1488
1727700 1488
1727710 1483
1727720 1479
1727730 1479
1727740 1475
1727750 1470
1727760 1464
1727770 1464
1727780 1458
1727790 1451
1727800 1451
1727810 1443
1727820 1435
1727830 1435
1727840 1427
1727850 1419
1727860 1419
1727870 1411
1727880 1404
1727890 1404
1727900 1397
1727910 1389
1727920 1389
1727930 1382
1727940 1374
1727950 1374
1727960 1367
1727970 1360
1727980 1360
1727990 1353
1728000 1347
1728010 1347
1728020 1341
1728030 1334
1728040 1335
1728050 1330
1728060 1324
1728070 1324
1728080 1318
1728090 1313
1728100 1313
1728110 1306
1728120 1301
1728130 1301
1728140 1295
1728150 1289
1728160 1289
1728170 1284
1728180 1278
1728190 1278
1728200 1273
1728210 1266
1728220 1264
1728230 1264
1728240 1257
1728250 1252
1728260 1252
1728270 1247
1728280 1242
1728290 1242
1728300 1236
1728310 1231
1728320 1231
1728330 1225
1728340 1220
1728350 1220
1728360 1215
1728370 1211
1728380 1211
1728390 1207
1728400 1201
1728410 1201
1728420 1197
1728430 1191
1728440 1191
1728450 1188
1728460 1183
1728470 1183
1728480 1178
1728490 1173
1728500 1173
1728510 1168
1728520 1163
1728530 1163
1728540 1157
1728550 1154
1728560 1154
1728570 1149
1728580 1145
1728590 1145
1728600 1142
1728610 1138
1728620 1138
1728630 1135
1728640 1131
1728650 1126
1728660 1126
1728670 1121
1728680 1116
1728690 1116
1728700 1112
1728710 1110
1728720 1110
1728730 1108
1728740 1106
1728750 1106
1728760 1104
1728770 1101
1728780 1101
1728790 1098
1728800 1095
1728810 1095
1728820 1092
1728830 1089
1728840 1089
1728850 1086
1728860 1083
1728870 1083
1728880 1081
1728890 1078
1728900 1078
1728910 1075
1728920 1072
1728930 1072
1728940 1068
1728950 1064
1728960 1064
1728970 1060
1728980 1056
1728990 1056
1729000 1052
1729010 1048
1729020 1048
1729030 1044
1729040 1042
1729050 1042
1729060 1040
1729070 1039
1729080 1038
1729090 1038
1729100 1037
1729110 1034
1729120 1034
1729130 1033
1729140 1031
1729150 1031
1729160 1030
1729170 1028
1729180 1028
1729190 1026
1729200 1024
1729210 1024
1729220 1021
1729230 1020
1729240 1020
1729250 1018
1729260 1018
1729270 1018
1729280 1017
1729290 1016
1729300 1016
1729310 1015
1729320 1013
1729330 1013
1729340 1012
1729350 1010
1729360 1010
1729370 1008
1729380 1007
1729390 1007
1729400 1006
1729410 1004
1729420 1004
1729430 1002
1729440 1001
1729450 1001
1729460 999
1729470 997
1729480 997
1729490 995
1729500 993
1729510 993
1729520 991
1729530 990
1729540 988
1729550 988
1729560 986
1729570 984
1729580 984
1729590 983
1729600 983
1729610 983
1729620 983
1729630 983
1729640 983
1729650 982
1729660 981
1729670 981
1729680 981
1729690 980
1729700 980
1729710 978
1729720 977
1729730 977
1729740 977
1729750 977
1729760 977
1729770 977
1729780 976
1729790 976
1729800 976
1729810 975
1729820 975
1729830 974
1729840 973
1729850 973
1729860 973
1729870 973
1729880 973
1729890 972
1729900 972
1729910 972
1729920 971
1729930 971
1729940 971
1729950 972
1729960 972
1729970 972
1729980 972
1729990 972
1730000 972
1730010 972
1730020 972
1730030 970
1730040 970
1730050 969
1730060 967
1730070 967
1730080 964
1730090 962
1730100 962
1730110 960
1730120 957
1730130 957
1730140 953
1730150 952
1730160 952
1730170 949
1730180 947
1730190 947
1730200 947
1730210 944
1730220 944
1730230 941
1730240 938
1730250 938
1730260 936
1730270 932
1730280 932
1730290 929
1730300 927
1730310 927
1730320 928
1730330 928
1730340 928
1730350 924
1730360 919
1730370 919
1730380 914
1730390 907
1730400 907
1730410 899
1730420 888
1730430 880
1730440 880
1730450 868
1730460 856
1730470 856
1730480 849
1730490 841
1730500 841
1730510 833
1730520 824
1730530 824
1730540 817
1730550 810
1730560 810
1730570 804
1730580 798
1730590 798
1730600 795
1730610 787
1730620 787
1730630 786
1730640 788
1730650 788
1730660 794
1730670 801
1730680 801
1730690 808
1730700 831
1730710 831
1730720 850
1730730 864
1730740 864
1730750 868
1730760 872
1730770 872
1730780 880
1730790 885
1730800 885
1730810 888
1730820 890
1730830 890
1730840 893
1730850 894
1730860 894
1730870 894
1730880 893
1730890 894
1730900 894
1730910 895
1730920 895
1730930 895
1730940 896
1730950 896
1730960 896
1730970 897
1730980 897
1730990 897
1731000 897
1731010 898
1731020 898
1731030 899
1731040 901
1731050 901
1731060 903
1731070 905
1731080 905
1731090 907
1731100 911
1731110 911
1731120 911
1731130 913
1731140 913
1731150 916
1731160 918
1731170 918
1731180 920
1731190 922
1731200 922
1731210 923
1731220 925
1731230 925
1731240 927
1731250 928
1731260 928
1731270 930
1731280 931
1731290 931
1731300 933
1731310 934
1731320 935
1731330 935
1731340 936
1731350 937
1731360 937
1731370 938
1731380 939
1731390 939
1731400 939
1731410 940
1731420 940
1731430 940
1731440 941
1731450 941
1731460 940
1731470 940
1731480 940
1731490 940
1731500 941
1731510 941
1731520 944
1731530 947
1731540 947
1731550 951
1731560 954
1731570 954
1731580 956
1731590 959
1731600 959
1731610 962
1731620 964
1731630 964
1731640 967
1731650 969
1731660 969
1731670 970
1731680 973
1731690 973
1731700 975
1731710 977
1731720 977
1731730 979
1731740 980
1731750 980
1731760 980
1731770 980
1731780 980
1731790 980
1731800 979
1731810 978
1731820 978
1731830 977
1731840 976
1731850 976
1731860 974
1731870 972
1731880 972
1731890 971
1731900 969
1731910 969
1731920 967
1731930 965
1731940 965
1731950 962
1731960 959
1731970 959
1731980 954
1731990 950
1732000 950
1732010 945
1732020 940
1732030 940
1732040 935
1732050 930
1732060 930
1732070 926
1732080 927
1732090 927
1732100 929
1732110 930
1732120 930
1732130 932
1732140 934
1732150 934
1732160 935
1732170 936
1732180 936
1732190 936
1732200 936
1732210 934
1732220 934
1732230 930
1732240 924
1732250 924
1732260 918
1732270 913
1732280 911
1732290 906
1732300 900
1732310 900
1732320 896
1732330 891
1732340 891
1732350 886
1732360 881
1732370 881
1732380 876
1732390 871
1732400 871
1732410 866
1732420 860
1732430 860
1732440 855
1732450 849
1732460 849
1732470 842
1732480 846
1732490 846
1732500 842
1732510 833
1732520 833
1732530 817
1732540 810
1732550 810
1732560 809
1732570 809
1732580 809
1732590 811
1732600 814
1732610 814
1732620 821
1732630 828
1732640 835
1732650 835
1732660 854
1732670 855
1732680 855
1732690 860
1732700 868
1732710 868
1732720 877
1732730 884
1732740 884
1732750 892
1732760 899
1732770 899
1732780 903
1732790 905
1732800 905
1732810 908
1732820 912
1732830 912
1732840 916
1732850 921
1732860 921
1732870 926
1732880 931
1732890 931
1732900 936
1732910 941
1732920 941
1732930 945
1732940 950
1732950 950
1732960 956
1732970 961
1732980 961
1732990 966
1733000 971
1733010 971
1733020 977
1733030 982
1733040 982
1733050 988
1733060 994
1733070 994
1733080 1000
1733090 1005
1733100 1009
1733110 1009
1733120 1011
1733130 1007
1733140 1007
1733150 1009
1733160 1012
1733170 1012
1733180 1013
1733190 1011
1733200 1011
1733210 1008
1733220 1010
1733230 1010
1733240 1013
1733250 1015
1733260 1015
1733270 1019
1733280 1026
1733290 1026
1733300 1033
1733310 1039
1733320 1039
1733330 1041
1733340 1043
1733350 1043
1733360 1046
1733370 1050
1733380 1050
1733390 1053
1733400 1058
1733410 1058
1733420 1064
1733430 1070
1733440 1070
1733450 1077
1733460 1079
1733470 1079
1733480 1079
1733490 1080
1733500 1080
1733510 1082
1733520 1084
1733530 1087
1733540 1087
1733550 1089
1733560 1090
1733570 1090
1733580 1088
1733590 1087
1733600 1087
1733610 1088
1733620 1085
1733630 1085
1733640 1080
1733650 1074
1733660 1074
1733670 1071
1733680 1069
1733690 1069
1733700 1065
1733710 1061
1733720 1061
1733730 1064
1733740 1067
1733750 1067
1733760 1065
1733770 1067
1733780 1067
1733790 1065
1733800 1068
1733810 1068
1733820 1068
1733830 1073
1733840 1073
1733850 1079
1733860 1084
1733870 1084
1733880 1085
1733890 1085
1733900 1085
1733910 1089
1733920 1093
1733930 1093
1733940 1098
1733950 1101
1733960 1101
1733970 1104
1733980 1108
1733990 1113
1734000 1113
1734010 1118
1734020 1124
1734030 1124
1734040 1131
1734050 1136
1734060 1136
1734070 1142
1734080 1148
1734090 1148
1734100 1153
1734110 1158
1734120 1158
1734130 1163
1734140 1167
1734150 1167
1734160 1171
1734170 1175
1734180 1175
1734190 1180
1734200 1186
1734210 1186
1734220 1189
1734230 1193
1734240 1193
1734250 1199
1734260 1203
1734270 1203
1734280 1209
1734290 1210
1734300 1210
1734310 1216
1734320 1222
1734330 1222
1734340 1226
1734350 1229
1734360 1229
1734370 1233
1734380 1236
1734390 1236
1734400 1244
1734410 1250
1734420 1282
1734430 1282
1734440 1309
1734450 1311
1734460 1311
1734470 1311
1734480 1314
1734490 1314
1734500 1325
1734510 1329
1734520 1329
1734530 1325
1734540 1325
1734550 1325
1734560 1320
1734570 1320
1734580 1320
1734590 1320
1734600 1322
1734610 1322
1734620 1324
1734630 1326
1734640 1326
1734650 1328
1734660 1331
1734670 1331
1734680 1332
1734690 1335
1734700 1335
1734710 1336
1734720 1335
1734730 1335
1734740 1336
1734750 1337
1734760 1337
1734770 1342
1734780 1347
1734790 1347
1734800 1349
1734810 1354
1734820 1354
1734830 1357
1734840 1360
1734850 1363
1734860 1363
1734870 1366
1734880 1370
1734890 1370
1734900 1373
1734910 1375
1734920 1375
1734930 1378
1734940 1380
1734950 1380
1734960 1386
1734970 1392
1734980 1392
1734990 1394
1735000 1404
1735010 1404
1735020 1400
1735030 1400
1735040 1400
1735050 1402
1735060 1405
1735070 1405
1735080 1408
1735090 1411
1735100 1411
1735110 1415
1735120 1420
1735130 1420
1735140 1425
1735150 1431
1735160 1431
1735170 1437
1735180 1443
1735190 1443
1735200 1448
1735210 1459
1735220 1459
1735230 1466
1735240 1470
1735250 1470
1735260 1475
1735270 1486
1735280 1486
1735290 1496
1735300 1505
1735310 1514
1735320 1514
1735330 1521
1735340 1527
1735350 1527
1735360 1542
1735370 1561
1735380 1561
1735390 1566
1735400 1563
1735410 1563
1735420 1558
1735430 1555
1735440 1555
1735450 1561
1735460 1561
1735470 1561
1735480 1560
1735490 1561
1735500 1561
1735510 1558
1735520 1555
1735530 1555
1735540 1554
1735550 1553
1735560 1553
1735570 1558
1735580 1570
1735590 1570
1735600 1583
1735610 1589
1735620 1589
1735630 1584
1735640 1593
1735650 1593
1735660 1608
1735670 1607
1735680 1607
1735690 1610
1735700 1608
1735710 1608
1735720 1612
1735730 1605
1735740 1611
1735750 1611
1735760 1601
1735770 1591
1735780 1591
1735790 1605
1735800 1612
1735810 1612
1735820 1615
1735830 1625
1735840 1625
1735850 1627
1735860 1633
1735870 1633
1735880 1634
1735890 1627
1735900 1627
1735910 1626
1735920 1630
1735930 1630
1735940 1648
1735950 1648
1735960 1648
1735970 1668
1735980 1675
1735990 1675
1736000 1674
1736010 1672
1736020 1672
1736030 1670
1736040 1672
1736050 1672
1736060 1671
1736070 1661
1736080 1661
1736090 1653
1736100 1648
1736110 1648
1736120 1641
1736130 1636
1736140 1636
1736150 1632
1736160 1625
1736170 1625
1736180 1619
1736190 1612
1736200 1611
1736210 1611
1736220 1607
1736230 1602
1736240 1602
1736250 1602
1736260 1599
1736270 1599
1736280 1595
1736290 1593
1736300 1593
1736310 1606
1736320 1626
1736330 1626
1736340 1639
1736350 1635
1736360 1635
1736370 1633
1736380 1659
1736390 1659
1736400 1666
1736410 1661
1736420 1661
1736430 1657
1736440 1653
1736450 1653
1736460 1665
1736470 1668
1736480 1668
1736490 1671
1736500 1674
1736510 1674
1736520 1678
1736530 1678
1736540 1678
1736550 1678
1736560 1677
1736570 1677
1736580 1676
1736590 1676
1736600 1676
1736610 1675
1736620 1675
1736630 1674
1736640 1674
1736650 1673
1736660 1674
1736670 1674
1736680 1674
1736690 1674
1736700 1674
1736710 1674
1736720 1674
1736730 1674
1736740 1674
1736750 1674
1736760 1674
1736770 1673
1736780 1672
1736790 1672
1736800 1671
1736810 1669
1736820 1669
1736830 1660
1736840 1652
1736850 1652
1736860 1643
1736870 1636
1736880 1636
1736890 1626
1736900 1619
1736910 1619
1736920 1607
1736930 1601
1736940 1601
1736950 1569
1736960 1563
1736970 1563
1736980 1557
1736990 1551
1737000 1551
1737010 1545
1737020 1538
1737030 1538
1737040 1532
1737050 1526
1737060 1526
1737070 1521
1737080 1517
1737090 1511
1737100 1511
1737110 1507
1737120 1505
1737130 1505
1737140 1501
1737150 1497
1737160 1497
1737170 1489
1737180 1482
1737190 1482
1737200 1476
1737210 1469
1737220 1469
1737230 1462
1737240 1452
1737250 1452
1737260 1445
1737270 1438
1737280 1438
1737290 1431
1737300 1426
1737310 1426
1737320 1420
1737330 1416
1737340 1416
1737350 1415
1737360 1412
1737370 1412
1737380 1407
1737390 1403
1737400 1403
1737410 1398
1737420 1393
1737430 1393
1737440 1387
1737450 1381
1737460 1381
1737470 1375
1737480 1369
1737490 1369
1737500 1363
1737510 1357
1737520 1351
1737530 1351
1737540 1345
1737550 1342
1737560 1342
1737570 1339
1737580 1337
1737590 1337
1737600 1334
1737610 1332
1737620 1332
1737630 1327
1737640 1323
1737650 1323
1737660 1319
1737670 1313
1737680 1313
1737690 1307
1737700 1302
1737710 1302
1737720 1296
1737730 1289
1737740 1289
1737750 1283
1737760 1279
1737770 1279
1737780 1278
1737790 1277
1737800 1277
1737810 1273
1737820 1268
1737830 1268
1737840 1261
1737850 1256
1737860 1256
1737870 1250
1737880 1244
1737890 1244
1737900 1241
1737910 1239
1737920 1239
1737930 1235
1737940 1230
1737950 1230
1737960 1226
1737970 1221
1737980 1217
1737990 1217
1738000 1211
1738010 1205
1738020 1205
1738030 1198
1738040 1188
1738050 1188
1738060 1179
1738070 1170
1738080 1170
1738090 1164
1738100 1161
1738110 1161
1738120 1158
1738130 1154
1738140 1154
1738150 1145
1738160 1144
1738170 1144
1738180 1138
1738190 1133
1738200 1133
1738210 1129
1738220 1125
1738230 1125
1738240 1121
1738250 1119
1738260 1119
1738270 1118
1738280 1117
1738290 1117
1738300 1115
1738310 1113
1738320 1113
1738330 1110
1738340 1106
1738350 1106
1738360 1102
1738370 1098
1738380 1098
1738390 1094
1738400 1090
1738410 1086
1738420 1086
1738430 1081
1738440 1077
1738450 1077
1738460 1073
1738470 1069
1738480 1069
1738490 1067
1738500 1065
1738510 1065
1738520 1062
1738530 1059
1738540 1059
1738550 1056
1738560 1052
1738570 1052
1738580 1051
1738590 1048
1738600 1048
1738610 1045
1738620 1042
1738630 1042
1738640 1039
1738650 1033
1738660 1033
1738670 1033
1738680 1031
1738690 1031
1738700 1029
1738710 1026
1738720 1026
1738730 1023
1738740 1020
1738750 1020
1738760 1018
1738770 1015
1738780 1015
1738790 1013
1738800 1009
1738810 1009
1738820 1006
1738830 1004
1738840 1004
1738850 1004
1738860 1000
1738870 999
1738880 999
1738890 997
1738900 998
1738910 998
1738920 994
1738930 992
1738940 992
1738950 991
1738960 990
1738970 990
1738980 988
1738990 987
1739000 987
1739010 987
1739020 985
1739030 985
1739040 983
1739050 981
1739060 981
1739070 979
1739080 978
1739090 978
1739100 978
1739110 977
1739120 977
1739130 978
1739140 978
1739150 978
1739160 979
1739170 979
1739180 979
1739190 979
1739200 978
1739210 978
1739220 978
1739230 977
1739240 977
1739250 976
1739260 975
1739270 975
1739280 974
1739290 974
1739300 973
1739310 973
1739320 972
1739330 970
1739340 970
1739350 969
1739360 968
1739370 968
1739380 967
1739390 964
1739400 964
1739410 961
1739420 961
1739430 961
1739440 963
1739450 962
1739460 962
1739470 962
1739480 960
1739490 960
1739500 958
1739510 957
1739520 957
1739530 955
1739540 953
1739550 953
1739560 952
1739570 951
1739580 951
1739590 949
1739600 947
1739610 947
1739620 945
1739630 943
1739640 943
1739650 942
1739660 939
1739670 939
1739680 936
1739690 933
1739700 933
1739710 930
1739720 926
1739730 926
1739740 922
1739750 919
1739760 915
1739770 915
1739780 911
1739790 908
1739800 908
1739810 905
1739820 902
1739830 902
1739840 900
1739850 898
1739860 898
1739870 897
1739880 896
1739890 896
1739900 895
1739910 895
1739920 895
1739930 894
1739940 895
1739950 895
1739960 896
1739970 896
1739980 896
1739990 898
