1720000 1296
1720010 1298
1720020 1298
1720030 1298
1720040 1300
1720050 1301
1720060 1301
1720070 1303
1720080 1304
1720090 1304
1720100 1305
1720110 1306
1720120 1306
1720130 1307
1720140 1309
1720150 1309
1720160 1310
1720170 1311
1720180 1311
1720190 1311
1720200 1312
1720210 1312
1720220 1312
1720230 1310
1720240 1310
1720250 1309
1720260 1308
1720270 1308
1720280 1307
1720290 1305
1720300 1305
1720310 1303
1720320 1302
1720330 1302
1720340 1303
1720350 1304
1720360 1304
1720370 1305
1720380 1305
1720390 1305
1720400 1305
1720410 1304
1720420 1303
1720430 1303
1720440 1301
1720450 1298
1720460 1298
1720470 1292
1720480 1286
1720490 1286
1720500 1278
1720510 1271
1720520 1271
1720530 1262
1720540 1255
1720550 1255
1720560 1248
1720570 1239
1720580 1239
1720590 1231
1720600 1223
1720610 1223
1720620 1215
1720630 1207
1720640 1207
1720650 1199
1720660 1191
1720670 1191
1720680 1184
1720690 1178
1720700 1178
1720710 1172
1720720 1168
1720730 1168
1720740 1163
1720750 1160
1720760 1160
1720770 1153
1720780 1146
1720790 1146
1720800 1139
1720810 1133
1720820 1133
1720830 1128
1720840 1122
1720850 1122
1720860 1116
1720870 1111
1720880 1105
1720890 1105
1720900 1101
1720910 1096
1720920 1096
1720930 1091
1720940 1087
1720950 1087
1720960 1083
1720970 1078
1720980 1078
1720990 1074
1721000 1069
1721010 1069
1721020 1066
1721030 1062
1721040 1062
1721050 1059
1721060 1053
1721070 1053
1721080 1048
1721090 1046
1721100 1046
1721110 1049
1721120 1053
1721130 1053
1721140 1055
1721150 1058
1721160 1058
1721170 1061
1721180 1062
1721190 1062
1721200 1062
1721210 1063
1721220 1063
1721230 1065
1721240 1066
1721250 1066
1721260 1069
1721270 1072
1721280 1072
1721290 1074
1721300 1073
1721310 1072
1721320 1065
1721330 1067
1721340 1070
1721350 1070
1721360 1075
1721370 1079
1721380 1079
1721390 1080
1721400 1077
1721410 1077
1721420 1073
1721430 1069
1721440 1069
1721450 1058
1721460 1052
1721470 1052
1721480 1050
1721490 1049
1721500 1049
1721510 1047
1721520 1039
1721530 1039
1721540 1031
1721550 1024
1721560 1024
1721570 1017
1721580 1011
1721590 1011
1721600 1009
1721610 1006
1721620 1006
1721630 1003
1721640 998
1721650 998
1721660 994
1721670 990
1721680 990
1721690 986
1721700 982
1721710 982
1721720 978
1721730 974
1721740 974
1721750 969
1721760 965
1721770 960
1721780 960
1721790 956
1721800 952
1721810 952
1721820 948
1721830 943
1721840 943
1721850 939
1721860 935
1721870 935
1721880 931
1721890 928
1721900 928
1721910 925
1721920 924
1721930 924
1721940 922
1721950 920
1721960 920
1721970 918
1721980 916
1721990 916
1722000 913
1722010 910
1722020 910
1722030 908
1722040 905
1722050 905
1722060 902
1722070 899
1722080 899
1722090 896
1722100 893
1722110 893
1722120 891
1722130 889
1722140 889
1722150 889
1722160 888
1722170 888
1722180 887
1722190 884
1722200 883
1722210 883
1722220 884
1722230 882
1722240 882
1722250 880
1722260 877
1722270 877
1722280 872
1722290 873
1722300 873
1722310 872
1722320 869
1722330 869
1722340 868
1722350 867
1722360 867
1722370 866
1722380 865
1722390 865
1722400 866
1722410 866
1722420 866
1722430 867
1722440 868
1722450 868
1722460 871
1722470 874
1722480 874
1722490 876
1722500 877
1722510 877
1722520 874
1722530 877
1722540 877
1722550 878
1722560 879
1722570 879
1722580 881
1722590 882
1722600 882
1722610 884
1722620 885
1722630 885
1722640 887
1722650 889
1722660 891
1722670 891
1722680 892
1722690 894
1722700 894
1722710 896
1722720 897
1722730 897
1722740 898
1722750 900
1722760 900
1722770 899
1722780 895
1722790 895
1722800 893
1722810 890
1722820 890
1722830 887
1722840 880
1722850 880
1722860 876
1722870 870
1722880 870
1722890 865
1722900 857
1722910 857
1722920 852
1722930 846
1722940 846
1722950 841
1722960 835
1722970 835
1722980 828
1722990 823
1723000 823
1723010 814
1723020 807
1723030 807
1723040 799
1723050 796
1723060 796
1723070 795
1723080 792
1723090 792
1723100 792
1723110 792
1723120 796
1723130 796
1723140 798
1723150 799
1723160 799
1723170 800
1723180 800
1723190 800
1723200 800
1723210 800
1723220 800
1723230 800
1723240 800
1723250 800
1723260 802
1723270 804
1723280 804
1723290 807
1723300 806
1723310 806
1723320 812
1723330 816
1723340 816
1723350 819
1723360 823
1723370 823
1723380 826
1723390 828
1723400 828
1723410 829
1723420 827
1723430 827
1723440 831
1723450 835
1723460 835
1723470 840
1723480 845
1723490 845
1723500 849
1723510 852
1723520 852
1723530 853
1723540 854
1723550 855
1723560 855
1723570 854
1723580 851
1723590 851
1723600 848
1723610 845
1723620 845
1723630 842
1723640 840
1723650 840
1723660 837
1723670 838
1723680 838
1723690 839
1723700 840
1723710 840
1723720 842
1723730 843
1723740 850
1723750 851
1723760 851
1723770 851
1723780 854
1723790 858
1723800 858
1723810 860
1723820 864
1723830 864
1723840 867
1723850 871
1723860 871
1723870 875
1723880 879
1723890 879
1723900 882
1723910 887
1723920 887
1723930 891
1723940 897
1723950 897
1723960 904
1723970 909
1723980 913
1723990 913
1724000 918
1724010 923
1724020 923
1724030 927
1724040 933
1724050 933
1724060 938
1724070 942
1724080 942
1724090 947
1724100 951
1724110 951
1724120 955
1724130 960
1724140 960
1724150 964
1724160 969
1724170 969
1724180 973
1724190 977
1724200 977
1724210 981
1724220 985
1724230 985
1724240 988
1724250 989
1724260 989
1724270 990
1724280 989
1724290 989
1724300 989
1724310 989
1724320 989
1724330 989
1724340 991
1724350 991
1724360 992
1724370 995
1724380 995
1724390 997
1724400 1001
1724410 1001
1724420 1005
1724430 1009
1724440 1015
1724450 1015
1724460 1020
1724470 1026
1724480 1026
1724490 1032
1724500 1034
1724510 1034
1724520 1041
1724530 1046
1724540 1046
1724550 1052
1724560 1057
1724570 1057
1724580 1063
1724590 1069
1724600 1069
1724610 1076
1724620 1082
1724630 1082
1724640 1089
1724650 1095
1724660 1095
1724670 1101
1724680 1107
1724690 1107
1724700 1114
1724710 1120
1724720 1120
1724730 1127
1724740 1134
1724750 1134
1724760 1141
1724770 1148
1724780 1148
1724790 1155
1724800 1163
1724810 1163
1724820 1171
1724830 1179
1724840 1179
1724850 1187
1724860 1196
1724870 1209
1724880 1209
1724890 1219
1724900 1226
1724910 1226
1724920 1239
1724930 1247
1724940 1247
1724950 1251
1724960 1255
1724970 1255
1724980 1259
1724990 1263
1725000 1263
1725010 1267
1725020 1270
1725030 1270
1725040 1275
1725050 1280
1725060 1280
1725070 1284
1725080 1289
1725090 1289
1725100 1294
1725110 1298
1725120 1298
1725130 1303
1725140 1309
1725150 1309
1725160 1313
1725170 1318
1725180 1318
1725190 1324
1725200 1330
1725210 1330
1725220 1336
1725230 1343
1725240 1343
1725250 1351
1725260 1362
1725270 1362
1725280 1370
1725290 1377
1725300 1377
1725310 1384
1725320 1392
1725330 1383
1725340 1383
1725350 1399
1725360 1406
1725370 1406
1725380 1410
1725390 1407
1725400 1407
1725410 1388
1725420 1382
1725430 1382
1725440 1393
1725450 1389
1725460 1389
1725470 1383
1725480 1384
1725490 1384
1725500 1390
1725510 1398
1725520 1398
1725530 1393
1725540 1393
1725550 1393
1725560 1397
1725570 1399
1725580 1399
1725590 1398
1725600 1392
1725610 1392
1725620 1388
1725630 1380
1725640 1380
1725650 1377
1725660 1376
1725670 1376
1725680 1376
1725690 1378
1725700 1378
1725710 1385
1725720 1375
1725730 1375
1725740 1384
1725750 1384
1725760 1376
1725770 1376
1725780 1375
1725790 1380
1725800 1380
1725810 1385
1725820 1385
1725830 1385
1725840 1389
1725850 1386
1725860 1386
1725870 1385
1725880 1383
1725890 1383
1725900 1385
1725910 1388
1725920 1388
1725930 1393
1725940 1398
1725950 1398
1725960 1403
1725970 1410
1725980 1410
1725990 1417
1726000 1422
1726010 1422
1726020 1427
1726030 1433
1726040 1433
1726050 1437
1726060 1446
1726070 1446
1726080 1450
1726090 1454
1726100 1454
1726110 1457
1726120 1460
1726130 1460
1726140 1463
1726150 1466
1726160 1466
1726170 1468
1726180 1470
1726190 1470
1726200 1473
1726210 1475
1726220 1477
1726230 1477
1726240 1478
1726250 1479
1726260 1479
1726270 1481
1726280 1483
1726290 1483
1726300 1484
1726310 1487
1726320 1487
1726330 1488
1726340 1491
1726350 1491
1726360 1493
1726370 1495
1726380 1495
1726390 1497
1726400 1499
1726410 1499
1726420 1501
1726430 1503
1726440 1503
1726450 1506
1726460 1508
1726470 1508
1726480 1510
1726490 1513
1726500 1513
1726510 1515
1726520 1516
1726530 1516
1726540 1519
1726550 1521
1726560 1521
1726570 1523
1726580 1525
1726590 1525
1726600 1526
1726610 1527
1726620 1527
1726630 1529
1726640 1530
1726650 1530
1726660 1531
1726670 1533
1726680 1534
1726690 1534
1726700 1535
1726710 1536
1726720 1536
1726730 1536
1726740 1537
1726750 1537
1726760 1538
1726770 1538
1726780 1538
1726790 1539
1726800 1538
1726810 1538
1726820 1537
1726830 1536
1726840 1536
1726850 1535
1726860 1534
1726870 1534
1726880 1533
1726890 1531
1726900 1531
1726910 1530
1726920 1528
1726930 1528
1726940 1526
1726950 1525
1726960 1525
1726970 1524
1726980 1523
1726990 1523
1727000 1522
1727010 1521
1727020 1521
1727030 1520
1727040 1517
1727050 1517
1727060 1512
1727070 1508
1727080 1508
1727090 1508
1727100 1511
1727110 1512
1727120 1512
1727130 1513
1727140 1514
1727150 1514
1727160 1515
1727170 1516
1727180 1516
1727190 1516
1727200 1517
1727210 1517
1727220 1517
1727230 1519
1727240 1519
1727250 1521
1727260 1522
1727270 1522
1727280 1523
1727290 1523
1727300 1523
1727310 1524
1727320 1525
1727330 1525
1727340 1526
1727350 1526
1727360 1526
1727370 1527
1727380 1528
1727390 1528
1727400 1528
1727410 1529
1727420 1529
1727430 1530
1727440 1531
1727450 1531
1727460 1532
1727470 1534
1727480 1534
1727490 1535
1727500 1536
1727510 1536
1727520 1538
1727530 1539
1727540 1539
1727550 1541
1727560 1542
1727570 1539
1727580 1539
1727590 1526
1727600 1514
1727610 1514
1727620 1504
1727630 1496
1727640 1496
1727650 1489
1727660 1484
1727670 1484
1727680 1479
1727690 1473
1727700 1473
1727710 1468
1727720 1464
1727730 1464
1727740 1459
1727750 1453
1727760 1453
1727770 1446
1727780 1440
1727790 1440
1727800 1433
1727810 1425
1727820 1425
1727830 1418
1727840 1411
1727850 1411
1727860 1406
1727870 1401
1727880 1401
1727890 1394
1727900 1390
1727910 1390
1727920 1384
1727930 1378
1727940 1378
1727950 1374
1727960 1369
1727970 1369
1727980 1365
1727990 1359
1728000 1351
1728010 1351
1728020 1343
1728030 1336
1728040 1336
1728050 1330
1728060 1325
1728070 1325
1728080 1319
1728090 1312
1728100 1312
1728110 1305
1728120 1297
1728130 1297
1728140 1290
1728150 1284
1728160 1284
1728170 1280
1728180 1274
1728190 1274
1728200 1269
1728210 1263
1728220 1263
1728230 1257
1728240 1253
1728250 1253
1728260 1246
1728270 1244
1728280 1244
1728290 1232
1728300 1228
1728310 1228
1728320 1224
1728330 1218
1728340 1218
1728350 1214
1728360 1210
1728370 1210
1728380 1206
1728390 1202
1728400 1202
1728410 1197
1728420 1192
1728430 1192
1728440 1187
1728450 1183
1728460 1179
1728470 1179
1728480 1174
1728490 1169
1728500 1169
1728510 1164
1728520 1159
1728530 1159
1728540 1154
1728550 1148
1728560 1148
1728570 1143
1728580 1138
1728590 1138
1728600 1133
1728610 1129
1728620 1129
1728630 1123
1728640 1121
1728650 1121
1728660 1115
1728670 1112
1728680 1112
1728690 1108
1728700 1104
1728710 1104
1728720 1099
1728730 1095
1728740 1095
1728750 1091
1728760 1086
1728770 1086
1728780 1083
1728790 1079
1728800 1079
1728810 1076
1728820 1072
1728830 1072
1728840 1070
1728850 1067
1728860 1067
1728870 1065
1728880 1063
1728890 1058
1728900 1058
1728910 1055
1728920 1052
1728930 1052
1728940 1049
1728950 1045
1728960 1045
1728970 1043
1728980 1040
1728990 1040
1729000 1037
1729010 1035
1729020 1035
1729030 1032
1729040 1030
1729050 1030
1729060 1027
1729070 1025
1729080 1025
1729090 1024
1729100 1021
1729110 1021
1729120 1020
1729130 1018
1729140 1018
1729150 1016
1729160 1014
1729170 1014
1729180 1012
1729190 1009
1729200 1009
1729210 1006
1729220 1004
1729230 1004
1729240 1003
1729250 1002
1729260 1002
1729270 1000
1729280 997
1729290 997
1729300 995
1729310 992
1729320 992
1729330 991
1729340 989
1729350 986
1729360 986
1729370 986
1729380 985
1729390 985
1729400 984
1729410 981
1729420 981
1729430 976
1729440 972
1729450 972
1729460 967
1729470 964
1729480 964
1729490 961
1729500 960
1729510 960
1729520 957
1729530 955
1729540 955
1729550 953
1729560 953
1729570 953
1729580 954
1729590 954
1729600 954
1729610 955
1729620 956
1729630 956
1729640 957
1729650 957
1729660 957
1729670 958
1729680 958
1729690 958
1729700 959
1729710 959
1729720 959
1729730 959
1729740 958
1729750 958
1729760 958
1729770 959
1729780 958
1729790 958
1729800 957
1729810 957
1729820 957
1729830 956
1729840 954
1729850 954
1729860 953
1729870 950
1729880 950
1729890 948
1729900 945
1729910 945
1729920 942
1729930 939
1729940 939
1729950 935
1729960 932
1729970 932
1729980 927
1729990 924
1730000 924
1730010 920
1730020 917
1730030 917
1730040 913
1730050 909
1730060 909
1730070 906
1730080 904
1730090 904
1730100 900
1730110 897
1730120 897
1730130 893
1730140 891
1730150 891
1730160 890
1730170 888
1730180 888
1730190 887
1730200 884
1730210 884
1730220 882
1730230 878
1730240 873
1730250 873
1730260 873
1730270 872
1730280 872
1730290 868
1730300 863
1730310 863
1730320 847
1730330 843
1730340 843
1730350 839
1730360 836
1730370 836
1730380 831
1730390 827
1730400 827
1730410 823
1730420 820
1730430 820
1730440 818
1730450 817
1730460 817
1730470 816
1730480 814
1730490 814
1730500 813
1730510 811
1730520 811
1730530 811
1730540 809
1730550 809
1730560 809
1730570 802
1730580 802
1730590 799
1730600 799
1730610 799
1730620 800
1730630 800
1730640 800
1730650 805
1730660 809
1730670 812
1730680 812
1730690 813
1730700 815
1730710 815
1730720 815
1730730 815
1730740 815
1730750 814
1730760 815
1730770 815
1730780 821
1730790 826
1730800 826
1730810 830
1730820 833
1730830 833
1730840 838
1730850 844
1730860 844
1730870 849
1730880 851
1730890 851
1730900 853
1730910 855
1730920 855
1730930 859
1730940 862
1730950 862
1730960 866
1730970 871
1730980 871
1730990 875
1731000 880
1731010 880
1731020 884
1731030 888
1731040 888
1731050 891
1731060 894
1731070 894
1731080 896
1731090 897
1731100 897
1731110 899
1731120 901
1731130 902
1731140 902
1731150 903
1731160 904
1731170 904
1731180 904
1731190 903
1731200 903
1731210 900
1731220 897
1731230 897
1731240 895
1731250 893
1731260 893
1731270 893
1731280 897
1731290 897
1731300 902
1731310 906
1731320 906
1731330 910
1731340 913
1731350 913
1731360 916
1731370 918
1731380 918
1731390 921
1731400 923
1731410 923
1731420 924
1731430 924
1731440 924
1731450 922
1731460 924
1731470 924
1731480 930
1731490 936
1731500 936
1731510 941
1731520 946
1731530 946
1731540 950
1731550 954
1731560 958
1731570 958
1731580 962
1731590 967
1731600 967
1731610 972
1731620 976
1731630 976
1731640 982
1731650 987
1731660 987
1731670 990
1731680 995
1731690 995
1731700 999
1731710 1003
1731720 1003
1731730 1007
1731740 1010
1731750 1010
1731760 1013
1731770 1015
1731780 1015
1731790 1016
1731800 1017
1731810 1017
1731820 1018
1731830 1019
1731840 1019
1731850 1017
1731860 1014
1731870 1014
1731880 1011
1731890 1007
1731900 1007
1731910 1003
1731920 1003
1731930 1003
1731940 1003
1731950 1003
1731960 1003
1731970 1005
1731980 1007
1731990 1007
1732000 1009
1732010 1012
1732020 1014
1732030 1014
1732040 1015
1732050 1011
1732060 1011
1732070 1007
1732080 1002
1732090 1002
1732100 995
1732110 990
1732120 990
1732130 983
1732140 977
1732150 977
1732160 970
1732170 963
1732180 963
1732190 957
1732200 951
1732210 951
1732220 945
1732230 938
1732240 938
1732250 938
1732260 947
1732270 947
1732280 954
1732290 960
1732300 960
1732310 969
1732320 973
1732330 973
1732340 980
1732350 979
1732360 979
1732370 972
1732380 967
1732390 967
1732400 964
1732410 961
1732420 961
1732430 959
1732440 959
1732450 958
1732460 958
1732470 955
1732480 946
1732490 946
1732500 937
1732510 929
1732520 933
1732530 925
1732540 916
1732550 916
1732560 907
1732570 898
1732580 898
1732590 891
1732600 883
1732610 883
1732620 876
1732630 868
1732640 868
1732650 857
1732660 849
1732670 849
1732680 842
1732690 852
1732700 852
1732710 857
1732720 861
1732730 861
1732740 862
1732750 861
1732760 861
1732770 859
1732780 856
1732790 856
1732800 852
1732810 852
1732820 852
1732830 851
1732840 846
1732850 846
1732860 843
1732870 840
1732880 840
1732890 840
1732900 841
1732910 843
1732920 843
1732930 845
1732940 848
1732950 848
1732960 849
1732970 850
1732980 850
1732990 852
1733000 854
1733010 854
1733020 858
1733030 861
1733040 861
1733050 866
1733060 871
1733070 871
1733080 874
1733090 875
1733100 875
1733110 876
1733120 878
1733130 878
1733140 875
1733150 867
1733160 867
1733170 865
1733180 867
1733190 867
1733200 868
1733210 869
1733220 869
1733230 870
1733240 872
1733250 872
1733260 874
1733270 880
1733280 880
1733290 883
1733300 886
1733310 886
1733320 887
1733330 888
1733340 890
1733350 890
1733360 893
1733370 894
1733380 894
1733390 895
1733400 896
1733410 896
1733420 897
1733430 899
1733440 899
1733450 899
1733460 900
1733470 900
1733480 901
1733490 904
1733500 904
1733510 907
1733520 909
1733530 909
1733540 911
1733550 913
1733560 913
1733570 916
1733580 918
1733590 918
1733600 922
1733610 927
1733620 927
1733630 933
1733640 939
1733650 939
1733660 945
1733670 951
1733680 951
1733690 956
1733700 961
1733710 961
1733720 967
1733730 974
1733740 974
1733750 980
1733760 983
1733770 983
1733780 982
1733790 984
1733800 984
1733810 984
1733820 986
1733830 986
1733840 986
1733850 981
1733860 978
1733870 978
1733880 975
1733890 975
1733900 975
1733910 977
1733920 980
1733930 980
1733940 983
1733950 983
1733960 983
1733970 984
1733980 984
1733990 984
1734000 985
1734010 987
1734020 987
1734030 990
1734040 997
1734050 997
1734060 1001
1734070 1004
1734080 1004
1734090 1010
1734100 1016
1734110 1016
1734120 1023
1734130 1030
1734140 1030
1734150 1036
1734160 1043
1734170 1043
1734180 1050
1734190 1056
1734200 1056
1734210 1064
1734220 1071
1734230 1079
1734240 1079
1734250 1085
1734260 1090
1734270 1090
1734280 1105
1734290 1112
1734300 1112
1734310 1120
1734320 1127
1734330 1127
1734340 1133
1734350 1141
1734360 1141
1734370 1151
1734380 1156
1734390 1156
1734400 1161
1734410 1157
1734420 1157
1734430 1161
1734440 1167
1734450 1167
1734460 1174
1734470 1179
1734480 1179
1734490 1181
1734500 1184
1734510 1184
1734520 1188
1734530 1194
1734540 1194
1734550 1199
1734560 1203
1734570 1203
1734580 1207
1734590 1207
1734600 1207
1734610 1212
1734620 1218
1734630 1218
1734640 1222
1734650 1225
1734660 1225
1734670 1227
1734680 1226
1734690 1222
1734700 1222
1734710 1223
1734720 1228
1734730 1228
1734740 1230
1734750 1235
1734760 1235
1734770 1241
1734780 1247
1734790 1247
1734800 1251
1734810 1254
1734820 1254
1734830 1257
1734840 1259
1734850 1259
1734860 1260
1734870 1263
1734880 1263
1734890 1269
1734900 1272
1734910 1272
1734920 1275
1734930 1280
1734940 1280
1734950 1285
1734960 1290
1734970 1290
1734980 1296
1734990 1302
1735000 1302
1735010 1309
1735020 1315
1735030 1315
1735040 1322
1735050 1329
1735060 1329
1735070 1335
1735080 1342
1735090 1342
1735100 1349
1735110 1356
1735120 1356
1735130 1363
1735140 1370
1735150 1376
1735160 1376
1735170 1382
1735180 1389
1735190 1389
1735200 1395
1735210 1401
1735220 1401
1735230 1408
1735240 1418
1735250 1418
1735260 1423
1735270 1427
1735280 1427
1735290 1432
1735300 1438
1735310 1438
1735320 1446
1735330 1455
1735340 1455
1735350 1458
1735360 1465
1735370 1465
1735380 1471
1735390 1476
1735400 1476
1735410 1483
1735420 1502
1735430 1502
1735440 1509
1735450 1525
1735460 1525
1735470 1550
1735480 1560
1735490 1560
1735500 1581
1735510 1603
1735520 1603
1735530 1606
1735540 1628
1735550 1628
1735560 1655
1735570 1670
1735580 1674
1735590 1674
1735600 1682
1735610 1693
1735620 1693
1735630 1700
1735640 1707
1735650 1707
1735660 1722
1735670 1728
1735680 1728
1735690 1726
1735700 1729
1735710 1729
1735720 1747
1735730 1758
1735740 1758
1735750 1768
1735760 1766
1735770 1766
1735780 1763
1735790 1761
1735800 1761
1735810 1759
1735820 1757
1735830 1757
1735840 1754
1735850 1750
1735860 1750
1735870 1747
1735880 1745
1735890 1745
1735900 1743
1735910 1740
1735920 1740
1735930 1739
1735940 1737
1735950 1737
1735960 1735
1735970 1733
1735980 1733
1735990 1731
1736000 1730
1736010 1730
1736020 1729
1736030 1729
1736040 1728
1736050 1728
1736060 1727
1736070 1726
1736080 1726
1736090 1724
1736100 1722
1736110 1722
1736120 1720
1736130 1718
1736140 1718
1736150 1715
1736160 1713
1736170 1713
1736180 1712
1736190 1710
1736200 1710
1736210 1708
1736220 1706
1736230 1706
1736240 1705
1736250 1703
1736260 1703
1736270 1700
1736280 1699
1736290 1699
1736300 1696
1736310 1693
1736320 1693
1736330 1691
1736340 1688
1736350 1688
1736360 1684
1736370 1680
1736380 1680
1736390 1683
1736400 1686
1736410 1686
1736420 1686
1736430 1686
1736440 1686
1736450 1686
1736460 1686
1736470 1687
1736480 1687
1736490 1685
1736500 1683
1736510 1683
1736520 1678
1736530 1670
1736540 1670
1736550 1672
1736560 1675
1736570 1675
1736580 1676
1736590 1676
1736600 1676
1736610 1675
1736620 1674
1736630 1674
1736640 1672
1736650 1669
1736660 1669
1736670 1667
1736680 1667
1736690 1667
1736700 1667
1736710 1668
1736720 1668
1736730 1668
1736740 1667
1736750 1667
1736760 1668
1736770 1668
1736780 1668
1736790 1668
1736800 1667
1736810 1667
1736820 1667
1736830 1659
1736840 1659
1736850 1649
1736860 1632
1736870 1632
1736880 1622
1736890 1608
1736900 1608
1736910 1587
1736920 1578
1736930 1569
1736940 1569
1736950 1560
1736960 1558
1736970 1558
1736980 1552
1736990 1545
1737000 1545
1737010 1537
1737020 1531
1737030 1531
1737040 1527
1737050 1523
1737060 1523
1737070 1520
1737080 1515
1737090 1515
1737100 1507
1737110 1494
1737120 1494
1737130 1488
1737140 1480
1737150 1480
1737160 1453
1737170 1428
1737180 1428
1737190 1421
1737200 1414
1737210 1414
1737220 1406
1737230 1399
1737240 1399
1737250 1392
1737260 1384
1737270 1384
1737280 1377
1737290 1370
1737300 1370
1737310 1364
1737320 1359
1737330 1359
1737340 1352
1737350 1345
1737360 1340
1737370 1340
1737380 1334
1737390 1328
1737400 1328
1737410 1321
1737420 1315
1737430 1315
1737440 1308
1737450 1302
1737460 1302
1737470 1297
1737480 1291
1737490 1291
1737500 1285
1737510 1280
1737520 1280
1737530 1275
1737540 1269
1737550 1269
1737560 1265
1737570 1261
1737580 1261
1737590 1255
1737600 1252
1737610 1252
1737620 1249
1737630 1245
1737640 1245
1737650 1241
1737660 1237
1737670 1237
1737680 1234
1737690 1229
1737700 1229
1737710 1226
1737720 1224
1737730 1224
1737740 1221
1737750 1219
1737760 1219
1737770 1215
1737780 1213
1737790 1213
1737800 1212
1737810 1209
1737820 1208
1737830 1208
1737840 1206
1737850 1204
1737860 1204
1737870 1203
1737880 1202
1737890 1202
1737900 1201
1737910 1200
1737920 1200
1737930 1197
1737940 1195
1737950 1195
1737960 1191
1737970 1189
1737980 1189
1737990 1187
1738000 1185
1738010 1185
1738020 1184
1738030 1183
1738040 1183
1738050 1181
1738060 1179
1738070 1179
1738080 1176
1738090 1174
1738100 1174
1738110 1171
1738120 1168
1738130 1168
1738140 1165
1738150 1162
1738160 1162
1738170 1159
1738180 1155
1738190 1155
1738200 1153
1738210 1150
1738220 1150
1738230 1148
1738240 1144
1738250 1140
1738260 1140
1738270 1137
1738280 1132
1738290 1132
1738300 1128
1738310 1125
1738320 1125
1738330 1121
1738340 1118
1738350 1118
1738360 1120
1738370 1117
1738380 1117
1738390 1113
1738400 1110
1738410 1110
1738420 1108
1738430 1107
1738440 1107
1738450 1106
1738460 1104
1738470 1104
1738480 1103
1738490 1101
1738500 1101
1738510 1097
1738520 1092
1738530 1092
1738540 1087
1738550 1081
1738560 1081
1738570 1075
1738580 1070
1738590 1070
1738600 1065
1738610 1061
1738620 1061
1738630 1058
1738640 1054
1738650 1054
1738660 1051
1738670 1047
1738680 1047
1738690 1044
1738700 1041
1738710 1037
1738720 1037
1738730 1034
1738740 1031
1738750 1031
1738760 1027
1738770 1026
1738780 1026
1738790 1022
1738800 1019
1738810 1019
1738820 1016
1738830 1013
1738840 1013
1738850 1010
1738860 1008
1738870 1008
1738880 1007
1738890 1006
1738900 1006
1738910 1005
1738920 1006
1738930 1006
1738940 1007
1738950 1007
1738960 1007
1738970 1007
1738980 1008
1738990 1008
1739000 1007
1739010 1007
1739020 1007
1739030 1008
1739040 1007
1739050 1007
1739060 1007
1739070 1008
1739080 1008
1739090 1007
1739100 1007
1739110 1007
1739120 1007
1739130 1007
1739140 1006
1739150 1006
1739160 1005
1739170 1004
1739180 1004
1739190 1003
1739200 1003
1739210 1003
1739220 1001
1739230 1001
1739240 1001
1739250 1000
1739260 999
1739270 999
1739280 999
1739290 997
1739300 997
1739310 996
1739320 998
1739330 998
1739340 998
1739350 998
1739360 998
1739370 997
1739380 995
1739390 995
1739400 994
1739410 991
1739420 991
1739430 989
1739440 986
1739450 986
1739460 983
1739470 981
1739480 981
1739490 980
1739500 981
1739510 981
1739520 981
1739530 981
1739540 981
1739550 982
1739560 977
1739570 977
1739580 972
1739590 966
1739600 960
1739610 960
1739620 954
1739630 951
1739640 951
1739650 947
1739660 945
1739670 945
1739680 942
1739690 940
1739700 940
1739710 939
1739720 939
1739730 939
1739740 933
1739750 927
1739760 927
1739770 919
1739780 914
1739790 914
1739800 911
1739810 908
1739820 908
1739830 908
1739840 908
1739850 908
1739860 910
1739870 914
1739880 914
1739890 917
1739900 920
1739910 920
1739920 921
1739930 922
1739940 922
1739950 924
1739960 926
1739970 926
1739980 927
1739990 927
