1720000 1100
1720010 1105
1720020 1105
1720030 1108
1720040 1111
1720050 1111
1720060 1112
1720070 1115
1720080 1115
1720090 1116
1720100 1118
1720110 1118
1720120 1118
1720130 1113
1720140 1113
1720150 1119
1720160 1126
1720170 1126
1720180 1129
1720190 1131
1720200 1131
1720210 1132
1720220 1134
1720230 1134
1720240 1132
1720250 1131
1720260 1131
1720270 1127
1720280 1129
1720290 1129
1720300 1127
1720310 1127
1720320 1127
1720330 1124
1720340 1121
1720350 1117
1720360 1117
1720370 1112
1720380 1112
1720390 1112
1720400 1112
1720410 1110
1720420 1110
1720430 1109
1720440 1108
1720450 1108
1720460 1107
1720470 1105
1720480 1105
1720490 1103
1720500 1100
1720510 1100
1720520 1096
1720530 1091
1720540 1091
1720550 1084
1720560 1074
1720570 1074
1720580 1069
1720590 1068
1720600 1068
1720610 1068
1720620 1068
1720630 1068
1720640 1067
1720650 1062
1720660 1062
1720670 1058
1720680 1053
1720690 1053
1720700 1046
1720710 1045
1720720 1045
1720730 1046
1720740 1044
1720750 1044
1720760 1042
1720770 1039
1720780 1039
1720790 1036
1720800 1035
1720810 1035
1720820 1035
1720830 1035
1720840 1033
1720850 1033
1720860 1032
1720870 1030
1720880 1030
1720890 1028
1720900 1025
1720910 1025
1720920 1021
1720930 1017
1720940 1017
1720950 1011
1720960 1007
1720970 1007
1720980 1003
1720990 997
1721000 997
1721010 994
1721020 993
1721030 993
1721040 993
1721050 993
1721060 993
1721070 991
1721080 988
1721090 988
1721100 986
1721110 983
1721120 983
1721130 979
1721140 976
1721150 976
1721160 974
1721170 971
1721180 971
1721190 968
1721200 967
1721210 967
1721220 963
1721230 961
1721240 959
1721250 959
1721260 959
1721270 957
1721280 957
1721290 956
1721300 951
1721310 951
1721320 952
1721330 949
1721340 949
1721350 944
1721360 939
1721370 939
1721380 937
1721390 935
1721400 935
1721410 930
1721420 927
1721430 927
1721440 925
1721450 923
1721460 923
1721470 922
1721480 919
1721490 919
1721500 919
1721510 919
1721520 919
1721530 919
1721540 919
1721550 919
1721560 920
1721570 921
1721580 921
1721590 919
1721600 918
1721610 918
1721620 916
1721630 916
1721640 916
1721650 916
1721660 917
1721670 917
1721680 917
1721690 916
1721700 912
1721710 912
1721720 909
1721730 906
1721740 906
1721750 904
1721760 901
1721770 901
1721780 899
1721790 897
1721800 897
1721810 894
1721820 892
1721830 892
1721840 890
1721850 888
1721860 888
1721870 886
1721880 883
1721890 883
1721900 881
1721910 878
1721920 878
1721930 877
1721940 877
1721950 877
1721960 876
1721970 876
1721980 876
1721990 875
1722000 877
1722010 877
1722020 883
1722030 888
1722040 888
1722050 888
1722060 884
1722070 884
1722080 878
1722090 878
1722100 878
1722110 882
1722120 886
1722130 890
1722140 890
1722150 895
1722160 899
1722170 899
1722180 903
1722190 906
1722200 906
1722210 909
1722220 913
1722230 913
1722240 916
1722250 919
1722260 919
1722270 920
1722280 919
1722290 919
1722300 917
1722310 915
1722320 915
1722330 914
1722340 912
1722350 912
1722360 910
1722370 905
1722380 905
1722390 899
1722400 899
1722410 899
1722420 900
1722430 901
1722440 901
1722450 903
1722460 904
1722470 904
1722480 903
1722490 902
1722500 902
1722510 898
1722520 894
1722530 894
1722540 890
1722550 884
1722560 884
1722570 875
1722580 872
1722590 872
1722600 872
1722610 873
1722620 873
1722630 873
1722640 871
1722650 870
1722660 870
1722670 867
1722680 863
1722690 863
1722700 861
1722710 856
1722720 856
1722730 847
1722740 840
1722750 840
1722760 833
1722770 825
1722780 825
1722790 808
1722800 801
1722810 801
1722820 797
1722830 795
1722840 795
1722850 795
1722860 796
1722870 796
1722880 796
1722890 796
1722900 796
1722910 797
1722920 798
1722930 798
1722940 798
1722950 798
1722960 798
1722970 799
1722980 799
1722990 799
1723000 799
1723010 799
1723020 799
1723030 799
1723040 799
1723050 799
1723060 799
1723070 799
1723080 798
1723090 798
1723100 799
1723110 799
1723120 799
1723130 799
1723140 799
1723150 799
1723160 799
1723170 798
1723180 798
1723190 799
1723200 797
1723210 797
1723220 799
1723230 803
1723240 803
1723250 809
1723260 812
1723270 812
1723280 814
1723290 816
1723300 816
1723310 817
1723320 819
1723330 819
1723340 821
1723350 823
1723360 823
1723370 826
1723380 830
1723390 830
1723400 833
1723410 838
1723420 838
1723430 842
1723440 846
1723450 846
1723460 851
1723470 854
1723480 853
1723490 853
1723500 854
1723510 858
1723520 858
1723530 863
1723540 867
1723550 867
1723560 872
1723570 876
1723580 876
1723590 881
1723600 886
1723610 886
1723620 890
1723630 894
1723640 895
1723650 898
1723660 901
1723670 901
1723680 902
1723690 903
1723700 903
1723710 903
1723720 902
1723730 902
1723740 901
1723750 899
1723760 899
1723770 898
1723780 896
1723790 896
1723800 895
1723810 894
1723820 894
1723830 893
1723840 894
1723850 894
1723860 896
1723870 899
1723880 899
1723890 903
1723900 906
1723910 906
1723920 909
1723930 911
1723940 908
1723950 908
1723960 904
1723970 903
1723980 903
1723990 897
1724000 896
1724010 896
1724020 893
1724030 891
1724040 891
1724050 890
1724060 888
1724070 888
1724080 887
1724090 886
1724100 886
1724110 887
1724120 886
1724130 886
1724140 885
1724150 883
1724160 883
1724170 884
1724180 885
1724190 885
1724200 887
1724210 888
1724220 888
1724230 889
1724240 890
1724250 890
1724260 891
1724270 893
1724280 893
1724290 894
1724300 896
1724310 896
1724320 897
1724330 899
1724340 899
1724350 900
1724360 898
1724370 898
1724380 901
1724390 903
1724400 904
1724410 904
1724420 906
1724430 908
1724440 908
1724450 909
1724460 911
1724470 911
1724480 912
1724490 914
1724500 914
1724510 915
1724520 918
1724530 918
1724540 920
1724550 923
1724560 923
1724570 925
1724580 928
1724590 928
1724600 930
1724610 932
1724620 932
1724630 934
1724640 936
1724650 936
1724660 938
1724670 940
1724680 940
1724690 939
1724700 943
1724710 943
1724720 947
1724730 952
1724740 952
1724750 955
1724760 959
1724770 959
1724780 963
1724790 966
1724800 966
1724810 967
1724820 967
1724830 970
1724840 970
1724850 976
1724860 982
1724870 982
1724880 989
1724890 996
1724900 996
1724910 1003
1724920 1009
1724930 1009
1724940 1014
1724950 1020
1724960 1020
1724970 1025
1724980 1029
1724990 1029
1725000 1031
1725010 1034
1725020 1034
1725030 1037
1725040 1039
1725050 1039
1725060 1040
1725070 1041
1725080 1041
1725090 1042
1725100 1042
1725110 1042
1725120 1043
1725130 1041
1725140 1041
1725150 1039
1725160 1035
1725170 1035
1725180 1037
1725190 1036
1725200 1036
1725210 1027
1725220 1026
1725230 1026
1725240 1027
1725250 1029
1725260 1029
1725270 1034
1725280 1040
1725290 1047
1725300 1047
1725310 1053
1725320 1059
1725330 1059
1725340 1062
1725350 1065
1725360 1065
1725370 1071
1725380 1073
1725390 1073
1725400 1076
1725410 1078
1725420 1078
1725430 1081
1725440 1084
1725450 1084
1725460 1087
1725470 1090
1725480 1090
1725490 1093
1725500 1096
1725510 1096
1725520 1101
1725530 1106
1725540 1106
1725550 1111
1725560 1116
1725570 1116
1725580 1123
1725590 1130
1725600 1130
1725610 1137
1725620 1143
1725630 1143
1725640 1152
1725650 1159
1725660 1159
1725670 1167
1725680 1173
1725690 1173
1725700 1179
1725710 1184
1725720 1184
1725730 1191
1725740 1198
1725750 1204
1725760 1204
1725770 1213
1725780 1244
1725790 1244
1725800 1260
1725810 1267
1725820 1267
1725830 1270
1725840 1273
1725850 1273
1725860 1277
1725870 1278
1725880 1278
1725890 1281
1725900 1282
1725910 1282
1725920 1281
1725930 1279
1725940 1279
1725950 1277
1725960 1285
1725970 1285
1725980 1285
1725990 1283
1726000 1283
1726010 1284
1726020 1287
1726030 1287
1726040 1290
1726050 1295
1726060 1295
1726070 1301
1726080 1307
1726090 1307
1726100 1313
1726110 1321
1726120 1321
1726130 1328
1726140 1336
1726150 1336
1726160 1344
1726170 1352
1726180 1360
1726190 1360
1726200 1368
1726210 1377
1726220 1377
1726230 1387
1726240 1394
1726250 1394
1726260 1403
1726270 1409
1726280 1409
1726290 1416
1726300 1423
1726310 1423
1726320 1430
1726330 1438
1726340 1438
1726350 1445
1726360 1455
1726370 1455
1726380 1463
1726390 1470
1726400 1470
1726410 1481
1726420 1490
1726430 1490
1726440 1496
1726450 1502
1726460 1502
1726470 1509
1726480 1517
1726490 1517
1726500 1526
1726510 1534
1726520 1534
1726530 1541
1726540 1545
1726550 1545
1726560 1549
1726570 1552
1726580 1552
1726590 1554
1726600 1557
1726610 1557
1726620 1559
1726630 1561
1726640 1563
1726650 1563
1726660 1565
1726670 1567
1726680 1567
1726690 1568
1726700 1568
1726710 1568
1726720 1568
1726730 1567
1726740 1567
1726750 1566
1726760 1565
1726770 1565
1726780 1564
1726790 1564
1726800 1564
1726810 1563
1726820 1563
1726830 1563
1726840 1562
1726850 1560
1726860 1560
1726870 1559
1726880 1557
1726890 1557
1726900 1555
1726910 1553
1726920 1553
1726930 1550
1726940 1547
1726950 1547
1726960 1544
1726970 1541
1726980 1541
1726990 1537
1727000 1531
1727010 1531
1727020 1524
1727030 1517
1727040 1517
1727050 1510
1727060 1503
1727070 1496
1727080 1496
1727090 1489
1727100 1482
1727110 1482
1727120 1475
1727130 1471
1727140 1471
1727150 1465
1727160 1460
1727170 1460
1727180 1456
1727190 1451
1727200 1451
1727210 1447
1727220 1442
1727230 1442
1727240 1437
1727250 1433
1727260 1433
1727270 1429
1727280 1423
1727290 1423
1727300 1417
1727310 1412
1727320 1412
1727330 1407
1727340 1402
1727350 1402
1727360 1397
1727370 1393
1727380 1393
1727390 1389
1727400 1385
1727410 1385
1727420 1380
1727430 1377
1727440 1377
1727450 1371
1727460 1365
1727470 1365
1727480 1360
1727490 1354
1727500 1354
1727510 1349
1727520 1345
1727530 1339
1727540 1339
1727550 1336
1727560 1332
1727570 1332
1727580 1327
1727590 1323
1727600 1323
1727610 1318
1727620 1313
1727630 1313
1727640 1306
1727650 1298
1727660 1298
1727670 1293
1727680 1286
1727690 1286
1727700 1282
1727710 1276
1727720 1276
1727730 1273
1727740 1268
1727750 1268
1727760 1263
1727770 1259
1727780 1259
1727790 1256
1727800 1252
1727810 1252
1727820 1248
1727830 1243
1727840 1243
1727850 1238
1727860 1233
1727870 1233
1727880 1228
1727890 1223
1727900 1223
1727910 1220
1727920 1216
1727930 1216
1727940 1213
1727950 1210
1727960 1210
1727970 1207
1727980 1203
1727990 1200
1728000 1200
1728010 1196
1728020 1191
1728030 1191
1728040 1187
1728050 1182
1728060 1182
1728070 1177
1728080 1170
1728090 1170
1728100 1166
1728110 1163
1728120 1163
1728130 1160
1728140 1156
1728150 1156
1728160 1154
1728170 1151
1728180 1151
1728190 1148
1728200 1137
1728210 1137
1728220 1132
1728230 1127
1728240 1127
1728250 1123
1728260 1119
1728270 1119
1728280 1119
1728290 1119
1728300 1119
1728310 1117
1728320 1115
1728330 1115
1728340 1114
1728350 1112
1728360 1112
1728370 1109
1728380 1107
1728390 1107
1728400 1104
1728410 1100
1728420 1097
1728430 1097
1728440 1094
1728450 1092
1728460 1092
1728470 1090
1728480 1088
1728490 1088
1728500 1083
1728510 1085
1728520 1085
1728530 1083
1728540 1082
1728550 1082
1728560 1082
1728570 1083
1728580 1083
1728590 1085
1728600 1085
1728610 1085
1728620 1084
1728630 1083
1728640 1083
1728650 1083
1728660 1081
1728670 1081
1728680 1079
1728690 1076
1728700 1076
1728710 1074
1728720 1072
1728730 1072
1728740 1074
1728750 1073
1728760 1073
1728770 1073
1728780 1071
1728790 1071
1728800 1069
1728810 1067
1728820 1067
1728830 1068
1728840 1069
1728850 1069
1728860 1068
1728870 1067
1728880 1065
1728890 1065
1728900 1063
1728910 1062
1728920 1062
1728930 1061
1728940 1061
1728950 1061
1728960 1059
1728970 1058
1728980 1058
1728990 1057
1729000 1056
1729010 1056
1729020 1051
1729030 1044
1729040 1044
1729050 1035
1729060 1029
1729070 1029
1729080 1021
1729090 1013
1729100 1013
1729110 1004
1729120 996
1729130 996
1729140 990
1729150 983
1729160 983
1729170 978
1729180 972
1729190 972
1729200 964
1729210 958
1729220 958
1729230 952
1729240 947
1729250 947
1729260 944
1729270 940
1729280 940
1729290 937
1729300 933
1729310 933
1729320 930
1729330 927
1729340 926
1729350 926
1729360 925
1729370 923
1729380 923
1729390 921
1729400 920
1729410 920
1729420 917
1729430 915
1729440 915
1729450 913
1729460 911
1729470 911
1729480 907
1729490 906
1729500 906
1729510 905
1729520 904
1729530 904
1729540 909
1729550 910
1729560 910
1729570 911
1729580 912
1729590 912
1729600 912
1729610 913
1729620 913
1729630 912
1729640 912
1729650 912
1729660 912
1729670 911
1729680 911
1729690 910
1729700 906
1729710 906
1729720 903
1729730 900
1729740 900
1729750 897
1729760 896
1729770 896
1729780 896
1729790 895
1729800 892
1729810 892
1729820 887
1729830 883
1729840 883
1729850 878
1729860 875
1729870 875
1729880 871
1729890 866
1729900 866
1729910 862
1729920 859
1729930 859
1729940 857
1729950 856
1729960 856
1729970 854
1729980 853
1729990 853
1730000 853
1730010 852
1730020 852
1730030 851
1730040 850
1730050 850
1730060 849
1730070 847
1730080 847
1730090 846
1730100 844
1730110 844
1730120 843
1730130 842
1730140 842
1730150 842
1730160 839
1730170 839
1730180 838
1730190 837
1730200 837
1730210 836
1730220 835
1730230 834
1730240 834
1730250 833
1730260 832
1730270 832
1730280 830
1730290 829
1730300 829
1730310 828
1730320 827
1730330 827
1730340 826
1730350 825
1730360 825
1730370 821
1730380 817
1730390 817
1730400 813
1730410 814
1730420 814
1730430 815
1730440 818
1730450 818
1730460 818
1730470 819
1730480 819
1730490 819
1730500 819
1730510 819
1730520 818
1730530 819
1730540 819
1730550 824
1730560 827
1730570 827
1730580 828
1730590 832
1730600 832
1730610 837
1730620 841
1730630 841
1730640 846
1730650 852
1730660 852
1730670 858
1730680 865
1730690 872
1730700 872
1730710 879
1730720 887
1730730 887
1730740 901
1730750 906
1730760 906
1730770 913
1730780 921
1730790 921
1730800 931
1730810 942
1730820 942
1730830 950
1730840 958
1730850 958
1730860 965
1730870 972
1730880 972
1730890 979
1730900 985
1730910 985
1730920 990
1730930 986
1730940 986
1730950 978
1730960 973
1730970 973
1730980 970
1730990 966
1731000 966
1731010 961
1731020 957
1731030 957
1731040 954
1731050 950
1731060 950
1731070 944
1731080 939
1731090 939
1731100 935
1731110 932
1731120 928
1731130 928
1731140 930
1731150 934
1731160 934
1731170 939
1731180 941
1731190 941
1731200 942
1731210 945
1731220 945
1731230 946
1731240 950
1731250 950
1731260 956
1731270 962
1731280 962
1731290 968
1731300 973
1731310 973
1731320 979
1731330 990
1731340 990
1731350 992
1731360 996
1731370 996
1731380 1002
1731390 1009
1731400 1009
1731410 1019
1731420 1026
1731430 1026
1731440 1031
1731450 1031
1731460 1031
1731470 1038
1731480 1045
1731490 1045
1731500 1050
1731510 1054
1731520 1054
1731530 1059
1731540 1063
1731550 1063
1731560 1068
1731570 1072
1731580 1075
1731590 1075
1731600 1079
1731610 1083
1731620 1083
1731630 1087
1731640 1091
1731650 1091
1731660 1096
1731670 1099
1731680 1099
1731690 1103
1731700 1106
1731710 1106
1731720 1111
1731730 1117
1731740 1117
1731750 1124
1731760 1127
1731770 1127
1731780 1133
1731790 1139
1731800 1139
1731810 1145
1731820 1150
1731830 1150
1731840 1156
1731850 1160
1731860 1160
1731870 1165
1731880 1168
1731890 1168
1731900 1170
1731910 1165
1731920 1165
1731930 1161
1731940 1156
1731950 1156
1731960 1150
1731970 1145
1731980 1145
1731990 1140
1732000 1136
1732010 1131
1732020 1131
1732030 1127
1732040 1123
1732050 1123
1732060 1122
1732070 1121
1732080 1121
1732090 1124
1732100 1124
1732110 1124
1732120 1126
1732130 1129
1732140 1129
1732150 1131
1732160 1133
1732170 1133
1732180 1131
1732190 1124
1732200 1124
1732210 1117
1732220 1109
1732230 1109
1732240 1102
1732250 1096
1732260 1096
1732270 1089
1732280 1081
1732290 1081
1732300 1074
1732310 1068
1732320 1068
1732330 1065
1732340 1065
1732350 1065
1732360 1062
1732370 1059
1732380 1059
1732390 1054
1732400 1050
1732410 1050
1732420 1048
1732430 1051
1732440 1051
1732450 1048
1732460 1042
1732470 1036
1732480 1036
1732490 1038
1732500 1040
1732510 1040
1732520 1042
1732530 1041
1732540 1041
1732550 1037
1732560 1040
1732570 1040
1732580 1044
1732590 1048
1732600 1048
1732610 1049
1732620 1050
1732630 1050
1732640 1051
1732650 1053
1732660 1053
1732670 1054
1732680 1057
1732690 1057
1732700 1060
1732710 1063
1732720 1063
1732730 1064
1732740 1066
1732750 1066
1732760 1065
1732770 1061
1732780 1061
1732790 1054
1732800 1046
1732810 1046
1732820 1041
1732830 1027
1732840 1027
1732850 1008
1732860 998
1732870 998
1732880 988
1732890 986
1732900 986
1732910 980
1732920 984
1732930 1006
1732940 1006
1732950 1009
1732960 1020
1732970 1020
1732980 1032
1732990 1041
1733000 1041
1733010 1046
1733020 1052
1733030 1052
1733040 1052
1733050 1049
1733060 1049
1733070 1058
1733080 1064
1733090 1064
1733100 1070
1733110 1074
1733120 1074
1733130 1081
1733140 1087
1733150 1087
1733160 1093
1733170 1100
1733180 1100
1733190 1108
1733200 1118
1733210 1118
1733220 1127
1733230 1128
1733240 1128
1733250 1136
1733260 1136
1733270 1136
1733280 1142
1733290 1147
1733300 1147
1733310 1152
1733320 1158
1733330 1158
1733340 1164
1733350 1170
1733360 1176
1733370 1176
1733380 1182
1733390 1189
1733400 1189
1733410 1195
1733420 1198
1733430 1198
1733440 1200
1733450 1203
1733460 1203
1733470 1201
1733480 1204
1733490 1204
1733500 1201
1733510 1204
1733520 1204
1733530 1203
1733540 1203
1733550 1203
1733560 1197
1733570 1192
1733580 1192
1733590 1189
1733600 1189
1733610 1189
1733620 1186
1733630 1184
1733640 1184
1733650 1170
1733660 1156
1733670 1156
1733680 1148
1733690 1143
1733700 1143
1733710 1140
1733720 1139
1733730 1139
1733740 1139
1733750 1141
1733760 1141
1733770 1129
1733780 1120
1733790 1120
1733800 1113
1733810 1107
1733820 1100
1733830 1100
1733840 1095
1733850 1091
1733860 1091
1733870 1087
1733880 1081
1733890 1081
1733900 1079
1733910 1086
1733920 1086
1733930 1091
1733940 1096
1733950 1096
1733960 1102
1733970 1108
1733980 1108
1733990 1111
1734000 1115
1734010 1115
1734020 1119
1734030 1118
1734040 1118
1734050 1124
1734060 1131
1734070 1131
1734080 1140
1734090 1142
1734100 1142
1734110 1153
1734120 1165
1734130 1165
1734140 1178
1734150 1194
1734160 1194
1734170 1207
1734180 1214
1734190 1214
1734200 1221
1734210 1227
1734220 1227
1734230 1234
1734240 1236
1734250 1236
1734260 1233
1734270 1228
1734280 1234
1734290 1234
1734300 1242
1734310 1252
1734320 1252
1734330 1255
1734340 1259
1734350 1259
1734360 1265
1734370 1269
1734380 1269
1734390 1274
1734400 1287
1734410 1287
1734420 1294
1734430 1299
1734440 1306
1734450 1303
1734460 1305
1734470 1305
1734480 1302
1734490 1294
1734500 1294
1734510 1288
1734520 1282
1734530 1282
1734540 1275
1734550 1268
1734560 1268
1734570 1266
1734580 1303
1734590 1303
1734600 1323
1734610 1331
1734620 1331
1734630 1335
1734640 1341
1734650 1341
1734660 1351
1734670 1356
1734680 1356
1734690 1365
1734700 1369
1734710 1380
1734720 1380
1734730 1389
1734740 1399
1734750 1399
1734760 1406
1734770 1415
1734780 1415
1734790 1418
1734800 1424
1734810 1424
1734820 1417
1734830 1414
1734840 1414
1734850 1418
1734860 1436
1734870 1436
1734880 1432
1734890 1426
1734900 1426
1734910 1424
1734920 1425
1734930 1425
1734940 1429
1734950 1431
1734960 1431
1734970 1432
1734980 1437
1734990 1437
1735000 1439
1735010 1447
1735020 1447
1735030 1450
1735040 1447
1735050 1447
1735060 1452
1735070 1457
1735080 1457
1735090 1463
1735100 1468
1735110 1468
1735120 1474
1735130 1479
1735140 1479
1735150 1482
1735160 1479
1735170 1476
1735180 1476
1735190 1478
1735200 1485
1735210 1485
1735220 1491
1735230 1496
1735240 1496
1735250 1503
1735260 1505
1735270 1505
1735280 1508
1735290 1512
1735300 1512
1735310 1515
1735320 1520
1735330 1520
1735340 1524
1735350 1530
1735360 1530
1735370 1536
1735380 1540
1735390 1540
1735400 1545
1735410 1552
1735420 1552
1735430 1559
1735440 1566
1735450 1566
1735460 1574
1735470 1581
1735480 1581
1735490 1586
1735500 1593
1735510 1593
1735520 1599
1735530 1606
1735540 1606
1735550 1613
1735560 1619
1735570 1619
1735580 1626
1735590 1636
1735600 1636
1735610 1646
1735620 1656
1735630 1669
1735640 1669
1735650 1680
1735660 1689
1735670 1689
1735680 1697
1735690 1704
1735700 1704
1735710 1714
1735720 1726
1735730 1726
1735740 1737
1735750 1743
1735760 1743
1735770 1747
1735780 1750
1735790 1750
1735800 1753
1735810 1754
1735820 1754
1735830 1752
1735840 1747
1735850 1747
1735860 1740
1735870 1741
1735880 1741
1735890 1742
1735900 1743
1735910 1743
1735920 1746
1735930 1750
1735940 1750
1735950 1753
1735960 1755
1735970 1755
1735980 1757
1735990 1759
1736000 1759
1736010 1761
1736020 1764
1736030 1764
1736040 1766
1736050 1767
1736060 1770
1736070 1770
1736080 1771
1736090 1773
1736100 1773
1736110 1776
1736120 1777
1736130 1777
1736140 1779
1736150 1781
1736160 1781
1736170 1782
1736180 1783
1736190 1783
1736200 1784
1736210 1784
1736220 1784
1736230 1784
1736240 1784
1736250 1784
1736260 1785
1736270 1784
1736280 1784
1736290 1785
1736300 1786
1736310 1786
1736320 1786
1736330 1786
1736340 1786
1736350 1787
1736360 1787
1736370 1787
1736380 1787
1736390 1789
1736400 1789
1736410 1789
1736420 1788
1736430 1788
1736440 1789
1736450 1788
1736460 1788
1736470 1788
1736480 1786
1736490 1786
1736500 1784
1736510 1782
1736520 1780
1736530 1780
1736540 1777
1736550 1776
1736560 1776
1736570 1777
1736580 1776
1736590 1776
1736600 1776
1736610 1774
1736620 1774
1736630 1771
1736640 1766
1736650 1766
1736660 1766
1736670 1767
1736680 1767
1736690 1767
1736700 1767
1736710 1767
1736720 1767
1736730 1767
1736740 1767
1736750 1766
1736760 1766
1736770 1766
1736780 1765
1736790 1765
1736800 1765
1736810 1764
1736820 1763
1736830 1763
1736840 1762
1736850 1761
1736860 1761
1736870 1760
1736880 1760
1736890 1760
1736900 1760
1736910 1760
1736920 1760
1736930 1760
1736940 1760
1736950 1759
1736960 1759
1736970 1759
1736980 1758
1736990 1758
1737000 1757
1737010 1756
1737020 1756
1737030 1756
1737040 1755
1737050 1755
1737060 1755
1737070 1755
1737080 1755
1737090 1755
1737100 1755
1737110 1755
1737120 1755
1737130 1754
1737140 1754
1737150 1753
1737160 1752
1737170 1752
1737180 1748
1737190 1743
1737200 1743
1737210 1739
1737220 1734
1737230 1734
1737240 1730
1737250 1726
1737260 1726
1737270 1721
1737280 1717
1737290 1717
1737300 1713
1737310 1708
1737320 1708
1737330 1704
1737340 1700
1737350 1700
1737360 1696
1737370 1692
1737380 1692
1737390 1686
1737400 1678
1737410 1672
1737420 1672
1737430 1671
1737440 1670
1737450 1670
1737460 1668
1737470 1662
1737480 1662
1737490 1656
1737500 1656
1737510 1656
1737520 1663
1737530 1663
1737540 1663
1737550 1656
1737560 1645
1737570 1645
1737580 1652
1737590 1637
1737600 1637
1737610 1622
1737620 1606
1737630 1606
1737640 1593
1737650 1583
1737660 1583
1737670 1575
1737680 1566
1737690 1566
1737700 1555
1737710 1552
1737720 1552
1737730 1550
1737740 1549
1737750 1549
1737760 1540
1737770 1535
1737780 1535
1737790 1529
1737800 1523
1737810 1523
1737820 1517
1737830 1509
1737840 1509
1737850 1496
1737860 1492
1737870 1486
1737880 1486
1737890 1494
1737900 1501
1737910 1501
1737920 1495
1737930 1490
1737940 1490
1737950 1487
1737960 1485
1737970 1485
1737980 1479
1737990 1473
1738000 1473
1738010 1469
1738020 1463
1738030 1463
1738040 1453
1738050 1445
1738060 1445
1738070 1439
1738080 1433
1738090 1433
1738100 1429
1738110 1423
1738120 1423
1738130 1419
1738140 1417
1738150 1417
1738160 1420
1738170 1424
1738180 1424
1738190 1424
1738200 1414
1738210 1414
1738220 1405
1738230 1401
1738240 1401
1738250 1400
1738260 1394
1738270 1394
1738280 1399
1738290 1398
1738300 1403
1738310 1403
1738320 1394
1738330 1385
1738340 1385
1738350 1381
1738360 1378
1738370 1378
1738380 1374
1738390 1369
1738400 1369
1738410 1367
1738420 1363
1738430 1363
1738440 1340
1738450 1321
1738460 1321
1738470 1314
1738480 1306
1738490 1306
1738500 1292
1738510 1285
1738520 1285
1738530 1278
1738540 1272
1738550 1272
1738560 1266
1738570 1260
1738580 1260
1738590 1253
1738600 1247
1738610 1247
1738620 1242
1738630 1236
1738640 1236
1738650 1230
1738660 1224
1738670 1224
1738680 1218
1738690 1213
1738700 1213
1738710 1208
1738720 1203
1738730 1203
1738740 1198
1738750 1194
1738760 1189
1738770 1189
1738780 1184
1738790 1178
1738800 1178
1738810 1173
1738820 1168
1738830 1168
1738840 1163
1738850 1158
1738860 1158
1738870 1152
1738880 1146
1738890 1146
1738900 1141
1738910 1136
1738920 1136
1738930 1130
1738940 1126
1738950 1126
1738960 1121
1738970 1116
1738980 1116
1738990 1111
1739000 1106
1739010 1106
1739020 1100
1739030 1096
1739040 1096
1739050 1091
1739060 1087
1739070 1087
1739080 1083
1739090 1079
1739100 1079
1739110 1073
1739120 1068
1739130 1068
1739140 1063
1739150 1058
1739160 1058
1739170 1052
1739180 1046
1739190 1046
1739200 1041
1739210 1035
1739220 1030
1739230 1030
1739240 1025
1739250 1021
1739260 1021
1739270 1016
1739280 1012
1739290 1012
1739300 1008
1739310 1004
1739320 1004
1739330 1001
1739340 997
1739350 997
1739360 995
1739370 993
1739380 993
1739390 993
1739400 989
1739410 989
1739420 989
1739430 991
1739440 991
1739450 990
1739460 991
1739470 991
1739480 991
1739490 990
1739500 990
1739510 989
1739520 988
1739530 988
1739540 987
1739550 987
1739560 987
1739570 986
1739580 986
1739590 986
1739600 985
1739610 983
1739620 983
1739630 982
1739640 981
1739650 980
1739660 980
1739670 980
1739680 980
1739690 980
1739700 983
1739710 989
1739720 989
1739730 995
1739740 1000
1739750 1000
1739760 1005
1739770 1010
1739780 1010
1739790 1015
1739800 1018
1739810 1018
1739820 1020
1739830 1020
1739840 1020
1739850 1019
1739860 1021
1739870 1021
1739880 1016
1739890 1014
1739900 1014
1739910 1017
1739920 1019
1739930 1019
1739940 1023
1739950 1025
1739960 1025
1739970 1027
1739980 1029
1739990 1029
