1720000 1018
1720010 1018
1720020 1010
1720030 993
1720040 993
1720050 991
1720060 995
1720070 991
1720080 991
1720090 996
1720100 1003
1720110 1003
1720120 1006
1720130 1010
1720140 1010
1720150 1012
1720160 1015
1720170 1015
1720180 1017
1720190 1018
1720200 1018
1720210 1018
1720220 1015
1720230 1015
1720240 1009
1720250 1003
1720260 1003
1720270 996
1720280 999
1720290 999
1720300 1004
1720310 1008
1720320 1008
1720330 1012
1720340 1013
1720350 1013
1720360 1014
1720370 1013
1720380 1013
1720390 1009
1720400 1006
1720410 1006
1720420 1002
1720430 1000
1720440 1000
1720450 996
1720460 989
1720470 989
1720480 994
1720490 999
1720500 999
1720510 1005
1720520 1009
1720530 1012
1720540 1012
1720550 1013
1720560 1011
1720570 1011
1720580 1007
1720590 1003
1720600 1003
1720610 998
1720620 991
1720630 991
1720640 985
1720650 980
1720660 980
1720670 979
1720680 979
1720690 979
1720700 981
1720710 984
1720720 984
1720730 986
1720740 988
1720750 988
1720760 984
1720770 985
1720780 985
1720790 984
1720800 982
1720810 982
1720820 981
1720830 979
1720840 979
1720850 976
1720860 974
1720870 974
1720880 971
1720890 968
1720900 968
1720910 965
1720920 958
1720930 958
1720940 951
1720950 945
1720960 938
1720970 938
1720980 932
1720990 930
1721000 930
1721010 927
1721020 927
1721030 927
1721040 927
1721050 931
1721060 931
1721070 932
1721080 932
1721090 932
1721100 932
1721110 931
1721120 931
1721130 928
1721140 922
1721150 922
1721160 916
1721170 911
1721180 911
1721190 911
1721200 910
1721210 910
1721220 914
1721230 918
1721240 918
1721250 922
1721260 926
1721270 926
1721280 928
1721290 925
1721300 925
1721310 923
1721320 920
1721330 920
1721340 917
1721350 914
1721360 914
1721370 910
1721380 906
1721390 906
1721400 904
1721410 902
1721420 906
1721430 906
1721440 910
1721450 915
1721460 915
1721470 920
1721480 925
1721490 925
1721500 931
1721510 936
1721520 936
1721530 941
1721540 945
1721550 945
1721560 948
1721570 950
1721580 950
1721590 951
1721600 949
1721610 949
1721620 945
1721630 942
1721640 942
1721650 938
1721660 934
1721670 934
1721680 931
1721690 927
1721700 927
1721710 924
1721720 921
1721730 921
1721740 918
1721750 916
1721760 916
1721770 916
1721780 915
1721790 915
1721800 913
1721810 908
1721820 908
1721830 904
1721840 899
1721850 899
1721860 894
1721870 890
1721880 884
1721890 884
1721900 878
1721910 872
1721920 872
1721930 867
1721940 861
1721950 861
1721960 859
1721970 858
1721980 858
1721990 859
1722000 862
1722010 862
1722020 866
1722030 871
1722040 871
1722050 875
1722060 879
1722070 879
1722080 882
1722090 885
1722100 885
1722110 889
1722120 892
1722130 892
1722140 896
1722150 899
1722160 899
1722170 903
1722180 907
1722190 907
1722200 910
1722210 912
1722220 912
1722230 916
1722240 919
1722250 919
1722260 922
1722270 926
1722280 926
1722290 930
1722300 934
1722310 934
1722320 938
1722330 942
1722340 947
1722350 947
1722360 952
1722370 955
1722380 955
1722390 956
1722400 957
1722410 957
1722420 957
1722430 957
1722440 957
1722450 957
1722460 957
1722470 957
1722480 956
1722490 956
1722500 956
1722510 957
1722520 958
1722530 958
1722540 958
1722550 955
1722560 955
1722570 950
1722580 944
1722590 944
1722600 937
1722610 930
1722620 930
1722630 922
1722640 915
1722650 915
1722660 909
1722670 902
1722680 902
1722690 895
1722700 887
1722710 887
1722720 880
1722730 873
1722740 873
1722750 867
1722760 861
1722770 855
1722780 855
1722790 850
1722800 845
1722810 845
1722820 841
1722830 836
1722840 836
1722850 831
1722860 823
1722870 823
1722880 815
1722890 808
1722900 808
1722910 803
1722920 797
1722930 797
1722940 796
1722950 796
1722960 796
1722970 798
1722980 798
1722990 798
1723000 799
1723010 798
1723020 798
1723030 798
1723040 799
1723050 799
1723060 798
1723070 799
1723080 799
1723090 798
1723100 800
1723110 800
1723120 801
1723130 801
1723140 801
1723150 804
1723160 804
1723170 804
1723180 803
1723190 803
1723200 803
1723210 804
1723220 809
1723230 813
1723240 813
1723250 814
1723260 815
1723270 815
1723280 816
1723290 818
1723300 818
1723310 819
1723320 821
1723330 821
1723340 825
1723350 829
1723360 829
1723370 834
1723380 839
1723390 839
1723400 837
1723410 832
1723420 832
1723430 830
1723440 828
1723450 828
1723460 828
1723470 829
1723480 829
1723490 831
1723500 833
1723510 833
1723520 835
1723530 839
1723540 839
1723550 842
1723560 846
1723570 846
1723580 849
1723590 851
1723600 851
1723610 851
1723620 851
1723630 851
1723640 852
1723650 854
1723660 854
1723670 857
1723680 859
1723690 860
1723700 860
1723710 863
1723720 857
1723730 857
1723740 854
1723750 854
1723760 854
1723770 853
1723780 854
1723790 854
1723800 855
1723810 854
1723820 854
1723830 855
1723840 855
1723850 855
1723860 855
1723870 856
1723880 856
1723890 856
1723900 858
1723910 858
1723920 861
1723930 863
1723940 863
1723950 866
1723960 869
1723970 869
1723980 870
1723990 872
1724000 872
1724010 877
1724020 882
1724030 882
1724040 889
1724050 894
1724060 894
1724070 901
1724080 907
1724090 907
1724100 912
1724110 917
1724120 922
1724130 922
1724140 927
1724150 932
1724160 932
1724170 937
1724180 943
1724190 943
1724200 948
1724210 954
1724220 954
1724230 960
1724240 967
1724250 967
1724260 974
1724270 980
1724280 980
1724290 986
1724300 990
1724310 990
1724320 990
1724330 988
1724340 988
1724350 985
1724360 982
1724370 982
1724380 978
1724390 974
1724400 974
1724410 970
1724420 966
1724430 966
1724440 964
1724450 961
1724460 961
1724470 958
1724480 955
1724490 955
1724500 959
1724510 966
1724520 966
1724530 970
1724540 970
1724550 970
1724560 970
1724570 971
1724580 971
1724590 971
1724600 974
1724610 976
1724620 976
1724630 978
1724640 980
1724650 980
1724660 982
1724670 984
1724680 984
1724690 990
1724700 995
1724710 995
1724720 1000
1724730 1006
1724740 1006
1724750 1010
1724760 1015
1724770 1015
1724780 1020
1724790 1025
1724800 1025
1724810 1030
1724820 1035
1724830 1035
1724840 1039
1724850 1044
1724860 1044
1724870 1049
1724880 1054
1724890 1054
1724900 1059
1724910 1056
1724920 1056
1724930 1050
1724940 1044
1724950 1044
1724960 1041
1724970 1039
1724980 1039
1724990 1042
1725000 1047
1725010 1047
1725020 1052
1725030 1059
1725040 1056
1725050 1056
1725060 1057
1725070 1053
1725080 1053
1725090 1049
1725100 1056
1725110 1056
1725120 1064
1725130 1067
1725140 1067
1725150 1082
1725160 1087
1725170 1087
1725180 1093
1725190 1099
1725200 1099
1725210 1107
1725220 1111
1725230 1111
1725240 1113
1725250 1117
1725260 1117
1725270 1121
1725280 1125
1725290 1125
1725300 1128
1725310 1131
1725320 1131
1725330 1135
1725340 1139
1725350 1139
1725360 1142
1725370 1144
1725380 1144
1725390 1147
1725400 1155
1725410 1155
1725420 1162
1725430 1169
1725440 1169
1725450 1178
1725460 1190
1725470 1199
1725480 1199
1725490 1207
1725500 1216
1725510 1216
1725520 1226
1725530 1232
1725540 1232
1725550 1261
1725560 1247
1725570 1247
1725580 1247
1725590 1253
1725600 1253
1725610 1259
1725620 1273
1725630 1273
1725640 1298
1725650 1318
1725660 1318
1725670 1326
1725680 1335
1725690 1335
1725700 1349
1725710 1361
1725720 1361
1725730 1368
1725740 1376
1725750 1376
1725760 1383
1725770 1390
1725780 1390
1725790 1399
1725800 1406
1725810 1406
1725820 1413
1725830 1420
1725840 1420
1725850 1425
1725860 1432
1725870 1432
1725880 1438
1725890 1444
1725900 1444
1725910 1447
1725920 1445
1725930 1447
1725940 1447
1725950 1448
1725960 1447
1725970 1447
1725980 1446
1725990 1449
1726000 1449
1726010 1449
1726020 1452
1726030 1452
1726040 1456
1726050 1459
1726060 1459
1726070 1461
1726080 1464
1726090 1464
1726100 1466
1726110 1468
1726120 1468
1726130 1469
1726140 1470
1726150 1470
1726160 1470
1726170 1470
1726180 1470
1726190 1470
1726200 1471
1726210 1471
1726220 1473
1726230 1476
1726240 1476
1726250 1481
1726260 1486
1726270 1486
1726280 1490
1726290 1493
1726300 1493
1726310 1496
1726320 1500
1726330 1500
1726340 1503
1726350 1506
1726360 1506
1726370 1507
1726380 1508
1726390 1508
1726400 1508
1726410 1509
1726420 1511
1726430 1511
1726440 1512
1726450 1512
1726460 1512
1726470 1512
1726480 1511
1726490 1511
1726500 1510
1726510 1509
1726520 1509
1726530 1508
1726540 1508
1726550 1508
1726560 1508
1726570 1507
1726580 1507
1726590 1505
1726600 1504
1726610 1504
1726620 1502
1726630 1502
1726640 1502
1726650 1503
1726660 1503
1726670 1503
1726680 1504
1726690 1504
1726700 1504
1726710 1505
1726720 1506
1726730 1506
1726740 1506
1726750 1505
1726760 1505
1726770 1504
1726780 1504
1726790 1504
1726800 1503
1726810 1500
1726820 1498
1726830 1498
1726840 1494
1726850 1490
1726860 1490
1726870 1486
1726880 1482
1726890 1482
1726900 1477
1726910 1472
1726920 1472
1726930 1468
1726940 1464
1726950 1464
1726960 1459
1726970 1455
1726980 1455
1726990 1451
1727000 1449
1727010 1449
1727020 1448
1727030 1452
1727040 1452
1727050 1450
1727060 1444
1727070 1444
1727080 1441
1727090 1438
1727100 1438
1727110 1436
1727120 1434
1727130 1434
1727140 1431
1727150 1430
1727160 1430
1727170 1428
1727180 1426
1727190 1426
1727200 1423
1727210 1422
1727220 1422
1727230 1415
1727240 1413
1727250 1413
1727260 1407
1727270 1406
1727280 1405
1727290 1405
1727300 1409
1727310 1410
1727320 1410
1727330 1407
1727340 1406
1727350 1406
1727360 1404
1727370 1404
1727380 1404
1727390 1405
1727400 1401
1727410 1401
1727420 1394
1727430 1393
1727440 1393
1727450 1394
1727460 1403
1727470 1403
1727480 1398
1727490 1396
1727500 1396
1727510 1401
1727520 1398
1727530 1398
1727540 1395
1727550 1392
1727560 1392
1727570 1392
1727580 1394
1727590 1394
1727600 1391
1727610 1391
1727620 1391
1727630 1392
1727640 1399
1727650 1399
1727660 1396
1727670 1392
1727680 1392
1727690 1388
1727700 1388
1727710 1388
1727720 1388
1727730 1387
1727740 1387
1727750 1387
1727760 1386
1727770 1377
1727780 1377
1727790 1373
1727800 1369
1727810 1379
1727820 1377
1727830 1374
1727840 1374
1727850 1374
1727860 1371
1727870 1371
1727880 1367
1727890 1364
1727900 1364
1727910 1360
1727920 1356
1727930 1356
1727940 1355
1727950 1351
1727960 1351
1727970 1348
1727980 1345
1727990 1345
1728000 1343
1728010 1339
1728020 1339
1728030 1336
1728040 1331
1728050 1331
1728060 1326
1728070 1320
1728080 1320
1728090 1316
1728100 1313
1728110 1313
1728120 1310
1728130 1305
1728140 1305
1728150 1304
1728160 1301
1728170 1300
1728180 1300
1728190 1298
1728200 1296
1728210 1296
1728220 1293
1728230 1292
1728240 1292
1728250 1278
1728260 1261
1728270 1261
1728280 1258
1728290 1256
1728300 1256
1728310 1255
1728320 1257
1728330 1257
1728340 1258
1728350 1240
1728360 1240
1728370 1234
1728380 1233
1728390 1233
1728400 1233
1728410 1235
1728420 1235
1728430 1234
1728440 1233
1728450 1233
1728460 1231
1728470 1228
1728480 1228
1728490 1226
1728500 1225
1728510 1225
1728520 1224
1728530 1223
1728540 1223
1728550 1220
1728560 1220
1728570 1220
1728580 1217
1728590 1216
1728600 1216
1728610 1216
1728620 1217
1728630 1218
1728640 1218
1728650 1217
1728660 1217
1728670 1217
1728680 1216
1728690 1216
1728700 1216
1728710 1215
1728720 1214
1728730 1214
1728740 1212
1728750 1209
1728760 1209
1728770 1203
1728780 1197
1728790 1197
1728800 1189
1728810 1182
1728820 1182
1728830 1174
1728840 1166
1728850 1166
1728860 1159
1728870 1156
1728880 1156
1728890 1148
1728900 1140
1728910 1140
1728920 1131
1728930 1123
1728940 1123
1728950 1115
1728960 1108
1728970 1108
1728980 1100
1728990 1092
1729000 1092
1729010 1088
1729020 1084
1729030 1084
1729040 1078
1729050 1072
1729060 1072
1729070 1065
1729080 1059
1729090 1059
1729100 1059
1729110 1057
1729120 1055
1729130 1055
1729140 1052
1729150 1049
1729160 1049
1729170 1043
1729180 1042
1729190 1042
1729200 1040
1729210 1035
1729220 1035
1729230 1030
1729240 1029
1729250 1029
1729260 1030
1729270 1033
1729280 1033
1729290 1035
1729300 1035
1729310 1035
1729320 1032
1729330 1028
1729340 1028
1729350 1025
1729360 1020
1729370 1020
1729380 1019
1729390 1017
1729400 1017
1729410 1014
1729420 1012
1729430 1012
1729440 1015
1729450 1017
1729460 1017
1729470 1021
1729480 1019
1729490 1019
1729500 1019
1729510 1020
1729520 1020
1729530 1021
1729540 1016
1729550 1010
1729560 1010
1729570 1002
1729580 997
1729590 997
1729600 992
1729610 986
1729620 986
1729630 980
1729640 974
1729650 974
1729660 969
1729670 963
1729680 963
1729690 957
1729700 952
1729710 952
1729720 946
1729730 941
1729740 941
1729750 935
1729760 930
1729770 930
1729780 925
1729790 919
1729800 919
1729810 914
1729820 908
1729830 908
1729840 903
1729850 897
1729860 897
1729870 892
1729880 887
1729890 887
1729900 882
1729910 878
1729920 878
1729930 876
1729940 874
1729950 874
1729960 872
1729970 870
1729980 868
1729990 868
1730000 865
1730010 863
1730020 863
1730030 863
1730040 862
1730050 862
1730060 860
1730070 858
1730080 858
1730090 857
1730100 854
1730110 854
1730120 854
1730130 853
1730140 853
1730150 851
1730160 851
1730170 851
1730180 849
1730190 847
1730200 847
1730210 844
1730220 843
1730230 843
1730240 841
1730250 840
1730260 840
1730270 837
1730280 829
1730290 829
1730300 826
1730310 825
1730320 825
1730330 824
1730340 824
1730350 824
1730360 828
1730370 830
1730380 830
1730390 831
1730400 832
1730410 832
1730420 832
1730430 835
1730440 837
1730450 837
1730460 838
1730470 840
1730480 840
1730490 842
1730500 844
1730510 844
1730520 845
1730530 847
1730540 847
1730550 849
1730560 851
1730570 851
1730580 852
1730590 855
1730600 855
1730610 856
1730620 855
1730630 855
1730640 858
1730650 862
1730660 862
1730670 867
1730680 872
1730690 872
1730700 875
1730710 880
1730720 880
1730730 886
1730740 893
1730750 893
1730760 899
1730770 908
1730780 908
1730790 915
1730800 921
1730810 921
1730820 925
1730830 930
1730840 930
1730850 933
1730860 936
1730870 936
1730880 939
1730890 941
1730900 943
1730910 943
1730920 945
1730930 948
1730940 948
1730950 951
1730960 952
1730970 952
1730980 954
1730990 957
1731000 957
1731010 960
1731020 961
1731030 961
1731040 961
1731050 963
1731060 963
1731070 966
1731080 969
1731090 969
1731100 971
1731110 975
1731120 975
1731130 979
1731140 985
1731150 985
1731160 991
1731170 996
1731180 996
1731190 1001
1731200 1006
1731210 1006
1731220 1011
1731230 1016
1731240 1016
1731250 1023
1731260 1026
1731270 1026
1731280 1032
1731290 1038
1731300 1038
1731310 1043
1731320 1047
1731330 1050
1731340 1050
1731350 1052
1731360 1053
1731370 1053
1731380 1055
1731390 1057
1731400 1057
1731410 1059
1731420 1061
1731430 1061
1731440 1062
1731450 1064
1731460 1064
1731470 1066
1731480 1067
1731490 1067
1731500 1068
1731510 1069
1731520 1069
1731530 1071
1731540 1069
1731550 1069
1731560 1067
1731570 1066
1731580 1066
1731590 1064
1731600 1066
1731610 1066
1731620 1074
1731630 1081
1731640 1081
1731650 1088
1731660 1095
1731670 1095
1731680 1101
1731690 1107
1731700 1107
1731710 1113
1731720 1120
1731730 1120
1731740 1127
1731750 1133
1731760 1133
1731770 1139
1731780 1145
1731790 1152
1731800 1152
1731810 1158
1731820 1164
1731830 1164
1731840 1171
1731850 1177
1731860 1177
1731870 1183
1731880 1189
1731890 1189
1731900 1194
1731910 1201
1731920 1201
1731930 1209
1731940 1215
1731950 1215
1731960 1222
1731970 1228
1731980 1228
1731990 1235
1732000 1241
1732010 1241
1732020 1247
1732030 1250
1732040 1250
1732050 1248
1732060 1248
1732070 1248
1732080 1244
1732090 1240
1732100 1240
1732110 1235
1732120 1228
1732130 1228
1732140 1222
1732150 1216
1732160 1216
1732170 1210
1732180 1203
1732190 1203
1732200 1197
1732210 1193
1732220 1193
1732230 1188
1732240 1182
1732250 1178
1732260 1178
1732270 1171
1732280 1168
1732290 1168
1732300 1169
1732310 1167
1732320 1167
1732330 1164
1732340 1165
1732350 1165
1732360 1166
1732370 1169
1732380 1169
1732390 1175
1732400 1168
1732410 1168
1732420 1163
1732430 1156
1732440 1156
1732450 1153
1732460 1150
1732470 1150
1732480 1150
1732490 1154
1732500 1154
1732510 1156
1732520 1160
1732530 1160
1732540 1163
1732550 1168
1732560 1168
1732570 1174
1732580 1179
1732590 1179
1732600 1182
1732610 1181
1732620 1181
1732630 1180
1732640 1175
1732650 1175
1732660 1169
1732670 1162
1732680 1153
1732690 1153
1732700 1146
1732710 1141
1732720 1141
1732730 1138
1732740 1133
1732750 1133
1732760 1143
1732770 1151
1732780 1151
1732790 1153
1732800 1157
1732810 1157
1732820 1159
1732830 1161
1732840 1161
1732850 1150
1732860 1142
1732870 1142
1732880 1134
1732890 1130
1732900 1130
1732910 1128
1732920 1124
1732930 1124
1732940 1115
1732950 1109
1732960 1109
1732970 1120
1732980 1130
1732990 1130
1733000 1130
1733010 1132
1733020 1132
1733030 1137
1733040 1144
1733050 1144
1733060 1150
1733070 1155
1733080 1155
1733090 1160
1733100 1164
1733110 1164
1733120 1169
1733130 1174
1733140 1176
1733150 1176
1733160 1183
1733170 1189
1733180 1189
1733190 1196
1733200 1201
1733210 1201
1733220 1204
1733230 1207
1733240 1207
1733250 1206
1733260 1207
1733270 1207
1733280 1208
1733290 1212
1733300 1212
1733310 1219
1733320 1225
1733330 1225
1733340 1230
1733350 1237
1733360 1237
1733370 1242
1733380 1242
1733390 1242
1733400 1245
1733410 1251
1733420 1251
1733430 1257
1733440 1263
1733450 1263
1733460 1270
1733470 1274
1733480 1274
1733490 1278
1733500 1282
1733510 1282
1733520 1285
1733530 1268
1733540 1268
1733550 1221
1733560 1206
1733570 1206
1733580 1206
1733590 1206
1733600 1210
1733610 1210
1733620 1212
1733630 1208
1733640 1208
1733650 1210
1733660 1220
1733670 1220
1733680 1227
1733690 1232
1733700 1232
1733710 1240
1733720 1245
1733730 1245
1733740 1249
1733750 1253
1733760 1253
1733770 1255
1733780 1258
1733790 1258
1733800 1267
1733810 1279
1733820 1279
1733830 1283
1733840 1281
1733850 1281
1733860 1280
1733870 1281
1733880 1281
1733890 1286
1733900 1290
1733910 1290
1733920 1292
1733930 1290
1733940 1290
1733950 1290
1733960 1282
1733970 1282
1733980 1291
1733990 1296
1734000 1296
1734010 1297
1734020 1295
1734030 1288
1734040 1288
1734050 1292
1734060 1295
1734070 1295
1734080 1308
1734090 1316
1734100 1316
1734110 1320
1734120 1326
1734130 1326
1734140 1333
1734150 1341
1734160 1341
1734170 1344
1734180 1358
1734190 1358
1734200 1370
1734210 1381
1734220 1381
1734230 1387
1734240 1380
1734250 1380
1734260 1378
1734270 1376
1734280 1376
1734290 1375
1734300 1372
1734310 1372
1734320 1370
1734330 1374
1734340 1374
1734350 1381
1734360 1387
1734370 1387
1734380 1394
1734390 1402
1734400 1402
1734410 1411
1734420 1417
1734430 1417
1734440 1425
1734450 1433
1734460 1433
1734470 1439
1734480 1437
1734490 1431
1734500 1431
1734510 1425
1734520 1421
1734530 1421
1734540 1419
1734550 1422
1734560 1422
1734570 1425
1734580 1421
1734590 1421
1734600 1419
1734610 1417
1734620 1417
1734630 1414
1734640 1417
1734650 1417
1734660 1428
1734670 1439
1734680 1439
1734690 1445
1734700 1454
1734710 1454
1734720 1463
1734730 1472
1734740 1472
1734750 1482
1734760 1491
1734770 1491
1734780 1502
1734790 1520
1734800 1520
1734810 1555
1734820 1564
1734830 1564
1734840 1575
1734850 1585
1734860 1585
1734870 1597
1734880 1597
1734890 1597
1734900 1588
1734910 1580
1734920 1580
1734930 1571
1734940 1563
1734950 1556
1734960 1556
1734970 1549
1734980 1543
1734990 1543
1735000 1539
1735010 1538
1735020 1538
1735030 1540
1735040 1539
1735050 1539
1735060 1539
1735070 1539
1735080 1539
1735090 1538
1735100 1536
1735110 1536
1735120 1534
1735130 1532
1735140 1532
1735150 1529
1735160 1532
1735170 1532
1735180 1537
1735190 1541
1735200 1541
1735210 1543
1735220 1544
1735230 1544
1735240 1548
1735250 1551
1735260 1551
1735270 1557
1735280 1564
1735290 1564
1735300 1570
1735310 1577
1735320 1577
1735330 1583
1735340 1588
1735350 1588
1735360 1594
1735370 1599
1735380 1605
1735390 1605
1735400 1611
1735410 1617
1735420 1617
1735430 1623
1735440 1629
1735450 1629
1735460 1635
1735470 1641
1735480 1641
1735490 1647
1735500 1651
1735510 1651
1735520 1658
1735530 1663
1735540 1663
1735550 1675
1735560 1686
1735570 1686
1735580 1692
1735590 1700
1735600 1700
1735610 1710
1735620 1715
1735630 1715
1735640 1720
1735650 1726
1735660 1726
1735670 1731
1735680 1738
1735690 1738
1735700 1746
1735710 1754
1735720 1754
1735730 1762
1735740 1772
1735750 1772
1735760 1776
1735770 1772
1735780 1772
1735790 1771
1735800 1770
1735810 1770
1735820 1770
1735830 1771
1735840 1771
1735850 1771
1735860 1772
1735870 1776
1735880 1776
1735890 1780
1735900 1782
1735910 1782
1735920 1784
1735930 1785
1735940 1785
1735950 1786
1735960 1787
1735970 1787
1735980 1789
1735990 1789
1736000 1789
1736010 1788
1736020 1784
1736030 1784
1736040 1779
1736050 1780
1736060 1780
1736070 1772
1736080 1770
1736090 1770
1736100 1773
1736110 1772
1736120 1772
1736130 1773
1736140 1775
1736150 1775
1736160 1777
1736170 1777
1736180 1777
1736190 1778
1736200 1778
1736210 1778
1736220 1777
1736230 1777
1736240 1777
1736250 1777
1736260 1778
1736270 1778
1736280 1778
1736290 1779
1736300 1780
1736310 1780
1736320 1781
1736330 1783
1736340 1783
1736350 1783
1736360 1784
1736370 1784
1736380 1785
1736390 1786
1736400 1786
1736410 1787
1736420 1787
1736430 1787
1736440 1788
1736450 1788
1736460 1788
1736470 1789
1736480 1789
1736490 1789
1736500 1789
1736510 1788
1736520 1788
1736530 1788
1736540 1788
1736550 1788
1736560 1787
1736570 1785
1736580 1785
1736590 1783
1736600 1782
1736610 1782
1736620 1783
1736630 1783
1736640 1783
1736650 1783
1736660 1784
1736670 1784
1736680 1784
1736690 1785
1736700 1785
1736710 1785
1736720 1783
1736730 1783
1736740 1781
1736750 1778
1736760 1774
1736770 1774
1736780 1770
1736790 1768
1736800 1768
1736810 1767
1736820 1766
1736830 1766
1736840 1766
1736850 1766
1736860 1766
1736870 1765
1736880 1767
1736890 1767
1736900 1766
1736910 1767
1736920 1767
1736930 1767
1736940 1770
1736950 1770
1736960 1772
1736970 1774
1736980 1774
1736990 1775
1737000 1777
1737010 1777
1737020 1774
1737030 1771
1737040 1771
1737050 1768
1737060 1766
1737070 1766
1737080 1763
1737090 1759
1737100 1759
1737110 1756
1737120 1754
1737130 1754
1737140 1754
1737150 1752
1737160 1752
1737170 1744
1737180 1738
1737190 1736
1737200 1736
1737210 1734
1737220 1734
1737230 1734
1737240 1734
1737250 1735
1737260 1735
1737270 1736
1737280 1737
1737290 1737
1737300 1737
1737310 1738
1737320 1738
1737330 1738
1737340 1739
1737350 1739
1737360 1738
1737370 1736
1737380 1736
1737390 1734
1737400 1732
1737410 1732
1737420 1729
1737430 1729
1737440 1729
1737450 1724
1737460 1725
1737470 1725
1737480 1725
1737490 1724
1737500 1724
1737510 1720
1737520 1718
1737530 1718
1737540 1714
1737550 1713
1737560 1713
1737570 1710
1737580 1711
1737590 1711
1737600 1708
1737610 1706
1737620 1706
1737630 1709
1737640 1716
1737650 1720
1737660 1720
1737670 1723
1737680 1724
1737690 1724
1737700 1726
1737710 1715
1737720 1715
1737730 1702
1737740 1695
1737750 1695
1737760 1688
1737770 1679
1737780 1679
1737790 1667
1737800 1659
1737810 1659
1737820 1657
1737830 1659
1737840 1659
1737850 1664
1737860 1664
1737870 1664
1737880 1668
1737890 1679
1737900 1679
1737910 1670
1737920 1661
1737930 1661
1737940 1652
1737950 1655
1737960 1655
1737970 1648
1737980 1638
1737990 1638
1738000 1625
1738010 1611
1738020 1611
1738030 1602
1738040 1590
1738050 1590
1738060 1579
1738070 1570
1738080 1570
1738090 1562
1738100 1553
1738110 1537
1738120 1537
1738130 1531
1738140 1522
1738150 1522
1738160 1512
1738170 1497
1738180 1497
1738190 1490
1738200 1483
1738210 1483
1738220 1476
1738230 1469
1738240 1469
1738250 1464
1738260 1458
1738270 1458
1738280 1452
1738290 1447
1738300 1447
1738310 1441
1738320 1435
1738330 1435
1738340 1430
1738350 1423
1738360 1423
1738370 1417
1738380 1412
1738390 1412
1738400 1404
1738410 1397
1738420 1397
1738430 1391
1738440 1386
1738450 1386
1738460 1379
1738470 1374
1738480 1374
1738490 1368
1738500 1362
1738510 1362
1738520 1356
1738530 1351
1738540 1344
1738550 1344
1738560 1337
1738570 1330
1738580 1330
1738590 1324
1738600 1317
1738610 1317
1738620 1310
1738630 1304
1738640 1304
1738650 1296
1738660 1288
1738670 1288
1738680 1282
1738690 1274
1738700 1274
1738710 1268
1738720 1262
1738730 1262
1738740 1253
1738750 1249
1738760 1249
1738770 1240
1738780 1234
1738790 1234
1738800 1226
1738810 1222
1738820 1222
1738830 1222
1738840 1214
1738850 1214
1738860 1206
1738870 1200
1738880 1200
1738890 1190
1738900 1183
1738910 1183
1738920 1176
1738930 1169
1738940 1169
1738950 1162
1738960 1154
1738970 1154
1738980 1147
1738990 1139
1739000 1131
1739010 1131
1739020 1123
1739030 1114
1739040 1114
1739050 1107
1739060 1101
1739070 1101
1739080 1095
1739090 1089
1739100 1089
1739110 1082
1739120 1076
1739130 1076
1739140 1069
1739150 1063
1739160 1063
1739170 1057
1739180 1051
1739190 1051
1739200 1046
1739210 1041
1739220 1041
1739230 1036
1739240 1032
1739250 1032
1739260 1029
1739270 1030
1739280 1030
1739290 1030
1739300 1029
1739310 1029
1739320 1029
1739330 1026
1739340 1026
1739350 1026
1739360 1026
1739370 1026
1739380 1028
1739390 1027
1739400 1027
1739410 1027
1739420 1026
1739430 1026
1739440 1025
1739450 1024
1739460 1023
1739470 1023
1739480 1023
1739490 1024
1739500 1024
1739510 1024
1739520 1024
1739530 1024
1739540 1024
1739550 1027
1739560 1027
1739570 1030
1739580 1033
1739590 1033
1739600 1036
1739610 1039
1739620 1039
1739630 1041
1739640 1043
1739650 1043
1739660 1044
1739670 1046
1739680 1046
1739690 1049
1739700 1055
1739710 1055
1739720 1059
1739730 1064
1739740 1064
1739750 1069
1739760 1073
1739770 1073
1739780 1077
1739790 1082
1739800 1086
1739810 1090
1739820 1094
1739830 1094
1739840 1098
1739850 1099
1739860 1099
1739870 1103
1739880 1105
1739890 1108
1739900 1108
1739910 1111
1739920 1113
1739930 1113
1739940 1115
1739950 1116
1739960 1116
1739970 1116
1739980 1117
1739990 1117
