1720000 1133
1720010 1139
1720020 1139
1720030 1144
1720040 1146
1720050 1146
1720060 1150
1720070 1154
1720080 1154
1720090 1157
1720100 1160
1720110 1160
1720120 1161
1720130 1163
1720140 1163
1720150 1161
1720160 1161
1720170 1161
1720180 1172
1720190 1177
1720200 1177
1720210 1182
1720220 1186
1720230 1186
1720240 1187
1720250 1187
1720260 1187
1720270 1185
1720280 1176
1720290 1172
1720300 1172
1720310 1168
1720320 1164
1720330 1164
1720340 1159
1720350 1158
1720360 1158
1720370 1157
1720380 1156
1720390 1156
1720400 1155
1720410 1154
1720420 1154
1720430 1152
1720440 1149
1720450 1149
1720460 1146
1720470 1142
1720480 1142
1720490 1137
1720500 1131
1720510 1131
1720520 1128
1720530 1124
1720540 1124
1720550 1120
1720560 1116
1720570 1116
1720580 1112
1720590 1106
1720600 1106
1720610 1097
1720620 1097
1720630 1097
1720640 1094
1720650 1092
1720660 1092
1720670 1091
1720680 1089
1720690 1089
1720700 1086
1720710 1082
1720720 1082
1720730 1078
1720740 1075
1720750 1072
1720760 1072
1720770 1070
1720780 1065
1720790 1065
1720800 1060
1720810 1054
1720820 1054
1720830 1052
1720840 1047
1720850 1047
1720860 1045
1720870 1042
1720880 1042
1720890 1040
1720900 1036
1720910 1036
1720920 1033
1720930 1029
1720940 1029
1720950 1026
1720960 1021
1720970 1021
1720980 1015
1720990 1010
1721000 1010
1721010 1008
1721020 1007
1721030 1007
1721040 1005
1721050 1003
1721060 1003
1721070 1000
1721080 997
1721090 997
1721100 995
1721110 994
1721120 994
1721130 991
1721140 988
1721150 988
1721160 985
1721170 983
1721180 980
1721190 980
1721200 978
1721210 978
1721220 978
1721230 971
1721240 970
1721250 970
1721260 967
1721270 965
1721280 965
1721290 963
1721300 961
1721310 961
1721320 959
1721330 957
1721340 957
1721350 954
1721360 952
1721370 952
1721380 950
1721390 948
1721400 948
1721410 945
1721420 942
1721430 942
1721440 940
1721450 937
1721460 937
1721470 935
1721480 933
1721490 933
1721500 930
1721510 927
1721520 927
1721530 925
1721540 922
1721550 922
1721560 920
1721570 918
1721580 918
1721590 916
1721600 915
1721610 915
1721620 913
1721630 912
1721640 911
1721650 911
1721660 907
1721670 902
1721680 902
1721690 897
1721700 896
1721710 896
1721720 894
1721730 893
1721740 893
1721750 893
1721760 892
1721770 892
1721780 891
1721790 890
1721800 890
1721810 889
1721820 888
1721830 888
1721840 887
1721850 888
1721860 888
1721870 890
1721880 891
1721890 891
1721900 893
1721910 895
1721920 895
1721930 898
1721940 900
1721950 900
1721960 903
1721970 907
1721980 907
1721990 910
1722000 909
1722010 909
1722020 904
1722030 899
1722040 899
1722050 893
1722060 888
1722070 885
1722080 885
1722090 887
1722100 890
1722110 890
1722120 893
1722130 896
1722140 896
1722150 899
1722160 902
1722170 900
1722180 902
1722190 905
1722200 905
1722210 907
1722220 909
1722230 909
1722240 911
1722250 914
1722260 914
1722270 918
1722280 919
1722290 919
1722300 918
1722310 915
1722320 915
1722330 911
1722340 907
1722350 907
1722360 904
1722370 901
1722380 901
1722390 898
1722400 894
1722410 894
1722420 890
1722430 885
1722440 885
1722450 880
1722460 876
1722470 876
1722480 872
1722490 870
1722500 870
1722510 869
1722520 866
1722530 862
1722540 862
1722550 857
1722560 854
1722570 854
1722580 853
1722590 854
1722600 854
1722610 852
1722620 848
1722630 848
1722640 844
1722650 839
1722660 839
1722670 834
1722680 830
1722690 830
1722700 827
1722710 826
1722720 826
1722730 824
1722740 820
1722750 820
1722760 816
1722770 812
1722780 812
1722790 811
1722800 809
1722810 809
1722820 803
1722830 796
1722840 796
1722850 795
1722860 795
1722870 795
1722880 795
1722890 796
1722900 796
1722910 798
1722920 798
1722930 798
1722940 797
1722950 798
1722960 798
1722970 798
1722980 798
1722990 798
1723000 798
1723010 798
1723020 798
1723030 798
1723040 798
1723050 798
1723060 798
1723070 798
1723080 798
1723090 798
1723100 798
1723110 798
1723120 798
1723130 798
1723140 798
1723150 798
1723160 797
1723170 799
1723180 799
1723190 798
1723200 800
1723210 800
1723220 805
1723230 812
1723240 812
1723250 816
1723260 818
1723270 818
1723280 821
1723290 824
1723300 824
1723310 826
1723320 829
1723330 829
1723340 831
1723350 834
1723360 834
1723370 837
1723380 840
1723390 840
1723400 843
1723410 846
1723420 849
1723430 849
1723440 852
1723450 856
1723460 856
1723470 856
1723480 860
1723490 860
1723500 864
1723510 867
1723520 867
1723530 870
1723540 873
1723550 873
1723560 874
1723570 876
1723580 876
1723590 877
1723600 880
1723610 880
1723620 883
1723630 886
1723640 886
1723650 889
1723660 891
1723670 891
1723680 893
1723690 894
1723700 894
1723710 894
1723720 893
1723730 893
1723740 893
1723750 891
1723760 891
1723770 893
1723780 894
1723790 894
1723800 892
1723810 889
1723820 889
1723830 885
1723840 881
1723850 881
1723860 881
1723870 881
1723880 877
1723890 877
1723900 870
1723910 865
1723920 865
1723930 863
1723940 864
1723950 864
1723960 863
1723970 863
1723980 863
1723990 865
1724000 867
1724010 867
1724020 871
1724030 875
1724040 875
1724050 876
1724060 878
1724070 878
1724080 883
1724090 886
1724100 886
1724110 888
1724120 890
1724130 890
1724140 892
1724150 892
1724160 892
1724170 893
1724180 898
1724190 898
1724200 900
1724210 904
1724220 904
1724230 908
1724240 910
1724250 910
1724260 910
1724270 911
1724280 911
1724290 913
1724300 914
1724310 914
1724320 920
1724330 923
1724340 930
1724350 930
1724360 930
1724370 929
1724380 929
1724390 935
1724400 938
1724410 938
1724420 942
1724430 945
1724440 945
1724450 946
1724460 946
1724470 946
1724480 945
1724490 944
1724500 944
1724510 942
1724520 940
1724530 940
1724540 940
1724550 946
1724560 947
1724570 956
1724580 965
1724590 965
1724600 971
1724610 974
1724620 974
1724630 973
1724640 972
1724650 972
1724660 973
1724670 975
1724680 975
1724690 974
1724700 976
1724710 976
1724720 977
1724730 978
1724740 978
1724750 975
1724760 972
1724770 973
1724780 973
1724790 979
1724800 987
1724810 987
1724820 998
1724830 1004
1724840 1004
1724850 1009
1724860 1013
1724870 1013
1724880 1017
1724890 1019
1724900 1019
1724910 1022
1724920 1026
1724930 1026
1724940 1027
1724950 1029
1724960 1029
1724970 1036
1724980 1043
1724990 1043
1725000 1050
1725010 1057
1725020 1057
1725030 1061
1725040 1068
1725050 1068
1725060 1073
1725070 1078
1725080 1078
1725090 1082
1725100 1086
1725110 1086
1725120 1087
1725130 1086
1725140 1086
1725150 1086
1725160 1085
1725170 1085
1725180 1084
1725190 1082
1725200 1082
1725210 1075
1725220 1075
1725230 1080
1725240 1080
1725250 1083
1725260 1081
1725270 1081
1725280 1080
1725290 1081
1725300 1081
1725310 1082
1725320 1083
1725330 1083
1725340 1082
1725350 1080
1725360 1080
1725370 1078
1725380 1076
1725390 1076
1725400 1079
1725410 1084
1725420 1084
1725430 1092
1725440 1105
1725450 1105
1725460 1112
1725470 1118
1725480 1118
1725490 1137
1725500 1165
1725510 1165
1725520 1167
1725530 1172
1725540 1172
1725550 1174
1725560 1183
1725570 1183
1725580 1184
1725590 1185
1725600 1185
1725610 1183
1725620 1181
1725630 1181
1725640 1177
1725650 1157
1725660 1157
1725670 1157
1725680 1159
1725690 1163
1725700 1163
1725710 1169
1725720 1177
1725730 1177
1725740 1185
1725750 1198
1725760 1198
1725770 1202
1725780 1207
1725790 1207
1725800 1213
1725810 1226
1725820 1226
1725830 1226
1725840 1226
1725850 1226
1725860 1227
1725870 1229
1725880 1229
1725890 1231
1725900 1234
1725910 1234
1725920 1236
1725930 1241
1725940 1241
1725950 1249
1725960 1256
1725970 1256
1725980 1265
1725990 1274
1726000 1274
1726010 1282
1726020 1289
1726030 1289
1726040 1296
1726050 1302
1726060 1302
1726070 1308
1726080 1314
1726090 1314
1726100 1321
1726110 1327
1726120 1335
1726130 1335
1726140 1342
1726150 1351
1726160 1351
1726170 1358
1726180 1365
1726190 1365
1726200 1371
1726210 1379
1726220 1379
1726230 1386
1726240 1392
1726250 1392
1726260 1399
1726270 1406
1726280 1406
1726290 1413
1726300 1420
1726310 1420
1726320 1427
1726330 1435
1726340 1435
1726350 1443
1726360 1450
1726370 1450
1726380 1457
1726390 1465
1726400 1465
1726410 1472
1726420 1480
1726430 1480
1726440 1489
1726450 1498
1726460 1498
1726470 1507
1726480 1516
1726490 1516
1726500 1527
1726510 1539
1726520 1539
1726530 1544
1726540 1547
1726550 1547
1726560 1550
1726570 1553
1726580 1556
1726590 1556
1726600 1558
1726610 1561
1726620 1561
1726630 1564
1726640 1567
1726650 1567
1726660 1569
1726670 1571
1726680 1571
1726690 1573
1726700 1574
1726710 1574
1726720 1574
1726730 1572
1726740 1572
1726750 1570
1726760 1567
1726770 1567
1726780 1564
1726790 1561
1726800 1561
1726810 1560
1726820 1558
1726830 1558
1726840 1556
1726850 1556
1726860 1556
1726870 1553
1726880 1549
1726890 1549
1726900 1548
1726910 1547
1726920 1547
1726930 1546
1726940 1544
1726950 1544
1726960 1543
1726970 1541
1726980 1541
1726990 1539
1727000 1538
1727010 1535
1727020 1535
1727030 1533
1727040 1531
1727050 1531
1727060 1529
1727070 1527
1727080 1527
1727090 1524
1727100 1521
1727110 1521
1727120 1518
1727130 1513
1727140 1513
1727150 1507
1727160 1501
1727170 1501
1727180 1498
1727190 1492
1727200 1492
1727210 1485
1727220 1482
1727230 1482
1727240 1477
1727250 1477
1727260 1477
1727270 1475
1727280 1466
1727290 1466
1727300 1458
1727310 1451
1727320 1451
1727330 1447
1727340 1440
1727350 1440
1727360 1435
1727370 1430
1727380 1430
1727390 1425
1727400 1420
1727410 1420
1727420 1414
1727430 1408
1727440 1408
1727450 1402
1727460 1396
1727470 1390
1727480 1390
1727490 1384
1727500 1378
1727510 1378
1727520 1370
1727530 1364
1727540 1364
1727550 1359
1727560 1355
1727570 1355
1727580 1350
1727590 1346
1727600 1346
1727610 1342
1727620 1338
1727630 1338
1727640 1334
1727650 1330
1727660 1330
1727670 1325
1727680 1320
1727690 1320
1727700 1315
1727710 1309
1727720 1309
1727730 1303
1727740 1297
1727750 1297
1727760 1291
1727770 1287
1727780 1287
1727790 1282
1727800 1276
1727810 1276
1727820 1271
1727830 1266
1727840 1266
1727850 1260
1727860 1255
1727870 1255
1727880 1249
1727890 1244
1727900 1239
1727910 1239
1727920 1233
1727930 1230
1727940 1230
1727950 1226
1727960 1222
1727970 1222
1727980 1218
1727990 1214
1728000 1214
1728010 1209
1728020 1204
1728030 1204
1728040 1199
1728050 1194
1728060 1194
1728070 1190
1728080 1186
1728090 1186
1728100 1181
1728110 1176
1728120 1176
1728130 1172
1728140 1167
1728150 1167
1728160 1162
1728170 1157
1728180 1157
1728190 1151
1728200 1145
1728210 1145
1728220 1141
1728230 1137
1728240 1137
1728250 1135
1728260 1132
1728270 1132
1728280 1129
1728290 1126
1728300 1126
1728310 1123
1728320 1119
1728330 1119
1728340 1117
1728350 1114
1728360 1111
1728370 1111
1728380 1108
1728390 1104
1728400 1104
1728410 1102
1728420 1098
1728430 1098
1728440 1094
1728450 1092
1728460 1092
1728470 1089
1728480 1085
1728490 1085
1728500 1081
1728510 1077
1728520 1077
1728530 1071
1728540 1063
1728550 1063
1728560 1055
1728570 1049
1728580 1049
1728590 1046
1728600 1044
1728610 1044
1728620 1043
1728630 1042
1728640 1042
1728650 1042
1728660 1041
1728670 1041
1728680 1042
1728690 1042
1728700 1042
1728710 1041
1728720 1036
1728730 1036
1728740 1033
1728750 1030
1728760 1030
1728770 1028
1728780 1025
1728790 1025
1728800 1023
1728810 1023
1728820 1021
1728830 1021
1728840 1019
1728850 1019
1728860 1019
1728870 1020
1728880 1018
1728890 1018
1728900 1016
1728910 1017
1728920 1017
1728930 1015
1728940 1011
1728950 1011
1728960 1006
1728970 1007
1728980 1007
1728990 1011
1729000 1010
1729010 1010
1729020 1010
1729030 1008
1729040 1008
1729050 1006
1729060 1000
1729070 1000
1729080 993
1729090 992
1729100 992
1729110 990
1729120 986
1729130 986
1729140 979
1729150 974
1729160 974
1729170 967
1729180 961
1729190 961
1729200 960
1729210 945
1729220 945
1729230 940
1729240 940
1729250 940
1729260 940
1729270 944
1729280 949
1729290 949
1729300 953
1729310 960
1729320 960
1729330 964
1729340 962
1729350 962
1729360 960
1729370 957
1729380 957
1729390 954
1729400 950
1729410 950
1729420 945
1729430 941
1729440 941
1729450 936
1729460 932
1729470 932
1729480 927
1729490 922
1729500 922
1729510 917
1729520 911
1729530 911
1729540 909
1729550 903
1729560 903
1729570 901
1729580 896
1729590 896
1729600 894
1729610 892
1729620 892
1729630 889
1729640 888
1729650 888
1729660 887
1729670 885
1729680 885
1729690 884
1729700 882
1729710 881
1729720 881
1729730 879
1729740 878
1729750 878
1729760 876
1729770 875
1729780 875
1729790 875
1729800 876
1729810 876
1729820 879
1729830 883
1729840 883
1729850 884
1729860 882
1729870 882
1729880 881
1729890 880
1729900 880
1729910 879
1729920 877
1729930 877
1729940 874
1729950 871
1729960 871
1729970 869
1729980 866
1729990 866
1730000 863
1730010 860
1730020 860
1730030 856
1730040 853
1730050 853
1730060 852
1730070 852
1730080 852
1730090 850
1730100 848
1730110 848
1730120 845
1730130 841
1730140 841
1730150 840
1730160 838
1730170 835
1730180 835
1730190 836
1730200 838
1730210 838
1730220 838
1730230 836
1730240 836
1730250 834
1730260 831
1730270 831
1730280 829
1730290 828
1730300 828
1730310 827
1730320 826
1730330 826
1730340 825
1730350 825
1730360 825
1730370 824
1730380 822
1730390 822
1730400 822
1730410 817
1730420 817
1730430 810
1730440 811
1730450 811
1730460 811
1730470 813
1730480 813
1730490 813
1730500 812
1730510 812
1730520 813
1730530 814
1730540 814
1730550 814
1730560 817
1730570 817
1730580 822
1730590 829
1730600 835
1730610 835
1730620 837
1730630 842
1730640 842
1730650 847
1730660 852
1730670 852
1730680 858
1730690 864
1730700 864
1730710 871
1730720 878
1730730 878
1730740 885
1730750 895
1730760 895
1730770 908
1730780 917
1730790 917
1730800 923
1730810 925
1730820 925
1730830 930
1730840 937
1730850 937
1730860 944
1730870 951
1730880 951
1730890 956
1730900 954
1730910 954
1730920 950
1730930 946
1730940 946
1730950 941
1730960 935
1730970 935
1730980 929
1730990 923
1731000 923
1731010 922
1731020 917
1731030 917
1731040 914
1731050 907
1731060 908
1731070 908
1731080 913
1731090 915
1731100 915
1731110 918
1731120 921
1731130 921
1731140 924
1731150 927
1731160 927
1731170 932
1731180 937
1731190 937
1731200 939
1731210 943
1731220 943
1731230 948
1731240 953
1731250 953
1731260 959
1731270 964
1731280 964
1731290 970
1731300 976
1731310 976
1731320 981
1731330 987
1731340 987
1731350 992
1731360 996
1731370 996
1731380 1001
1731390 1007
1731400 1007
1731410 1013
1731420 1019
1731430 1019
1731440 1027
1731450 1029
1731460 1029
1731470 1037
1731480 1043
1731490 1050
1731500 1050
1731510 1057
1731520 1063
1731530 1063
1731540 1070
1731550 1076
1731560 1076
1731570 1083
1731580 1089
1731590 1089
1731600 1096
1731610 1102
1731620 1102
1731630 1109
1731640 1115
1731650 1115
1731660 1122
1731670 1128
1731680 1128
1731690 1136
1731700 1143
1731710 1143
1731720 1149
1731730 1157
1731740 1157
1731750 1163
1731760 1166
1731770 1166
1731780 1167
1731790 1171
1731800 1171
1731810 1175
1731820 1172
1731830 1172
1731840 1167
1731850 1159
1731860 1159
1731870 1151
1731880 1143
1731890 1143
1731900 1136
1731910 1129
1731920 1129
1731930 1123
1731940 1118
1731950 1116
1731960 1116
1731970 1115
1731980 1112
1731990 1112
1732000 1108
1732010 1103
1732020 1103
1732030 1098
1732040 1095
1732050 1095
1732060 1091
1732070 1085
1732080 1085
1732090 1083
1732100 1088
1732110 1088
1732120 1091
1732130 1093
1732140 1093
1732150 1095
1732160 1097
1732170 1097
1732180 1099
1732190 1101
1732200 1101
1732210 1104
1732220 1108
1732230 1108
1732240 1109
1732250 1105
1732260 1105
1732270 1097
1732280 1089
1732290 1089
1732300 1081
1732310 1075
1732320 1075
1732330 1067
1732340 1059
1732350 1059
1732360 1053
1732370 1047
1732380 1047
1732390 1042
1732400 1038
1732410 1031
1732420 1031
1732430 1025
1732440 1020
1732450 1020
1732460 1015
1732470 1014
1732480 1014
1732490 1015
1732500 1011
1732510 1011
1732520 1004
1732530 1000
1732540 1000
1732550 998
1732560 995
1732570 995
1732580 993
1732590 993
1732600 993
1732610 997
1732620 1001
1732630 1001
1732640 1005
1732650 1007
1732660 1007
1732670 1009
1732680 1011
1732690 1011
1732700 1009
1732710 1007
1732720 1007
1732730 1009
1732740 1006
1732750 1006
1732760 999
1732770 998
1732780 998
1732790 997
1732800 994
1732810 994
1732820 993
1732830 986
1732840 982
1732850 982
1732860 982
1732870 972
1732880 972
1732890 968
1732900 971
1732910 971
1732920 970
1732930 965
1732940 965
1732950 959
1732960 966
1732970 966
1732980 976
1732990 994
1733000 994
1733010 1005
1733020 1019
1733030 1019
1733040 1028
1733050 1033
1733060 1033
1733070 1041
1733080 1051
1733090 1051
1733100 1058
1733110 1068
1733120 1068
1733130 1077
1733140 1080
1733150 1080
1733160 1104
1733170 1117
1733180 1117
1733190 1125
1733200 1138
1733210 1138
1733220 1128
1733230 1129
1733240 1129
1733250 1134
1733260 1156
1733270 1156
1733280 1158
1733290 1163
1733300 1168
1733310 1168
1733320 1169
1733330 1161
1733340 1161
1733350 1159
1733360 1158
1733370 1158
1733380 1155
1733390 1157
1733400 1157
1733410 1144
1733420 1145
1733430 1145
1733440 1149
1733450 1143
1733460 1143
1733470 1148
1733480 1151
1733490 1151
1733500 1154
1733510 1158
1733520 1158
1733530 1155
1733540 1146
1733550 1146
1733560 1137
1733570 1129
1733580 1129
1733590 1121
1733600 1115
1733610 1115
1733620 1111
1733630 1109
1733640 1109
1733650 1107
1733660 1114
1733670 1114
1733680 1112
1733690 1104
1733700 1104
1733710 1101
1733720 1093
1733730 1093
1733740 1089
1733750 1083
1733760 1085
1733770 1085
1733780 1077
1733790 1065
1733800 1065
1733810 1054
1733820 1036
1733830 1036
1733840 1032
1733850 1034
1733860 1034
1733870 1046
1733880 1054
1733890 1054
1733900 1061
1733910 1067
1733920 1067
1733930 1074
1733940 1081
1733950 1081
1733960 1087
1733970 1083
1733980 1083
1733990 1071
1734000 1063
1734010 1063
1734020 1060
1734030 1068
1734040 1068
1734050 1073
1734060 1081
1734070 1081
1734080 1091
1734090 1104
1734100 1104
1734110 1112
1734120 1118
1734130 1118
1734140 1123
1734150 1134
1734160 1134
1734170 1140
1734180 1145
1734190 1153
1734200 1153
1734210 1160
1734220 1172
1734230 1172
1734240 1177
1734250 1177
1734260 1177
1734270 1185
1734280 1188
1734290 1188
1734300 1193
1734310 1199
1734320 1199
1734330 1207
1734340 1216
1734350 1216
1734360 1233
1734370 1242
1734380 1242
1734390 1245
1734400 1254
1734410 1254
1734420 1263
1734430 1259
1734440 1259
1734450 1253
1734460 1248
1734470 1248
1734480 1239
1734490 1234
1734500 1234
1734510 1228
1734520 1219
1734530 1219
1734540 1212
1734550 1228
1734560 1228
1734570 1248
1734580 1264
1734590 1264
1734600 1280
1734610 1296
1734620 1296
1734630 1308
1734640 1327
1734650 1330
1734660 1330
1734670 1336
1734680 1345
1734690 1345
1734700 1352
1734710 1364
1734720 1364
1734730 1355
1734740 1360
1734750 1360
1734760 1365
1734770 1370
1734780 1370
1734790 1372
1734800 1367
1734810 1367
1734820 1359
1734830 1355
1734840 1355
1734850 1354
1734860 1359
1734870 1359
1734880 1367
1734890 1377
1734900 1377
1734910 1372
1734920 1364
1734930 1364
1734940 1358
1734950 1353
1734960 1353
1734970 1363
1734980 1369
1734990 1369
1735000 1374
1735010 1382
1735020 1382
1735030 1387
1735040 1395
1735050 1395
1735060 1403
1735070 1411
1735080 1418
1735090 1418
1735100 1421
1735110 1426
1735120 1426
1735130 1427
1735140 1430
1735150 1430
1735160 1437
1735170 1441
1735180 1441
1735190 1447
1735200 1451
1735210 1456
1735220 1462
1735230 1468
1735240 1468
1735250 1475
1735260 1480
1735270 1480
1735280 1486
1735290 1490
1735300 1490
1735310 1496
1735320 1502
1735330 1502
1735340 1508
1735350 1515
1735360 1515
1735370 1522
1735380 1529
1735390 1529
1735400 1536
1735410 1544
1735420 1544
1735430 1551
1735440 1559
1735450 1559
1735460 1566
1735470 1573
1735480 1573
1735490 1580
1735500 1588
1735510 1588
1735520 1597
1735530 1605
1735540 1615
1735550 1615
1735560 1627
1735570 1636
1735580 1636
1735590 1654
1735600 1663
1735610 1663
1735620 1670
1735630 1678
1735640 1678
1735650 1685
1735660 1693
1735670 1693
1735680 1701
1735690 1709
1735700 1709
1735710 1715
1735720 1722
1735730 1722
1735740 1728
1735750 1732
1735760 1732
1735770 1735
1735780 1736
1735790 1736
1735800 1737
1735810 1737
1735820 1737
1735830 1739
1735840 1739
1735850 1739
1735860 1739
1735870 1736
1735880 1736
1735890 1735
1735900 1736
1735910 1736
1735920 1736
1735930 1736
1735940 1736
1735950 1738
1735960 1738
1735970 1738
1735980 1740
1735990 1742
1736000 1743
1736010 1743
1736020 1745
1736030 1747
1736040 1747
1736050 1750
1736060 1752
1736070 1752
1736080 1755
1736090 1757
1736100 1757
1736110 1759
1736120 1760
1736130 1760
1736140 1763
1736150 1765
1736160 1765
1736170 1767
1736180 1768
1736190 1768
1736200 1767
1736210 1766
1736220 1766
1736230 1765
1736240 1766
1736250 1766
1736260 1768
1736270 1768
1736280 1768
1736290 1769
1736300 1769
1736310 1769
1736320 1770
1736330 1770
1736340 1770
1736350 1770
1736360 1769
1736370 1769
1736380 1769
1736390 1768
1736400 1768
1736410 1768
1736420 1767
1736430 1765
1736440 1765
1736450 1761
1736460 1755
1736470 1755
1736480 1758
1736490 1760
1736500 1760
1736510 1763
1736520 1765
1736530 1765
1736540 1766
1736550 1767
1736560 1767
1736570 1769
1736580 1770
1736590 1770
1736600 1772
1736610 1772
1736620 1772
1736630 1773
1736640 1774
1736650 1774
1736660 1775
1736670 1776
1736680 1776
1736690 1776
1736700 1777
1736710 1777
1736720 1777
1736730 1777
1736740 1777
1736750 1778
1736760 1777
1736770 1777
1736780 1776
1736790 1775
1736800 1775
1736810 1774
1736820 1772
1736830 1772
1736840 1770
1736850 1768
1736860 1768
1736870 1766
1736880 1764
1736890 1762
1736900 1762
1736910 1760
1736920 1758
1736930 1758
1736940 1757
1736950 1755
1736960 1755
1736970 1754
1736980 1751
1736990 1751
1737000 1751
1737010 1749
1737020 1749
1737030 1748
1737040 1746
1737050 1746
1737060 1744
1737070 1741
1737080 1741
1737090 1738
1737100 1734
1737110 1734
1737120 1731
1737130 1714
1737140 1723
1737150 1703
1737160 1701
1737170 1701
1737180 1692
1737190 1697
1737200 1697
1737210 1696
1737220 1681
1737230 1681
1737240 1668
1737250 1668
1737260 1668
1737270 1676
1737280 1665
1737290 1665
1737300 1649
1737310 1649
1737320 1649
1737330 1649
1737340 1642
1737350 1626
1737360 1626
1737370 1622
1737380 1624
1737390 1624
1737400 1628
1737410 1618
1737420 1618
1737430 1616
1737440 1619
1737450 1619
1737460 1627
1737470 1615
1737480 1615
1737490 1625
1737500 1622
1737510 1622
1737520 1608
1737530 1603
1737540 1603
1737550 1588
1737560 1582
1737570 1582
1737580 1576
1737590 1581
1737600 1581
1737610 1575
1737620 1565
1737630 1565
1737640 1557
1737650 1550
1737660 1550
1737670 1543
1737680 1533
1737690 1533
1737700 1527
1737710 1518
1737720 1518
1737730 1512
1737740 1504
1737750 1504
1737760 1499
1737770 1492
1737780 1487
1737790 1487
1737800 1481
1737810 1474
1737820 1474
1737830 1466
1737840 1453
1737850 1453
1737860 1440
1737870 1433
1737880 1433
1737890 1437
1737900 1447
1737910 1447
1737920 1443
1737930 1441
1737940 1441
1737950 1437
1737960 1432
1737970 1432
1737980 1428
1737990 1424
1738000 1424
1738010 1419
1738020 1416
1738030 1416
1738040 1413
1738050 1408
1738060 1408
1738070 1401
1738080 1395
1738090 1395
1738100 1389
1738110 1383
1738120 1383
1738130 1378
1738140 1373
1738150 1373
1738160 1368
1738170 1365
1738180 1365
1738190 1359
1738200 1354
1738210 1354
1738220 1352
1738230 1351
1738240 1350
1738250 1350
1738260 1348
1738270 1344
1738280 1344
1738290 1340
1738300 1338
1738310 1338
1738320 1337
1738330 1335
1738340 1335
1738350 1333
1738360 1331
1738370 1331
1738380 1327
1738390 1323
1738400 1323
1738410 1317
1738420 1309
1738430 1309
1738440 1301
1738450 1295
1738460 1295
1738470 1288
1738480 1282
1738490 1282
1738500 1276
1738510 1260
1738520 1260
1738530 1253
1738540 1248
1738550 1248
1738560 1242
1738570 1235
1738580 1235
1738590 1228
1738600 1221
1738610 1221
1738620 1215
1738630 1208
1738640 1208
1738650 1202
1738660 1196
1738670 1190
1738680 1190
1738690 1184
1738700 1179
1738710 1179
1738720 1175
1738730 1171
1738740 1171
1738750 1166
1738760 1163
1738770 1163
1738780 1159
1738790 1154
1738800 1154
1738810 1148
1738820 1143
1738830 1143
1738840 1138
1738850 1133
1738860 1133
1738870 1129
1738880 1125
1738890 1125
1738900 1122
1738910 1118
1738920 1118
1738930 1116
1738940 1113
1738950 1113
1738960 1111
1738970 1109
1738980 1109
1738990 1106
1739000 1103
1739010 1102
1739020 1098
1739030 1095
1739040 1095
1739050 1090
1739060 1086
1739070 1086
1739080 1084
1739090 1080
1739100 1080
1739110 1076
1739120 1071
1739130 1066
1739140 1066
1739150 1061
1739160 1054
1739170 1054
1739180 1049
1739190 1046
1739200 1046
1739210 1042
1739220 1035
1739230 1035
1739240 1029
1739250 1023
1739260 1023
1739270 1018
1739280 1012
1739290 1012
1739300 1008
1739310 1004
1739320 1004
1739330 999
1739340 995
1739350 995
1739360 989
1739370 985
1739380 985
1739390 982
1739400 982
1739410 982
1739420 982
1739430 980
1739440 980
1739450 977
1739460 980
1739470 980
1739480 980
1739490 979
1739500 979
1739510 978
1739520 977
1739530 977
1739540 976
1739550 976
1739560 976
1739570 975
1739580 973
1739590 973
1739600 973
1739610 972
1739620 972
1739630 972
1739640 971
1739650 970
1739660 970
1739670 969
1739680 969
1739690 969
1739700 969
1739710 970
1739720 970
1739730 976
1739740 981
1739750 981
1739760 987
1739770 993
1739780 993
1739790 999
1739800 1004
1739810 1004
1739820 1010
1739830 1015
1739840 1015
1739850 1016
1739860 1015
1739870 1015
1739880 1012
1739890 1009
1739900 1009
1739910 1005
1739920 1002
1739930 1002
1739940 1002
1739950 1003
1739960 1003
1739970 1005
1739980 1006
1739990 1006
