1720000 973
1720010 973
1720020 976
1720030 979
1720040 979
1720050 981
1720060 984
1720070 984
1720080 984
1720090 983
1720100 983
1720110 973
1720120 965
1720130 965
1720140 958
1720150 955
1720160 955
1720170 950
1720180 946
1720190 946
1720200 942
1720210 936
1720220 936
1720230 935
1720240 934
1720250 933
1720260 933
1720270 932
1720280 928
1720290 928
1720300 928
1720310 927
1720320 927
1720330 924
1720340 923
1720350 923
1720360 924
1720370 923
1720380 923
1720390 922
1720400 922
1720410 922
1720420 921
1720430 918
1720440 918
1720450 918
1720460 917
1720470 917
1720480 916
1720490 917
1720500 917
1720510 915
1720520 915
1720530 915
1720540 912
1720550 908
1720560 908
1720570 907
1720580 907
1720590 907
1720600 905
1720610 905
1720620 905
1720630 905
1720640 904
1720650 904
1720660 903
1720670 902
1720680 902
1720690 901
1720700 903
1720710 901
1720720 901
1720730 900
1720740 899
1720750 899
1720760 899
1720770 898
1720780 898
1720790 897
1720800 896
1720810 896
1720820 896
1720830 895
1720840 895
1720850 894
1720860 894
1720870 894
1720880 893
1720890 891
1720900 891
1720910 891
1720920 891
1720930 891
1720940 890
1720950 889
1720960 889
1720970 888
1720980 888
1720990 888
1721000 886
1721010 885
1721020 885
1721030 886
1721040 886
1721050 886
1721060 887
1721070 883
1721080 883
1721090 883
1721100 881
1721110 881
1721120 880
1721130 880
1721140 879
1721150 879
1721160 879
1721170 879
1721180 879
1721190 880
1721200 879
1721210 879
1721220 879
1721230 878
1721240 878
1721250 878
1721260 881
1721270 881
1721280 885
1721290 888
1721300 888
1721310 890
1721320 891
1721330 891
1721340 891
1721350 891
1721360 891
1721370 890
1721380 887
1721390 887
1721400 882
1721410 877
1721420 877
1721430 874
1721440 870
1721450 870
1721460 868
1721470 867
1721480 867
1721490 867
1721500 864
1721510 864
1721520 867
1721530 871
1721540 871
1721550 875
1721560 878
1721570 878
1721580 881
1721590 883
1721600 884
1721610 884
1721620 885
1721630 883
1721640 883
1721650 880
1721660 877
1721670 877
1721680 874
1721690 871
1721700 871
1721710 871
1721720 870
1721730 870
1721740 868
1721750 865
1721760 865
1721770 861
1721780 855
1721790 855
1721800 856
1721810 854
1721820 854
1721830 854
1721840 854
1721850 854
1721860 855
1721870 854
1721880 854
1721890 855
1721900 856
1721910 856
1721920 856
1721930 855
1721940 855
1721950 855
1721960 856
1721970 856
1721980 859
1721990 861
1722000 861
1722010 859
1722020 858
1722030 858
1722040 855
1722050 854
1722060 852
1722070 852
1722080 849
1722090 848
1722100 848
1722110 845
1722120 850
1722130 850
1722140 851
1722150 855
1722160 855
1722170 857
1722180 862
1722190 862
1722200 866
1722210 871
1722220 871
1722230 875
1722240 879
1722250 879
1722260 883
1722270 887
1722280 887
1722290 892
1722300 897
1722310 897
1722320 901
1722330 905
1722340 905
1722350 909
1722360 912
1722370 912
1722380 916
1722390 919
1722400 919
1722410 920
1722420 922
1722430 922
1722440 920
1722450 919
1722460 919
1722470 921
1722480 923
1722490 923
1722500 923
1722510 924
1722520 923
1722530 923
1722540 922
1722550 927
1722560 927
1722570 930
1722580 934
1722590 934
1722600 936
1722610 938
1722620 938
1722630 941
1722640 944
1722650 944
1722660 947
1722670 951
1722680 951
1722690 957
1722700 963
1722710 963
1722720 963
1722730 961
1722740 961
1722750 960
1722760 957
1722770 957
1722780 953
1722790 946
1722800 946
1722810 939
1722820 932
1722830 932
1722840 925
1722850 917
1722860 917
1722870 911
1722880 903
1722890 903
1722900 895
1722910 888
1722920 888
1722930 882
1722940 876
1722950 868
1722960 868
1722970 860
1722980 856
1722990 856
1723000 849
1723010 843
1723020 843
1723030 835
1723040 831
1723050 831
1723060 827
1723070 822
1723080 822
1723090 816
1723100 805
1723110 805
1723120 802
1723130 801
1723140 801
1723150 801
1723160 800
1723170 800
1723180 801
1723190 801
1723200 801
1723210 800
1723220 800
1723230 800
1723240 801
1723250 801
1723260 801
1723270 801
1723280 801
1723290 801
1723300 799
1723310 800
1723320 800
1723330 800
1723340 801
1723350 801
1723360 804
1723370 812
1723380 812
1723390 813
1723400 816
1723410 820
1723420 820
1723430 822
1723440 823
1723450 823
1723460 825
1723470 828
1723480 828
1723490 832
1723500 836
1723510 836
1723520 840
1723530 843
1723540 843
1723550 847
1723560 852
1723570 852
1723580 856
1723590 860
1723600 860
1723610 863
1723620 866
1723630 866
1723640 869
1723650 872
1723660 872
1723670 875
1723680 879
1723690 879
1723700 882
1723710 885
1723720 885
1723730 886
1723740 885
1723750 885
1723760 882
1723770 879
1723780 879
1723790 878
1723800 874
1723810 874
1723820 870
1723830 867
1723840 867
1723850 866
1723860 865
1723870 868
1723880 868
1723890 870
1723900 871
1723910 871
1723920 873
1723930 877
1723940 877
1723950 881
1723960 886
1723970 886
1723980 889
1723990 894
1724000 894
1724010 896
1724020 897
1724030 897
1724040 901
1724050 906
1724060 906
1724070 910
1724080 913
1724090 913
1724100 916
1724110 920
1724120 920
1724130 924
1724140 927
1724150 927
1724160 930
1724170 934
1724180 934
1724190 939
1724200 943
1724210 943
1724220 945
1724230 948
1724240 948
1724250 951
1724260 954
1724270 954
1724280 957
1724290 960
1724300 964
1724310 964
1724320 967
1724330 971
1724340 971
1724350 974
1724360 978
1724370 978
1724380 982
1724390 982
1724400 982
1724410 986
1724420 989
1724430 989
1724440 992
1724450 994
1724460 994
1724470 996
1724480 998
1724490 998
1724500 999
1724510 1000
1724520 1000
1724530 1002
1724540 1003
1724550 1003
1724560 1006
1724570 1009
1724580 1009
1724590 1011
1724600 1015
1724610 1015
1724620 1018
1724630 1022
1724640 1022
1724650 1027
1724660 1031
1724670 1031
1724680 1035
1724690 1038
1724700 1038
1724710 1042
1724720 1045
1724730 1045
1724740 1049
1724750 1053
1724760 1056
1724770 1056
1724780 1059
1724790 1061
1724800 1061
1724810 1064
1724820 1067
1724830 1067
1724840 1070
1724850 1075
1724860 1075
1724870 1077
1724880 1083
1724890 1083
1724900 1087
1724910 1092
1724920 1092
1724930 1096
1724940 1100
1724950 1100
1724960 1102
1724970 1105
1724980 1105
1724990 1110
1725000 1116
1725010 1116
1725020 1121
1725030 1128
1725040 1128
1725050 1135
1725060 1141
1725070 1141
1725080 1146
1725090 1150
1725100 1150
1725110 1155
1725120 1161
1725130 1161
1725140 1165
1725150 1172
1725160 1172
1725170 1178
1725180 1184
1725190 1184
1725200 1190
1725210 1196
1725220 1202
1725230 1202
1725240 1209
1725250 1215
1725260 1215
1725270 1220
1725280 1225
1725290 1225
1725300 1229
1725310 1233
1725320 1233
1725330 1237
1725340 1243
1725350 1243
1725360 1248
1725370 1253
1725380 1253
1725390 1257
1725400 1261
1725410 1261
1725420 1264
1725430 1268
1725440 1268
1725450 1273
1725460 1277
1725470 1277
1725480 1281
1725490 1285
1725500 1285
1725510 1290
1725520 1297
1725530 1297
1725540 1303
1725550 1311
1725560 1311
1725570 1318
1725580 1325
1725590 1325
1725600 1333
1725610 1357
1725620 1357
1725630 1376
1725640 1390
1725650 1390
1725660 1423
1725670 1459
1725680 1469
1725690 1469
1725700 1478
1725710 1482
1725720 1482
1725730 1487
1725740 1493
1725750 1493
1725760 1496
1725770 1499
1725780 1499
1725790 1500
1725800 1501
1725810 1501
1725820 1502
1725830 1502
1725840 1502
1725850 1503
1725860 1503
1725870 1503
1725880 1503
1725890 1502
1725900 1502
1725910 1500
1725920 1499
1725930 1499
1725940 1497
1725950 1494
1725960 1494
1725970 1492
1725980 1491
1725990 1491
1726000 1491
1726010 1488
1726020 1488
1726030 1486
1726040 1484
1726050 1484
1726060 1483
1726070 1482
1726080 1482
1726090 1482
1726100 1482
1726110 1481
1726120 1481
1726130 1478
1726140 1477
1726150 1477
1726160 1476
1726170 1476
1726180 1476
1726190 1477
1726200 1477
1726210 1477
1726220 1477
1726230 1477
1726240 1477
1726250 1477
1726260 1477
1726270 1477
1726280 1477
1726290 1477
1726300 1477
1726310 1477
1726320 1478
1726330 1478
1726340 1478
1726350 1478
1726360 1478
1726370 1479
1726380 1479
1726390 1479
1726400 1479
1726410 1478
1726420 1478
1726430 1475
1726440 1474
1726450 1474
1726460 1471
1726470 1471
1726480 1471
1726490 1469
1726500 1468
1726510 1468
1726520 1467
1726530 1467
1726540 1467
1726550 1467
1726560 1469
1726570 1469
1726580 1469
1726590 1470
1726600 1470
1726610 1470
1726620 1470
1726630 1470
1726640 1470
1726650 1469
1726660 1469
1726670 1469
1726680 1469
1726690 1467
1726700 1467
1726710 1468
1726720 1470
1726730 1470
1726740 1471
1726750 1473
1726760 1473
1726770 1474
1726780 1474
1726790 1474
1726800 1477
1726810 1479
1726820 1479
1726830 1481
1726840 1484
1726850 1484
1726860 1486
1726870 1488
1726880 1488
1726890 1491
1726900 1494
1726910 1494
1726920 1497
1726930 1500
1726940 1500
1726950 1504
1726960 1508
1726970 1508
1726980 1512
1726990 1516
1727000 1516
1727010 1519
1727020 1518
1727030 1515
1727040 1515
1727050 1514
1727060 1514
1727070 1514
1727080 1514
1727090 1515
1727100 1515
1727110 1516
1727120 1518
1727130 1518
1727140 1521
1727150 1523
1727160 1523
1727170 1523
1727180 1521
1727190 1521
1727200 1517
1727210 1515
1727220 1515
1727230 1515
1727240 1515
1727250 1515
1727260 1515
1727270 1516
1727280 1516
1727290 1516
1727300 1517
1727310 1517
1727320 1517
1727330 1518
1727340 1518
1727350 1518
1727360 1519
1727370 1519
1727380 1519
1727390 1519
1727400 1519
1727410 1519
1727420 1519
1727430 1519
1727440 1518
1727450 1517
1727460 1517
1727470 1515
1727480 1513
1727490 1511
1727500 1511
1727510 1510
1727520 1509
1727530 1509
1727540 1509
1727550 1508
1727560 1508
1727570 1506
1727580 1504
1727590 1504
1727600 1502
1727610 1501
1727620 1501
1727630 1498
1727640 1496
1727650 1496
1727660 1494
1727670 1492
1727680 1492
1727690 1490
1727700 1487
1727710 1487
1727720 1484
1727730 1482
1727740 1482
1727750 1479
1727760 1477
1727770 1477
1727780 1475
1727790 1472
1727800 1472
1727810 1470
1727820 1467
1727830 1467
1727840 1465
1727850 1462
1727860 1462
1727870 1459
1727880 1456
1727890 1456
1727900 1454
1727910 1452
1727920 1450
1727930 1450
1727940 1447
1727950 1444
1727960 1444
1727970 1442
1727980 1439
1727990 1439
1728000 1436
1728010 1432
1728020 1432
1728030 1428
1728040 1426
1728050 1426
1728060 1423
1728070 1419
1728080 1419
1728090 1416
1728100 1412
1728110 1412
1728120 1409
1728130 1406
1728140 1406
1728150 1405
1728160 1404
1728170 1404
1728180 1403
1728190 1402
1728200 1402
1728210 1401
1728220 1398
1728230 1398
1728240 1397
1728250 1395
1728260 1395
1728270 1392
1728280 1388
1728290 1388
1728300 1384
1728310 1380
1728320 1380
1728330 1376
1728340 1375
1728350 1375
1728360 1372
1728370 1372
1728380 1372
1728390 1372
1728400 1372
1728410 1372
1728420 1372
1728430 1372
1728440 1372
1728450 1372
1728460 1373
1728470 1377
1728480 1377
1728490 1378
1728500 1379
1728510 1379
1728520 1380
1728530 1381
1728540 1381
1728550 1381
1728560 1382
1728570 1382
1728580 1382
1728590 1376
1728600 1376
1728610 1360
1728620 1347
1728630 1347
1728640 1329
1728650 1299
1728660 1299
1728670 1283
1728680 1276
1728690 1276
1728700 1269
1728710 1262
1728720 1262
1728730 1256
1728740 1249
1728750 1249
1728760 1245
1728770 1239
1728780 1239
1728790 1232
1728800 1226
1728810 1226
1728820 1221
1728830 1215
1728840 1210
1728850 1210
1728860 1204
1728870 1198
1728880 1198
1728890 1187
1728900 1184
1728910 1184
1728920 1179
1728930 1173
1728940 1173
1728950 1168
1728960 1162
1728970 1162
1728980 1157
1728990 1151
1729000 1151
1729010 1145
1729020 1137
1729030 1137
1729040 1131
1729050 1124
1729060 1124
1729070 1115
1729080 1108
1729090 1108
1729100 1101
1729110 1094
1729120 1094
1729130 1085
1729140 1077
1729150 1077
1729160 1072
1729170 1072
1729180 1072
1729190 1069
1729200 1064
1729210 1064
1729220 1059
1729230 1054
1729240 1054
1729250 1048
1729260 1041
1729270 1041
1729280 1037
1729290 1031
1729300 1027
1729310 1027
1729320 1023
1729330 1018
1729340 1018
1729350 1015
1729360 1014
1729370 1014
1729380 1016
1729390 1009
1729400 1009
1729410 1000
1729420 993
1729430 993
1729440 983
1729450 980
1729460 980
1729470 974
1729480 967
1729490 967
1729500 961
1729510 957
1729520 957
1729530 952
1729540 945
1729550 945
1729560 943
1729570 940
1729580 940
1729590 939
1729600 938
1729610 938
1729620 941
1729630 941
1729640 941
1729650 944
1729660 945
1729670 945
1729680 946
1729690 947
1729700 947
1729710 948
1729720 948
1729730 948
1729740 948
1729750 948
1729760 948
1729770 948
1729780 948
1729790 946
1729800 946
1729810 943
1729820 939
1729830 939
1729840 934
1729850 929
1729860 929
1729870 924
1729880 918
1729890 918
1729900 912
1729910 907
1729920 907
1729930 901
1729940 895
1729950 895
1729960 890
1729970 884
1729980 884
1729990 880
1730000 879
1730010 879
1730020 877
1730030 876
1730040 876
1730050 874
1730060 873
1730070 873
1730080 871
1730090 868
1730100 868
1730110 866
1730120 864
1730130 864
1730140 862
1730150 861
1730160 861
1730170 858
1730180 856
1730190 854
1730200 854
1730210 852
1730220 852
1730230 852
1730240 849
1730250 847
1730260 847
1730270 845
1730280 842
1730290 842
1730300 839
1730310 840
1730320 840
1730330 843
1730340 843
1730350 843
1730360 843
1730370 843
1730380 843
1730390 842
1730400 843
1730410 843
1730420 843
1730430 842
1730440 842
1730450 841
1730460 844
1730470 844
1730480 848
1730490 848
1730500 848
1730510 849
1730520 850
1730530 850
1730540 853
1730550 856
1730560 856
1730570 858
1730580 860
1730590 860
1730600 862
1730610 865
1730620 865
1730630 868
1730640 871
1730650 875
1730660 875
1730670 878
1730680 882
1730690 882
1730700 885
1730710 890
1730720 890
1730730 894
1730740 901
1730750 901
1730760 908
1730770 918
1730780 918
1730790 931
1730800 931
1730810 931
1730820 929
1730830 930
1730840 930
1730850 934
1730860 941
1730870 941
1730880 948
1730890 955
1730900 955
1730910 964
1730920 971
1730930 971
1730940 977
1730950 984
1730960 984
1730970 990
1730980 995
1730990 995
1731000 999
1731010 1003
1731020 1006
1731030 1009
1731040 1012
1731050 1012
1731060 1014
1731070 1017
1731080 1021
1731090 1021
1731100 1025
1731110 1025
1731120 1025
1731130 1028
1731140 1025
1731150 1025
1731160 1021
1731170 1014
1731180 1014
1731190 1015
1731200 1023
1731210 1023
1731220 1031
1731230 1037
1731240 1037
1731250 1041
1731260 1049
1731270 1049
1731280 1054
1731290 1060
1731300 1060
1731310 1066
1731320 1072
1731330 1072
1731340 1080
1731350 1087
1731360 1087
1731370 1095
1731380 1102
1731390 1102
1731400 1108
1731410 1109
1731420 1109
1731430 1113
1731440 1121
1731450 1121
1731460 1129
1731470 1135
1731480 1135
1731490 1139
1731500 1145
1731510 1145
1731520 1151
1731530 1159
1731540 1167
1731550 1167
1731560 1174
1731570 1180
1731580 1180
1731590 1184
1731600 1191
1731610 1191
1731620 1197
1731630 1204
1731640 1204
1731650 1211
1731660 1217
1731670 1217
1731680 1223
1731690 1228
1731700 1228
1731710 1232
1731720 1229
1731730 1229
1731740 1227
1731750 1227
1731760 1227
1731770 1225
1731780 1225
1731790 1225
1731800 1225
1731810 1226
1731820 1226
1731830 1227
1731840 1229
1731850 1229
1731860 1232
1731870 1234
1731880 1234
1731890 1235
1731900 1238
1731910 1238
1731920 1244
1731930 1252
1731940 1252
1731950 1259
1731960 1266
1731970 1266
1731980 1274
1731990 1281
1732000 1288
1732010 1288
1732020 1296
1732030 1302
1732040 1302
1732050 1308
1732060 1314
1732070 1314
1732080 1321
1732090 1326
1732100 1326
1732110 1327
1732120 1325
1732130 1325
1732140 1323
1732150 1321
1732160 1321
1732170 1318
1732180 1315
1732190 1315
1732200 1312
1732210 1309
1732220 1309
1732230 1306
1732240 1302
1732250 1302
1732260 1300
1732270 1297
1732280 1297
1732290 1293
1732300 1292
1732310 1292
1732320 1289
1732330 1286
1732340 1286
1732350 1285
1732360 1286
1732370 1286
1732380 1287
1732390 1289
1732400 1289
1732410 1292
1732420 1296
1732430 1296
1732440 1301
1732450 1300
1732460 1299
1732470 1299
1732480 1297
1732490 1294
1732500 1294
1732510 1290
1732520 1285
1732530 1285
1732540 1285
1732550 1289
1732560 1289
1732570 1294
1732580 1294
1732590 1294
1732600 1294
1732610 1299
1732620 1299
1732630 1305
1732640 1306
1732650 1306
1732660 1301
1732670 1300
1732680 1300
1732690 1300
1732700 1295
1732710 1295
1732720 1288
1732730 1288
1732740 1288
1732750 1286
1732760 1286
1732770 1286
1732780 1286
1732790 1285
1732800 1285
1732810 1285
1732820 1288
1732830 1288
1732840 1289
1732850 1288
1732860 1288
1732870 1283
1732880 1276
1732890 1281
1732900 1281
1732910 1282
1732920 1277
1732930 1277
1732940 1280
1732950 1276
1732960 1276
1732970 1275
1732980 1262
1732990 1262
1733000 1264
1733010 1280
1733020 1280
1733030 1287
1733040 1299
1733050 1299
1733060 1297
1733070 1306
1733080 1306
1733090 1306
1733100 1312
1733110 1312
1733120 1320
1733130 1319
1733140 1319
1733150 1321
1733160 1327
1733170 1327
1733180 1333
1733190 1334
1733200 1334
1733210 1336
1733220 1335
1733230 1335
1733240 1335
1733250 1336
1733260 1336
1733270 1344
1733280 1353
1733290 1353
1733300 1359
1733310 1363
1733320 1363
1733330 1366
1733340 1368
1733350 1371
1733360 1371
1733370 1371
1733380 1374
1733390 1374
1733400 1376
1733410 1377
1733420 1377
1733430 1378
1733440 1379
1733450 1379
1733460 1378
1733470 1380
1733480 1380
1733490 1383
1733500 1385
1733510 1385
1733520 1387
1733530 1389
1733540 1389
1733550 1392
1733560 1395
1733570 1395
1733580 1388
1733590 1375
1733600 1375
1733610 1377
1733620 1381
1733630 1381
1733640 1377
1733650 1375
1733660 1375
1733670 1374
1733680 1371
1733690 1371
1733700 1376
1733710 1380
1733720 1380
1733730 1383
1733740 1388
1733750 1388
1733760 1393
1733770 1398
1733780 1398
1733790 1400
1733800 1405
1733810 1407
1733820 1407
1733830 1411
1733840 1419
1733850 1419
1733860 1425
1733870 1433
1733880 1433
1733890 1440
1733900 1443
1733910 1443
1733920 1444
1733930 1443
1733940 1443
1733950 1442
1733960 1442
1733970 1442
1733980 1441
1733990 1441
1734000 1441
1734010 1440
1734020 1437
1734030 1437
1734040 1431
1734050 1428
1734060 1428
1734070 1427
1734080 1427
1734090 1427
1734100 1429
1734110 1434
1734120 1434
1734130 1443
1734140 1452
1734150 1452
1734160 1456
1734170 1463
1734180 1463
1734190 1470
1734200 1478
1734210 1478
1734220 1485
1734230 1493
1734240 1493
1734250 1500
1734260 1507
1734270 1514
1734280 1514
1734290 1520
1734300 1525
1734310 1525
1734320 1523
1734330 1525
1734340 1525
1734350 1527
1734360 1527
1734370 1527
1734380 1527
1734390 1525
1734400 1525
1734410 1525
1734420 1527
1734430 1527
1734440 1529
1734450 1529
1734460 1529
1734470 1525
1734480 1533
1734490 1533
1734500 1540
1734510 1545
1734520 1545
1734530 1549
1734540 1554
1734550 1554
1734560 1562
1734570 1572
1734580 1572
1734590 1579
1734600 1585
1734610 1585
1734620 1584
1734630 1582
1734640 1582
1734650 1578
1734660 1574
1734670 1574
1734680 1567
1734690 1565
1734700 1565
1734710 1565
1734720 1563
1734730 1563
1734740 1563
1734750 1569
1734760 1574
1734770 1574
1734780 1575
1734790 1580
1734800 1580
1734810 1588
1734820 1593
1734830 1593
1734840 1596
1734850 1588
1734860 1588
1734870 1598
1734880 1605
1734890 1605
1734900 1607
1734910 1611
1734920 1611
1734930 1621
1734940 1627
1734950 1627
1734960 1634
1734970 1641
1734980 1641
1734990 1640
1735000 1634
1735010 1634
1735020 1618
1735030 1613
1735040 1613
1735050 1608
1735060 1611
1735070 1611
1735080 1606
1735090 1602
1735100 1602
1735110 1603
1735120 1606
1735130 1606
1735140 1607
1735150 1608
1735160 1615
1735170 1615
1735180 1621
1735190 1625
1735200 1625
1735210 1627
1735220 1629
1735230 1629
1735240 1630
1735250 1631
1735260 1631
1735270 1631
1735280 1634
1735290 1634
1735300 1636
1735310 1640
1735320 1640
1735330 1647
1735340 1653
1735350 1653
1735360 1658
1735370 1664
1735380 1664
1735390 1669
1735400 1675
1735410 1675
1735420 1679
1735430 1683
1735440 1683
1735450 1688
1735460 1693
1735470 1693
1735480 1699
1735490 1705
1735500 1705
1735510 1712
1735520 1720
1735530 1720
1735540 1727
1735550 1734
1735560 1734
1735570 1743
1735580 1749
1735590 1749
1735600 1755
1735610 1780
1735620 1795
1735630 1795
1735640 1797
1735650 1795
1735660 1795
1735670 1795
1735680 1794
1735690 1794
1735700 1793
1735710 1792
1735720 1792
1735730 1791
1735740 1790
1735750 1790
1735760 1790
1735770 1790
1735780 1790
1735790 1789
1735800 1786
1735810 1786
1735820 1784
1735830 1780
1735840 1780
1735850 1777
1735860 1772
1735870 1772
1735880 1766
1735890 1765
1735900 1765
1735910 1763
1735920 1763
1735930 1763
1735940 1762
1735950 1759
1735960 1759
1735970 1756
1735980 1754
1735990 1754
1736000 1754
1736010 1753
1736020 1753
1736030 1752
1736040 1750
1736050 1750
1736060 1749
1736070 1747
1736080 1746
1736090 1746
1736100 1745
1736110 1745
1736120 1745
1736130 1745
1736140 1746
1736150 1746
1736160 1747
1736170 1748
1736180 1748
1736190 1748
1736200 1749
1736210 1749
1736220 1750
1736230 1750
1736240 1750
1736250 1751
1736260 1751
1736270 1751
1736280 1752
1736290 1752
1736300 1752
1736310 1753
1736320 1753
1736330 1753
1736340 1754
1736350 1755
1736360 1755
1736370 1756
1736380 1756
1736390 1756
1736400 1756
1736410 1755
1736420 1755
1736430 1754
1736440 1754
1736450 1754
1736460 1755
1736470 1755
1736480 1755
1736490 1755
1736500 1755
1736510 1754
1736520 1754
1736530 1754
1736540 1753
1736550 1753
1736560 1753
1736570 1754
1736580 1754
1736590 1755
1736600 1755
1736610 1755
1736620 1755
1736630 1755
1736640 1755
1736650 1755
1736660 1755
1736670 1755
1736680 1754
1736690 1754
1736700 1754
1736710 1753
1736720 1751
1736730 1751
1736740 1750
1736750 1749
1736760 1749
1736770 1748
1736780 1747
1736790 1747
1736800 1746
1736810 1745
1736820 1745
1736830 1745
1736840 1744
1736850 1744
1736860 1744
1736870 1744
1736880 1744
1736890 1743
1736900 1742
1736910 1742
1736920 1740
1736930 1740
1736940 1740
1736950 1740
1736960 1740
1736970 1740
1736980 1740
1736990 1741
1737000 1738
1737010 1738
1737020 1738
1737030 1738
1737040 1738
1737050 1737
1737060 1737
1737070 1737
1737080 1737
1737090 1736
1737100 1736
1737110 1736
1737120 1736
1737130 1736
1737140 1736
1737150 1736
1737160 1736
1737170 1736
1737180 1736
1737190 1736
1737200 1736
1737210 1736
1737220 1736
1737230 1736
1737240 1736
1737250 1736
1737260 1736
1737270 1736
1737280 1736
1737290 1737
1737300 1737
1737310 1737
1737320 1737
1737330 1737
1737340 1737
1737350 1738
1737360 1738
1737370 1738
1737380 1738
1737390 1738
1737400 1738
1737410 1739
1737420 1739
1737430 1740
1737440 1740
1737450 1740
1737460 1741
1737470 1741
1737480 1742
1737490 1742
1737500 1742
1737510 1744
1737520 1747
1737530 1747
1737540 1748
1737550 1750
1737560 1750
1737570 1751
1737580 1754
1737590 1754
1737600 1752
1737610 1753
1737620 1753
1737630 1755
1737640 1755
1737650 1755
1737660 1755
1737670 1756
1737680 1756
1737690 1756
1737700 1756
1737710 1756
1737720 1758
1737730 1757
1737740 1757
1737750 1753
1737760 1745
1737770 1745
1737780 1740
1737790 1736
1737800 1736
1737810 1730
1737820 1723
1737830 1723
1737840 1717
1737850 1708
1737860 1708
1737870 1702
1737880 1700
1737890 1697
1737900 1697
1737910 1694
1737920 1691
1737930 1691
1737940 1688
1737950 1685
1737960 1685
1737970 1681
1737980 1678
1737990 1678
1738000 1675
1738010 1671
1738020 1671
1738030 1668
1738040 1666
1738050 1666
1738060 1667
1738070 1667
1738080 1667
1738090 1669
1738100 1670
1738110 1670
1738120 1671
1738130 1672
1738140 1672
1738150 1666
1738160 1659
1738170 1659
1738180 1655
1738190 1654
1738200 1654
1738210 1639
1738220 1634
1738230 1634
1738240 1627
1738250 1619
1738260 1619
1738270 1610
1738280 1602
1738290 1602
1738300 1596
1738310 1589
1738320 1584
1738330 1584
1738340 1575
1738350 1568
1738360 1568
1738370 1557
1738380 1545
1738390 1545
1738400 1537
1738410 1531
1738420 1531
1738430 1525
1738440 1517
1738450 1517
1738460 1510
1738470 1506
1738480 1506
1738490 1498
1738500 1486
1738510 1486
1738520 1480
1738530 1476
1738540 1476
1738550 1468
1738560 1461
1738570 1461
1738580 1451
1738590 1443
1738600 1443
1738610 1435
1738620 1427
1738630 1427
1738640 1422
1738650 1417
1738660 1417
1738670 1412
1738680 1412
1738690 1412
1738700 1410
1738710 1399
1738720 1399
1738730 1390
1738740 1383
1738750 1383
1738760 1380
1738770 1368
1738780 1362
1738790 1362
1738800 1355
1738810 1329
1738820 1329
1738830 1315
1738840 1308
1738850 1308
1738860 1302
1738870 1292
1738880 1292
1738890 1287
1738900 1288
1738910 1288
1738920 1296
1738930 1301
1738940 1301
1738950 1298
1738960 1290
1738970 1290
1738980 1266
1738990 1252
1739000 1252
1739010 1237
1739020 1224
1739030 1224
1739040 1207
1739050 1185
1739060 1185
1739070 1174
1739080 1167
1739090 1167
1739100 1159
1739110 1152
1739120 1152
1739130 1145
1739140 1138
1739150 1138
1739160 1130
1739170 1123
1739180 1123
1739190 1117
1739200 1109
1739210 1109
1739220 1102
1739230 1096
1739240 1092
1739250 1092
1739260 1083
1739270 1079
1739280 1079
1739290 1078
1739300 1067
1739310 1067
1739320 1073
1739330 1078
1739340 1078
1739350 1082
1739360 1086
1739370 1086
1739380 1088
1739390 1092
1739400 1092
1739410 1094
1739420 1097
1739430 1097
1739440 1098
1739450 1101
1739460 1101
1739470 1105
1739480 1108
1739490 1108
1739500 1111
1739510 1113
1739520 1113
1739530 1114
1739540 1115
1739550 1115
1739560 1118
1739570 1121
1739580 1121
1739590 1124
1739600 1127
1739610 1127
1739620 1130
1739630 1134
1739640 1134
1739650 1138
1739660 1143
1739670 1149
1739680 1149
1739690 1151
1739700 1153
1739710 1153
1739720 1154
1739730 1155
1739740 1155
1739750 1157
1739760 1160
1739770 1160
1739780 1162
1739790 1164
1739800 1164
1739810 1165
1739820 1165
1739830 1165
1739840 1166
1739850 1168
1739860 1168
1739870 1170
1739880 1174
1739890 1174
1739900 1179
1739910 1185
1739920 1185
1739930 1193
1739940 1200
1739950 1200
1739960 1202
1739970 1208
1739980 1208
1739990 1211
