1720000 991
1720010 991
1720020 989
1720030 985
1720040 985
1720050 981
1720060 978
1720070 978
1720080 972
1720090 966
1720100 966
1720110 962
1720120 955
1720130 955
1720140 950
1720150 959
1720160 963
1720170 963
1720180 966
1720190 968
1720200 968
1720210 970
1720220 971
1720230 971
1720240 971
1720250 970
1720260 970
1720270 968
1720280 965
1720290 965
1720300 961
1720310 957
1720320 957
1720330 953
1720340 954
1720350 954
1720360 958
1720370 962
1720380 962
1720390 964
1720400 965
1720410 965
1720420 965
1720430 964
1720440 964
1720450 962
1720460 958
1720470 958
1720480 952
1720490 948
1720500 948
1720510 949
1720520 954
1720530 954
1720540 958
1720550 962
1720560 962
1720570 963
1720580 963
1720590 963
1720600 961
1720610 959
1720620 957
1720630 957
1720640 955
1720650 952
1720660 952
1720670 950
1720680 945
1720690 945
1720700 939
1720710 933
1720720 933
1720730 931
1720740 933
1720750 933
1720760 935
1720770 936
1720780 936
1720790 936
1720800 934
1720810 934
1720820 932
1720830 928
1720840 928
1720850 926
1720860 927
1720870 927
1720880 927
1720890 926
1720900 926
1720910 925
1720920 924
1720930 924
1720940 922
1720950 921
1720960 921
1720970 920
1720980 919
1720990 919
1721000 917
1721010 916
1721020 916
1721030 913
1721040 907
1721050 904
1721060 904
1721070 904
1721080 903
1721090 903
1721100 902
1721110 901
1721120 901
1721130 902
1721140 904
1721150 904
1721160 905
1721170 905
1721180 905
1721190 904
1721200 903
1721210 903
1721220 902
1721230 900
1721240 900
1721250 896
1721260 891
1721270 891
1721280 887
1721290 884
1721300 884
1721310 883
1721320 882
1721330 882
1721340 881
1721350 885
1721360 885
1721370 890
1721380 892
1721390 892
1721400 897
1721410 901
1721420 901
1721430 904
1721440 906
1721450 906
1721460 910
1721470 913
1721480 913
1721490 916
1721500 918
1721510 920
1721520 920
1721530 924
1721540 927
1721550 927
1721560 929
1721570 931
1721580 931
1721590 931
1721600 929
1721610 929
1721620 927
1721630 924
1721640 924
1721650 924
1721660 924
1721670 924
1721680 923
1721690 921
1721700 921
1721710 918
1721720 916
1721730 916
1721740 910
1721750 904
1721760 904
1721770 899
1721780 894
1721790 894
1721800 888
1721810 883
1721820 883
1721830 878
1721840 877
1721850 877
1721860 878
1721870 881
1721880 881
1721890 885
1721900 885
1721910 885
1721920 883
1721930 879
1721940 879
1721950 876
1721960 870
1721970 863
1721980 863
1721990 856
1722000 851
1722010 851
1722020 852
1722030 855
1722040 855
1722050 860
1722060 864
1722070 864
1722080 868
1722090 872
1722100 872
1722110 877
1722120 881
1722130 881
1722140 885
1722150 888
1722160 888
1722170 891
1722180 895
1722190 895
1722200 898
1722210 901
1722220 901
1722230 903
1722240 905
1722250 905
1722260 906
1722270 907
1722280 907
1722290 908
1722300 909
1722310 909
1722320 911
1722330 914
1722340 914
1722350 917
1722360 920
1722370 920
1722380 924
1722390 929
1722400 929
1722410 933
1722420 936
1722430 940
1722440 940
1722450 943
1722460 945
1722470 945
1722480 948
1722490 950
1722500 950
1722510 951
1722520 950
1722530 950
1722540 947
1722550 945
1722560 945
1722570 942
1722580 938
1722590 938
1722600 934
1722610 931
1722620 931
1722630 927
1722640 922
1722650 922
1722660 917
1722670 912
1722680 912
1722690 906
1722700 900
1722710 900
1722720 896
1722730 897
1722740 897
1722750 895
1722760 891
1722770 891
1722780 887
1722790 887
1722800 887
1722810 887
1722820 892
1722830 892
1722840 894
1722850 890
1722860 882
1722870 882
1722880 876
1722890 866
1722900 866
1722910 860
1722920 860
1722930 860
1722940 856
1722950 851
1722960 851
1722970 845
1722980 839
1722990 839
1723000 834
1723010 828
1723020 828
1723030 822
1723040 814
1723050 814
1723060 807
1723070 800
1723080 800
1723090 799
1723100 799
1723110 799
1723120 799
1723130 799
1723140 799
1723150 799
1723160 799
1723170 799
1723180 798
1723190 798
1723200 798
1723210 798
1723220 798
1723230 798
1723240 799
1723250 801
1723260 801
1723270 807
1723280 810
1723290 810
1723300 810
1723310 814
1723320 819
1723330 819
1723340 822
1723350 824
1723360 824
1723370 826
1723380 827
1723390 827
1723400 829
1723410 831
1723420 831
1723430 832
1723440 833
1723450 833
1723460 835
1723470 836
1723480 836
1723490 837
1723500 839
1723510 839
1723520 841
1723530 842
1723540 842
1723550 844
1723560 846
1723570 846
1723580 847
1723590 849
1723600 849
1723610 846
1723620 843
1723630 843
1723640 843
1723650 844
1723660 844
1723670 844
1723680 844
1723690 844
1723700 847
1723710 850
1723720 850
1723730 854
1723740 857
1723750 857
1723760 860
1723770 863
1723780 866
1723790 866
1723800 868
1723810 870
1723820 870
1723830 874
1723840 878
1723850 878
1723860 881
1723870 885
1723880 885
1723890 888
1723900 891
1723910 891
1723920 894
1723930 898
1723940 898
1723950 901
1723960 905
1723970 905
1723980 907
1723990 908
1724000 908
1724010 909
1724020 910
1724030 910
1724040 910
1724050 909
1724060 909
1724070 910
1724080 912
1724090 912
1724100 911
1724110 910
1724120 910
1724130 910
1724140 913
1724150 913
1724160 916
1724170 920
1724180 920
1724190 924
1724200 928
1724210 933
1724220 933
1724230 938
1724240 943
1724250 943
1724260 948
1724270 954
1724280 954
1724290 961
1724300 967
1724310 967
1724320 972
1724330 976
1724340 976
1724350 981
1724360 985
1724370 985
1724380 990
1724390 994
1724400 994
1724410 997
1724420 1001
1724430 1001
1724440 1004
1724450 1006
1724460 1006
1724470 1007
1724480 1006
1724490 1006
1724500 1005
1724510 1005
1724520 1005
1724530 1003
1724540 1000
1724550 1000
1724560 998
1724570 998
1724580 998
1724590 1002
1724600 1006
1724610 1006
1724620 1009
1724630 1011
1724640 1011
1724650 1010
1724660 1010
1724670 1013
1724680 1013
1724690 1015
1724700 1017
1724710 1017
1724720 1019
1724730 1021
1724740 1021
1724750 1025
1724760 1028
1724770 1028
1724780 1030
1724790 1032
1724800 1032
1724810 1035
1724820 1038
1724830 1038
1724840 1042
1724850 1046
1724860 1046
1724870 1049
1724880 1051
1724890 1051
1724900 1055
1724910 1061
1724920 1061
1724930 1068
1724940 1073
1724950 1073
1724960 1080
1724970 1086
1724980 1086
1724990 1091
1725000 1096
1725010 1096
1725020 1101
1725030 1105
1725040 1105
1725050 1110
1725060 1114
1725070 1114
1725080 1119
1725090 1123
1725100 1123
1725110 1125
1725120 1127
1725130 1128
1725140 1128
1725150 1125
1725160 1124
1725170 1124
1725180 1122
1725190 1129
1725200 1129
1725210 1136
1725220 1142
1725230 1142
1725240 1147
1725250 1149
1725260 1149
1725270 1151
1725280 1157
1725290 1157
1725300 1164
1725310 1169
1725320 1169
1725330 1174
1725340 1182
1725350 1182
1725360 1190
1725370 1197
1725380 1197
1725390 1205
1725400 1212
1725410 1212
1725420 1219
1725430 1225
1725440 1225
1725450 1232
1725460 1237
1725470 1237
1725480 1241
1725490 1246
1725500 1246
1725510 1252
1725520 1258
1725530 1258
1725540 1264
1725550 1269
1725560 1308
1725570 1308
1725580 1349
1725590 1366
1725600 1366
1725610 1367
1725620 1371
1725630 1371
1725640 1376
1725650 1381
1725660 1381
1725670 1391
1725680 1397
1725690 1397
1725700 1403
1725710 1411
1725720 1411
1725730 1412
1725740 1406
1725750 1406
1725760 1408
1725770 1421
1725780 1421
1725790 1425
1725800 1427
1725810 1427
1725820 1436
1725830 1446
1725840 1446
1725850 1451
1725860 1460
1725870 1460
1725880 1456
1725890 1458
1725900 1458
1725910 1463
1725920 1470
1725930 1470
1725940 1472
1725950 1473
1725960 1473
1725970 1472
1725980 1472
1725990 1472
1726000 1470
1726010 1468
1726020 1468
1726030 1468
1726040 1467
1726050 1467
1726060 1467
1726070 1467
1726080 1468
1726090 1468
1726100 1468
1726110 1469
1726120 1469
1726130 1470
1726140 1471
1726150 1471
1726160 1472
1726170 1473
1726180 1473
1726190 1474
1726200 1475
1726210 1475
1726220 1476
1726230 1477
1726240 1477
1726250 1478
1726260 1479
1726270 1479
1726280 1479
1726290 1480
1726300 1480
1726310 1481
1726320 1482
1726330 1482
1726340 1483
1726350 1485
1726360 1485
1726370 1485
1726380 1486
1726390 1486
1726400 1487
1726410 1489
1726420 1489
1726430 1489
1726440 1490
1726450 1490
1726460 1490
1726470 1490
1726480 1490
1726490 1490
1726500 1489
1726510 1489
1726520 1489
1726530 1488
1726540 1487
1726550 1487
1726560 1486
1726570 1485
1726580 1485
1726590 1485
1726600 1485
1726610 1485
1726620 1485
1726630 1485
1726640 1485
1726650 1484
1726660 1485
1726670 1485
1726680 1486
1726690 1486
1726700 1486
1726710 1487
1726720 1488
1726730 1488
1726740 1490
1726750 1491
1726760 1491
1726770 1493
1726780 1494
1726790 1494
1726800 1495
1726810 1496
1726820 1496
1726830 1497
1726840 1498
1726850 1498
1726860 1499
1726870 1499
1726880 1499
1726890 1499
1726900 1500
1726910 1500
1726920 1500
1726930 1500
1726940 1501
1726950 1501
1726960 1502
1726970 1503
1726980 1503
1726990 1504
1727000 1505
1727010 1505
1727020 1506
1727030 1508
1727040 1508
1727050 1509
1727060 1510
1727070 1510
1727080 1510
1727090 1511
1727100 1511
1727110 1511
1727120 1511
1727130 1511
1727140 1512
1727150 1513
1727160 1513
1727170 1515
1727180 1516
1727190 1516
1727200 1518
1727210 1520
1727220 1520
1727230 1520
1727240 1520
1727250 1520
1727260 1519
1727270 1520
1727280 1520
1727290 1517
1727300 1516
1727310 1516
1727320 1515
1727330 1517
1727340 1517
1727350 1520
1727360 1521
1727370 1521
1727380 1521
1727390 1521
1727400 1511
1727410 1511
1727420 1506
1727430 1502
1727440 1502
1727450 1499
1727460 1497
1727470 1497
1727480 1494
1727490 1495
1727500 1495
1727510 1495
1727520 1496
1727530 1496
1727540 1496
1727550 1496
1727560 1496
1727570 1496
1727580 1495
1727590 1495
1727600 1493
1727610 1490
1727620 1490
1727630 1488
1727640 1487
1727650 1487
1727660 1485
1727670 1482
1727680 1482
1727690 1479
1727700 1476
1727710 1476
1727720 1474
1727730 1470
1727740 1470
1727750 1466
1727760 1462
1727770 1462
1727780 1456
1727790 1452
1727800 1452
1727810 1449
1727820 1448
1727830 1445
1727840 1445
1727850 1440
1727860 1437
1727870 1437
1727880 1433
1727890 1431
1727900 1431
1727910 1426
1727920 1422
1727930 1422
1727940 1421
1727950 1419
1727960 1419
1727970 1413
1727980 1409
1727990 1409
1728000 1405
1728010 1402
1728020 1402
1728030 1402
1728040 1400
1728050 1400
1728060 1398
1728070 1395
1728080 1395
1728090 1392
1728100 1389
1728110 1389
1728120 1386
1728130 1382
1728140 1382
1728150 1379
1728160 1375
1728170 1375
1728180 1371
1728190 1367
1728200 1367
1728210 1364
1728220 1360
1728230 1360
1728240 1358
1728250 1356
1728260 1356
1728270 1356
1728280 1356
1728290 1354
1728300 1354
1728310 1353
1728320 1351
1728330 1351
1728340 1351
1728350 1352
1728360 1352
1728370 1352
1728380 1352
1728390 1352
1728400 1352
1728410 1352
1728420 1352
1728430 1321
1728440 1313
1728450 1313
1728460 1314
1728470 1308
1728480 1308
1728490 1306
1728500 1305
1728510 1305
1728520 1304
1728530 1305
1728540 1305
1728550 1349
1728560 1363
1728570 1363
1728580 1365
1728590 1368
1728600 1368
1728610 1372
1728620 1375
1728630 1375
1728640 1375
1728650 1372
1728660 1372
1728670 1361
1728680 1353
1728690 1353
1728700 1339
1728710 1301
1728720 1255
1728730 1255
1728740 1249
1728750 1243
1728760 1243
1728770 1235
1728780 1229
1728790 1229
1728800 1222
1728810 1215
1728820 1215
1728830 1208
1728840 1201
1728850 1201
1728860 1194
1728870 1187
1728880 1187
1728890 1181
1728900 1173
1728910 1173
1728920 1171
1728930 1165
1728940 1165
1728950 1160
1728960 1155
1728970 1155
1728980 1151
1728990 1147
1729000 1147
1729010 1143
1729020 1139
1729030 1139
1729040 1135
1729050 1131
1729060 1131
1729070 1128
1729080 1124
1729090 1124
1729100 1122
1729110 1119
1729120 1119
1729130 1117
1729140 1114
1729150 1114
1729160 1110
1729170 1107
1729180 1106
1729190 1106
1729200 1104
1729210 1100
1729220 1100
1729230 1098
1729240 1096
1729250 1096
1729260 1092
1729270 1088
1729280 1088
1729290 1082
1729300 1074
1729310 1074
1729320 1069
1729330 1064
1729340 1064
1729350 1060
1729360 1055
1729370 1055
1729380 1050
1729390 1045
1729400 1045
1729410 1039
1729420 1032
1729430 1032
1729440 1026
1729450 1019
1729460 1019
1729470 1013
1729480 1007
1729490 1007
1729500 1000
1729510 994
1729520 994
1729530 987
1729540 980
1729550 980
1729560 973
1729570 966
1729580 966
1729590 962
1729600 957
1729610 957
1729620 952
1729630 947
1729640 942
1729650 942
1729660 937
1729670 932
1729680 932
1729690 928
1729700 924
1729710 924
1729720 919
1729730 913
1729740 913
1729750 908
1729760 904
1729770 904
1729780 903
1729790 899
1729800 899
1729810 898
1729820 899
1729830 899
1729840 903
1729850 902
1729860 902
1729870 897
1729880 894
1729890 894
1729900 890
1729910 887
1729920 887
1729930 883
1729940 879
1729950 879
1729960 875
1729970 872
1729980 872
1729990 870
1730000 868
1730010 868
1730020 866
1730030 863
1730040 863
1730050 861
1730060 859
1730070 859
1730080 858
1730090 856
1730100 855
1730110 855
1730120 853
1730130 850
1730140 850
1730150 848
1730160 847
1730170 847
1730180 845
1730190 844
1730200 844
1730210 842
1730220 841
1730230 841
1730240 839
1730250 834
1730260 834
1730270 832
1730280 831
1730290 831
1730300 832
1730310 835
1730320 835
1730330 835
1730340 835
1730350 835
1730360 836
1730370 836
1730380 836
1730390 835
1730400 835
1730410 835
1730420 835
1730430 835
1730440 835
1730450 835
1730460 838
1730470 838
1730480 844
1730490 847
1730500 847
1730510 849
1730520 851
1730530 853
1730540 853
1730550 855
1730560 856
1730570 856
1730580 858
1730590 860
1730600 860
1730610 861
1730620 864
1730630 864
1730640 866
1730650 867
1730660 867
1730670 870
1730680 873
1730690 873
1730700 879
1730710 886
1730720 886
1730730 892
1730740 898
1730750 898
1730760 904
1730770 910
1730780 910
1730790 916
1730800 917
1730810 917
1730820 917
1730830 916
1730840 916
1730850 921
1730860 922
1730870 922
1730880 924
1730890 924
1730900 924
1730910 925
1730920 925
1730930 925
1730940 933
1730950 933
1730960 933
1730970 937
1730980 944
1730990 951
1731000 951
1731010 957
1731020 961
1731030 961
1731040 958
1731050 961
1731060 961
1731070 970
1731080 976
1731090 976
1731100 984
1731110 992
1731120 992
1731130 1001
1731140 1009
1731150 1009
1731160 1016
1731170 1018
1731180 1018
1731190 1026
1731200 1030
1731210 1030
1731220 1031
1731230 1038
1731240 1038
1731250 1045
1731260 1050
1731270 1050
1731280 1056
1731290 1060
1731300 1060
1731310 1064
1731320 1069
1731330 1069
1731340 1073
1731350 1077
1731360 1077
1731370 1080
1731380 1082
1731390 1082
1731400 1087
1731410 1094
1731420 1094
1731430 1099
1731440 1104
1731450 1111
1731460 1111
1731470 1118
1731480 1124
1731490 1124
1731500 1129
1731510 1135
1731520 1135
1731530 1140
1731540 1145
1731550 1145
1731560 1146
1731570 1146
1731580 1146
1731590 1147
1731600 1148
1731610 1148
1731620 1148
1731630 1150
1731640 1150
1731650 1152
1731660 1154
1731670 1154
1731680 1156
1731690 1156
1731700 1156
1731710 1153
1731720 1150
1731730 1150
1731740 1150
1731750 1158
1731760 1158
1731770 1166
1731780 1173
1731790 1173
1731800 1180
1731810 1187
1731820 1187
1731830 1194
1731840 1200
1731850 1200
1731860 1206
1731870 1213
1731880 1220
1731890 1220
1731900 1226
1731910 1233
1731920 1233
1731930 1239
1731940 1246
1731950 1246
1731960 1252
1731970 1258
1731980 1258
1731990 1265
1732000 1271
1732010 1271
1732020 1277
1732030 1284
1732040 1284
1732050 1290
1732060 1292
1732070 1292
1732080 1286
1732090 1281
1732100 1281
1732110 1276
1732120 1270
1732130 1270
1732140 1264
1732150 1257
1732160 1257
1732170 1252
1732180 1249
1732190 1249
1732200 1246
1732210 1243
1732220 1243
1732230 1240
1732240 1237
1732250 1237
1732260 1234
1732270 1232
1732280 1232
1732290 1229
1732300 1225
1732310 1225
1732320 1220
1732330 1219
1732340 1220
1732350 1220
1732360 1221
1732370 1223
1732380 1223
1732390 1226
1732400 1227
1732410 1227
1732420 1227
1732430 1227
1732440 1227
1732450 1226
1732460 1225
1732470 1225
1732480 1222
1732490 1222
1732500 1222
1732510 1221
1732520 1219
1732530 1219
1732540 1216
1732550 1218
1732560 1218
1732570 1230
1732580 1239
1732590 1239
1732600 1248
1732610 1253
1732620 1253
1732630 1252
1732640 1246
1732650 1246
1732660 1240
1732670 1234
1732680 1234
1732690 1225
1732700 1224
1732710 1224
1732720 1221
1732730 1217
1732740 1217
1732750 1214
1732760 1212
1732770 1212
1732780 1208
1732790 1205
1732800 1214
1732810 1214
1732820 1219
1732830 1222
1732840 1222
1732850 1220
1732860 1209
1732870 1209
1732880 1198
1732890 1195
1732900 1195
1732910 1194
1732920 1186
1732930 1186
1732940 1187
1732950 1198
1732960 1198
1732970 1202
1732980 1206
1732990 1206
1733000 1199
1733010 1202
1733020 1202
1733030 1208
1733040 1220
1733050 1220
1733060 1232
1733070 1231
1733080 1231
1733090 1236
1733100 1246
1733110 1246
1733120 1239
1733130 1239
1733140 1239
1733150 1241
1733160 1245
1733170 1245
1733180 1252
1733190 1258
1733200 1258
1733210 1263
1733220 1271
1733230 1271
1733240 1271
1733250 1275
1733260 1279
1733270 1279
1733280 1285
1733290 1288
1733300 1288
1733310 1289
1733320 1289
1733330 1289
1733340 1291
1733350 1293
1733360 1293
1733370 1297
1733380 1296
1733390 1296
1733400 1299
1733410 1305
1733420 1305
1733430 1312
1733440 1318
1733450 1318
1733460 1324
1733470 1334
1733480 1334
1733490 1335
1733500 1341
1733510 1341
1733520 1347
1733530 1353
1733540 1353
1733550 1341
1733560 1328
1733570 1328
1733580 1322
1733590 1312
1733600 1312
1733610 1303
1733620 1291
1733630 1291
1733640 1277
1733650 1269
1733660 1269
1733670 1275
1733680 1283
1733690 1291
1733700 1291
1733710 1299
1733720 1308
1733730 1308
1733740 1315
1733750 1323
1733760 1323
1733770 1330
1733780 1333
1733790 1333
1733800 1343
1733810 1354
1733820 1354
1733830 1363
1733840 1374
1733850 1374
1733860 1383
1733870 1386
1733880 1386
1733890 1392
1733900 1385
1733910 1385
1733920 1383
1733930 1381
1733940 1381
1733950 1379
1733960 1374
1733970 1374
1733980 1368
1733990 1363
1734000 1363
1734010 1361
1734020 1368
1734030 1368
1734040 1371
1734050 1373
1734060 1373
1734070 1376
1734080 1382
1734090 1382
1734100 1389
1734110 1393
1734120 1393
1734130 1405
1734140 1419
1734150 1429
1734160 1429
1734170 1436
1734180 1443
1734190 1443
1734200 1450
1734210 1458
1734220 1458
1734230 1462
1734240 1460
1734250 1460
1734260 1452
1734270 1447
1734280 1447
1734290 1447
1734300 1446
1734310 1446
1734320 1443
1734330 1439
1734340 1439
1734350 1438
1734360 1445
1734370 1445
1734380 1455
1734390 1460
1734400 1460
1734410 1467
1734420 1468
1734430 1468
1734440 1470
1734450 1474
1734460 1474
1734470 1480
1734480 1487
1734490 1487
1734500 1493
1734510 1498
1734520 1498
1734530 1502
1734540 1502
1734550 1502
1734560 1498
1734570 1495
1734580 1503
1734590 1502
1734600 1503
1734610 1504
1734620 1504
1734630 1503
1734640 1501
1734650 1501
1734660 1495
1734670 1493
1734680 1493
1734690 1493
1734700 1491
1734710 1491
1734720 1494
1734730 1498
1734740 1498
1734750 1507
1734760 1517
1734770 1517
1734780 1523
1734790 1530
1734800 1530
1734810 1538
1734820 1548
1734830 1548
1734840 1556
1734850 1565
1734860 1565
1734870 1569
1734880 1577
1734890 1577
1734900 1585
1734910 1592
1734920 1592
1734930 1598
1734940 1604
1734950 1604
1734960 1600
1734970 1592
1734980 1592
1734990 1584
1735000 1578
1735010 1578
1735020 1575
1735030 1570
1735040 1568
1735050 1568
1735060 1565
1735070 1564
1735080 1564
1735090 1569
1735100 1569
1735110 1569
1735120 1569
1735130 1568
1735140 1568
1735150 1568
1735160 1566
1735170 1566
1735180 1566
1735190 1569
1735200 1569
1735210 1573
1735220 1577
1735230 1577
1735240 1579
1735250 1581
1735260 1581
1735270 1584
1735280 1586
1735290 1586
1735300 1590
1735310 1596
1735320 1596
1735330 1602
1735340 1608
1735350 1608
1735360 1615
1735370 1622
1735380 1622
1735390 1628
1735400 1634
1735410 1634
1735420 1641
1735430 1648
1735440 1648
1735450 1655
1735460 1662
1735470 1662
1735480 1669
1735490 1676
1735500 1683
1735510 1683
1735520 1691
1735530 1698
1735540 1698
1735550 1706
1735560 1713
1735570 1713
1735580 1721
1735590 1728
1735600 1728
1735610 1735
1735620 1744
1735630 1744
1735640 1752
1735650 1759
1735660 1759
1735670 1769
1735680 1778
1735690 1778
1735700 1783
1735710 1802
1735720 1802
1735730 1802
1735740 1801
1735750 1801
1735760 1800
1735770 1798
1735780 1798
1735790 1796
1735800 1793
1735810 1793
1735820 1789
1735830 1783
1735840 1783
1735850 1776
1735860 1777
1735870 1777
1735880 1779
1735890 1780
1735900 1780
1735910 1782
1735920 1783
1735930 1783
1735940 1783
1735950 1783
1735960 1784
1735970 1784
1735980 1785
1735990 1787
1736000 1787
1736010 1785
1736020 1780
1736030 1780
1736040 1776
1736050 1774
1736060 1774
1736070 1772
1736080 1770
1736090 1770
1736100 1769
1736110 1769
1736120 1769
1736130 1768
1736140 1768
1736150 1768
1736160 1767
1736170 1766
1736180 1766
1736190 1766
1736200 1766
1736210 1766
1736220 1766
1736230 1766
1736240 1766
1736250 1766
1736260 1766
1736270 1766
1736280 1766
1736290 1764
1736300 1764
1736310 1764
1736320 1767
1736330 1767
1736340 1769
1736350 1771
1736360 1771
1736370 1773
1736380 1774
1736390 1774
1736400 1776
1736410 1777
1736420 1778
1736430 1778
1736440 1779
1736450 1779
1736460 1779
1736470 1780
1736480 1781
1736490 1781
1736500 1782
1736510 1784
1736520 1781
1736530 1783
1736540 1785
1736550 1785
1736560 1788
1736570 1786
1736580 1786
1736590 1786
1736600 1787
1736610 1787
1736620 1787
1736630 1787
1736640 1787
1736650 1788
1736660 1790
1736670 1790
1736680 1791
1736690 1792
1736700 1792
1736710 1794
1736720 1794
1736730 1794
1736740 1791
1736750 1785
1736760 1785
1736770 1780
1736780 1773
1736790 1773
1736800 1764
1736810 1759
1736820 1759
1736830 1755
1736840 1755
1736850 1754
1736860 1754
1736870 1754
1736880 1754
1736890 1754
1736900 1755
1736910 1755
1736920 1755
1736930 1758
1736940 1759
1736950 1759
1736960 1760
1736970 1761
1736980 1761
1736990 1763
1737000 1764
1737010 1764
1737020 1767
1737030 1769
1737040 1769
1737050 1771
1737060 1772
1737070 1772
1737080 1774
1737090 1776
1737100 1776
1737110 1776
1737120 1774
1737130 1774
1737140 1772
1737150 1768
1737160 1768
1737170 1766
1737180 1762
1737190 1762
1737200 1759
1737210 1756
1737220 1756
1737230 1753
1737240 1750
1737250 1750
1737260 1748
1737270 1745
1737280 1745
1737290 1743
1737300 1740
1737310 1738
1737320 1738
1737330 1737
1737340 1738
1737350 1738
1737360 1737
1737370 1738
1737380 1738
1737390 1737
1737400 1738
1737410 1738
1737420 1740
1737430 1742
1737440 1742
1737450 1743
1737460 1745
1737470 1745
1737480 1747
1737490 1746
1737500 1746
1737510 1745
1737520 1743
1737530 1743
1737540 1742
1737550 1741
1737560 1741
1737570 1740
1737580 1739
1737590 1739
1737600 1738
1737610 1735
1737620 1735
1737630 1737
1737640 1736
1737650 1736
1737660 1733
1737670 1736
1737680 1736
1737690 1726
1737700 1729
1737710 1729
1737720 1731
1737730 1726
1737740 1726
1737750 1721
1737760 1726
1737770 1717
1737780 1717
1737790 1706
1737800 1696
1737810 1696
1737820 1688
1737830 1686
1737840 1686
1737850 1686
1737860 1686
1737870 1686
1737880 1687
1737890 1687
1737900 1687
1737910 1688
1737920 1687
1737930 1687
1737940 1687
1737950 1686
1737960 1686
1737970 1682
1737980 1679
1737990 1679
1738000 1677
1738010 1673
1738020 1673
1738030 1670
1738040 1666
1738050 1666
1738060 1661
1738070 1656
1738080 1656
1738090 1651
1738100 1645
1738110 1645
1738120 1638
1738130 1620
1738140 1620
1738150 1609
1738160 1597
1738170 1597
1738180 1591
1738190 1590
1738200 1582
1738210 1582
1738220 1575
1738230 1574
1738240 1574
1738250 1559
1738260 1555
1738270 1555
1738280 1548
1738290 1533
1738300 1533
1738310 1530
1738320 1524
1738330 1524
1738340 1526
1738350 1528
1738360 1528
1738370 1511
1738380 1500
1738390 1500
1738400 1490
1738410 1490
1738420 1490
1738430 1485
1738440 1477
1738450 1477
1738460 1464
1738470 1449
1738480 1449
1738490 1438
1738500 1425
1738510 1425
1738520 1414
1738530 1408
1738540 1408
1738550 1400
1738560 1393
1738570 1393
1738580 1394
1738590 1383
1738600 1383
1738610 1370
1738620 1360
1738630 1360
1738640 1354
1738650 1349
1738660 1346
1738670 1346
1738680 1342
1738690 1341
1738700 1341
1738710 1343
1738720 1346
1738730 1346
1738740 1348
1738750 1351
1738760 1351
1738770 1353
1738780 1354
1738790 1354
1738800 1357
1738810 1362
1738820 1362
1738830 1366
1738840 1361
1738850 1361
1738860 1350
1738870 1333
1738880 1333
1738890 1316
1738900 1307
1738910 1307
1738920 1302
1738930 1289
1738940 1289
1738950 1276
1738960 1262
1738970 1262
1738980 1247
1738990 1226
1739000 1226
1739010 1216
1739020 1204
1739030 1204
1739040 1204
1739050 1181
1739060 1181
1739070 1166
1739080 1134
1739090 1134
1739100 1122
1739110 1114
1739120 1106
1739130 1106
1739140 1100
1739150 1094
1739160 1094
1739170 1088
1739180 1081
1739190 1081
1739200 1075
1739210 1069
1739220 1069
1739230 1062
1739240 1056
1739250 1056
1739260 1050
1739270 1048
1739280 1048
1739290 1048
1739300 1047
1739310 1047
1739320 1045
1739330 1042
1739340 1042
1739350 1043
1739360 1046
1739370 1046
1739380 1047
1739390 1047
1739400 1047
1739410 1048
1739420 1048
1739430 1048
1739440 1047
1739450 1045
1739460 1045
1739470 1044
1739480 1043
1739490 1043
1739500 1045
1739510 1046
1739520 1046
1739530 1048
1739540 1051
1739550 1051
1739560 1054
1739570 1057
1739580 1061
1739590 1061
1739600 1065
1739610 1070
1739620 1070
1739630 1075
1739640 1080
1739650 1080
1739660 1084
1739670 1090
1739680 1090
1739690 1090
1739700 1092
1739710 1092
1739720 1098
1739730 1101
1739740 1101
1739750 1104
1739760 1108
1739770 1108
1739780 1113
1739790 1119
1739800 1119
1739810 1125
1739820 1130
1739830 1130
1739840 1134
1739850 1139
1739860 1139
1739870 1143
1739880 1147
1739890 1147
1739900 1151
1739910 1155
1739920 1155
1739930 1158
1739940 1159
1739950 1159
1739960 1160
1739970 1161
1739980 1161
1739990 1161
