1720000 1383
1720010 1383
1720020 1381
1720030 1379
1720040 1379
1720050 1377
1720060 1374
1720070 1374
1720080 1370
1720090 1367
1720100 1367
1720110 1363
1720120 1359
1720130 1359
1720140 1350
1720150 1342
1720160 1334
1720170 1334
1720180 1326
1720190 1320
1720200 1320
1720210 1314
1720220 1305
1720230 1305
1720240 1300
1720250 1293
1720260 1293
1720270 1287
1720280 1281
1720290 1281
1720300 1275
1720310 1269
1720320 1269
1720330 1264
1720340 1257
1720350 1257
1720360 1251
1720370 1245
1720380 1245
1720390 1238
1720400 1233
1720410 1233
1720420 1226
1720430 1219
1720440 1219
1720450 1216
1720460 1213
1720470 1213
1720480 1210
1720490 1206
1720500 1206
1720510 1202
1720520 1194
1720530 1194
1720540 1187
1720550 1181
1720560 1181
1720570 1177
1720580 1176
1720590 1176
1720600 1172
1720610 1164
1720620 1158
1720630 1158
1720640 1152
1720650 1147
1720660 1147
1720670 1143
1720680 1138
1720690 1138
1720700 1128
1720710 1125
1720720 1125
1720730 1120
1720740 1116
1720750 1116
1720760 1113
1720770 1109
1720780 1109
1720790 1106
1720800 1103
1720810 1103
1720820 1099
1720830 1096
1720840 1096
1720850 1094
1720860 1092
1720870 1092
1720880 1090
1720890 1088
1720900 1088
1720910 1085
1720920 1083
1720930 1083
1720940 1083
1720950 1082
1720960 1082
1720970 1087
1720980 1089
1720990 1089
1721000 1089
1721010 1089
1721020 1089
1721030 1088
1721040 1086
1721050 1086
1721060 1081
1721070 1078
1721080 1078
1721090 1074
1721100 1070
1721110 1066
1721120 1066
1721130 1064
1721140 1061
1721150 1061
1721160 1057
1721170 1052
1721180 1052
1721190 1047
1721200 1042
1721210 1042
1721220 1036
1721230 1030
1721240 1030
1721250 1025
1721260 1020
1721270 1020
1721280 1016
1721290 1015
1721300 1015
1721310 1017
1721320 1019
1721330 1019
1721340 1020
1721350 1017
1721360 1017
1721370 1011
1721380 1005
1721390 1005
1721400 999
1721410 993
1721420 993
1721430 989
1721440 988
1721450 988
1721460 988
1721470 991
1721480 991
1721490 995
1721500 998
1721510 998
1721520 1002
1721530 1004
1721540 1004
1721550 1006
1721560 1006
1721570 1005
1721580 1005
1721590 1005
1721600 1007
1721610 1007
1721620 1010
1721630 1013
1721640 1013
1721650 1014
1721660 1016
1721670 1016
1721680 1022
1721690 1026
1721700 1026
1721710 1031
1721720 1034
1721730 1034
1721740 1038
1721750 1041
1721760 1041
1721770 1044
1721780 1047
1721790 1047
1721800 1052
1721810 1055
1721820 1055
1721830 1059
1721840 1063
1721850 1063
1721860 1065
1721870 1069
1721880 1069
1721890 1071
1721900 1073
1721910 1073
1721920 1075
1721930 1077
1721940 1077
1721950 1079
1721960 1079
1721970 1079
1721980 1076
1721990 1072
1722000 1072
1722010 1068
1722020 1064
1722030 1060
1722040 1060
1722050 1054
1722060 1048
1722070 1048
1722080 1041
1722090 1035
1722100 1035
1722110 1028
1722120 1022
1722130 1022
1722140 1015
1722150 1007
1722160 1007
1722170 1001
1722180 993
1722190 993
1722200 986
1722210 979
1722220 979
1722230 971
1722240 964
1722250 964
1722260 955
1722270 948
1722280 948
1722290 942
1722300 934
1722310 934
1722320 926
1722330 919
1722340 919
1722350 913
1722360 904
1722370 904
1722380 896
1722390 889
1722400 889
1722410 880
1722420 874
1722430 874
1722440 867
1722450 862
1722460 862
1722470 857
1722480 851
1722490 846
1722500 846
1722510 841
1722520 836
1722530 836
1722540 827
1722550 818
1722560 818
1722570 814
1722580 814
1722590 814
1722600 813
1722610 813
1722620 813
1722630 814
1722640 814
1722650 814
1722660 814
1722670 814
1722680 814
1722690 814
1722700 817
1722710 817
1722720 816
1722730 814
1722740 814
1722750 814
1722760 813
1722770 813
1722780 813
1722790 814
1722800 814
1722810 815
1722820 815
1722830 815
1722840 815
1722850 815
1722860 815
1722870 817
1722880 822
1722890 822
1722900 825
1722910 829
1722920 829
1722930 830
1722940 831
1722950 832
1722960 832
1722970 832
1722980 833
1722990 833
1723000 834
1723010 834
1723020 834
1723030 835
1723040 835
1723050 835
1723060 835
1723070 835
1723080 835
1723090 834
1723100 833
1723110 833
1723120 832
1723130 831
1723140 831
1723150 830
1723160 830
1723170 830
1723180 830
1723190 830
1723200 830
1723210 830
1723220 830
1723230 830
1723240 830
1723250 831
1723260 831
1723270 831
1723280 832
1723290 832
1723300 833
1723310 833
1723320 833
1723330 834
1723340 834
1723350 834
1723360 834
1723370 835
1723380 835
1723390 835
1723400 836
1723410 837
1723420 837
1723430 838
1723440 839
1723450 839
1723460 841
1723470 840
1723480 840
1723490 840
1723500 840
1723510 840
1723520 840
1723530 840
1723540 840
1723550 842
1723560 844
1723570 844
1723580 845
1723590 846
1723600 846
1723610 847
1723620 850
1723630 850
1723640 853
1723650 854
1723660 854
1723670 856
1723680 858
1723690 858
1723700 861
1723710 865
1723720 865
1723730 870
1723740 878
1723750 878
1723760 886
1723770 889
1723780 889
1723790 890
1723800 894
1723810 894
1723820 900
1723830 905
1723840 905
1723850 907
1723860 910
1723870 912
1723880 912
1723890 913
1723900 914
1723910 914
1723920 916
1723930 914
1723940 914
1723950 916
1723960 919
1723970 919
1723980 921
1723990 924
1724000 924
1724010 927
1724020 928
1724030 928
1724040 931
1724050 931
1724060 931
1724070 934
1724080 935
1724090 935
1724100 940
1724110 943
1724120 943
1724130 946
1724140 949
1724150 949
1724160 952
1724170 955
1724180 955
1724190 955
1724200 956
1724210 956
1724220 955
1724230 957
1724240 957
1724250 960
1724260 962
1724270 962
1724280 962
1724290 965
1724300 965
1724310 967
1724320 971
1724330 971
1724340 973
1724350 974
1724360 977
1724370 977
1724380 980
1724390 983
1724400 983
1724410 987
1724420 990
1724430 990
1724440 993
1724450 996
1724460 996
1724470 997
1724480 1001
1724490 1001
1724500 1008
1724510 1008
1724520 1008
1724530 1008
1724540 1006
1724550 1006
1724560 1012
1724570 1011
1724580 1011
1724590 1012
1724600 1015
1724610 1015
1724620 1024
1724630 1034
1724640 1034
1724650 1042
1724660 1050
1724670 1050
1724680 1056
1724690 1061
1724700 1061
1724710 1065
1724720 1068
1724730 1068
1724740 1069
1724750 1073
1724760 1073
1724770 1081
1724780 1085
1724790 1085
1724800 1089
1724810 1093
1724820 1096
1724830 1096
1724840 1100
1724850 1103
1724860 1103
1724870 1107
1724880 1111
1724890 1111
1724900 1115
1724910 1119
1724920 1119
1724930 1122
1724940 1124
1724950 1124
1724960 1127
1724970 1131
1724980 1131
1724990 1134
1725000 1138
1725010 1138
1725020 1141
1725030 1144
1725040 1144
1725050 1146
1725060 1150
1725070 1150
1725080 1153
1725090 1153
1725100 1153
1725110 1152
1725120 1149
1725130 1149
1725140 1144
1725150 1139
1725160 1139
1725170 1133
1725180 1129
1725190 1129
1725200 1123
1725210 1119
1725220 1119
1725230 1117
1725240 1121
1725250 1121
1725260 1129
1725270 1136
1725280 1142
1725290 1142
1725300 1148
1725310 1158
1725320 1158
1725330 1165
1725340 1172
1725350 1172
1725360 1179
1725370 1185
1725380 1185
1725390 1190
1725400 1195
1725410 1195
1725420 1197
1725430 1198
1725440 1198
1725450 1194
1725460 1192
1725470 1192
1725480 1194
1725490 1196
1725500 1196
1725510 1202
1725520 1208
1725530 1208
1725540 1223
1725550 1256
1725560 1256
1725570 1245
1725580 1250
1725590 1250
1725600 1258
1725610 1270
1725620 1270
1725630 1279
1725640 1288
1725650 1288
1725660 1289
1725670 1291
1725680 1291
1725690 1292
1725700 1293
1725710 1293
1725720 1292
1725730 1289
1725740 1285
1725750 1285
1725760 1277
1725770 1262
1725780 1262
1725790 1246
1725800 1242
1725810 1242
1725820 1241
1725830 1244
1725840 1244
1725850 1256
1725860 1283
1725870 1283
1725880 1299
1725890 1298
1725900 1298
1725910 1295
1725920 1291
1725930 1291
1725940 1285
1725950 1279
1725960 1279
1725970 1273
1725980 1271
1725990 1271
1726000 1272
1726010 1272
1726020 1272
1726030 1266
1726040 1257
1726050 1257
1726060 1237
1726070 1229
1726080 1229
1726090 1225
1726100 1223
1726110 1223
1726120 1219
1726130 1214
1726140 1214
1726150 1213
1726160 1218
1726170 1218
1726180 1222
1726190 1226
1726200 1230
1726210 1230
1726220 1234
1726230 1238
1726240 1238
1726250 1242
1726260 1249
1726270 1249
1726280 1256
1726290 1263
1726300 1263
1726310 1270
1726320 1275
1726330 1275
1726340 1278
1726350 1275
1726360 1275
1726370 1267
1726380 1257
1726390 1257
1726400 1240
1726410 1236
1726420 1236
1726430 1233
1726440 1232
1726450 1232
1726460 1232
1726470 1233
1726480 1233
1726490 1236
1726500 1240
1726510 1240
1726520 1249
1726530 1260
1726540 1260
1726550 1269
1726560 1278
1726570 1278
1726580 1286
1726590 1292
1726600 1292
1726610 1298
1726620 1307
1726630 1307
1726640 1311
1726650 1315
1726660 1326
1726670 1326
1726680 1334
1726690 1332
1726700 1332
1726710 1336
1726720 1338
1726730 1338
1726740 1341
1726750 1348
1726760 1348
1726770 1352
1726780 1353
1726790 1353
1726800 1357
1726810 1361
1726820 1361
1726830 1365
1726840 1367
1726850 1365
1726860 1368
1726870 1370
1726880 1370
1726890 1371
1726900 1371
1726910 1371
1726920 1372
1726930 1372
1726940 1372
1726950 1371
1726960 1370
1726970 1370
1726980 1367
1726990 1365
1727000 1365
1727010 1362
1727020 1360
1727030 1360
1727040 1358
1727050 1355
1727060 1355
1727070 1352
1727080 1350
1727090 1350
1727100 1347
1727110 1344
1727120 1341
1727130 1341
1727140 1339
1727150 1338
1727160 1338
1727170 1338
1727180 1337
1727190 1337
1727200 1335
1727210 1333
1727220 1333
1727230 1329
1727240 1323
1727250 1323
1727260 1319
1727270 1314
1727280 1314
1727290 1309
1727300 1305
1727310 1305
1727320 1301
1727330 1293
1727340 1293
1727350 1281
1727360 1270
1727370 1270
1727380 1267
1727390 1270
1727400 1270
1727410 1275
1727420 1273
1727430 1273
1727440 1271
1727450 1270
1727460 1270
1727470 1270
1727480 1273
1727490 1273
1727500 1271
1727510 1271
1727520 1271
1727530 1269
1727540 1266
1727550 1266
1727560 1265
1727570 1260
1727580 1255
1727590 1255
1727600 1260
1727610 1259
1727620 1259
1727630 1256
1727640 1259
1727650 1259
1727660 1260
1727670 1260
1727680 1260
1727690 1256
1727700 1256
1727710 1256
1727720 1255
1727730 1251
1727740 1251
1727750 1255
1727760 1254
1727770 1254
1727780 1255
1727790 1254
1727800 1254
1727810 1254
1727820 1253
1727830 1253
1727840 1255
1727850 1253
1727860 1253
1727870 1257
1727880 1258
1727890 1258
1727900 1257
1727910 1257
1727920 1257
1727930 1253
1727940 1248
1727950 1248
1727960 1250
1727970 1251
1727980 1251
1727990 1248
1728000 1251
1728010 1251
1728020 1252
1728030 1252
1728040 1252
1728050 1254
1728060 1249
1728070 1249
1728080 1249
1728090 1251
1728100 1256
1728110 1256
1728120 1258
1728130 1260
1728140 1260
1728150 1260
1728160 1259
1728170 1259
1728180 1257
1728190 1258
1728200 1258
1728210 1261
1728220 1265
1728230 1265
1728240 1266
1728250 1266
1728260 1266
1728270 1265
1728280 1265
1728290 1265
1728300 1265
1728310 1266
1728320 1266
1728330 1267
1728340 1268
1728350 1268
1728360 1270
1728370 1271
1728380 1271
1728390 1271
1728400 1271
1728410 1271
1728420 1270
1728430 1270
1728440 1270
1728450 1271
1728460 1271
1728470 1271
1728480 1270
1728490 1271
1728500 1271
1728510 1272
1728520 1272
1728530 1273
1728540 1273
1728550 1273
1728560 1274
1728570 1274
1728580 1274
1728590 1275
1728600 1275
1728610 1275
1728620 1275
1728630 1275
1728640 1275
1728650 1275
1728660 1275
1728670 1275
1728680 1274
1728690 1274
1728700 1274
1728710 1273
1728720 1273
1728730 1273
1728740 1272
1728750 1272
1728760 1271
1728770 1271
1728780 1271
1728790 1269
1728800 1269
1728810 1269
1728820 1269
1728830 1268
1728840 1268
1728850 1267
1728860 1266
1728870 1266
1728880 1266
1728890 1266
1728900 1266
1728910 1266
1728920 1266
1728930 1266
1728940 1266
1728950 1265
1728960 1265
1728970 1264
1728980 1263
1728990 1263
1729000 1263
1729010 1262
1729020 1262
1729030 1262
1729040 1262
1729050 1259
1729060 1259
1729070 1259
1729080 1258
1729090 1258
1729100 1258
1729110 1256
1729120 1256
1729130 1255
1729140 1254
1729150 1254
1729160 1253
1729170 1251
1729180 1251
1729190 1250
1729200 1249
1729210 1249
1729220 1249
1729230 1249
1729240 1249
1729250 1249
1729260 1249
1729270 1249
1729280 1249
1729290 1249
1729300 1249
1729310 1249
1729320 1248
1729330 1248
1729340 1248
1729350 1247
1729360 1247
1729370 1247
1729380 1246
1729390 1246
1729400 1246
1729410 1245
1729420 1245
1729430 1245
1729440 1244
1729450 1244
1729460 1244
1729470 1243
1729480 1244
1729490 1244
1729500 1245
1729510 1242
1729520 1242
1729530 1242
1729540 1243
1729550 1243
1729560 1244
1729570 1244
1729580 1244
1729590 1244
1729600 1244
1729610 1244
1729620 1243
1729630 1242
1729640 1242
1729650 1243
1729660 1242
1729670 1242
1729680 1242
1729690 1242
1729700 1242
1729710 1241
1729720 1240
1729730 1240
1729740 1239
1729750 1239
1729760 1239
1729770 1239
1729780 1239
1729790 1239
1729800 1240
1729810 1245
1729820 1245
1729830 1248
1729840 1251
1729850 1251
1729860 1253
1729870 1257
1729880 1257
1729890 1262
1729900 1266
1729910 1269
1729920 1269
1729930 1271
1729940 1275
1729950 1275
1729960 1277
1729970 1278
1729980 1278
1729990 1278
1730000 1280
1730010 1280
1730020 1281
1730030 1282
1730040 1282
1730050 1285
1730060 1285
1730070 1285
1730080 1285
1730090 1286
1730100 1286
1730110 1286
1730120 1288
1730130 1288
1730140 1289
1730150 1290
1730160 1290
1730170 1291
1730180 1292
1730190 1292
1730200 1294
1730210 1295
1730220 1295
1730230 1295
1730240 1296
1730250 1296
1730260 1297
1730270 1299
1730280 1299
1730290 1298
1730300 1298
1730310 1298
1730320 1300
1730330 1300
1730340 1300
1730350 1302
1730360 1304
1730370 1305
1730380 1305
1730390 1306
1730400 1308
1730410 1308
1730420 1311
1730430 1315
1730440 1315
1730450 1319
1730460 1322
1730470 1322
1730480 1326
1730490 1329
1730500 1329
1730510 1333
1730520 1338
1730530 1338
1730540 1343
1730550 1348
1730560 1348
1730570 1354
1730580 1359
1730590 1359
1730600 1366
1730610 1372
1730620 1372
1730630 1378
1730640 1383
1730650 1383
1730660 1389
1730670 1393
1730680 1393
1730690 1399
1730700 1404
1730710 1404
1730720 1409
1730730 1414
1730740 1414
1730750 1420
1730760 1425
1730770 1425
1730780 1430
1730790 1435
1730800 1435
1730810 1440
1730820 1446
1730830 1450
1730840 1450
1730850 1455
1730860 1460
1730870 1460
1730880 1465
1730890 1471
1730900 1471
1730910 1476
1730920 1481
1730930 1481
1730940 1486
1730950 1492
1730960 1492
1730970 1496
1730980 1501
1730990 1501
1731000 1507
1731010 1513
1731020 1513
1731030 1518
1731040 1524
1731050 1524
1731060 1529
1731070 1535
1731080 1535
1731090 1541
1731100 1546
1731110 1546
1731120 1553
1731130 1558
1731140 1558
1731150 1563
1731160 1568
1731170 1572
1731180 1577
1731190 1583
1731200 1583
1731210 1589
1731220 1596
1731230 1596
1731240 1604
1731250 1611
1731260 1611
1731270 1623
1731280 1632
1731290 1638
1731300 1638
1731310 1644
1731320 1645
1731330 1645
1731340 1646
1731350 1645
1731360 1645
1731370 1642
1731380 1642
1731390 1642
1731400 1647
1731410 1652
1731420 1652
1731430 1657
1731440 1660
1731450 1660
1731460 1663
1731470 1661
1731480 1661
1731490 1661
1731500 1660
1731510 1660
1731520 1660
1731530 1659
1731540 1659
1731550 1658
1731560 1658
1731570 1658
1731580 1657
1731590 1654
1731600 1654
1731610 1651
1731620 1653
1731630 1653
1731640 1652
1731650 1651
1731660 1651
1731670 1650
1731680 1650
1731690 1650
1731700 1648
1731710 1646
1731720 1646
1731730 1641
1731740 1638
1731750 1638
1731760 1636
1731770 1634
1731780 1631
1731790 1631
1731800 1633
1731810 1637
1731820 1637
1731830 1640
1731840 1644
1731850 1644
1731860 1645
1731870 1646
1731880 1646
1731890 1647
1731900 1648
1731910 1648
1731920 1647
1731930 1645
1731940 1645
1731950 1640
1731960 1643
1731970 1643
1731980 1646
1731990 1648
1732000 1648
1732010 1650
1732020 1652
1732030 1652
1732040 1655
1732050 1657
1732060 1657
1732070 1659
1732080 1662
1732090 1662
1732100 1665
1732110 1667
1732120 1667
1732130 1670
1732140 1672
1732150 1672
1732160 1674
1732170 1676
1732180 1676
1732190 1678
1732200 1681
1732210 1681
1732220 1684
1732230 1686
1732240 1689
1732250 1689
1732260 1691
1732270 1694
1732280 1694
1732290 1697
1732300 1699
1732310 1699
1732320 1702
1732330 1705
1732340 1705
1732350 1707
1732360 1709
1732370 1709
1732380 1709
1732390 1708
1732400 1708
1732410 1708
1732420 1703
1732430 1703
1732440 1699
1732450 1701
1732460 1701
1732470 1701
1732480 1697
1732490 1697
1732500 1690
1732510 1691
1732520 1691
1732530 1689
1732540 1694
1732550 1694
1732560 1700
1732570 1704
1732580 1704
1732590 1708
1732600 1712
1732610 1712
1732620 1715
1732630 1718
1732640 1718
1732650 1721
1732660 1724
1732670 1724
1732680 1724
1732690 1721
1732700 1718
1732710 1718
1732720 1716
1732730 1712
1732740 1712
1732750 1709
1732760 1706
1732770 1706
1732780 1703
1732790 1698
1732800 1698
1732810 1692
1732820 1684
1732830 1684
1732840 1677
1732850 1670
1732860 1670
1732870 1665
1732880 1663
1732890 1663
1732900 1660
1732910 1664
1732920 1664
1732930 1668
1732940 1677
1732950 1677
1732960 1683
1732970 1688
1732980 1688
1732990 1695
1733000 1700
1733010 1700
1733020 1706
1733030 1712
1733040 1712
1733050 1717
1733060 1722
1733070 1722
1733080 1728
1733090 1733
1733100 1733
1733110 1738
1733120 1742
1733130 1742
1733140 1747
1733150 1752
1733160 1757
1733170 1757
1733180 1762
1733190 1765
1733200 1765
1733210 1768
1733220 1767
1733230 1767
1733240 1768
1733250 1770
1733260 1770
1733270 1772
1733280 1773
1733290 1773
1733300 1776
1733310 1778
1733320 1778
1733330 1780
1733340 1783
1733350 1783
1733360 1784
1733370 1785
1733380 1785
1733390 1785
1733400 1785
1733410 1785
1733420 1786
1733430 1786
1733440 1786
1733450 1785
1733460 1784
1733470 1784
1733480 1783
1733490 1782
1733500 1782
1733510 1781
1733520 1780
1733530 1780
1733540 1779
1733550 1777
1733560 1777
1733570 1775
1733580 1773
1733590 1773
1733600 1769
1733610 1763
1733620 1757
1733630 1757
1733640 1749
1733650 1747
1733660 1747
1733670 1743
1733680 1743
1733690 1743
1733700 1741
1733710 1741
1733720 1741
1733730 1742
1733740 1744
1733750 1744
1733760 1749
1733770 1754
1733780 1754
1733790 1759
1733800 1764
1733810 1764
1733820 1768
1733830 1773
1733840 1773
1733850 1777
1733860 1781
1733870 1781
1733880 1785
1733890 1790
1733900 1790
1733910 1793
1733920 1797
1733930 1797
1733940 1801
1733950 1804
1733960 1804
1733970 1808
1733980 1812
1733990 1812
1734000 1816
1734010 1818
1734020 1818
1734030 1820
1734040 1812
1734050 1812
1734060 1805
1734070 1799
1734080 1796
1734090 1796
1734100 1788
1734110 1775
1734120 1775
1734130 1754
1734140 1738
1734150 1738
1734160 1730
1734170 1724
1734180 1724
1734190 1717
1734200 1708
1734210 1708
1734220 1700
1734230 1693
1734240 1693
1734250 1687
1734260 1681
1734270 1681
1734280 1677
1734290 1672
1734300 1672
1734310 1669
1734320 1666
1734330 1666
1734340 1665
1734350 1660
1734360 1660
1734370 1654
1734380 1646
1734390 1646
1734400 1640
1734410 1632
1734420 1632
1734430 1626
1734440 1619
1734450 1619
1734460 1610
1734470 1602
1734480 1602
1734490 1599
1734500 1584
1734510 1584
1734520 1574
1734530 1567
1734540 1555
1734550 1555
1734560 1543
1734570 1531
1734580 1531
1734590 1532
1734600 1527
1734610 1527
1734620 1522
1734630 1518
1734640 1518
1734650 1513
1734660 1509
1734670 1509
1734680 1505
1734690 1502
1734700 1502
1734710 1500
1734720 1498
1734730 1498
1734740 1495
1734750 1495
1734760 1495
1734770 1492
1734780 1490
1734790 1490
1734800 1489
1734810 1488
1734820 1488
1734830 1486
1734840 1484
1734850 1484
1734860 1482
1734870 1480
1734880 1480
1734890 1481
1734900 1481
1734910 1481
1734920 1482
1734930 1483
1734940 1483
1734950 1484
1734960 1485
1734970 1485
1734980 1486
1734990 1487
1735000 1487
1735010 1488
1735020 1491
1735030 1493
1735040 1493
1735050 1494
1735060 1494
1735070 1494
1735080 1495
1735090 1497
1735100 1497
1735110 1497
1735120 1498
1735130 1498
1735140 1499
1735150 1500
1735160 1500
1735170 1501
1735180 1504
1735190 1504
1735200 1507
1735210 1507
1735220 1507
1735230 1512
1735240 1516
1735250 1516
1735260 1518
1735270 1520
1735280 1520
1735290 1522
1735300 1525
1735310 1525
1735320 1528
1735330 1530
1735340 1530
1735350 1532
1735360 1533
1735370 1533
1735380 1536
1735390 1538
1735400 1538
1735410 1540
1735420 1540
1735430 1540
1735440 1543
1735450 1544
1735460 1544
1735470 1548
1735480 1553
1735490 1557
1735500 1557
1735510 1561
1735520 1559
1735530 1559
1735540 1565
1735550 1568
1735560 1568
1735570 1570
1735580 1572
1735590 1572
1735600 1575
1735610 1575
1735620 1575
1735630 1576
1735640 1582
1735650 1582
1735660 1589
1735670 1595
1735680 1595
1735690 1601
1735700 1606
1735710 1606
1735720 1610
1735730 1615
1735740 1615
1735750 1620
1735760 1624
1735770 1624
1735780 1628
1735790 1634
1735800 1634
1735810 1640
1735820 1644
1735830 1644
1735840 1656
1735850 1664
1735860 1664
1735870 1671
1735880 1677
1735890 1677
1735900 1682
1735910 1688
1735920 1688
1735930 1698
1735940 1703
1735950 1710
1735960 1710
1735970 1716
1735980 1720
1735990 1720
1736000 1724
1736010 1727
1736020 1727
1736030 1731
1736040 1735
1736050 1735
1736060 1741
1736070 1749
1736080 1749
1736090 1757
1736100 1765
1736110 1765
1736120 1770
1736130 1777
1736140 1777
1736150 1785
1736160 1790
1736170 1790
1736180 1796
1736190 1803
1736200 1803
1736210 1809
1736220 1816
1736230 1816
1736240 1821
1736250 1826
1736260 1826
1736270 1826
1736280 1818
1736290 1818
1736300 1810
1736310 1803
1736320 1803
1736330 1795
1736340 1788
1736350 1788
1736360 1781
1736370 1775
1736380 1775
1736390 1769
1736400 1765
1736410 1759
1736420 1759
1736430 1753
1736440 1748
1736450 1748
1736460 1743
1736470 1742
1736480 1742
1736490 1739
1736500 1734
1736510 1734
1736520 1729
1736530 1723
1736540 1723
1736550 1718
1736560 1719
1736570 1719
1736580 1720
1736590 1721
1736600 1721
1736610 1722
1736620 1721
1736630 1721
1736640 1720
1736650 1711
1736660 1711
1736670 1703
1736680 1695
1736690 1695
1736700 1687
1736710 1680
1736720 1680
1736730 1672
1736740 1669
1736750 1669
1736760 1665
1736770 1659
1736780 1659
1736790 1648
1736800 1639
1736810 1639
1736820 1631
1736830 1624
1736840 1624
1736850 1619
1736860 1613
1736870 1604
1736880 1604
1736890 1599
1736900 1594
1736910 1594
1736920 1592
1736930 1588
1736940 1588
1736950 1581
1736960 1577
1736970 1577
1736980 1575
1736990 1571
1737000 1571
1737010 1566
1737020 1556
1737030 1556
1737040 1556
1737050 1562
1737060 1562
1737070 1567
1737080 1569
1737090 1569
1737100 1572
1737110 1577
1737120 1577
1737130 1582
1737140 1583
1737150 1583
1737160 1588
1737170 1593
1737180 1593
1737190 1596
1737200 1603
1737210 1603
1737220 1605
1737230 1608
1737240 1608
1737250 1617
1737260 1626
1737270 1626
1737280 1635
1737290 1642
1737300 1642
1737310 1650
1737320 1657
1737330 1665
1737340 1665
1737350 1673
1737360 1680
1737370 1680
1737380 1687
1737390 1693
1737400 1693
1737410 1700
1737420 1707
1737430 1707
1737440 1714
1737450 1718
1737460 1718
1737470 1718
1737480 1717
1737490 1717
1737500 1717
1737510 1717
1737520 1717
1737530 1717
1737540 1719
1737550 1719
1737560 1721
1737570 1723
1737580 1723
1737590 1722
1737600 1720
1737610 1720
1737620 1717
1737630 1716
1737640 1716
1737650 1714
1737660 1714
1737670 1714
1737680 1714
1737690 1715
1737700 1715
1737710 1717
1737720 1720
1737730 1720
1737740 1724
1737750 1728
1737760 1728
1737770 1733
1737780 1737
1737790 1742
1737800 1742
1737810 1747
1737820 1752
1737830 1752
1737840 1756
1737850 1761
1737860 1761
1737870 1765
1737880 1768
1737890 1768
1737900 1772
1737910 1775
1737920 1775
1737930 1777
1737940 1778
1737950 1778
1737960 1780
1737970 1780
1737980 1780
1737990 1779
1738000 1779
1738010 1779
1738020 1778
1738030 1777
1738040 1777
1738050 1776
1738060 1775
1738070 1775
1738080 1773
1738090 1772
1738100 1772
1738110 1770
1738120 1769
1738130 1769
1738140 1767
1738150 1765
1738160 1765
1738170 1763
1738180 1761
1738190 1761
1738200 1759
1738210 1758
1738220 1758
1738230 1755
1738240 1753
1738250 1750
1738260 1750
1738270 1748
1738280 1745
1738290 1745
1738300 1742
1738310 1739
1738320 1739
1738330 1735
1738340 1732
1738350 1732
1738360 1728
1738370 1725
1738380 1725
1738390 1722
1738400 1719
1738410 1719
1738420 1716
1738430 1713
1738440 1713
1738450 1711
1738460 1710
1738470 1710
1738480 1709
1738490 1707
1738500 1707
1738510 1706
1738520 1704
1738530 1704
1738540 1703
1738550 1702
1738560 1702
1738570 1701
1738580 1700
1738590 1700
1738600 1699
1738610 1696
1738620 1696
1738630 1697
1738640 1698
1738650 1698
1738660 1698
1738670 1699
1738680 1699
1738690 1699
1738700 1699
1738710 1699
1738720 1698
1738730 1698
1738740 1697
1738750 1697
1738760 1696
1738770 1695
1738780 1695
1738790 1694
1738800 1693
1738810 1693
1738820 1688
1738830 1681
1738840 1681
1738850 1677
1738860 1681
1738870 1681
1738880 1687
1738890 1690
1738900 1690
1738910 1691
1738920 1692
1738930 1692
1738940 1692
1738950 1692
1738960 1692
1738970 1692
1738980 1693
1738990 1693
1739000 1693
1739010 1694
1739020 1694
1739030 1694
1739040 1694
1739050 1694
1739060 1693
1739070 1693
1739080 1693
1739090 1692
1739100 1689
1739110 1689
1739120 1685
1739130 1682
1739140 1682
1739150 1685
1739160 1689
1739170 1689
1739180 1692
1739190 1693
1739200 1694
1739210 1694
1739220 1695
1739230 1696
1739240 1696
1739250 1697
1739260 1698
1739270 1698
1739280 1699
1739290 1700
1739300 1700
1739310 1701
1739320 1701
1739330 1701
1739340 1701
1739350 1701
1739360 1701
1739370 1699
1739380 1695
1739390 1695
1739400 1690
1739410 1684
1739420 1684
1739430 1680
1739440 1677
1739450 1677
1739460 1675
1739470 1677
1739480 1677
1739490 1682
1739500 1686
1739510 1686
1739520 1692
1739530 1697
1739540 1697
1739550 1702
1739560 1707
1739570 1707
1739580 1711
1739590 1715
1739600 1715
1739610 1718
1739620 1722
1739630 1722
1739640 1724
1739650 1727
1739660 1729
1739670 1729
1739680 1731
1739690 1734
1739700 1734
1739710 1736
1739720 1738
1739730 1738
1739740 1740
1739750 1742
1739760 1742
1739770 1745
1739780 1747
1739790 1747
1739800 1749
1739810 1751
1739820 1751
1739830 1754
1739840 1757
1739850 1757
1739860 1759
1739870 1761
1739880 1761
1739890 1764
1739900 1766
1739910 1766
1739920 1769
1739930 1771
1739940 1771
1739950 1773
1739960 1775
1739970 1775
1739980 1776
1739990 1777
