1720000 1305
1720010 1305
1720020 1302
1720030 1299
1720040 1299
1720050 1295
1720060 1291
1720070 1291
1720080 1287
1720090 1286
1720100 1286
1720110 1284
1720120 1282
1720130 1282
1720140 1280
1720150 1278
1720160 1278
1720170 1275
1720180 1273
1720190 1273
1720200 1270
1720210 1266
1720220 1266
1720230 1262
1720240 1258
1720250 1258
1720260 1254
1720270 1250
1720280 1250
1720290 1245
1720300 1239
1720310 1239
1720320 1232
1720330 1225
1720340 1225
1720350 1218
1720360 1211
1720370 1211
1720380 1203
1720390 1197
1720400 1194
1720410 1194
1720420 1192
1720430 1191
1720440 1191
1720450 1189
1720460 1185
1720470 1185
1720480 1182
1720490 1180
1720500 1180
1720510 1177
1720520 1175
1720530 1175
1720540 1174
1720550 1172
1720560 1172
1720570 1171
1720580 1169
1720590 1169
1720600 1168
1720610 1167
1720620 1167
1720630 1166
1720640 1163
1720650 1163
1720660 1162
1720670 1160
1720680 1160
1720690 1158
1720700 1156
1720710 1156
1720720 1153
1720730 1150
1720740 1150
1720750 1148
1720760 1146
1720770 1146
1720780 1144
1720790 1142
1720800 1142
1720810 1140
1720820 1138
1720830 1138
1720840 1136
1720850 1134
1720860 1132
1720870 1132
1720880 1131
1720890 1130
1720900 1130
1720910 1129
1720920 1129
1720930 1129
1720940 1127
1720950 1126
1720960 1126
1720970 1126
1720980 1125
1720990 1125
1721000 1124
1721010 1124
1721020 1124
1721030 1124
1721040 1125
1721050 1125
1721060 1125
1721070 1122
1721080 1122
1721090 1118
1721100 1114
1721110 1114
1721120 1110
1721130 1107
1721140 1107
1721150 1103
1721160 1099
1721170 1099
1721180 1097
1721190 1098
1721200 1098
1721210 1099
1721220 1099
1721230 1099
1721240 1101
1721250 1104
1721260 1104
1721270 1099
1721280 1096
1721290 1096
1721300 1096
1721310 1096
1721320 1098
1721330 1098
1721340 1099
1721350 1097
1721360 1097
1721370 1095
1721380 1093
1721390 1093
1721400 1092
1721410 1091
1721420 1091
1721430 1092
1721440 1092
1721450 1092
1721460 1090
1721470 1088
1721480 1088
1721490 1088
1721500 1088
1721510 1088
1721520 1089
1721530 1090
1721540 1090
1721550 1093
1721560 1095
1721570 1095
1721580 1097
1721590 1098
1721600 1098
1721610 1098
1721620 1097
1721630 1097
1721640 1096
1721650 1095
1721660 1095
1721670 1094
1721680 1093
1721690 1093
1721700 1092
1721710 1092
1721720 1092
1721730 1091
1721740 1090
1721750 1090
1721760 1088
1721770 1085
1721780 1084
1721790 1084
1721800 1082
1721810 1081
1721820 1081
1721830 1079
1721840 1078
1721850 1078
1721860 1076
1721870 1073
1721880 1073
1721890 1070
1721900 1066
1721910 1066
1721920 1062
1721930 1056
1721940 1056
1721950 1052
1721960 1051
1721970 1051
1721980 1051
1721990 1050
1722000 1050
1722010 1051
1722020 1048
1722030 1048
1722040 1044
1722050 1039
1722060 1039
1722070 1032
1722080 1025
1722090 1025
1722100 1019
1722110 1012
1722120 1012
1722130 1007
1722140 1004
1722150 1004
1722160 999
1722170 993
1722180 993
1722190 988
1722200 982
1722210 982
1722220 978
1722230 972
1722240 970
1722250 970
1722260 967
1722270 964
1722280 964
1722290 962
1722300 959
1722310 959
1722320 952
1722330 945
1722340 945
1722350 943
1722360 937
1722370 937
1722380 932
1722390 926
1722400 926
1722410 921
1722420 913
1722430 913
1722440 906
1722450 901
1722460 901
1722470 897
1722480 899
1722490 905
1722500 903
1722510 898
1722520 898
1722530 891
1722540 883
1722550 883
1722560 879
1722570 873
1722580 873
1722590 871
1722600 872
1722610 872
1722620 870
1722630 857
1722640 857
1722650 842
1722660 826
1722670 826
1722680 826
1722690 822
1722700 822
1722710 820
1722720 817
1722730 817
1722740 817
1722750 817
1722760 817
1722770 817
1722780 817
1722790 817
1722800 817
1722810 817
1722820 817
1722830 817
1722840 817
1722850 817
1722860 817
1722870 817
1722880 817
1722890 817
1722900 816
1722910 816
1722920 816
1722930 817
1722940 817
1722950 817
1722960 817
1722970 817
1722980 817
1722990 817
1723000 817
1723010 817
1723020 817
1723030 816
1723040 816
1723050 817
1723060 816
1723070 816
1723080 815
1723090 816
1723100 816
1723110 816
1723120 817
1723130 817
1723140 818
1723150 829
1723160 829
1723170 836
1723180 839
1723190 845
1723200 845
1723210 850
1723220 855
1723230 855
1723240 859
1723250 864
1723260 864
1723270 868
1723280 872
1723290 872
1723300 876
1723310 881
1723320 881
1723330 886
1723340 892
1723350 892
1723360 898
1723370 903
1723380 903
1723390 909
1723400 914
1723410 914
1723420 918
1723430 923
1723440 923
1723450 927
1723460 933
1723470 933
1723480 940
1723490 947
1723500 947
1723510 953
1723520 957
1723530 957
1723540 962
1723550 967
1723560 967
1723570 973
1723580 978
1723590 978
1723600 984
1723610 991
1723620 991
1723630 997
1723640 1004
1723650 1011
1723660 1011
1723670 1018
1723680 1024
1723690 1024
1723700 1032
1723710 1039
1723720 1039
1723730 1048
1723740 1055
1723750 1055
1723760 1062
1723770 1068
1723780 1068
1723790 1075
1723800 1080
1723810 1080
1723820 1085
1723830 1092
1723840 1092
1723850 1097
1723860 1102
1723870 1102
1723880 1107
1723890 1112
1723900 1112
1723910 1118
1723920 1122
1723930 1122
1723940 1126
1723950 1129
1723960 1129
1723970 1132
1723980 1136
1723990 1136
1724000 1141
1724010 1145
1724020 1145
1724030 1150
1724040 1155
1724050 1155
1724060 1158
1724070 1153
1724080 1153
1724090 1150
1724100 1151
1724110 1153
1724120 1153
1724130 1157
1724140 1161
1724150 1161
1724160 1166
1724170 1170
1724180 1170
1724190 1171
1724200 1163
1724210 1163
1724220 1155
1724230 1150
1724240 1150
1724250 1147
1724260 1145
1724270 1145
1724280 1144
1724290 1145
1724300 1145
1724310 1146
1724320 1148
1724330 1148
1724340 1151
1724350 1155
1724360 1155
1724370 1159
1724380 1163
1724390 1163
1724400 1167
1724410 1174
1724420 1174
1724430 1177
1724440 1179
1724450 1179
1724460 1183
1724470 1187
1724480 1187
1724490 1189
1724500 1192
1724510 1192
1724520 1195
1724530 1194
1724540 1194
1724550 1192
1724560 1191
1724570 1189
1724580 1189
1724590 1188
1724600 1186
1724610 1186
1724620 1183
1724630 1182
1724640 1182
1724650 1186
1724660 1190
1724670 1190
1724680 1194
1724690 1198
1724700 1198
1724710 1202
1724720 1206
1724730 1206
1724740 1208
1724750 1213
1724760 1213
1724770 1233
1724780 1244
1724790 1244
1724800 1250
1724810 1256
1724820 1256
1724830 1260
1724840 1264
1724850 1264
1724860 1267
1724870 1274
1724880 1274
1724890 1278
1724900 1283
1724910 1283
1724920 1289
1724930 1294
1724940 1294
1724950 1299
1724960 1304
1724970 1304
1724980 1308
1724990 1313
1725000 1313
1725010 1316
1725020 1320
1725030 1320
1725040 1324
1725050 1327
1725060 1330
1725070 1330
1725080 1333
1725090 1334
1725100 1334
1725110 1336
1725120 1336
1725130 1336
1725140 1336
1725150 1336
1725160 1336
1725170 1335
1725180 1337
1725190 1337
1725200 1339
1725210 1338
1725220 1338
1725230 1339
1725240 1340
1725250 1340
1725260 1339
1725270 1339
1725280 1339
1725290 1339
1725300 1340
1725310 1340
1725320 1340
1725330 1341
1725340 1341
1725350 1342
1725360 1343
1725370 1343
1725380 1344
1725390 1344
1725400 1344
1725410 1346
1725420 1348
1725430 1348
1725440 1350
1725450 1351
1725460 1351
1725470 1352
1725480 1353
1725490 1353
1725500 1356
1725510 1361
1725520 1367
1725530 1367
1725540 1374
1725550 1379
1725560 1379
1725570 1386
1725580 1403
1725590 1403
1725600 1407
1725610 1414
1725620 1414
1725630 1420
1725640 1423
1725650 1423
1725660 1427
1725670 1435
1725680 1435
1725690 1439
1725700 1441
1725710 1441
1725720 1443
1725730 1446
1725740 1446
1725750 1448
1725760 1450
1725770 1450
1725780 1452
1725790 1453
1725800 1453
1725810 1453
1725820 1452
1725830 1452
1725840 1449
1725850 1445
1725860 1445
1725870 1445
1725880 1445
1725890 1445
1725900 1445
1725910 1445
1725920 1445
1725930 1447
1725940 1446
1725950 1446
1725960 1444
1725970 1445
1725980 1447
1725990 1447
1726000 1445
1726010 1443
1726020 1443
1726030 1441
1726040 1437
1726050 1437
1726060 1434
1726070 1428
1726080 1428
1726090 1422
1726100 1421
1726110 1421
1726120 1419
1726130 1414
1726140 1414
1726150 1415
1726160 1416
1726170 1416
1726180 1417
1726190 1418
1726200 1418
1726210 1420
1726220 1421
1726230 1421
1726240 1423
1726250 1425
1726260 1425
1726270 1427
1726280 1428
1726290 1428
1726300 1428
1726310 1429
1726320 1429
1726330 1431
1726340 1434
1726350 1434
1726360 1437
1726370 1438
1726380 1438
1726390 1438
1726400 1439
1726410 1439
1726420 1439
1726430 1440
1726440 1440
1726450 1440
1726460 1439
1726470 1437
1726480 1437
1726490 1437
1726500 1434
1726510 1434
1726520 1430
1726530 1425
1726540 1425
1726550 1418
1726560 1409
1726570 1409
1726580 1407
1726590 1409
1726600 1409
1726610 1410
1726620 1410
1726630 1410
1726640 1411
1726650 1419
1726660 1419
1726670 1419
1726680 1414
1726690 1414
1726700 1410
1726710 1406
1726720 1406
1726730 1400
1726740 1393
1726750 1393
1726760 1385
1726770 1377
1726780 1377
1726790 1370
1726800 1365
1726810 1365
1726820 1364
1726830 1369
1726840 1369
1726850 1374
1726860 1380
1726870 1380
1726880 1382
1726890 1381
1726900 1378
1726910 1378
1726920 1373
1726930 1366
1726940 1366
1726950 1359
1726960 1353
1726970 1353
1726980 1348
1726990 1343
1727000 1343
1727010 1341
1727020 1338
1727030 1338
1727040 1335
1727050 1332
1727060 1332
1727070 1330
1727080 1328
1727090 1328
1727100 1327
1727110 1326
1727120 1326
1727130 1325
1727140 1324
1727150 1324
1727160 1323
1727170 1323
1727180 1323
1727190 1325
1727200 1328
1727210 1328
1727220 1327
1727230 1327
1727240 1327
1727250 1327
1727260 1323
1727270 1323
1727280 1321
1727290 1321
1727300 1321
1727310 1322
1727320 1323
1727330 1323
1727340 1323
1727350 1322
1727360 1322
1727370 1322
1727380 1321
1727390 1318
1727400 1318
1727410 1316
1727420 1314
1727430 1314
1727440 1311
1727450 1310
1727460 1310
1727470 1308
1727480 1305
1727490 1305
1727500 1302
1727510 1300
1727520 1300
1727530 1297
1727540 1295
1727550 1295
1727560 1293
1727570 1291
1727580 1291
1727590 1289
1727600 1288
1727610 1288
1727620 1285
1727630 1284
1727640 1284
1727650 1282
1727660 1280
1727670 1280
1727680 1278
1727690 1276
1727700 1276
1727710 1274
1727720 1272
1727730 1272
1727740 1270
1727750 1269
1727760 1269
1727770 1265
1727780 1265
1727790 1265
1727800 1265
1727810 1263
1727820 1263
1727830 1262
1727840 1260
1727850 1258
1727860 1258
1727870 1256
1727880 1255
1727890 1255
1727900 1254
1727910 1252
1727920 1252
1727930 1250
1727940 1249
1727950 1249
1727960 1248
1727970 1247
1727980 1247
1727990 1246
1728000 1245
1728010 1245
1728020 1243
1728030 1242
1728040 1242
1728050 1241
1728060 1240
1728070 1240
1728080 1239
1728090 1236
1728100 1236
1728110 1236
1728120 1236
1728130 1236
1728140 1236
1728150 1236
1728160 1236
1728170 1236
1728180 1236
1728190 1236
1728200 1236
1728210 1235
1728220 1235
1728230 1235
1728240 1236
1728250 1236
1728260 1235
1728270 1236
1728280 1236
1728290 1235
1728300 1235
1728310 1235
1728320 1235
1728330 1235
1728340 1234
1728350 1234
1728360 1234
1728370 1234
1728380 1234
1728390 1234
1728400 1235
1728410 1235
1728420 1236
1728430 1236
1728440 1236
1728450 1237
1728460 1237
1728470 1237
1728480 1235
1728490 1235
1728500 1235
1728510 1237
1728520 1238
1728530 1238
1728540 1239
1728550 1239
1728560 1239
1728570 1238
1728580 1237
1728590 1237
1728600 1236
1728610 1235
1728620 1235
1728630 1234
1728640 1234
1728650 1234
1728660 1235
1728670 1235
1728680 1235
1728690 1235
1728700 1235
1728710 1235
1728720 1235
1728730 1235
1728740 1235
1728750 1235
1728760 1234
1728770 1234
1728780 1234
1728790 1235
1728800 1235
1728810 1235
1728820 1235
1728830 1235
1728840 1235
1728850 1235
1728860 1235
1728870 1235
1728880 1235
1728890 1236
1728900 1236
1728910 1236
1728920 1236
1728930 1236
1728940 1237
1728950 1237
1728960 1237
1728970 1238
1728980 1238
1728990 1238
1729000 1239
1729010 1239
1729020 1239
1729030 1239
1729040 1240
1729050 1240
1729060 1240
1729070 1240
1729080 1240
1729090 1239
1729100 1239
1729110 1239
1729120 1240
1729130 1241
1729140 1241
1729150 1243
1729160 1248
1729170 1248
1729180 1250
1729190 1252
1729200 1252
1729210 1252
1729220 1254
1729230 1255
1729240 1255
1729250 1257
1729260 1259
1729270 1259
1729280 1261
1729290 1262
1729300 1262
1729310 1263
1729320 1263
1729330 1263
1729340 1262
1729350 1262
1729360 1262
1729370 1262
1729380 1265
1729390 1265
1729400 1267
1729410 1267
1729420 1267
1729430 1266
1729440 1265
1729450 1265
1729460 1263
1729470 1267
1729480 1267
1729490 1268
1729500 1268
1729510 1268
1729520 1269
1729530 1266
1729540 1266
1729550 1262
1729560 1257
1729570 1257
1729580 1254
1729590 1253
1729600 1253
1729610 1253
1729620 1253
1729630 1253
1729640 1252
1729650 1251
1729660 1251
1729670 1250
1729680 1249
1729690 1249
1729700 1252
1729710 1255
1729720 1258
1729730 1258
1729740 1255
1729750 1256
1729760 1256
1729770 1257
1729780 1258
1729790 1258
1729800 1261
1729810 1260
1729820 1260
1729830 1259
1729840 1264
1729850 1264
1729860 1266
1729870 1265
1729880 1265
1729890 1266
1729900 1265
1729910 1265
1729920 1262
1729930 1265
1729940 1265
1729950 1269
1729960 1271
1729970 1271
1729980 1271
1729990 1271
1730000 1271
1730010 1270
1730020 1271
1730030 1271
1730040 1270
1730050 1273
1730060 1273
1730070 1275
1730080 1274
1730090 1274
1730100 1275
1730110 1275
1730120 1275
1730130 1277
1730140 1279
1730150 1279
1730160 1282
1730170 1284
1730180 1285
1730190 1285
1730200 1286
1730210 1289
1730220 1289
1730230 1292
1730240 1293
1730250 1293
1730260 1295
1730270 1299
1730280 1299
1730290 1300
1730300 1303
1730310 1303
1730320 1307
1730330 1310
1730340 1310
1730350 1312
1730360 1315
1730370 1315
1730380 1318
1730390 1322
1730400 1322
1730410 1327
1730420 1332
1730430 1332
1730440 1338
1730450 1343
1730460 1343
1730470 1348
1730480 1352
1730490 1352
1730500 1357
1730510 1362
1730520 1362
1730530 1369
1730540 1374
1730550 1374
1730560 1378
1730570 1384
1730580 1384
1730590 1390
1730600 1396
1730610 1396
1730620 1405
1730630 1418
1730640 1424
1730650 1424
1730660 1435
1730670 1442
1730680 1442
1730690 1456
1730700 1471
1730710 1471
1730720 1478
1730730 1487
1730740 1487
1730750 1496
1730760 1500
1730770 1500
1730780 1506
1730790 1512
1730800 1512
1730810 1516
1730820 1521
1730830 1521
1730840 1526
1730850 1529
1730860 1529
1730870 1532
1730880 1534
1730890 1534
1730900 1537
1730910 1541
1730920 1541
1730930 1542
1730940 1546
1730950 1546
1730960 1549
1730970 1552
1730980 1552
1730990 1554
1731000 1557
1731010 1557
1731020 1559
1731030 1561
1731040 1561
1731050 1562
1731060 1562
1731070 1562
1731080 1562
1731090 1562
1731100 1562
1731110 1562
1731120 1562
1731130 1564
1731140 1564
1731150 1564
1731160 1565
1731170 1565
1731180 1566
1731190 1565
1731200 1565
1731210 1561
1731220 1558
1731230 1558
1731240 1556
1731250 1554
1731260 1554
1731270 1551
1731280 1548
1731290 1548
1731300 1546
1731310 1543
1731320 1543
1731330 1543
1731340 1546
1731350 1546
1731360 1549
1731370 1552
1731380 1552
1731390 1554
1731400 1555
1731410 1555
1731420 1556
1731430 1557
1731440 1552
1731450 1551
1731460 1550
1731470 1550
1731480 1552
1731490 1557
1731500 1557
1731510 1560
1731520 1562
1731530 1562
1731540 1565
1731550 1568
1731560 1569
1731570 1569
1731580 1569
1731590 1569
1731600 1569
1731610 1564
1731620 1560
1731630 1560
1731640 1557
1731650 1555
1731660 1555
1731670 1552
1731680 1548
1731690 1548
1731700 1542
1731710 1541
1731720 1541
1731730 1541
1731740 1537
1731750 1537
1731760 1533
1731770 1533
1731780 1533
1731790 1532
1731800 1533
1731810 1533
1731820 1533
1731830 1531
1731840 1531
1731850 1530
1731860 1530
1731870 1530
1731880 1526
1731890 1524
1731900 1524
1731910 1522
1731920 1522
1731930 1522
1731940 1520
1731950 1520
1731960 1520
1731970 1515
1731980 1512
1731990 1512
1732000 1510
1732010 1508
1732020 1508
1732030 1508
1732040 1507
1732050 1506
1732060 1506
1732070 1505
1732080 1504
1732090 1504
1732100 1502
1732110 1500
1732120 1500
1732130 1498
1732140 1497
1732150 1497
1732160 1498
1732170 1500
1732180 1500
1732190 1502
1732200 1508
1732210 1508
1732220 1513
1732230 1515
1732240 1515
1732250 1516
1732260 1517
1732270 1517
1732280 1517
1732290 1516
1732300 1516
1732310 1518
1732320 1520
1732330 1520
1732340 1522
1732350 1524
1732360 1524
1732370 1525
1732380 1525
1732390 1525
1732400 1526
1732410 1527
1732420 1527
1732430 1530
1732440 1532
1732450 1532
1732460 1535
1732470 1537
1732480 1537
1732490 1539
1732500 1539
1732510 1538
1732520 1538
1732530 1540
1732540 1539
1732550 1539
1732560 1539
1732570 1538
1732580 1538
1732590 1536
1732600 1537
1732610 1537
1732620 1536
1732630 1535
1732640 1535
1732650 1535
1732660 1535
1732670 1535
1732680 1535
1732690 1535
1732700 1535
1732710 1534
1732720 1534
1732730 1534
1732740 1535
1732750 1537
1732760 1537
1732770 1538
1732780 1538
1732790 1538
1732800 1540
1732810 1541
1732820 1541
1732830 1544
1732840 1549
1732850 1549
1732860 1553
1732870 1555
1732880 1555
1732890 1557
1732900 1559
1732910 1559
1732920 1561
1732930 1562
1732940 1562
1732950 1564
1732960 1566
1732970 1570
1732980 1570
1732990 1576
1733000 1581
1733010 1581
1733020 1586
1733030 1591
1733040 1591
1733050 1594
1733060 1597
1733070 1597
1733080 1601
1733090 1607
1733100 1607
1733110 1613
1733120 1618
1733130 1618
1733140 1621
1733150 1626
1733160 1626
1733170 1633
1733180 1637
1733190 1637
1733200 1644
1733210 1652
1733220 1652
1733230 1655
1733240 1660
1733250 1660
1733260 1664
1733270 1668
1733280 1668
1733290 1673
1733300 1678
1733310 1678
1733320 1680
1733330 1684
1733340 1684
1733350 1688
1733360 1693
1733370 1693
1733380 1698
1733390 1703
1733400 1703
1733410 1707
1733420 1711
1733430 1715
1733440 1715
1733450 1718
1733460 1722
1733470 1722
1733480 1728
1733490 1731
1733500 1731
1733510 1733
1733520 1736
1733530 1736
1733540 1738
1733550 1736
1733560 1736
1733570 1733
1733580 1731
1733590 1731
1733600 1729
1733610 1727
1733620 1727
1733630 1726
1733640 1726
1733650 1726
1733660 1725
1733670 1723
1733680 1723
1733690 1722
1733700 1720
1733710 1720
1733720 1717
1733730 1713
1733740 1713
1733750 1708
1733760 1698
1733770 1698
1733780 1694
1733790 1677
1733800 1677
1733810 1664
1733820 1659
1733830 1659
1733840 1651
1733850 1643
1733860 1643
1733870 1632
1733880 1623
1733890 1618
1733900 1618
1733910 1617
1733920 1613
1733930 1613
1733940 1605
1733950 1594
1733960 1594
1733970 1583
1733980 1578
1733990 1578
1734000 1572
1734010 1562
1734020 1562
1734030 1553
1734040 1544
1734050 1544
1734060 1540
1734070 1548
1734080 1548
1734090 1553
1734100 1559
1734110 1559
1734120 1557
1734130 1557
1734140 1557
1734150 1558
1734160 1558
1734170 1558
1734180 1556
1734190 1554
1734200 1554
1734210 1550
1734220 1559
1734230 1559
1734240 1554
1734250 1551
1734260 1551
1734270 1547
1734280 1545
1734290 1545
1734300 1548
1734310 1549
1734320 1549
1734330 1542
1734340 1538
1734350 1538
1734360 1532
1734370 1526
1734380 1520
1734390 1520
1734400 1515
1734410 1511
1734420 1511
1734430 1506
1734440 1500
1734450 1500
1734460 1491
1734470 1488
1734480 1488
1734490 1483
1734500 1478
1734510 1478
1734520 1475
1734530 1473
1734540 1473
1734550 1472
1734560 1469
1734570 1469
1734580 1466
1734590 1464
1734600 1464
1734610 1463
1734620 1463
1734630 1463
1734640 1464
1734650 1461
1734660 1461
1734670 1459
1734680 1454
1734690 1454
1734700 1453
1734710 1453
1734720 1453
1734730 1455
1734740 1461
1734750 1461
1734760 1465
1734770 1463
1734780 1463
1734790 1466
1734800 1469
1734810 1469
1734820 1471
1734830 1474
1734840 1480
1734850 1480
1734860 1482
1734870 1485
1734880 1485
1734890 1486
1734900 1487
1734910 1487
1734920 1487
1734930 1488
1734940 1488
1734950 1488
1734960 1492
1734970 1492
1734980 1495
1734990 1498
1735000 1498
1735010 1500
1735020 1502
1735030 1502
1735040 1504
1735050 1506
1735060 1506
1735070 1512
1735080 1519
1735090 1519
1735100 1526
1735110 1530
1735120 1530
1735130 1532
1735140 1536
1735150 1536
1735160 1537
1735170 1530
1735180 1530
1735190 1537
1735200 1535
1735210 1535
1735220 1535
1735230 1541
1735240 1541
1735250 1549
1735260 1556
1735270 1556
1735280 1567
1735290 1574
1735300 1577
1735310 1577
1735320 1582
1735330 1587
1735340 1587
1735350 1591
1735360 1592
1735370 1592
1735380 1595
1735390 1595
1735400 1595
1735410 1596
1735420 1602
1735430 1602
1735440 1601
1735450 1606
1735460 1610
1735470 1615
1735480 1620
1735490 1620
1735500 1623
1735510 1627
1735520 1627
1735530 1626
1735540 1631
1735550 1631
1735560 1634
1735570 1636
1735580 1636
1735590 1629
1735600 1635
1735610 1635
1735620 1639
1735630 1646
1735640 1646
1735650 1651
1735660 1656
1735670 1656
1735680 1659
1735690 1664
1735700 1664
1735710 1669
1735720 1677
1735730 1677
1735740 1684
1735750 1692
1735760 1699
1735770 1699
1735780 1707
1735790 1715
1735800 1715
1735810 1721
1735820 1729
1735830 1729
1735840 1736
1735850 1742
1735860 1742
1735870 1749
1735880 1755
1735890 1755
1735900 1762
1735910 1769
1735920 1769
1735930 1775
1735940 1781
1735950 1781
1735960 1788
1735970 1794
1735980 1794
1735990 1801
1736000 1807
1736010 1807
1736020 1813
1736030 1819
1736040 1819
1736050 1824
1736060 1827
1736070 1827
1736080 1828
1736090 1827
1736100 1827
1736110 1821
1736120 1814
1736130 1814
1736140 1803
1736150 1794
1736160 1794
1736170 1786
1736180 1776
1736190 1776
1736200 1768
1736210 1762
1736220 1754
1736230 1754
1736240 1746
1736250 1739
1736260 1739
1736270 1732
1736280 1725
1736290 1725
1736300 1718
1736310 1710
1736320 1710
1736330 1702
1736340 1694
1736350 1694
1736360 1687
1736370 1680
1736380 1680
1736390 1671
1736400 1662
1736410 1662
1736420 1654
1736430 1648
1736440 1648
1736450 1641
1736460 1630
1736470 1630
1736480 1627
1736490 1620
1736500 1620
1736510 1613
1736520 1605
1736530 1605
1736540 1601
1736550 1593
1736560 1593
1736570 1585
1736580 1581
1736590 1581
1736600 1575
1736610 1571
1736620 1571
1736630 1563
1736640 1553
1736650 1553
1736660 1542
1736670 1534
1736680 1534
1736690 1525
1736700 1514
1736710 1520
1736720 1520
1736730 1524
1736740 1524
1736750 1524
1736760 1526
1736770 1523
1736780 1523
1736790 1518
1736800 1516
1736810 1516
1736820 1516
1736830 1516
1736840 1516
1736850 1519
1736860 1520
1736870 1520
1736880 1516
1736890 1512
1736900 1512
1736910 1507
1736920 1503
1736930 1503
1736940 1498
1736950 1493
1736960 1493
1736970 1487
1736980 1484
1736990 1484
1737000 1483
1737010 1478
1737020 1478
1737030 1474
1737040 1472
1737050 1472
1737060 1468
1737070 1474
1737080 1474
1737090 1482
1737100 1489
1737110 1489
1737120 1497
1737130 1503
1737140 1503
1737150 1508
1737160 1514
1737170 1522
1737180 1522
1737190 1528
1737200 1535
1737210 1535
1737220 1542
1737230 1549
1737240 1549
1737250 1557
1737260 1564
1737270 1564
1737280 1570
1737290 1577
1737300 1577
1737310 1583
1737320 1589
1737330 1589
1737340 1595
1737350 1600
1737360 1600
1737370 1607
1737380 1616
1737390 1616
1737400 1621
1737410 1626
1737420 1626
1737430 1632
1737440 1635
1737450 1635
1737460 1639
1737470 1641
1737480 1641
1737490 1645
1737500 1648
1737510 1648
1737520 1653
1737530 1658
1737540 1658
1737550 1666
1737560 1674
1737570 1674
1737580 1682
1737590 1689
1737600 1689
1737610 1696
1737620 1703
1737630 1709
1737640 1709
1737650 1716
1737660 1722
1737670 1722
1737680 1730
1737690 1737
1737700 1737
1737710 1743
1737720 1750
1737730 1750
1737740 1755
1737750 1757
1737760 1757
1737770 1759
1737780 1760
1737790 1760
1737800 1761
1737810 1762
1737820 1762
1737830 1763
1737840 1764
1737850 1764
1737860 1765
1737870 1765
1737880 1765
1737890 1766
1737900 1766
1737910 1766
1737920 1767
1737930 1767
1737940 1767
1737950 1767
1737960 1766
1737970 1766
1737980 1766
1737990 1765
1738000 1765
1738010 1764
1738020 1762
1738030 1762
1738040 1760
1738050 1759
1738060 1759
1738070 1757
1738080 1754
1738090 1752
1738100 1752
1738110 1749
1738120 1746
1738130 1746
1738140 1744
1738150 1741
1738160 1741
1738170 1738
1738180 1735
1738190 1735
1738200 1732
1738210 1729
1738220 1729
1738230 1726
1738240 1723
1738250 1723
1738260 1721
1738270 1719
1738280 1719
1738290 1717
1738300 1716
1738310 1716
1738320 1715
1738330 1714
1738340 1714
1738350 1713
1738360 1712
1738370 1712
1738380 1712
1738390 1711
1738400 1711
1738410 1711
1738420 1710
1738430 1710
1738440 1710
1738450 1710
1738460 1710
1738470 1710
1738480 1710
1738490 1710
1738500 1710
1738510 1709
1738520 1709
1738530 1709
1738540 1709
1738550 1710
1738560 1710
1738570 1710
1738580 1710
1738590 1710
1738600 1710
1738610 1711
1738620 1711
1738630 1711
1738640 1711
1738650 1711
1738660 1711
1738670 1711
1738680 1711
1738690 1711
1738700 1712
1738710 1712
1738720 1712
1738730 1713
1738740 1713
1738750 1713
1738760 1712
1738770 1712
1738780 1712
1738790 1712
1738800 1712
1738810 1712
1738820 1711
1738830 1711
1738840 1711
1738850 1711
1738860 1711
1738870 1710
1738880 1710
1738890 1710
1738900 1709
1738910 1709
1738920 1709
1738930 1708
1738940 1705
1738950 1705
1738960 1704
1738970 1702
1738980 1702
1738990 1699
1739000 1698
1739010 1698
1739020 1697
1739030 1698
1739040 1700
1739050 1700
1739060 1702
1739070 1701
1739080 1701
1739090 1702
1739100 1703
1739110 1703
1739120 1704
1739130 1707
1739140 1707
1739150 1708
1739160 1707
1739170 1707
1739180 1705
1739190 1704
1739200 1704
1739210 1704
1739220 1699
1739230 1699
1739240 1697
1739250 1691
1739260 1691
1739270 1694
1739280 1696
1739290 1696
1739300 1696
1739310 1694
1739320 1694
1739330 1686
1739340 1681
1739350 1681
1739360 1677
1739370 1673
1739380 1673
1739390 1672
1739400 1670
1739410 1670
1739420 1671
1739430 1671
1739440 1671
1739450 1669
1739460 1670
1739470 1670
1739480 1670
1739490 1674
1739500 1676
1739510 1676
1739520 1680
1739530 1682
1739540 1682
1739550 1686
1739560 1681
1739570 1681
1739580 1687
1739590 1687
1739600 1687
1739610 1690
1739620 1679
1739630 1679
1739640 1670
1739650 1665
1739660 1665
1739670 1660
1739680 1657
1739690 1657
1739700 1652
1739710 1645
1739720 1645
1739730 1641
1739740 1638
1739750 1638
1739760 1644
1739770 1652
1739780 1652
1739790 1661
1739800 1674
1739810 1674
1739820 1680
1739830 1686
1739840 1686
1739850 1688
1739860 1692
1739870 1692
1739880 1700
1739890 1707
1739900 1707
1739910 1710
1739920 1714
1739930 1714
1739940 1719
1739950 1723
1739960 1728
1739970 1728
1739980 1730
1739990 1731
