1720000 1448
1720010 1448
1720020 1454
1720030 1462
1720040 1462
1720050 1467
1720060 1471
1720070 1471
1720080 1475
1720090 1478
1720100 1478
1720110 1478
1720120 1476
1720130 1476
1720140 1472
1720150 1469
1720160 1469
1720170 1470
1720180 1468
1720190 1468
1720200 1468
1720210 1469
1720220 1469
1720230 1472
1720240 1476
1720250 1476
1720260 1479
1720270 1481
1720280 1481
1720290 1485
1720300 1487
1720310 1487
1720320 1489
1720330 1491
1720340 1491
1720350 1493
1720360 1495
1720370 1495
1720380 1499
1720390 1503
1720400 1507
1720410 1507
1720420 1509
1720430 1511
1720440 1511
1720450 1514
1720460 1516
1720470 1516
1720480 1519
1720490 1520
1720500 1520
1720510 1521
1720520 1522
1720530 1522
1720540 1521
1720550 1518
1720560 1518
1720570 1516
1720580 1514
1720590 1514
1720600 1512
1720610 1504
1720620 1504
1720630 1500
1720640 1502
1720650 1502
1720660 1507
1720670 1505
1720680 1505
1720690 1505
1720700 1507
1720710 1507
1720720 1507
1720730 1507
1720740 1507
1720750 1502
1720760 1481
1720770 1481
1720780 1500
1720790 1484
1720800 1484
1720810 1474
1720820 1452
1720830 1452
1720840 1446
1720850 1447
1720860 1451
1720870 1451
1720880 1451
1720890 1451
1720900 1451
1720910 1451
1720920 1451
1720930 1451
1720940 1452
1720950 1453
1720960 1453
1720970 1456
1720980 1463
1720990 1463
1721000 1439
1721010 1422
1721020 1422
1721030 1404
1721040 1402
1721050 1402
1721060 1380
1721070 1372
1721080 1372
1721090 1372
1721100 1378
1721110 1378
1721120 1380
1721130 1384
1721140 1384
1721150 1395
1721160 1397
1721170 1397
1721180 1389
1721190 1384
1721200 1384
1721210 1391
1721220 1396
1721230 1396
1721240 1404
1721250 1429
1721260 1429
1721270 1430
1721280 1429
1721290 1429
1721300 1425
1721310 1425
1721320 1425
1721330 1420
1721340 1430
1721350 1428
1721360 1428
1721370 1417
1721380 1407
1721390 1407
1721400 1409
1721410 1414
1721420 1414
1721430 1426
1721440 1432
1721450 1432
1721460 1429
1721470 1430
1721480 1430
1721490 1428
1721500 1426
1721510 1426
1721520 1424
1721530 1422
1721540 1422
1721550 1418
1721560 1415
1721570 1415
1721580 1412
1721590 1407
1721600 1407
1721610 1401
1721620 1394
1721630 1394
1721640 1397
1721650 1398
1721660 1398
1721670 1396
1721680 1393
1721690 1393
1721700 1391
1721710 1388
1721720 1388
1721730 1387
1721740 1349
1721750 1349
1721760 1308
1721770 1301
1721780 1301
1721790 1296
1721800 1291
1721810 1286
1721820 1286
1721830 1283
1721840 1279
1721850 1279
1721860 1277
1721870 1273
1721880 1273
1721890 1266
1721900 1264
1721910 1264
1721920 1262
1721930 1261
1721940 1261
1721950 1252
1721960 1248
1721970 1248
1721980 1247
1721990 1245
1722000 1245
1722010 1242
1722020 1238
1722030 1238
1722040 1232
1722050 1223
1722060 1223
1722070 1219
1722080 1218
1722090 1218
1722100 1216
1722110 1209
1722120 1209
1722130 1206
1722140 1201
1722150 1201
1722160 1200
1722170 1202
1722180 1202
1722190 1199
1722200 1191
1722210 1191
1722220 1184
1722230 1181
1722240 1181
1722250 1179
1722260 1175
1722270 1175
1722280 1172
1722290 1169
1722300 1167
1722310 1167
1722320 1166
1722330 1163
1722340 1163
1722350 1162
1722360 1160
1722370 1160
1722380 1157
1722390 1156
1722400 1156
1722410 1154
1722420 1153
1722430 1153
1722440 1151
1722450 1149
1722460 1149
1722470 1148
1722480 1146
1722490 1146
1722500 1144
1722510 1142
1722520 1142
1722530 1139
1722540 1136
1722550 1136
1722560 1133
1722570 1129
1722580 1129
1722590 1124
1722600 1119
1722610 1119
1722620 1115
1722630 1109
1722640 1109
1722650 1107
1722660 1103
1722670 1103
1722680 1099
1722690 1096
1722700 1096
1722710 1092
1722720 1088
1722730 1088
1722740 1084
1722750 1079
1722760 1079
1722770 1076
1722780 1072
1722790 1068
1722800 1068
1722810 1063
1722820 1059
1722830 1059
1722840 1055
1722850 1052
1722860 1052
1722870 1049
1722880 1046
1722890 1046
1722900 1043
1722910 1038
1722920 1038
1722930 1036
1722940 1034
1722950 1034
1722960 1033
1722970 1031
1722980 1031
1722990 1028
1723000 1025
1723010 1025
1723020 1022
1723030 1020
1723040 1020
1723050 1015
1723060 1010
1723070 1010
1723080 1004
1723090 998
1723100 998
1723110 994
1723120 989
1723130 989
1723140 990
1723150 989
1723160 989
1723170 985
1723180 978
1723190 978
1723200 974
1723210 971
1723220 971
1723230 969
1723240 967
1723250 963
1723260 963
1723270 958
1723280 952
1723290 952
1723300 945
1723310 939
1723320 939
1723330 933
1723340 928
1723350 928
1723360 923
1723370 917
1723380 917
1723390 912
1723400 910
1723410 910
1723420 907
1723430 904
1723440 904
1723450 901
1723460 898
1723470 898
1723480 895
1723490 893
1723500 893
1723510 890
1723520 887
1723530 887
1723540 885
1723550 883
1723560 883
1723570 880
1723580 875
1723590 875
1723600 865
1723610 857
1723620 857
1723630 851
1723640 851
1723650 851
1723660 850
1723670 847
1723680 847
1723690 846
1723700 848
1723710 848
1723720 849
1723730 850
1723740 855
1723750 855
1723760 861
1723770 880
1723780 880
1723790 906
1723800 940
1723810 940
1723820 945
1723830 942
1723840 942
1723850 943
1723860 949
1723870 949
1723880 959
1723890 973
1723900 973
1723910 994
1723920 1006
1723930 1006
1723940 1005
1723950 1002
1723960 1002
1723970 999
1723980 1000
1723990 1000
1724000 1005
1724010 1009
1724020 1009
1724030 1016
1724040 1024
1724050 1024
1724060 1030
1724070 1035
1724080 1035
1724090 1036
1724100 1037
1724110 1037
1724120 1039
1724130 1039
1724140 1039
1724150 1040
1724160 1043
1724170 1043
1724180 1046
1724190 1048
1724200 1048
1724210 1052
1724220 1057
1724230 1065
1724240 1065
1724250 1074
1724260 1071
1724270 1071
1724280 1077
1724290 1080
1724300 1080
1724310 1080
1724320 1081
1724330 1081
1724340 1082
1724350 1085
1724360 1085
1724370 1087
1724380 1090
1724390 1090
1724400 1094
1724410 1097
1724420 1097
1724430 1098
1724440 1105
1724450 1105
1724460 1108
1724470 1111
1724480 1111
1724490 1113
1724500 1114
1724510 1114
1724520 1114
1724530 1115
1724540 1115
1724550 1118
1724560 1122
1724570 1122
1724580 1126
1724590 1122
1724600 1122
1724610 1118
1724620 1113
1724630 1113
1724640 1107
1724650 1100
1724660 1100
1724670 1104
1724680 1107
1724690 1104
1724700 1104
1724710 1099
1724720 1108
1724730 1108
1724740 1098
1724750 1090
1724760 1090
1724770 1083
1724780 1089
1724790 1089
1724800 1086
1724810 1091
1724820 1091
1724830 1096
1724840 1100
1724850 1100
1724860 1100
1724870 1107
1724880 1107
1724890 1115
1724900 1122
1724910 1122
1724920 1129
1724930 1135
1724940 1135
1724950 1128
1724960 1120
1724970 1120
1724980 1124
1724990 1127
1725000 1127
1725010 1134
1725020 1131
1725030 1131
1725040 1136
1725050 1140
1725060 1140
1725070 1143
1725080 1146
1725090 1146
1725100 1150
1725110 1153
1725120 1153
1725130 1155
1725140 1157
1725150 1157
1725160 1159
1725170 1161
1725180 1164
1725190 1164
1725200 1166
1725210 1169
1725220 1169
1725230 1171
1725240 1177
1725250 1177
1725260 1181
1725270 1185
1725280 1185
1725290 1189
1725300 1193
1725310 1193
1725320 1197
1725330 1202
1725340 1202
1725350 1207
1725360 1212
1725370 1212
1725380 1216
1725390 1221
1725400 1221
1725410 1226
1725420 1230
1725430 1230
1725440 1233
1725450 1234
1725460 1234
1725470 1234
1725480 1234
1725490 1234
1725500 1234
1725510 1235
1725520 1235
1725530 1236
1725540 1237
1725550 1237
1725560 1238
1725570 1238
1725580 1238
1725590 1238
1725600 1239
1725610 1239
1725620 1240
1725630 1242
1725640 1242
1725650 1245
1725660 1248
1725670 1250
1725680 1250
1725690 1250
1725700 1250
1725710 1250
1725720 1248
1725730 1245
1725740 1245
1725750 1241
1725760 1236
1725770 1236
1725780 1233
1725790 1241
1725800 1241
1725810 1248
1725820 1254
1725830 1254
1725840 1258
1725850 1262
1725860 1262
1725870 1268
1725880 1274
1725890 1274
1725900 1281
1725910 1288
1725920 1288
1725930 1295
1725940 1298
1725950 1298
1725960 1302
1725970 1306
1725980 1306
1725990 1310
1726000 1313
1726010 1313
1726020 1317
1726030 1325
1726040 1325
1726050 1328
1726060 1329
1726070 1329
1726080 1331
1726090 1333
1726100 1333
1726110 1334
1726120 1335
1726130 1337
1726140 1337
1726150 1339
1726160 1341
1726170 1341
1726180 1343
1726190 1344
1726200 1344
1726210 1344
1726220 1346
1726230 1346
1726240 1349
1726250 1351
1726260 1351
1726270 1354
1726280 1357
1726290 1357
1726300 1360
1726310 1364
1726320 1364
1726330 1367
1726340 1371
1726350 1371
1726360 1374
1726370 1378
1726380 1378
1726390 1382
1726400 1386
1726410 1386
1726420 1391
1726430 1396
1726440 1396
1726450 1400
1726460 1405
1726470 1405
1726480 1410
1726490 1415
1726500 1415
1726510 1421
1726520 1427
1726530 1427
1726540 1434
1726550 1438
1726560 1438
1726570 1445
1726580 1452
1726590 1452
1726600 1458
1726610 1466
1726620 1474
1726630 1474
1726640 1481
1726650 1490
1726660 1490
1726670 1498
1726680 1502
1726690 1502
1726700 1500
1726710 1498
1726720 1498
1726730 1493
1726740 1489
1726750 1489
1726760 1487
1726770 1488
1726780 1488
1726790 1488
1726800 1488
1726810 1488
1726820 1489
1726830 1491
1726840 1491
1726850 1490
1726860 1488
1726870 1488
1726880 1486
1726890 1484
1726900 1484
1726910 1480
1726920 1477
1726930 1477
1726940 1474
1726950 1473
1726960 1473
1726970 1472
1726980 1472
1726990 1472
1727000 1471
1727010 1470
1727020 1470
1727030 1469
1727040 1468
1727050 1468
1727060 1466
1727070 1464
1727080 1465
1727090 1465
1727100 1467
1727110 1469
1727120 1469
1727130 1472
1727140 1474
1727150 1474
1727160 1477
1727170 1481
1727180 1481
1727190 1484
1727200 1488
1727210 1488
1727220 1492
1727230 1495
1727240 1495
1727250 1498
1727260 1501
1727270 1501
1727280 1505
1727290 1510
1727300 1510
1727310 1512
1727320 1514
1727330 1514
1727340 1513
1727350 1511
1727360 1511
1727370 1509
1727380 1506
1727390 1506
1727400 1503
1727410 1500
1727420 1500
1727430 1496
1727440 1492
1727450 1492
1727460 1488
1727470 1485
1727480 1485
1727490 1481
1727500 1480
1727510 1480
1727520 1480
1727530 1482
1727540 1482
1727550 1483
1727560 1484
1727570 1486
1727580 1486
1727590 1488
1727600 1490
1727610 1490
1727620 1492
1727630 1493
1727640 1493
1727650 1494
1727660 1493
1727670 1493
1727680 1491
1727690 1488
1727700 1488
1727710 1485
1727720 1482
1727730 1482
1727740 1482
1727750 1482
1727760 1482
1727770 1482
1727780 1483
1727790 1483
1727800 1485
1727810 1487
1727820 1487
1727830 1488
1727840 1488
1727850 1488
1727860 1485
1727870 1480
1727880 1480
1727890 1479
1727900 1479
1727910 1479
1727920 1477
1727930 1480
1727940 1480
1727950 1483
1727960 1486
1727970 1486
1727980 1488
1727990 1490
1728000 1490
1728010 1494
1728020 1497
1728030 1497
1728040 1501
1728050 1505
1728060 1509
1728070 1509
1728080 1512
1728090 1516
1728100 1516
1728110 1520
1728120 1523
1728130 1523
1728140 1526
1728150 1529
1728160 1529
1728170 1532
1728180 1534
1728190 1534
1728200 1536
1728210 1538
1728220 1538
1728230 1539
1728240 1540
1728250 1540
1728260 1541
1728270 1542
1728280 1542
1728290 1542
1728300 1543
1728310 1543
1728320 1543
1728330 1544
1728340 1544
1728350 1544
1728360 1542
1728370 1542
1728380 1539
1728390 1540
1728400 1540
1728410 1539
1728420 1536
1728430 1536
1728440 1514
1728450 1499
1728460 1499
1728470 1503
1728480 1489
1728490 1489
1728500 1484
1728510 1479
1728520 1472
1728530 1472
1728540 1466
1728550 1463
1728560 1463
1728570 1461
1728580 1458
1728590 1458
1728600 1455
1728610 1451
1728620 1451
1728630 1447
1728640 1444
1728650 1444
1728660 1440
1728670 1437
1728680 1437
1728690 1434
1728700 1431
1728710 1431
1728720 1428
1728730 1425
1728740 1425
1728750 1423
1728760 1419
1728770 1419
1728780 1415
1728790 1410
1728800 1410
1728810 1404
1728820 1398
1728830 1398
1728840 1394
1728850 1390
1728860 1390
1728870 1386
1728880 1381
1728890 1381
1728900 1376
1728910 1371
1728920 1371
1728930 1365
1728940 1360
1728950 1360
1728960 1355
1728970 1351
1728980 1351
1728990 1347
1729000 1344
1729010 1341
1729020 1341
1729030 1338
1729040 1336
1729050 1336
1729060 1335
1729070 1334
1729080 1334
1729090 1333
1729100 1330
1729110 1330
1729120 1330
1729130 1328
1729140 1328
1729150 1330
1729160 1333
1729170 1333
1729180 1335
1729190 1330
1729200 1330
1729210 1325
1729220 1320
1729230 1320
1729240 1317
1729250 1315
1729260 1315
1729270 1314
1729280 1313
1729290 1313
1729300 1313
1729310 1313
1729320 1313
1729330 1312
1729340 1311
1729350 1311
1729360 1312
1729370 1312
1729380 1312
1729390 1312
1729400 1311
1729410 1311
1729420 1309
1729430 1302
1729440 1302
1729450 1305
1729460 1308
1729470 1310
1729480 1307
1729490 1306
1729500 1306
1729510 1306
1729520 1306
1729530 1304
1729540 1304
1729550 1301
1729560 1299
1729570 1299
1729580 1297
1729590 1295
1729600 1295
1729610 1289
1729620 1294
1729630 1294
1729640 1294
1729650 1291
1729660 1291
1729670 1296
1729680 1295
1729690 1295
1729700 1294
1729710 1293
1729720 1293
1729730 1294
1729740 1294
1729750 1294
1729760 1296
1729770 1296
1729780 1296
1729790 1297
1729800 1297
1729810 1297
1729820 1297
1729830 1297
1729840 1297
1729850 1298
1729860 1299
1729870 1299
1729880 1300
1729890 1300
1729900 1300
1729910 1301
1729920 1301
1729930 1301
1729940 1300
1729950 1300
1729960 1300
1729970 1300
1729980 1299
1729990 1299
1730000 1299
1730010 1298
1730020 1297
1730030 1297
1730040 1297
1730050 1296
1730060 1296
1730070 1295
1730080 1295
1730090 1295
1730100 1295
1730110 1295
1730120 1295
1730130 1294
1730140 1294
1730150 1294
1730160 1294
1730170 1293
1730180 1293
1730190 1293
1730200 1292
1730210 1292
1730220 1291
1730230 1291
1730240 1291
1730250 1290
1730260 1289
1730270 1289
1730280 1289
1730290 1290
1730300 1290
1730310 1291
1730320 1291
1730330 1291
1730340 1291
1730350 1291
1730360 1291
1730370 1291
1730380 1291
1730390 1291
1730400 1291
1730410 1291
1730420 1291
1730430 1291
1730440 1290
1730450 1290
1730460 1290
1730470 1290
1730480 1291
1730490 1291
1730500 1292
1730510 1293
1730520 1293
1730530 1293
1730540 1295
1730550 1295
1730560 1295
1730570 1295
1730580 1295
1730590 1295
1730600 1296
1730610 1296
1730620 1298
1730630 1300
1730640 1300
1730650 1302
1730660 1305
1730670 1305
1730680 1308
1730690 1313
1730700 1313
1730710 1317
1730720 1321
1730730 1321
1730740 1324
1730750 1328
1730760 1328
1730770 1333
1730780 1337
1730790 1337
1730800 1342
1730810 1348
1730820 1348
1730830 1352
1730840 1357
1730850 1357
1730860 1363
1730870 1368
1730880 1368
1730890 1372
1730900 1377
1730910 1377
1730920 1381
1730930 1386
1730940 1391
1730950 1391
1730960 1395
1730970 1400
1730980 1400
1730990 1403
1731000 1408
1731010 1408
1731020 1412
1731030 1413
1731040 1413
1731050 1416
1731060 1419
1731070 1419
1731080 1422
1731090 1426
1731100 1426
1731110 1429
1731120 1433
1731130 1433
1731140 1435
1731150 1443
1731160 1443
1731170 1449
1731180 1454
1731190 1454
1731200 1457
1731210 1463
1731220 1463
1731230 1467
1731240 1474
1731250 1474
1731260 1479
1731270 1484
1731280 1484
1731290 1489
1731300 1495
1731310 1495
1731320 1500
1731330 1505
1731340 1505
1731350 1509
1731360 1514
1731370 1514
1731380 1518
1731390 1524
1731400 1530
1731410 1530
1731420 1536
1731430 1541
1731440 1541
1731450 1545
1731460 1549
1731470 1549
1731480 1553
1731490 1557
1731500 1557
1731510 1560
1731520 1564
1731530 1564
1731540 1568
1731550 1570
1731560 1570
1731570 1573
1731580 1575
1731590 1575
1731600 1577
1731610 1579
1731620 1579
1731630 1581
1731640 1583
1731650 1583
1731660 1586
1731670 1589
1731680 1589
1731690 1591
1731700 1593
1731710 1593
1731720 1596
1731730 1599
1731740 1599
1731750 1602
1731760 1605
1731770 1605
1731780 1608
1731790 1611
1731800 1611
1731810 1614
1731820 1618
1731830 1618
1731840 1621
1731850 1624
1731860 1624
1731870 1628
1731880 1632
1731890 1636
1731900 1636
1731910 1639
1731920 1642
1731930 1642
1731940 1644
1731950 1646
1731960 1646
1731970 1648
1731980 1650
1731990 1650
1732000 1652
1732010 1653
1732020 1653
1732030 1655
1732040 1656
1732050 1656
1732060 1655
1732070 1655
1732080 1655
1732090 1655
1732100 1654
1732110 1654
1732120 1652
1732130 1648
1732140 1648
1732150 1643
1732160 1641
1732170 1641
1732180 1639
1732190 1637
1732200 1637
1732210 1636
1732220 1636
1732230 1636
1732240 1635
1732250 1634
1732260 1634
1732270 1633
1732280 1631
1732290 1631
1732300 1630
1732310 1629
1732320 1629
1732330 1627
1732340 1625
1732350 1623
1732360 1623
1732370 1621
1732380 1617
1732390 1617
1732400 1613
1732410 1610
1732420 1610
1732430 1610
1732440 1608
1732450 1608
1732460 1604
1732470 1599
1732480 1599
1732490 1599
1732500 1599
1732510 1599
1732520 1597
1732530 1595
1732540 1595
1732550 1592
1732560 1589
1732570 1589
1732580 1586
1732590 1585
1732600 1585
1732610 1583
1732620 1582
1732630 1582
1732640 1580
1732650 1578
1732660 1578
1732670 1574
1732680 1571
1732690 1571
1732700 1568
1732710 1564
1732720 1564
1732730 1565
1732740 1565
1732750 1565
1732760 1562
1732770 1561
1732780 1561
1732790 1560
1732800 1560
1732810 1560
1732820 1560
1732830 1559
1732840 1558
1732850 1558
1732860 1557
1732870 1556
1732880 1556
1732890 1555
1732900 1554
1732910 1554
1732920 1554
1732930 1552
1732940 1552
1732950 1551
1732960 1550
1732970 1550
1732980 1550
1732990 1549
1733000 1549
1733010 1548
1733020 1548
1733030 1548
1733040 1546
1733050 1545
1733060 1545
1733070 1542
1733080 1541
1733090 1541
1733100 1540
1733110 1540
1733120 1540
1733130 1541
1733140 1541
1733150 1541
1733160 1542
1733170 1542
1733180 1542
1733190 1543
1733200 1544
1733210 1544
1733220 1545
1733230 1544
1733240 1544
1733250 1544
1733260 1544
1733270 1544
1733280 1543
1733290 1543
1733300 1543
1733310 1541
1733320 1539
1733330 1536
1733340 1536
1733350 1536
1733360 1529
1733370 1529
1733380 1521
1733390 1515
1733400 1515
1733410 1512
1733420 1514
1733430 1514
1733440 1522
1733450 1529
1733460 1529
1733470 1535
1733480 1539
1733490 1539
1733500 1543
1733510 1547
1733520 1547
1733530 1550
1733540 1552
1733550 1552
1733560 1554
1733570 1555
1733580 1555
1733590 1557
1733600 1559
1733610 1553
1733620 1555
1733630 1555
1733640 1555
1733650 1556
1733660 1556
1733670 1556
1733680 1555
1733690 1554
1733700 1554
1733710 1553
1733720 1551
1733730 1551
1733740 1550
1733750 1548
1733760 1548
1733770 1547
1733780 1545
1733790 1544
1733800 1544
1733810 1542
1733820 1541
1733830 1541
1733840 1540
1733850 1539
1733860 1539
1733870 1537
1733880 1536
1733890 1536
1733900 1513
1733910 1509
1733920 1509
1733930 1498
1733940 1444
1733950 1444
1733960 1434
1733970 1405
1733980 1405
1733990 1384
1734000 1370
1734010 1370
1734020 1327
1734030 1310
1734040 1310
1734050 1290
1734060 1283
1734070 1283
1734080 1275
1734090 1268
1734100 1268
1734110 1260
1734120 1252
1734130 1252
1734140 1245
1734150 1237
1734160 1237
1734170 1230
1734180 1222
1734190 1222
1734200 1214
1734210 1206
1734220 1206
1734230 1197
1734240 1189
1734250 1189
1734260 1181
1734270 1174
1734280 1170
1734290 1170
1734300 1176
1734310 1186
1734320 1186
1734330 1186
1734340 1188
1734350 1188
1734360 1189
1734370 1192
1734380 1192
1734390 1197
1734400 1200
1734410 1200
1734420 1203
1734430 1208
1734440 1208
1734450 1211
1734460 1216
1734470 1216
1734480 1222
1734490 1230
1734500 1230
1734510 1237
1734520 1243
1734530 1243
1734540 1252
1734550 1258
1734560 1258
1734570 1267
1734580 1273
1734590 1273
1734600 1279
1734610 1279
1734620 1279
1734630 1286
1734640 1282
1734650 1282
1734660 1290
1734670 1294
1734680 1294
1734690 1300
1734700 1305
1734710 1305
1734720 1313
1734730 1320
1734740 1320
1734750 1326
1734760 1330
1734770 1337
1734780 1337
1734790 1344
1734800 1351
1734810 1351
1734820 1358
1734830 1366
1734840 1366
1734850 1373
1734860 1380
1734870 1380
1734880 1388
1734890 1399
1734900 1399
1734910 1424
1734920 1453
1734930 1453
1734940 1490
1734950 1492
1734960 1492
1734970 1496
1734980 1498
1734990 1498
1735000 1502
1735010 1504
1735020 1504
1735030 1508
1735040 1512
1735050 1512
1735060 1514
1735070 1518
1735080 1518
1735090 1520
1735100 1523
1735110 1523
1735120 1526
1735130 1529
1735140 1529
1735150 1531
1735160 1533
1735170 1533
1735180 1535
1735190 1538
1735200 1538
1735210 1540
1735220 1542
1735230 1545
1735240 1545
1735250 1548
1735260 1552
1735270 1552
1735280 1556
1735290 1559
1735300 1559
1735310 1559
1735320 1553
1735330 1553
1735340 1548
1735350 1542
1735360 1542
1735370 1537
1735380 1532
1735390 1532
1735400 1527
1735410 1523
1735420 1523
1735430 1520
1735440 1517
1735450 1517
1735460 1516
1735470 1485
1735480 1485
1735490 1438
1735500 1423
1735510 1423
1735520 1393
1735530 1372
1735540 1372
1735550 1364
1735560 1357
1735570 1357
1735580 1350
1735590 1344
1735600 1344
1735610 1338
1735620 1331
1735630 1331
1735640 1323
1735650 1316
1735660 1316
1735670 1308
1735680 1302
1735690 1302
1735700 1295
1735710 1288
1735720 1282
1735730 1282
1735740 1276
1735750 1270
1735760 1270
1735770 1264
1735780 1258
1735790 1258
1735800 1252
1735810 1247
1735820 1247
1735830 1243
1735840 1238
1735850 1238
1735860 1234
1735870 1228
1735880 1228
1735890 1223
1735900 1218
1735910 1218
1735920 1212
1735930 1207
1735940 1207
1735950 1201
1735960 1195
1735970 1195
1735980 1188
1735990 1182
1736000 1182
1736010 1175
1736020 1169
1736030 1169
1736040 1162
1736050 1155
1736060 1155
1736070 1149
1736080 1142
1736090 1142
1736100 1136
1736110 1134
1736120 1134
1736130 1129
1736140 1128
1736150 1128
1736160 1130
1736170 1135
1736180 1135
1736190 1138
1736200 1140
1736210 1145
1736220 1145
1736230 1151
1736240 1155
1736250 1155
1736260 1159
1736270 1161
1736280 1161
1736290 1161
1736300 1167
1736310 1167
1736320 1174
1736330 1180
1736340 1180
1736350 1185
1736360 1191
1736370 1191
1736380 1197
1736390 1203
1736400 1203
1736410 1209
1736420 1215
1736430 1215
1736440 1222
1736450 1228
1736460 1228
1736470 1234
1736480 1240
1736490 1240
1736500 1246
1736510 1253
1736520 1253
1736530 1259
1736540 1266
1736550 1266
1736560 1273
1736570 1279
1736580 1279
1736590 1285
1736600 1291
1736610 1291
1736620 1299
1736630 1305
1736640 1305
1736650 1312
1736660 1318
1736670 1323
1736680 1323
1736690 1329
1736700 1334
1736710 1334
1736720 1338
1736730 1342
1736740 1342
1736750 1423
1736760 1409
1736770 1409
1736780 1402
1736790 1417
1736800 1417
1736810 1402
1736820 1382
1736830 1382
1736840 1370
1736850 1361
1736860 1361
1736870 1357
1736880 1352
1736890 1352
1736900 1347
1736910 1344
1736920 1344
1736930 1340
1736940 1337
1736950 1337
1736960 1334
1736970 1334
1736980 1334
1736990 1332
1737000 1330
1737010 1330
1737020 1327
1737030 1325
1737040 1325
1737050 1322
1737060 1320
1737070 1320
1737080 1315
1737090 1314
1737100 1314
1737110 1311
1737120 1308
1737130 1308
1737140 1304
1737150 1301
1737160 1297
1737170 1297
1737180 1292
1737190 1286
1737200 1286
1737210 1284
1737220 1280
1737230 1280
1737240 1276
1737250 1276
1737260 1276
1737270 1271
1737280 1266
1737290 1266
1737300 1270
1737310 1273
1737320 1273
1737330 1272
1737340 1268
1737350 1268
1737360 1266
1737370 1273
1737380 1273
1737390 1277
1737400 1281
1737410 1281
1737420 1285
1737430 1289
1737440 1289
1737450 1287
1737460 1286
1737470 1286
1737480 1283
1737490 1281
1737500 1281
1737510 1273
1737520 1270
1737530 1270
1737540 1267
1737550 1264
1737560 1264
1737570 1261
1737580 1259
1737590 1259
1737600 1256
1737610 1253
1737620 1249
1737630 1249
1737640 1246
1737650 1243
1737660 1243
1737670 1241
1737680 1237
1737690 1237
1737700 1235
1737710 1234
1737720 1234
1737730 1231
1737740 1230
1737750 1230
1737760 1227
1737770 1224
1737780 1224
1737790 1222
1737800 1220
1737810 1220
1737820 1219
1737830 1217
1737840 1217
1737850 1215
1737860 1215
1737870 1215
1737880 1216
1737890 1215
1737900 1215
1737910 1215
1737920 1215
1737930 1215
1737940 1215
1737950 1215
1737960 1215
1737970 1215
1737980 1214
1737990 1214
1738000 1214
1738010 1213
1738020 1213
1738030 1211
1738040 1204
1738050 1204
1738060 1197
1738070 1189
1738080 1189
1738090 1177
1738100 1167
1738110 1154
1738120 1154
1738130 1150
1738140 1157
1738150 1157
1738160 1165
1738170 1170
1738180 1170
1738190 1168
1738200 1169
1738210 1169
1738220 1174
1738230 1179
1738240 1179
1738250 1184
1738260 1188
1738270 1188
1738280 1193
1738290 1198
1738300 1198
1738310 1202
1738320 1205
1738330 1205
1738340 1206
1738350 1209
1738360 1209
1738370 1212
1738380 1214
1738390 1214
1738400 1219
1738410 1225
1738420 1225
1738430 1231
1738440 1235
1738450 1235
1738460 1239
1738470 1243
1738480 1243
1738490 1246
1738500 1248
1738510 1248
1738520 1250
1738530 1250
1738540 1250
1738550 1248
1738560 1246
1738570 1246
1738580 1244
1738590 1243
1738600 1240
1738610 1240
1738620 1238
1738630 1235
1738640 1235
1738650 1234
1738660 1232
1738670 1232
1738680 1229
1738690 1226
1738700 1226
1738710 1230
1738720 1233
1738730 1233
1738740 1236
1738750 1239
1738760 1239
1738770 1241
1738780 1242
1738790 1242
1738800 1243
1738810 1243
1738820 1243
1738830 1242
1738840 1241
1738850 1241
1738860 1240
1738870 1239
1738880 1239
1738890 1238
1738900 1237
1738910 1237
1738920 1236
1738930 1234
1738940 1234
1738950 1229
1738960 1237
1738970 1237
1738980 1244
1738990 1250
1739000 1250
1739010 1256
1739020 1262
1739030 1262
1739040 1267
1739050 1272
1739060 1277
1739070 1277
1739080 1281
1739090 1286
1739100 1286
1739110 1290
1739120 1294
1739130 1294
1739140 1297
1739150 1300
1739160 1300
1739170 1303
1739180 1305
1739190 1305
1739200 1306
1739210 1307
1739220 1307
1739230 1305
1739240 1302
1739250 1302
1739260 1300
1739270 1299
1739280 1299
1739290 1296
1739300 1291
1739310 1291
1739320 1299
1739330 1305
1739340 1305
1739350 1310
1739360 1316
1739370 1315
1739380 1319
1739390 1324
1739400 1324
1739410 1330
1739420 1333
1739430 1333
1739440 1336
1739450 1341
1739460 1341
1739470 1347
1739480 1355
1739490 1355
1739500 1361
1739510 1367
1739520 1367
1739530 1373
1739540 1379
1739550 1386
1739560 1386
1739570 1392
1739580 1399
1739590 1399
1739600 1405
1739610 1411
1739620 1411
1739630 1418
1739640 1425
1739650 1425
1739660 1432
1739670 1438
1739680 1438
1739690 1446
1739700 1453
1739710 1453
1739720 1461
1739730 1469
1739740 1469
1739750 1475
1739760 1484
1739770 1484
1739780 1492
1739790 1499
1739800 1499
1739810 1506
1739820 1510
1739830 1510
1739840 1509
1739850 1503
1739860 1503
1739870 1496
1739880 1488
1739890 1488
1739900 1481
1739910 1470
1739920 1470
1739930 1443
1739940 1434
1739950 1434
1739960 1427
1739970 1422
1739980 1422
1739990 1408
1739850 1505
1739860 1500
1739870 1496
1739880 1491
1739890 1486
1739900 1481
1739910 1475
1739920 1462
1739930 1450
1739940 1438
1739950 1432
1739960 1427
1739970 1422
1739980 1416
1739990 1409
