1720000 1002
1720010 1001
1720020 1001
1720030 1001
1720040 1001
1720050 999
1720060 998
1720070 998
1720080 998
1720090 998
1720100 998
1720110 998
1720120 1000
1720130 1000
1720140 1000
1720150 1000
1720160 1000
1720170 999
1720180 1000
1720190 1000
1720200 999
1720210 997
1720220 997
1720230 997
1720240 997
1720250 997
1720260 996
1720270 994
1720280 994
1720290 994
1720300 995
1720310 995
1720320 999
1720330 1001
1720340 1001
1720350 1001
1720360 1005
1720370 1005
1720380 1007
1720390 1012
1720400 1012
1720410 1015
1720420 1018
1720430 1018
1720440 1021
1720450 1023
1720460 1023
1720470 1025
1720480 1028
1720490 1028
1720500 1029
1720510 1028
1720520 1028
1720530 1025
1720540 1023
1720550 1023
1720560 1021
1720570 1018
1720580 1018
1720590 1018
1720600 1017
1720610 1016
1720620 1016
1720630 1014
1720640 1014
1720650 1014
1720660 1013
1720670 1012
1720680 1012
1720690 1010
1720700 1009
1720710 1009
1720720 1008
1720730 1009
1720740 1009
1720750 1008
1720760 1007
1720770 1007
1720780 1007
1720790 1006
1720800 1006
1720810 1005
1720820 1003
1720830 1003
1720840 1002
1720850 1001
1720860 1001
1720870 1000
1720880 998
1720890 998
1720900 997
1720910 996
1720920 996
1720930 996
1720940 996
1720950 996
1720960 995
1720970 995
1720980 995
1720990 994
1721000 993
1721010 993
1721020 993
1721030 993
1721040 993
1721050 992
1721060 992
1721070 991
1721080 991
1721090 991
1721100 990
1721110 990
1721120 989
1721130 988
1721140 988
1721150 988
1721160 988
1721170 988
1721180 988
1721190 988
1721200 988
1721210 988
1721220 987
1721230 987
1721240 987
1721250 986
1721260 986
1721270 984
1721280 984
1721290 984
1721300 981
1721310 981
1721320 981
1721330 979
1721340 979
1721350 979
1721360 979
1721370 979
1721380 979
1721390 979
1721400 978
1721410 978
1721420 977
1721430 976
1721440 976
1721450 974
1721460 973
1721470 973
1721480 970
1721490 968
1721500 968
1721510 967
1721520 966
1721530 966
1721540 966
1721550 966
1721560 966
1721570 966
1721580 965
1721590 965
1721600 965
1721610 965
1721620 966
1721630 966
1721640 967
1721650 968
1721660 968
1721670 968
1721680 968
1721690 968
1721700 966
1721710 962
1721720 962
1721730 958
1721740 956
1721750 960
1721760 959
1721770 958
1721780 958
1721790 958
1721800 959
1721810 959
1721820 960
1721830 961
1721840 961
1721850 961
1721860 962
1721870 962
1721880 963
1721890 963
1721900 963
1721910 963
1721920 958
1721930 958
1721940 951
1721950 947
1721960 947
1721970 944
1721980 944
1721990 944
1722000 945
1722010 946
1722020 946
1722030 947
1722040 949
1722050 949
1722060 949
1722070 952
1722080 953
1722090 953
1722100 958
1722110 962
1722120 962
1722130 965
1722140 969
1722150 969
1722160 974
1722170 980
1722180 980
1722190 986
1722200 992
1722210 992
1722220 991
1722230 992
1722240 992
1722250 993
1722260 991
1722270 991
1722280 989
1722290 989
1722300 989
1722310 988
1722320 988
1722330 988
1722340 985
1722350 981
1722360 981
1722370 976
1722380 971
1722390 971
1722400 966
1722410 964
1722420 964
1722430 962
1722440 960
1722450 960
1722460 959
1722470 957
1722480 957
1722490 955
1722500 952
1722510 952
1722520 950
1722530 948
1722540 949
1722550 949
1722560 949
1722570 952
1722580 952
1722590 954
1722600 956
1722610 956
1722620 956
1722630 954
1722640 954
1722650 950
1722660 947
1722670 947
1722680 942
1722690 937
1722700 937
1722710 934
1722720 931
1722730 931
1722740 928
1722750 926
1722760 926
1722770 925
1722780 921
1722790 921
1722800 920
1722810 918
1722820 918
1722830 917
1722840 916
1722850 916
1722860 918
1722870 918
1722880 918
1722890 918
1722900 919
1722910 919
1722920 919
1722930 919
1722940 919
1722950 919
1722960 918
1722970 918
1722980 918
1722990 918
1723000 918
1723010 917
1723020 916
1723030 914
1723040 914
1723050 913
1723060 911
1723070 911
1723080 910
1723090 907
1723100 907
1723110 903
1723120 901
1723130 901
1723140 899
1723150 898
1723160 898
1723170 897
1723180 894
1723190 894
1723200 892
1723210 892
1723220 892
1723230 891
1723240 890
1723250 890
1723260 890
1723270 889
1723280 889
1723290 888
1723300 887
1723310 887
1723320 887
1723330 886
1723340 886
1723350 886
1723360 886
1723370 886
1723380 885
1723390 883
1723400 883
1723410 883
1723420 883
1723430 883
1723440 883
1723450 882
1723460 882
1723470 882
1723480 881
1723490 881
1723500 882
1723510 884
1723520 884
1723530 886
1723540 888
1723550 890
1723560 890
1723570 893
1723580 895
1723590 895
1723600 898
1723610 901
1723620 901
1723630 903
1723640 906
1723650 906
1723660 909
1723670 911
1723680 911
1723690 913
1723700 915
1723710 915
1723720 918
1723730 920
1723740 920
1723750 922
1723760 925
1723770 925
1723780 926
1723790 927
1723800 927
1723810 930
1723820 932
1723830 932
1723840 932
1723850 930
1723860 930
1723870 926
1723880 924
1723890 924
1723900 923
1723910 920
1723920 920
1723930 920
1723940 918
1723950 918
1723960 916
1723970 913
1723980 913
1723990 910
1724000 908
1724010 908
1724020 906
1724030 903
1724040 901
1724050 901
1724060 897
1724070 892
1724080 892
1724090 887
1724100 883
1724110 883
1724120 877
1724130 873
1724140 873
1724150 870
1724160 869
1724170 869
1724180 867
1724190 866
1724200 866
1724210 862
1724220 861
1724230 861
1724240 860
1724250 860
1724260 860
1724270 861
1724280 860
1724290 860
1724300 863
1724310 864
1724320 864
1724330 866
1724340 867
1724350 867
1724360 868
1724370 869
1724380 869
1724390 871
1724400 873
1724410 873
1724420 875
1724430 877
1724440 877
1724450 879
1724460 881
1724470 881
1724480 883
1724490 886
1724500 886
1724510 888
1724520 891
1724530 893
1724540 893
1724550 895
1724560 897
1724570 897
1724580 899
1724590 902
1724600 902
1724610 904
1724620 906
1724630 906
1724640 908
1724650 910
1724660 910
1724670 912
1724680 914
1724690 914
1724700 914
1724710 915
1724720 915
1724730 916
1724740 917
1724750 917
1724760 918
1724770 917
1724780 917
1724790 917
1724800 916
1724810 916
1724820 914
1724830 913
1724840 913
1724850 912
1724860 912
1724870 912
1724880 912
1724890 910
1724900 910
1724910 912
1724920 912
1724930 912
1724940 913
1724950 913
1724960 913
1724970 913
1724980 913
1724990 913
1725000 912
1725010 911
1725020 914
1725030 914
1725040 916
1725050 917
1725060 917
1725070 918
1725080 920
1725090 920
1725100 920
1725110 921
1725120 921
1725130 920
1725140 923
1725150 923
1725160 920
1725170 923
1725180 923
1725190 926
1725200 927
1725210 927
1725220 929
1725230 931
1725240 931
1725250 933
1725260 935
1725270 935
1725280 937
1725290 939
1725300 939
1725310 940
1725320 940
1725330 940
1725340 941
1725350 943
1725360 943
1725370 945
1725380 946
1725390 946
1725400 948
1725410 949
1725420 949
1725430 951
1725440 952
1725450 952
1725460 953
1725470 954
1725480 954
1725490 955
1725500 955
1725510 955
1725520 955
1725530 955
1725540 955
1725550 955
1725560 955
1725570 956
1725580 956
1725590 957
1725600 958
1725610 958
1725620 959
1725630 960
1725640 960
1725650 961
1725660 961
1725670 961
1725680 961
1725690 962
1725700 962
1725710 963
1725720 963
1725730 963
1725740 963
1725750 964
1725760 964
1725770 965
1725780 965
1725790 965
1725800 966
1725810 965
1725820 965
1725830 965
1725840 966
1725850 966
1725860 968
1725870 966
1725880 966
1725890 967
1725900 969
1725910 969
1725920 969
1725930 972
1725940 972
1725950 974
1725960 976
1725970 976
1725980 977
1725990 979
1726000 980
1726010 980
1726020 980
1726030 979
1726040 979
1726050 980
1726060 977
1726070 977
1726080 974
1726090 968
1726100 968
1726110 961
1726120 957
1726130 957
1726140 952
1726150 951
1726160 951
1726170 950
1726180 950
1726190 950
1726200 949
1726210 948
1726220 948
1726230 948
1726240 947
1726250 947
1726260 945
1726270 944
1726280 944
1726290 943
1726300 941
1726310 941
1726320 941
1726330 941
1726340 941
1726350 941
1726360 939
1726370 939
1726380 936
1726390 937
1726400 937
1726410 940
1726420 942
1726430 942
1726440 945
1726450 947
1726460 945
1726470 945
1726480 947
1726490 947
1726500 948
1726510 949
1726520 950
1726530 950
1726540 952
1726550 954
1726560 954
1726570 953
1726580 953
1726590 953
1726600 952
1726610 952
1726620 952
1726630 953
1726640 954
1726650 954
1726660 956
1726670 957
1726680 957
1726690 956
1726700 955
1726710 955
1726720 955
1726730 955
1726740 955
1726750 954
1726760 953
1726770 953
1726780 952
1726790 951
1726800 951
1726810 948
1726820 945
1726830 945
1726840 948
1726850 947
1726860 947
1726870 945
1726880 943
1726890 943
1726900 942
1726910 944
1726920 944
1726930 947
1726940 952
1726950 952
1726960 953
1726970 954
1726980 954
1726990 954
1727000 956
1727010 958
1727020 958
1727030 957
1727040 956
1727050 956
1727060 954
1727070 952
1727080 952
1727090 954
1727100 953
1727110 953
1727120 951
1727130 948
1727140 948
1727150 947
1727160 947
1727170 947
1727180 948
1727190 950
1727200 950
1727210 950
1727220 947
1727230 947
1727240 945
1727250 943
1727260 943
1727270 943
1727280 944
1727290 944
1727300 947
1727310 948
1727320 948
1727330 949
1727340 948
1727350 948
1727360 948
1727370 946
1727380 946
1727390 944
1727400 941
1727410 941
1727420 940
1727430 944
1727440 944
1727450 947
1727460 947
1727470 947
1727480 948
1727490 950
1727500 953
1727510 953
1727520 954
1727530 955
1727540 955
1727550 955
1727560 956
1727570 956
1727580 957
1727590 958
1727600 958
1727610 958
1727620 957
1727630 957
1727640 955
1727650 956
1727660 956
1727670 955
1727680 953
1727690 953
1727700 955
1727710 954
1727720 954
1727730 953
1727740 957
1727750 957
1727760 958
1727770 958
1727780 958
1727790 961
1727800 966
1727810 966
1727820 970
1727830 972
1727840 972
1727850 975
1727860 978
1727870 978
1727880 978
1727890 977
1727900 977
1727910 977
1727920 979
1727930 979
1727940 982
1727950 983
1727960 983
1727970 986
1727980 989
1727990 990
1728000 990
1728010 990
1728020 991
1728030 991
1728040 991
1728050 990
1728060 990
1728070 989
1728080 987
1728090 987
1728100 985
1728110 983
1728120 983
1728130 982
1728140 979
1728150 979
1728160 976
1728170 973
1728180 973
1728190 972
1728200 971
1728210 971
1728220 968
1728230 965
1728240 965
1728250 960
1728260 954
1728270 954
1728280 947
1728290 943
1728300 943
1728310 940
1728320 939
1728330 939
1728340 934
1728350 932
1728360 932
1728370 930
1728380 930
1728390 930
1728400 931
1728410 928
1728420 928
1728430 922
1728440 921
1728450 921
1728460 926
1728470 932
1728480 935
1728490 935
1728500 937
1728510 940
1728520 940
1728530 942
1728540 945
1728550 945
1728560 950
1728570 955
1728580 955
1728590 960
1728600 965
1728610 965
1728620 969
1728630 971
1728640 971
1728650 973
1728660 975
1728670 975
1728680 980
1728690 980
1728700 980
1728710 978
1728720 978
1728730 978
1728740 981
1728750 986
1728760 986
1728770 990
1728780 992
1728790 992
1728800 994
1728810 995
1728820 995
1728830 998
1728840 1001
1728850 1001
1728860 1003
1728870 1005
1728880 1005
1728890 1005
1728900 1009
1728910 1009
1728920 1010
1728930 1010
1728940 1010
1728950 1011
1728960 1010
1728970 1010
1728980 1010
1728990 1010
1729000 1010
1729010 1010
1729020 1010
1729030 1010
1729040 1010
1729050 1009
1729060 1009
1729070 1009
1729080 1010
1729090 1011
1729100 1011
1729110 1011
1729120 1013
1729130 1013
1729140 1014
1729150 1015
1729160 1015
1729170 1016
1729180 1017
1729190 1017
1729200 1019
1729210 1021
1729220 1021
1729230 1022
1729240 1024
1729250 1024
1729260 1025
1729270 1026
1729280 1026
1729290 1027
1729300 1027
1729310 1027
1729320 1029
1729330 1031
1729340 1031
1729350 1032
1729360 1033
1729370 1033
1729380 1033
1729390 1034
1729400 1034
1729410 1035
1729420 1035
1729430 1035
1729440 1036
1729450 1037
1729460 1037
1729470 1039
1729480 1042
1729490 1043
1729500 1043
1729510 1044
1729520 1045
1729530 1045
1729540 1047
1729550 1048
1729560 1048
1729570 1048
1729580 1048
1729590 1048
1729600 1048
1729610 1049
1729620 1049
1729630 1050
1729640 1050
1729650 1050
1729660 1051
1729670 1052
1729680 1052
1729690 1053
1729700 1053
1729710 1053
1729720 1054
1729730 1054
1729740 1054
1729750 1055
1729760 1055
1729770 1055
1729780 1056
1729790 1057
1729800 1057
1729810 1057
1729820 1057
1729830 1057
1729840 1057
1729850 1058
1729860 1058
1729870 1058
1729880 1056
1729890 1056
1729900 1049
1729910 1046
1729920 1046
1729930 1055
1729940 1060
1729950 1060
1729960 1063
1729970 1065
1729980 1067
1729990 1067
1730000 1068
1730010 1068
1730020 1068
1730030 1068
1730040 1069
1730050 1069
1730060 1070
1730070 1071
1730080 1071
1730090 1072
1730100 1072
1730110 1072
1730120 1073
1730130 1073
1730140 1073
1730150 1072
1730160 1071
1730170 1071
1730180 1070
1730190 1068
1730200 1068
1730210 1064
1730220 1064
1730230 1064
1730240 1066
1730250 1066
1730260 1066
1730270 1065
1730280 1060
1730290 1060
1730300 1055
1730310 1057
1730320 1057
1730330 1062
1730340 1068
1730350 1068
1730360 1072
1730370 1073
1730380 1073
1730390 1075
1730400 1077
1730410 1077
1730420 1079
1730430 1080
1730440 1080
1730450 1082
1730460 1082
1730470 1083
1730480 1083
1730490 1084
1730500 1083
1730510 1083
1730520 1084
1730530 1083
1730540 1083
1730550 1083
1730560 1084
1730570 1084
1730580 1083
1730590 1084
1730600 1084
1730610 1083
1730620 1083
1730630 1083
1730640 1083
1730650 1084
1730660 1084
1730670 1084
1730680 1084
1730690 1084
1730700 1083
1730710 1083
1730720 1083
1730730 1082
1730740 1081
1730750 1081
1730760 1079
1730770 1079
1730780 1079
1730790 1077
1730800 1074
1730810 1071
1730820 1069
1730830 1068
1730840 1068
1730850 1066
1730860 1063
1730870 1063
1730880 1059
1730890 1053
1730900 1053
1730910 1054
1730920 1058
1730930 1058
1730940 1060
1730950 1061
1730960 1062
1730970 1062
1730980 1062
1730990 1062
1731000 1062
1731010 1064
1731020 1065
1731030 1065
1731040 1065
1731050 1065
1731060 1065
1731070 1064
1731080 1063
1731090 1063
1731100 1062
1731110 1060
1731120 1060
1731130 1060
1731140 1058
1731150 1058
1731160 1058
1731170 1056
1731180 1056
1731190 1055
1731200 1053
1731210 1053
1731220 1052
1731230 1048
1731240 1048
1731250 1040
1731260 1031
1731270 1031
1731280 1027
1731290 1029
1731300 1029
1731310 1027
1731320 1027
1731330 1027
1731340 1027
1731350 1028
1731360 1028
1731370 1030
1731380 1031
1731390 1031
1731400 1034
1731410 1038
1731420 1038
1731430 1039
1731440 1040
1731450 1039
1731460 1039
1731470 1040
1731480 1041
1731490 1041
1731500 1042
1731510 1043
1731520 1043
1731530 1044
1731540 1044
1731550 1044
1731560 1043
1731570 1039
1731580 1039
1731590 1034
1731600 1029
1731610 1029
1731620 1024
1731630 1020
1731640 1020
1731650 1017
1731660 1013
1731670 1013
1731680 1012
1731690 1014
1731700 1014
1731710 1016
1731720 1017
1731730 1017
1731740 1016
1731750 1016
1731760 1016
1731770 1015
1731780 1014
1731790 1014
1731800 1013
1731810 1012
1731820 1012
1731830 1008
1731840 1007
1731850 1007
1731860 1007
1731870 1008
1731880 1008
1731890 1012
1731900 1012
1731910 1012
1731920 1012
1731930 1015
1731940 1018
1731950 1018
1731960 1021
1731970 1023
1731980 1023
1731990 1025
1732000 1020
1732010 1020
1732020 1022
1732030 1019
1732040 1019
1732050 1020
1732060 1020
1732070 1020
1732080 1022
1732090 1025
1732100 1025
1732110 1026
1732120 1032
1732130 1032
1732140 1034
1732150 1036
1732160 1036
1732170 1036
1732180 1032
1732190 1032
1732200 1034
1732210 1034
1732220 1034
1732230 1029
1732240 1025
1732250 1025
1732260 1025
1732270 1028
1732280 1028
1732290 1023
1732300 1020
1732310 1020
1732320 1016
1732330 1012
1732340 1012
1732350 1007
1732360 1006
1732370 1006
1732380 1005
1732390 1001
1732400 1001
1732410 997
1732420 994
1732430 994
1732440 992
1732450 990
1732460 988
1732470 988
1732480 986
1732490 984
1732500 984
1732510 979
1732520 973
1732530 973
1732540 971
1732550 971
1732560 971
1732570 972
1732580 974
1732590 974
1732600 974
1732610 974
1732620 974
1732630 973
1732640 969
1732650 969
1732660 966
1732670 962
1732680 962
1732690 956
1732700 950
1732710 950
1732720 950
1732730 950
1732740 950
1732750 950
1732760 950
1732770 950
1732780 948
1732790 948
1732800 948
1732810 949
1732820 949
1732830 949
1732840 949
1732850 949
1732860 949
1732870 948
1732880 951
1732890 951
1732900 952
1732910 952
1732920 952
1732930 953
1732940 953
1732950 953
1732960 953
1732970 953
1732980 954
1732990 954
1733000 958
1733010 961
1733020 961
1733030 963
1733040 967
1733050 967
1733060 971
1733070 975
1733080 975
1733090 979
1733100 982
1733110 982
1733120 984
1733130 986
1733140 986
1733150 989
1733160 990
1733170 990
1733180 991
1733190 991
1733200 991
1733210 994
1733220 997
1733230 997
1733240 999
1733250 1001
1733260 1001
1733270 1002
1733280 1003
1733290 1003
1733300 1004
1733310 1005
1733320 1005
1733330 1007
1733340 1008
1733350 1008
1733360 1009
1733370 1009
1733380 1009
1733390 1011
1733400 1010
1733410 1010
1733420 1010
1733430 1015
1733440 1018
1733450 1018
1733460 1020
1733470 1023
1733480 1023
1733490 1028
1733500 1033
1733510 1033
1733520 1036
1733530 1041
1733540 1041
1733550 1048
1733560 1055
1733570 1055
1733580 1060
1733590 1061
1733600 1061
1733610 1063
1733620 1069
1733630 1069
1733640 1075
1733650 1079
1733660 1079
1733670 1081
1733680 1085
1733690 1085
1733700 1085
1733710 1086
1733720 1086
1733730 1090
1733740 1094
1733750 1094
1733760 1098
1733770 1103
1733780 1103
1733790 1108
1733800 1111
1733810 1111
1733820 1113
1733830 1117
1733840 1117
1733850 1117
1733860 1121
1733870 1121
1733880 1126
1733890 1127
1733900 1127
1733910 1129
1733920 1134
1733930 1138
1733940 1138
1733950 1140
1733960 1142
1733970 1142
1733980 1144
1733990 1148
1734000 1148
1734010 1151
1734020 1156
1734030 1156
1734040 1162
1734050 1166
1734060 1166
1734070 1172
1734080 1176
1734090 1176
1734100 1181
1734110 1185
1734120 1185
1734130 1188
1734140 1192
1734150 1192
1734160 1197
1734170 1202
1734180 1202
1734190 1205
1734200 1208
1734210 1208
1734220 1210
1734230 1213
1734240 1213
1734250 1215
1734260 1216
1734270 1216
1734280 1219
1734290 1221
1734300 1221
1734310 1222
1734320 1224
1734330 1224
1734340 1226
1734350 1228
1734360 1228
1734370 1229
1734380 1231
1734390 1231
1734400 1233
1734410 1235
1734420 1238
1734430 1238
1734440 1241
1734450 1243
1734460 1243
1734470 1245
1734480 1247
1734490 1247
1734500 1251
1734510 1253
1734520 1253
1734530 1256
1734540 1259
1734550 1259
1734560 1261
1734570 1264
1734580 1264
1734590 1265
1734600 1265
1734610 1265
1734620 1264
1734630 1261
1734640 1261
1734650 1258
1734660 1255
1734670 1255
1734680 1251
1734690 1248
1734700 1248
1734710 1248
1734720 1249
1734730 1249
1734740 1250
1734750 1252
1734760 1252
1734770 1255
1734780 1257
1734790 1257
1734800 1260
1734810 1263
1734820 1263
1734830 1266
1734840 1268
1734850 1268
1734860 1270
1734870 1267
1734880 1267
1734890 1269
1734900 1271
1734910 1273
1734920 1273
1734930 1274
1734940 1275
1734950 1275
1734960 1277
1734970 1279
1734980 1279
1734990 1280
1735000 1282
1735010 1282
1735020 1282
1735030 1282
1735040 1282
1735050 1282
1735060 1282
1735070 1282
1735080 1281
1735090 1280
1735100 1280
1735110 1278
1735120 1275
1735130 1275
1735140 1274
1735150 1274
1735160 1274
1735170 1275
1735180 1275
1735190 1275
1735200 1275
1735210 1280
1735220 1280
1735230 1284
1735240 1289
1735250 1289
1735260 1294
1735270 1298
1735280 1298
1735290 1302
1735300 1306
1735310 1306
1735320 1310
1735330 1313
1735340 1313
1735350 1315
1735360 1317
1735370 1317
1735380 1318
1735390 1319
1735400 1319
1735410 1319
1735420 1319
1735430 1320
1735440 1320
1735450 1321
1735460 1322
1735470 1322
1735480 1326
1735490 1330
1735500 1330
1735510 1335
1735520 1339
1735530 1339
1735540 1342
1735550 1345
1735560 1345
1735570 1349
1735580 1352
1735590 1352
1735600 1356
1735610 1360
1735620 1360
1735630 1362
1735640 1364
1735650 1364
1735660 1367
1735670 1367
1735680 1367
1735690 1369
1735700 1369
1735710 1369
1735720 1371
1735730 1373
1735740 1373
1735750 1377
1735760 1380
1735770 1380
1735780 1383
1735790 1387
1735800 1387
1735810 1392
1735820 1397
1735830 1397
1735840 1403
1735850 1408
1735860 1408
1735870 1414
1735880 1419
1735890 1419
1735900 1424
1735910 1428
1735920 1432
1735930 1432
1735940 1435
1735950 1438
1735960 1438
1735970 1441
1735980 1443
1735990 1443
1736000 1444
1736010 1446
1736020 1446
1736030 1447
1736040 1449
1736050 1449
1736060 1452
1736070 1452
1736080 1452
1736090 1453
1736100 1453
1736110 1453
1736120 1450
1736130 1447
1736140 1447
1736150 1446
1736160 1446
1736170 1446
1736180 1447
1736190 1449
1736200 1449
1736210 1450
1736220 1452
1736230 1452
1736240 1455
1736250 1457
1736260 1457
1736270 1460
1736280 1464
1736290 1464
1736300 1467
1736310 1471
1736320 1471
1736330 1475
1736340 1479
1736350 1479
1736360 1482
1736370 1485
1736380 1485
1736390 1487
1736400 1491
1736410 1492
1736420 1492
1736430 1492
1736440 1494
1736450 1494
1736460 1496
1736470 1497
1736480 1497
1736490 1499
1736500 1500
1736510 1500
1736520 1498
1736530 1495
1736540 1495
1736550 1492
1736560 1494
1736570 1494
1736580 1491
1736590 1490
1736600 1490
1736610 1492
1736620 1496
1736630 1496
1736640 1501
1736650 1503
1736660 1503
1736670 1501
1736680 1497
1736690 1497
1736700 1494
1736710 1490
1736720 1490
1736730 1484
1736740 1482
1736750 1482
1736760 1478
1736770 1473
1736780 1473
1736790 1470
1736800 1466
1736810 1473
1736820 1469
1736830 1464
1736840 1464
1736850 1460
1736860 1457
1736870 1457
1736880 1455
1736890 1455
1736900 1459
1736910 1459
1736920 1459
1736930 1456
1736940 1456
1736950 1452
1736960 1449
1736970 1449
1736980 1447
1736990 1445
1737000 1445
1737010 1444
1737020 1444
1737030 1444
1737040 1445
1737050 1441
1737060 1441
1737070 1439
1737080 1436
1737090 1436
1737100 1436
1737110 1436
1737120 1436
1737130 1427
1737140 1420
1737150 1420
1737160 1415
1737170 1412
1737180 1412
1737190 1412
1737200 1413
1737210 1413
1737220 1418
1737230 1423
1737240 1423
1737250 1431
1737260 1437
1737270 1437
1737280 1441
1737290 1444
1737300 1444
1737310 1449
1737320 1450
1737330 1450
1737340 1454
1737350 1460
1737360 1460
1737370 1459
1737380 1456
1737390 1455
1737400 1455
1737410 1455
1737420 1455
1737430 1455
1737440 1456
1737450 1455
1737460 1455
1737470 1453
1737480 1452
1737490 1452
1737500 1451
1737510 1449
1737520 1449
1737530 1445
1737540 1441
1737550 1441
1737560 1436
1737570 1432
1737580 1432
1737590 1430
1737600 1429
1737610 1429
1737620 1433
1737630 1435
1737640 1435
1737650 1435
1737660 1437
1737670 1437
1737680 1436
1737690 1435
1737700 1435
1737710 1432
1737720 1432
1737730 1432
1737740 1432
1737750 1429
1737760 1429
1737770 1426
1737780 1422
1737790 1422
1737800 1420
1737810 1415
1737820 1415
1737830 1414
1737840 1413
1737850 1413
1737860 1412
1737870 1410
1737880 1409
1737890 1409
1737900 1407
1737910 1405
1737920 1405
1737930 1402
1737940 1400
1737950 1400
1737960 1397
1737970 1394
1737980 1394
1737990 1392
1738000 1390
1738010 1390
1738020 1389
1738030 1388
1738040 1388
1738050 1387
1738060 1386
1738070 1386
1738080 1385
1738090 1384
1738100 1384
1738110 1382
1738120 1382
1738130 1382
1738140 1381
1738150 1381
1738160 1381
1738170 1380
1738180 1379
1738190 1379
1738200 1377
1738210 1376
1738220 1376
1738230 1374
1738240 1372
1738250 1372
1738260 1371
1738270 1370
1738280 1370
1738290 1369
1738300 1367
1738310 1367
1738320 1365
1738330 1362
1738340 1362
1738350 1358
1738360 1357
1738370 1357
1738380 1356
1738390 1356
1738400 1355
1738410 1355
1738420 1354
1738430 1353
1738440 1353
1738450 1353
1738460 1352
1738470 1352
1738480 1350
1738490 1348
1738500 1348
1738510 1346
1738520 1344
1738530 1344
1738540 1342
1738550 1340
1738560 1340
1738570 1338
1738580 1336
1738590 1336
1738600 1335
1738610 1333
1738620 1333
1738630 1331
1738640 1329
1738650 1329
1738660 1328
1738670 1327
1738680 1327
1738690 1330
1738700 1328
1738710 1328
1738720 1327
1738730 1326
1738740 1326
1738750 1325
1738760 1324
1738770 1324
1738780 1322
1738790 1319
1738800 1319
1738810 1316
1738820 1314
1738830 1314
1738840 1312
1738850 1311
1738860 1311
1738870 1309
1738880 1306
1738890 1304
1738900 1304
1738910 1299
1738920 1298
1738930 1298
1738940 1293
1738950 1289
1738960 1289
1738970 1288
1738980 1286
1738990 1286
1739000 1283
1739010 1280
1739020 1280
1739030 1277
1739040 1275
1739050 1275
1739060 1273
1739070 1274
1739080 1274
1739090 1273
1739100 1271
1739110 1271
1739120 1270
1739130 1269
1739140 1269
1739150 1268
1739160 1265
1739170 1265
1739180 1262
1739190 1257
1739200 1257
1739210 1254
1739220 1252
1739230 1252
1739240 1250
1739250 1249
1739260 1249
1739270 1247
1739280 1245
1739290 1245
1739300 1244
1739310 1241
1739320 1241
1739330 1239
1739340 1237
1739350 1237
1739360 1234
1739370 1232
1739380 1230
1739390 1230
1739400 1227
1739410 1225
1739420 1225
1739430 1222
1739440 1220
1739450 1220
1739460 1217
1739470 1212
1739480 1212
1739490 1209
1739500 1207
1739510 1207
1739520 1205
1739530 1201
1739540 1201
1739550 1199
1739560 1200
1739570 1200
1739580 1198
1739590 1196
1739600 1196
1739610 1198
1739620 1204
1739630 1204
1739640 1209
1739650 1213
1739660 1213
1739670 1216
1739680 1220
1739690 1220
1739700 1221
1739710 1220
1739720 1220
1739730 1223
1739740 1224
1739750 1224
1739760 1223
1739770 1226
1739780 1226
1739790 1228
1739800 1233
1739810 1233
1739820 1241
1739830 1247
1739840 1247
1739850 1254
1739860 1268
1739870 1269
1739880 1269
1739890 1276
1739900 1278
1739910 1278
1739920 1283
1739930 1285
1739940 1285
1739950 1290
1739960 1291
1739970 1291
1739980 1296
1739990 1302
