1720000 898
1720010 899
1720020 899
1720030 900
1720040 902
1720050 902
1720060 906
1720070 906
1720080 906
1720090 906
1720100 907
1720110 907
1720120 908
1720130 908
1720140 908
1720150 908
1720160 911
1720170 911
1720180 912
1720190 911
1720200 911
1720210 912
1720220 913
1720230 913
1720240 914
1720250 916
1720260 916
1720270 916
1720280 920
1720290 920
1720300 924
1720310 927
1720320 929
1720330 929
1720340 931
1720350 932
1720360 932
1720370 933
1720380 932
1720390 932
1720400 932
1720410 932
1720420 932
1720430 932
1720440 934
1720450 934
1720460 938
1720470 939
1720480 939
1720490 940
1720500 942
1720510 942
1720520 942
1720530 943
1720540 943
1720550 943
1720560 944
1720570 944
1720580 944
1720590 944
1720600 944
1720610 944
1720620 944
1720630 944
1720640 944
1720650 944
1720660 944
1720670 944
1720680 945
1720690 945
1720700 946
1720710 946
1720720 946
1720730 947
1720740 947
1720750 947
1720760 947
1720770 948
1720780 948
1720790 949
1720800 949
1720810 949
1720820 949
1720830 948
1720840 948
1720850 948
1720860 948
1720870 944
1720880 944
1720890 942
1720900 942
1720910 942
1720920 942
1720930 937
1720940 937
1720950 937
1720960 944
1720970 944
1720980 949
1720990 951
1721000 951
1721010 952
1721020 953
1721030 953
1721040 953
1721050 953
1721060 953
1721070 952
1721080 950
1721090 950
1721100 949
1721110 945
1721120 945
1721130 941
1721140 947
1721150 947
1721160 948
1721170 951
1721180 951
1721190 952
1721200 954
1721210 954
1721220 955
1721230 956
1721240 956
1721250 957
1721260 958
1721270 958
1721280 960
1721290 961
1721300 961
1721310 962
1721320 963
1721330 963
1721340 961
1721350 965
1721360 966
1721370 966
1721380 966
1721390 966
1721400 966
1721410 966
1721420 965
1721430 965
1721440 965
1721450 967
1721460 967
1721470 968
1721480 969
1721490 969
1721500 970
1721510 970
1721520 970
1721530 970
1721540 971
1721550 971
1721560 971
1721570 971
1721580 971
1721590 969
1721600 968
1721610 968
1721620 967
1721630 967
1721640 967
1721650 967
1721660 968
1721670 968
1721680 968
1721690 969
1721700 969
1721710 969
1721720 970
1721730 970
1721740 971
1721750 972
1721760 972
1721770 972
1721780 971
1721790 971
1721800 971
1721810 970
1721820 970
1721830 969
1721840 968
1721850 968
1721860 969
1721870 974
1721880 973
1721890 973
1721900 975
1721910 979
1721920 979
1721930 981
1721940 981
1721950 981
1721960 980
1721970 979
1721980 979
1721990 978
1722000 978
1722010 978
1722020 979
1722030 982
1722040 982
1722050 985
1722060 984
1722070 984
1722080 984
1722090 987
1722100 987
1722110 988
1722120 989
1722130 989
1722140 989
1722150 989
1722160 989
1722170 989
1722180 991
1722190 991
1722200 994
1722210 994
1722220 994
1722230 994
1722240 995
1722250 995
1722260 995
1722270 995
1722280 995
1722290 994
1722300 996
1722310 996
1722320 997
1722330 998
1722340 998
1722350 998
1722360 997
1722370 996
1722380 996
1722390 996
1722400 997
1722410 997
1722420 997
1722430 996
1722440 996
1722450 993
1722460 989
1722470 989
1722480 984
1722490 981
1722500 981
1722510 981
1722520 981
1722530 981
1722540 980
1722550 981
1722560 981
1722570 981
1722580 981
1722590 981
1722600 980
1722610 979
1722620 979
1722630 979
1722640 979
1722650 979
1722660 978
1722670 975
1722680 975
1722690 979
1722700 979
1722710 979
1722720 980
1722730 980
1722740 980
1722750 981
1722760 975
1722770 975
1722780 977
1722790 980
1722800 980
1722810 981
1722820 983
1722830 983
1722840 983
1722850 983
1722860 983
1722870 983
1722880 984
1722890 984
1722900 984
1722910 985
1722920 984
1722930 984
1722940 984
1722950 982
1722960 982
1722970 977
1722980 974
1722990 974
1723000 971
1723010 969
1723020 969
1723030 967
1723040 974
1723050 974
1723060 981
1723070 983
1723080 983
1723090 985
1723100 985
1723110 985
1723120 984
1723130 985
1723140 985
1723150 987
1723160 990
1723170 990
1723180 992
1723190 994
1723200 994
1723210 996
1723220 997
1723230 997
1723240 998
1723250 999
1723260 999
1723270 1001
1723280 1002
1723290 1002
1723300 1001
1723310 999
1723320 999
1723330 995
1723340 993
1723350 993
1723360 995
1723370 1002
1723380 1002
1723390 1007
1723400 1014
1723410 1020
1723420 1020
1723430 1026
1723440 1032
1723450 1032
1723460 1038
1723470 1045
1723480 1045
1723490 1053
1723500 1055
1723510 1055
1723520 1061
1723530 1067
1723540 1067
1723550 1071
1723560 1075
1723570 1075
1723580 1080
1723590 1085
1723600 1085
1723610 1088
1723620 1092
1723630 1092
1723640 1096
1723650 1099
1723660 1099
1723670 1103
1723680 1106
1723690 1106
1723700 1108
1723710 1111
1723720 1111
1723730 1113
1723740 1115
1723750 1115
1723760 1116
1723770 1116
1723780 1116
1723790 1113
1723800 1109
1723810 1109
1723820 1105
1723830 1099
1723840 1099
1723850 1094
1723860 1088
1723870 1088
1723880 1082
1723890 1076
1723900 1076
1723910 1070
1723920 1064
1723930 1058
1723940 1058
1723950 1052
1723960 1046
1723970 1046
1723980 1041
1723990 1035
1724000 1035
1724010 1029
1724020 1026
1724030 1026
1724040 1021
1724050 1015
1724060 1015
1724070 1010
1724080 1006
1724090 1006
1724100 1001
1724110 997
1724120 997
1724130 993
1724140 989
1724150 989
1724160 985
1724170 980
1724180 980
1724190 977
1724200 974
1724210 974
1724220 971
1724230 967
1724240 967
1724250 965
1724260 962
1724270 962
1724280 959
1724290 956
1724300 956
1724310 953
1724320 949
1724330 949
1724340 946
1724350 946
1724360 946
1724370 945
1724380 942
1724390 942
1724400 938
1724410 937
1724420 937
1724430 936
1724440 938
1724450 937
1724460 937
1724470 936
1724480 936
1724490 936
1724500 935
1724510 939
1724520 939
1724530 941
1724540 940
1724550 940
1724560 938
1724570 936
1724580 936
1724590 934
1724600 933
1724610 933
1724620 932
1724630 932
1724640 932
1724650 931
1724660 932
1724670 932
1724680 932
1724690 932
1724700 932
1724710 932
1724720 931
1724730 931
1724740 931
1724750 930
1724760 930
1724770 930
1724780 930
1724790 930
1724800 930
1724810 930
1724820 930
1724830 930
1724840 930
1724850 930
1724860 929
1724870 930
1724880 930
1724890 930
1724900 929
1724910 929
1724920 930
1724930 929
1724940 929
1724950 929
1724960 930
1724970 931
1724980 931
1724990 932
1725000 931
1725010 931
1725020 931
1725030 931
1725040 931
1725050 931
1725060 931
1725070 931
1725080 931
1725090 932
1725100 932
1725110 932
1725120 932
1725130 932
1725140 932
1725150 932
1725160 932
1725170 932
1725180 931
1725190 931
1725200 930
1725210 927
1725220 927
1725230 930
1725240 931
1725250 931
1725260 932
1725270 932
1725280 932
1725290 932
1725300 932
1725310 932
1725320 932
1725330 932
1725340 932
1725350 931
1725360 931
1725370 931
1725380 930
1725390 929
1725400 929
1725410 929
1725420 928
1725430 928
1725440 927
1725450 927
1725460 927
1725470 927
1725480 926
1725490 926
1725500 926
1725510 925
1725520 925
1725530 925
1725540 925
1725550 925
1725560 925
1725570 925
1725580 925
1725590 925
1725600 925
1725610 923
1725620 923
1725630 921
1725640 922
1725650 922
1725660 921
1725670 920
1725680 920
1725690 921
1725700 921
1725710 921
1725720 921
1725730 921
1725740 921
1725750 921
1725760 920
1725770 920
1725780 920
1725790 919
1725800 919
1725810 919
1725820 919
1725830 919
1725840 919
1725850 918
1725860 918
1725870 918
1725880 917
1725890 917
1725900 916
1725910 917
1725920 917
1725930 917
1725940 917
1725950 917
1725960 917
1725970 916
1725980 916
1725990 916
1726000 915
1726010 915
1726020 915
1726030 914
1726040 914
1726050 914
1726060 913
1726070 911
1726080 911
1726090 911
1726100 911
1726110 911
1726120 911
1726130 911
1726140 911
1726150 910
1726160 908
1726170 908
1726180 908
1726190 905
1726200 905
1726210 904
1726220 902
1726230 902
1726240 899
1726250 899
1726260 899
1726270 897
1726280 897
1726290 897
1726300 898
1726310 900
1726320 900
1726330 900
1726340 900
1726350 900
1726360 900
1726370 900
1726380 900
1726390 900
1726400 900
1726410 900
1726420 899
1726430 900
1726440 900
1726450 900
1726460 899
1726470 899
1726480 899
1726490 899
1726500 899
1726510 900
1726520 904
1726530 904
1726540 904
1726550 905
1726560 902
1726570 902
1726580 904
1726590 905
1726600 905
1726610 905
1726620 905
1726630 905
1726640 905
1726650 905
1726660 905
1726670 905
1726680 905
1726690 905
1726700 905
1726710 904
1726720 904
1726730 905
1726740 904
1726750 904
1726760 904
1726770 904
1726780 904
1726790 904
1726800 905
1726810 905
1726820 905
1726830 904
1726840 904
1726850 903
1726860 898
1726870 898
1726880 897
1726890 897
1726900 897
1726910 896
1726920 897
1726930 897
1726940 899
1726950 899
1726960 899
1726970 901
1726980 903
1726990 903
1727000 909
1727010 914
1727020 914
1727030 915
1727040 918
1727050 919
1727060 919
1727070 920
1727080 922
1727090 922
1727100 923
1727110 924
1727120 924
1727130 926
1727140 927
1727150 927
1727160 928
1727170 929
1727180 929
1727190 930
1727200 932
1727210 932
1727220 933
1727230 935
1727240 935
1727250 936
1727260 938
1727270 938
1727280 939
1727290 940
1727300 940
1727310 940
1727320 941
1727330 941
1727340 942
1727350 942
1727360 942
1727370 942
1727380 942
1727390 942
1727400 941
1727410 941
1727420 941
1727430 940
1727440 940
1727450 940
1727460 938
1727470 937
1727480 937
1727490 934
