1720000 1108
1720010 1113
1720020 1113
1720030 1119
1720040 1124
1720050 1124
1720060 1129
1720070 1135
1720080 1135
1720090 1140
1720100 1145
1720110 1145
1720120 1150
1720130 1155
1720140 1159
1720150 1159
1720160 1163
1720170 1167
1720180 1167
1720190 1171
1720200 1174
1720210 1174
1720220 1177
1720230 1181
1720240 1181
1720250 1184
1720260 1188
1720270 1188
1720280 1191
1720290 1194
1720300 1194
1720310 1197
1720320 1200
1720330 1200
1720340 1203
1720350 1205
1720360 1205
1720370 1207
1720380 1209
1720390 1209
1720400 1210
1720410 1212
1720420 1212
1720430 1213
1720440 1214
1720450 1214
1720460 1213
1720470 1210
1720480 1210
1720490 1206
1720500 1196
1720510 1196
1720520 1190
1720530 1188
1720540 1188
1720550 1182
1720560 1176
1720570 1176
1720580 1174
1720590 1176
1720600 1176
1720610 1178
1720620 1182
1720630 1182
1720640 1188
1720650 1190
1720660 1187
1720670 1187
1720680 1183
1720690 1179
1720700 1179
1720710 1175
1720720 1170
1720730 1170
1720740 1164
1720750 1159
1720760 1159
1720770 1153
1720780 1148
1720790 1148
1720800 1143
1720810 1138
1720820 1138
1720830 1132
1720840 1129
1720850 1129
1720860 1130
1720870 1135
1720880 1135
1720890 1140
1720900 1147
1720910 1147
1720920 1154
1720930 1160
1720940 1160
1720950 1166
1720960 1171
1720970 1171
1720980 1178
1720990 1184
1721000 1184
1721010 1189
1721020 1193
1721030 1193
1721040 1201
1721050 1206
1721060 1206
1721070 1211
1721080 1217
1721090 1217
1721100 1223
1721110 1230
1721120 1230
1721130 1236
1721140 1243
1721150 1243
1721160 1248
1721170 1253
1721180 1253
1721190 1259
1721200 1265
1721210 1270
1721220 1270
1721230 1274
1721240 1279
1721250 1279
1721260 1281
1721270 1283
1721280 1283
1721290 1284
1721300 1284
1721310 1284
1721320 1280
1721330 1273
1721340 1273
1721350 1266
1721360 1259
1721370 1259
1721380 1256
1721390 1249
1721400 1249
1721410 1240
1721420 1231
1721430 1231
1721440 1217
1721450 1208
1721460 1208
1721470 1197
1721480 1178
1721490 1178
1721500 1206
1721510 1196
1721520 1196
1721530 1173
