1720000 1038
1720010 1043
1720000 1039
1720010 1042
1720020 1046
1720030 1049
1720040 1053
1720050 1056
1720060 1059
1720070 1063
1720080 1066
1720090 1070
1720100 1073
1720110 1077
1720120 1080
1720130 1084
1720140 1087
1720150 1091
1720160 1094
1720170 1098
1720180 1101
1720190 1105
1720200 1108
1720210 1112
1720220 1115
1720230 1119
1720240 1122
1720250 1126
1720260 1129
1720270 1133
1720280 1136
1720290 1140
1720300 1143
1720310 1146
1720320 1150
1720330 1153
1720340 1156
1720350 1160
1720360 1163
1720370 1166
1720380 1170
1720390 1173
1720400 1176
1720410 1179
1720420 1182
1720430 1185
1720440 1188
1720450 1191
1720460 1194
1720470 1197
1720480 1200
1720490 1203
1720500 1206
1720510 1209
1720520 1212
1720530 1215
1720540 1218
1720550 1221
1720560 1224
1720570 1227
1720580 1230
1720590 1233
1720600 1236
1720610 1238
1720620 1241
1720630 1244
1720640 1247
1720650 1250
1720660 1252
1720670 1255
1720680 1258
1720690 1261
1720700 1264
1720710 1267
1720720 1269
1720730 1272
1720740 1275
1720750 1277
1720760 1280
1720770 1283
1720780 1285
1720790 1288
1720800 1290
1720810 1293
1720820 1295
1720830 1298
1720840 1300
1720850 1302
1720860 1304
1720870 1307
1720880 1309
1720890 1312
1720900 1315
1720910 1317
1720920 1320
1720930 1322
1720940 1324
1720950 1326
1720960 1327
1720970 1329
1720980 1330
1720990 1330
1721000 1331
1721010 1331
1721020 1331
1721030 1331
1721040 1331
1721050 1330
1721060 1329
1721070 1328
1721080 1326
1721090 1325
1721100 1323
1721110 1320
1721120 1318
1721130 1315
1721140 1313
1721150 1311
1721160 1309
1721170 1307
1721180 1305
1721190 1303
1721200 1302
1721210 1300
1721220 1299
1721230 1302
1721240 1305
1721250 1309
1721260 1311
1721270 1314
1721280 1316
1721290 1318
1721300 1320
1721310 1323
1721320 1325
1721330 1326
1721340 1328
1721350 1330
1721360 1332
1721370 1333
1721380 1335
1721390 1336
1721400 1338
1721410 1339
1721420 1341
1721430 1342
1721440 1342
1721450 1343
1721460 1345
1721470 1348
1721480 1353
1721490 1357
1721500 1362
1721510 1366
1721520 1370
1721530 1374
1721540 1378
1721550 1382
1721560 1386
1721570 1389
1721580 1392
1721590 1395
1721600 1398
1721610 1401
1721620 1403
1721630 1405
1721640 1406
1721650 1408
1721660 1408
1721670 1409
1721680 1409
1721690 1410
1721700 1410
1721710 1411
1721720 1412
1721730 1412
1721740 1413
1721750 1414
1721760 1416
1721770 1418
1721780 1420
1721790 1423
1721800 1425
1721810 1426
1721820 1428
1721830 1429
1721840 1430
1721850 1432
1721860 1432
1721870 1433
1721880 1433
1721890 1434
1721900 1434
1721910 1434
1721920 1433
1721930 1433
1721940 1436
1721950 1440
1721960 1445
1721970 1450
1721980 1454
1721990 1459
1722000 1463
1722010 1468
1722020 1472
1722030 1476
1722040 1481
1722050 1485
1722060 1489
1722070 1493
1722080 1498
1722090 1502
1722100 1506
1722110 1511
1722120 1515
1722130 1519
1722140 1523
1722150 1528
1722160 1532
1722170 1537
1722180 1541
1722190 1544
1722200 1548
1722210 1551
1722220 1554
1722230 1557
1722240 1559
1722250 1561
1722260 1562
1722270 1563
1722280 1564
1722290 1564
1722300 1564
1722310 1563
1722320 1561
1722330 1560
1722340 1558
1722350 1556
1722360 1555
1722370 1553
1722380 1552
1722390 1551
1722400 1550
1722410 1549
1722420 1548
1722430 1547
1722440 1546
1722450 1545
1722460 1545
1722470 1544
1722480 1544
1722490 1543
1722500 1542
1722510 1540
1722520 1537
1722530 1535
1722540 1532
1722550 1531
1722560 1531
1722570 1533
1722580 1536
1722590 1540
1722600 1542
1722610 1541
1722620 1540
1722630 1538
1722640 1537
1722650 1536
1722660 1535
1722670 1534
1722680 1532
1722690 1530
1722700 1528
1722710 1526
1722720 1524
1722730 1521
1722740 1520
1722750 1520
1722760 1520
1722770 1520
1722780 1520
1722790 1520
1722800 1520
1722810 1520
1722820 1520
1722830 1520
1722840 1520
1722850 1520
1722860 1520
1722870 1520
1722880 1520
1722890 1520
1722900 1521
1722910 1521
1722920 1521
1722930 1521
1722940 1523
1722950 1523
1722960 1524
1722970 1525
1722980 1526
1722990 1527
1723000 1528
1723010 1529
1723020 1531
1723030 1532
1723040 1533
1723050 1534
1723060 1535
1723070 1537
1723080 1539
1723090 1541
1723100 1543
1723110 1545
1723120 1547
1723130 1549
1723140 1551
1723150 1554
1723160 1556
1723170 1558
1723180 1560
1723190 1563
1723200 1565
1723210 1567
1723220 1570
1723230 1572
1723240 1574
1723250 1576
1723260 1579
1723270 1581
1723280 1584
1723290 1586
1723300 1589
1723310 1591
1723320 1594
1723330 1596
1723340 1599
1723350 1602
1723360 1605
1723370 1608
1723380 1611
1723390 1615
1723400 1618
1723410 1621
1723420 1624
1723430 1628
1723440 1632
1723450 1636
1723460 1640
1723470 1643
1723480 1647
1723490 1651
1723500 1654
1723510 1657
1723520 1660
1723530 1663
1723540 1666
1723550 1669
1723560 1671
1723570 1674
1723580 1677
1723590 1679
1723600 1681
1723610 1682
1723620 1683
1723630 1683
1723640 1682
1723650 1679
1723660 1676
1723670 1673
1723680 1671
1723690 1670
1723700 1668
1723710 1666
1723720 1664
1723730 1662
1723740 1658
1723750 1655
1723760 1652
1723770 1649
1723780 1648
1723790 1646
1723800 1641
1723810 1637
1723820 1633
1723830 1630
1723840 1627
1723850 1626
1723860 1624
1723870 1622
1723880 1620
1723890 1617
1723900 1614
1723910 1611
1723920 1610
1723930 1610
1723940 1610
1723950 1610
1723960 1611
1723970 1613
1723980 1615
1723990 1617
1724000 1619
1724010 1620
1724020 1622
1724030 1624
1724040 1626
1724050 1626
1724060 1627
1724070 1627
1724080 1627
1724090 1626
1724100 1625
1724110 1624
1724120 1622
1724130 1620
1724140 1621
1724150 1624
1724160 1628
1724170 1630
1724180 1633
1724190 1636
1724200 1637
1724210 1639
1724220 1641
1724230 1644
1724240 1648
1724250 1652
1724260 1657
1724270 1661
1724280 1665
1724290 1669
1724300 1673
1724310 1678
1724320 1682
1724330 1686
1724340 1690
1724350 1694
1724360 1698
1724370 1702
1724380 1707
1724390 1711
1724400 1715
1724410 1719
1724420 1724
1724430 1728
1724440 1732
1724450 1736
1724460 1740
1724470 1744
1724480 1748
1724490 1752
1724500 1756
1724510 1759
1724520 1761
1724530 1761
1724540 1760
1724550 1758
1724560 1757
1724570 1755
1724580 1754
1724590 1753
1724600 1751
1724610 1750
1724620 1748
1724630 1746
1724640 1744
1724650 1742
1724660 1739
1724670 1737
1724680 1735
1724690 1733
1724700 1731
1724710 1729
1724720 1728
1724730 1726
1724740 1724
1724750 1722
1724760 1720
1724770 1719
1724780 1717
1724790 1715
1724800 1713
1724810 1711
1724820 1709
1724830 1707
1724840 1705
1724850 1703
1724860 1701
1724870 1699
1724880 1697
1724890 1695
1724900 1692
1724910 1690
1724920 1687
1724930 1686
1724940 1684
1724950 1682
1724960 1681
1724970 1680
1724980 1678
1724990 1677
1725000 1676
1725010 1675
1725020 1674
1725030 1673
1725040 1671
1725050 1670
1725060 1669
1725070 1669
1725080 1669
1725090 1669
1725100 1668
1725110 1668
1725120 1667
1725130 1667
1725140 1666
1725150 1664
1725160 1663
1725170 1661
1725180 1659
1725190 1658
1725200 1657
1725210 1655
1725220 1653
1725230 1652
1725240 1651
1725250 1650
1725260 1648
1725270 1646
1725280 1644
1725290 1642
1725300 1640
1725310 1638
1725320 1637
1725330 1636
1725340 1636
1725350 1636
1725360 1635
1725370 1634
1725380 1633
1725390 1634
1725400 1635
1725410 1636
1725420 1637
1725430 1638
1725440 1639
1725450 1641
1725460 1644
1725470 1646
1725480 1649
1725490 1652
1725500 1654
1725510 1656
1725520 1658
1725530 1660
1725540 1661
1725550 1662
1725560 1663
1725570 1662
1725580 1659
1725590 1655
1725600 1651
1725610 1646
1725620 1640
1725630 1634
1725640 1628
1725650 1623
1725660 1617
1725670 1611
1725680 1606
1725690 1601
1725700 1597
1725710 1594
1725720 1590
1725730 1585
1725740 1581
1725750 1578
1725760 1577
1725770 1576
1725780 1574
1725790 1572
1725800 1570
1725810 1568
1725820 1566
1725830 1563
1725840 1562
1725850 1560
1725860 1559
1725870 1558
1725880 1557
1725890 1556
1725900 1556
1725910 1556
1725920 1556
1725930 1557
1725940 1557
1725950 1557
1725960 1558
1725970 1559
1725980 1560
1725990 1561
1726000 1562
1726010 1564
1726020 1565
1726030 1566
1726040 1567
1726050 1568
1726060 1570
1726070 1573
1726080 1575
1726090 1577
1726100 1579
1726110 1581
1726120 1583
1726130 1585
1726140 1587
1726150 1589
1726160 1590
1726170 1592
1726180 1593
1726190 1594
1726200 1594
1726210 1593
1726220 1591
1726230 1589
1726240 1587
1726250 1585
1726260 1582
1726270 1579
1726280 1575
1726290 1571
1726300 1566
1726310 1561
1726320 1556
1726330 1551
1726340 1546
1726350 1541
1726360 1536
1726370 1532
1726380 1527
1726390 1523
1726400 1519
1726410 1514
1726420 1509
1726430 1504
1726440 1500
1726450 1495
1726460 1490
1726470 1484
1726480 1479
1726490 1475
1726500 1469
1726510 1462
1726520 1455
1726530 1448
1726540 1442
1726550 1433
1726560 1424
1726570 1415
1726580 1409
1726590 1404
1726600 1399
1726610 1394
1726620 1389
1726630 1384
1726640 1378
1726650 1373
1726660 1368
1726670 1362
1726680 1357
1726690 1352
1726700 1348
1726710 1343
1726720 1339
1726730 1334
1726740 1330
1726750 1327
1726760 1323
1726770 1319
1726780 1315
1726790 1312
1726800 1308
1726810 1305
1726820 1303
1726830 1300
1726840 1297
1726850 1294
1726860 1292
1726870 1290
1726880 1287
1726890 1285
1726900 1282
1726910 1280
1726920 1278
1726930 1276
1726940 1273
1726950 1271
1726960 1269
1726970 1267
1726980 1265
1726990 1264
1727000 1262
1727010 1260
1727020 1258
1727030 1256
1727040 1255
1727050 1253
1727060 1252
1727070 1250
1727080 1249
1727090 1248
1727100 1247
1727110 1246
1727120 1245
1727130 1244
1727140 1243
1727150 1242
1727160 1241
1727170 1240
1727180 1239
1727190 1239
1727200 1239
1727210 1239
1727220 1239
1727230 1239
1727240 1239
1727250 1238
1727260 1236
1727270 1235
1727280 1235
1727290 1235
1727300 1236
1727310 1237
1727320 1237
1727330 1236
1727340 1232
1727350 1227
1727360 1223
1727370 1218
1727380 1215
1727390 1213
1727400 1212
1727410 1211
1727420 1210
1727430 1209
1727440 1208
1727450 1207
1727460 1205
1727470 1203
1727480 1201
1727490 1198
1727500 1198
1727510 1201
1727520 1206
1727530 1209
1727540 1211
1727550 1213
1727560 1216
1727570 1219
1727580 1221
1727590 1223
1727600 1224
1727610 1226
1727620 1229
1727630 1231
1727640 1232
1727650 1233
1727660 1234
1727670 1234
1727680 1235
1727690 1235
1727700 1235
1727710 1235
1727720 1235
1727730 1235
1727740 1236
1727750 1236
1727760 1237
1727770 1238
1727780 1240
1727790 1243
1727800 1246
1727810 1249
1727820 1252
1727830 1254
1727840 1256
1727850 1258
1727860 1262
1727870 1265
1727880 1268
1727890 1269
1727900 1271
1727910 1272
1727920 1274
1727930 1276
1727940 1277
1727950 1278
1727960 1279
1727970 1280
1727980 1280
1727990 1280
1728000 1279
1728010 1277
1728020 1275
1728030 1272
1728040 1269
1728050 1265
1728060 1261
1728070 1256
1728080 1252
1728090 1248
1728100 1243
1728110 1238
1728120 1233
1728130 1228
1728140 1224
1728150 1220
1728160 1216
1728170 1212
1728180 1207
1728190 1202
1728200 1196
1728210 1192
1728220 1187
1728230 1184
1728240 1182
1728250 1180
1728260 1177
1728270 1174
1728280 1172
1728290 1170
1728300 1168
1728310 1165
1728320 1163
1728330 1163
1728340 1163
1728350 1164
1728360 1164
1728370 1165
1728380 1165
1728390 1165
1728400 1165
1728410 1165
1728420 1165
1728430 1164
1728440 1162
1728450 1160
1728460 1158
1728470 1156
1728480 1153
1728490 1151
1728500 1148
1728510 1146
1728520 1143
1728530 1140
1728540 1138
1728550 1135
1728560 1132
1728570 1130
1728580 1127
1728590 1124
1728600 1121
1728610 1119
1728620 1117
1728630 1115
1728640 1113
1728650 1112
1728660 1111
1728670 1109
1728680 1107
1728690 1109
1728700 1111
1728710 1112
1728720 1113
1728730 1114
1728740 1114
1728750 1116
1728760 1118
1728770 1121
1728780 1123
1728790 1126
1728800 1130
1728810 1132
1728820 1135
1728830 1137
1728840 1141
1728850 1144
1728860 1147
1728870 1151
1728880 1154
1728890 1157
1728900 1160
1728910 1164
1728920 1167
1728930 1171
1728940 1175
1728950 1179
1728960 1183
1728970 1187
1728980 1191
1728990 1196
1729000 1200
1729010 1204
1729020 1208
1729030 1213
1729040 1217
1729050 1221
1729060 1225
1729070 1229
1729080 1233
1729090 1238
1729100 1242
1729110 1246
1729120 1250
1729130 1255
1729140 1259
1729150 1263
1729160 1267
1729170 1271
1729180 1276
1729190 1280
1729200 1284
1729210 1288
1729220 1292
1729230 1296
1729240 1300
1729250 1303
1729260 1307
1729270 1311
1729280 1315
1729290 1319
1729300 1322
1729310 1326
1729320 1330
1729330 1333
1729340 1337
1729350 1341
1729360 1344
1729370 1348
1729380 1351
1729390 1355
1729400 1358
1729410 1362
1729420 1365
1729430 1367
1729440 1369
1729450 1372
1729460 1373
1729470 1375
1729480 1376
1729490 1376
1729500 1376
1729510 1376
1729520 1376
1729530 1375
1729540 1375
1729550 1375
1729560 1375
1729570 1376
1729580 1376
1729590 1376
1729600 1377
1729610 1377
1729620 1378
1729630 1378
1729640 1379
1729650 1380
1729660 1381
1729670 1382
1729680 1382
1729690 1383
1729700 1383
1729710 1383
1729720 1381
1729730 1378
1729740 1375
1729750 1372
1729760 1369
1729770 1367
1729780 1363
1729790 1360
1729800 1357
1729810 1355
1729820 1353
1729830 1351
1729840 1349
1729850 1347
1729860 1344
1729870 1341
1729880 1339
1729890 1336
1729900 1334
1729910 1332
1729920 1331
1729930 1329
1729940 1329
1729950 1329
1729960 1329
1729970 1330
1729980 1330
1729990 1330
1730000 1328
1730010 1325
1730020 1322
1730030 1319
1730040 1315
1730050 1311
1730060 1307
1730070 1303
1730080 1299
1730090 1295
1730100 1291
1730110 1288
1730120 1284
1730130 1282
1730140 1281
1730150 1281
1730160 1281
1730170 1281
1730180 1280
1730190 1279
1730200 1278
1730210 1276
1730220 1274
1730230 1271
1730240 1268
1730250 1264
1730260 1260
1730270 1256
1730280 1252
1730290 1248
1730300 1243
1730310 1239
1730320 1235
1730330 1232
1730340 1228
1730350 1224
1730360 1221
1730370 1218
1730380 1216
1730390 1213
1730400 1208
1730410 1202
1730420 1195
1730430 1186
1730440 1179
1730450 1174
1730460 1169
1730470 1161
1730480 1150
1730490 1146
1730500 1146
1730510 1149
1730520 1166
1730530 1180
1730540 1190
1730550 1200
1730560 1208
1730570 1215
1730580 1220
1730590 1224
1730600 1228
1730610 1231
1730620 1234
1730630 1237
1730640 1240
1730650 1244
1730660 1247
1730670 1251
1730680 1255
1730690 1258
1730700 1262
1730710 1266
1730720 1270
1730730 1275
1730740 1275
1730750 1273
1730760 1269
1730770 1265
1730780 1261
1730790 1258
1730800 1255
1730810 1252
1730820 1250
1730830 1248
1730840 1245
1730850 1243
1730860 1240
1730870 1237
1730880 1234
1730890 1230
1730900 1227
1730910 1223
1730920 1218
1730930 1213
1730940 1206
1730950 1207
1730960 1208
1730970 1208
1730980 1211
1730990 1213
1731000 1215
1731010 1216
1731020 1218
1731030 1218
1731040 1220
1731050 1223
1731060 1227
1731070 1230
1731080 1233
1731090 1236
1731100 1239
1731110 1241
1731120 1244
1731130 1247
1731140 1249
1731150 1252
1731160 1254
1731170 1256
1731180 1257
1731190 1259
1731200 1261
1731210 1264
1731220 1267
1731230 1270
1731240 1273
1731250 1276
1731260 1279
1731270 1281
1731280 1284
1731290 1283
1731300 1281
1731310 1277
1731320 1273
1731330 1268
1731340 1263
1731350 1258
1731360 1253
1731370 1248
1731380 1243
1731390 1238
1731400 1234
1731410 1229
1731420 1225
1731430 1220
1731440 1217
1731450 1214
1731460 1212
1731470 1209
1731480 1205
1731490 1202
1731500 1198
1731510 1195
1731520 1191
1731530 1189
1731540 1186
1731550 1183
1731560 1180
1731570 1177
1731580 1173
1731590 1170
1731600 1166
1731610 1164
1731620 1160
1731630 1157
1731640 1154
1731650 1150
1731660 1147
1731670 1144
1731680 1141
1731690 1138
1731700 1134
1731710 1130
1731720 1126
1731730 1121
1731740 1117
1731750 1113
1731760 1109
1731770 1105
1731780 1101
1731790 1098
1731800 1094
1731810 1090
1731820 1087
1731830 1084
1731840 1081
1731850 1077
1731860 1074
1731870 1071
1731880 1069
1731890 1066
1731900 1064
1731910 1061
1731920 1059
1731930 1057
1731940 1055
1731950 1052
1731960 1050
1731970 1047
1731980 1044
1731990 1041
1732000 1039
1732010 1035
1732020 1032
1732030 1028
1732040 1024
1732050 1021
1732060 1020
1732070 1022
1732080 1025
1732090 1028
1732100 1030
1732110 1032
1732120 1033
1732130 1033
1732140 1031
1732150 1031
1732160 1031
1732170 1033
1732180 1035
1732190 1036
1732200 1038
1732210 1040
1732220 1041
1732230 1043
1732240 1045
1732250 1047
1732260 1049
1732270 1050
1732280 1052
1732290 1054
1732300 1055
1732310 1057
1732320 1059
1732330 1061
1732340 1063
1732350 1065
1732360 1066
1732370 1068
1732380 1069
1732390 1070
1732400 1072
1732410 1072
1732420 1073
1732430 1075
1732440 1077
1732450 1079
1732460 1081
1732470 1083
1732480 1086
1732490 1088
1732500 1091
1732510 1093
1732520 1095
1732530 1096
1732540 1097
1732550 1098
1732560 1099
1732570 1101
1732580 1103
1732590 1105
1732600 1107
1732610 1109
1732620 1112
1732630 1114
1732640 1116
1732650 1118
1732660 1120
1732670 1122
1732680 1125
1732690 1127
1732700 1130
1732710 1131
1732720 1133
1732730 1135
1732740 1137
1732750 1140
1732760 1143
1732770 1145
1732780 1149
1732790 1151
1732800 1154
1732810 1154
1732820 1154
1732830 1154
1732840 1155
1732850 1155
1732860 1156
1732870 1157
1732880 1158
1732890 1159
1732900 1161
1732910 1162
1732920 1163
1732930 1164
1732940 1165
1732950 1167
1732960 1168
1732970 1168
1732980 1169
1732990 1170
1733000 1170
1733010 1170
1733020 1169
1733030 1168
1733040 1167
1733050 1167
1733060 1169
1733070 1171
1733080 1173
1733090 1175
1733100 1178
1733110 1182
1733120 1186
1733130 1190
1733140 1194
1733150 1198
1733160 1201
1733170 1203
1733180 1205
1733190 1208
1733200 1210
1733210 1213
1733220 1215
1733230 1217
1733240 1219
1733250 1222
1733260 1224
1733270 1227
1733280 1229
1733290 1231
1733300 1233
1733310 1234
1733320 1235
1733330 1236
1733340 1236
1733350 1235
1733360 1235
1733370 1237
1733380 1239
1733390 1243
1733400 1247
1733410 1252
1733420 1256
1733430 1260
1733440 1265
1733450 1270
1733460 1274
1733470 1279
1733480 1284
1733490 1289
1733500 1294
1733510 1298
1733520 1302
1733530 1307
1733540 1312
1733550 1316
1733560 1319
1733570 1323
1733580 1327
1733590 1332
1733600 1338
1733610 1342
1733620 1345
1733630 1348
1733640 1351
1733650 1355
1733660 1359
1733670 1363
1733680 1368
1733690 1373
1733700 1380
1733710 1386
1733720 1393
1733730 1402
1733740 1409
1733750 1409
1733760 1407
1733770 1405
1733780 1404
1733790 1405
1733800 1406
1733810 1408
1733820 1409
1733830 1411
1733840 1413
1733850 1416
1733860 1419
1733870 1423
1733880 1424
1733890 1426
1733900 1427
1733910 1430
1733920 1433
1733930 1436
1733940 1438
1733950 1441
1733960 1444
1733970 1448
1733980 1451
1733990 1455
1734000 1459
1734010 1462
1734020 1466
1734030 1471
1734040 1476
1734050 1484
1734060 1504
1734070 1515
1734080 1522
1734090 1531
1734100 1541
1734110 1551
1734120 1554
1734130 1552
1734140 1547
1734150 1537
1734160 1525
1734170 1512
1734180 1499
1734190 1487
1734200 1477
1734210 1469
1734220 1464
1734230 1459
1734240 1455
1734250 1450
1734260 1446
1734270 1441
1734280 1437
1734290 1433
1734300 1429
1734310 1425
1734320 1420
1734330 1416
1734340 1413
1734350 1409
1734360 1406
1734370 1402
1734380 1399
1734390 1397
1734400 1394
1734410 1391
1734420 1389
1734430 1387
1734440 1385
1734450 1384
1734460 1382
1734470 1379
1734480 1377
1734490 1375
1734500 1374
1734510 1373
1734520 1373
1734530 1372
1734540 1372
1734550 1372
1734560 1371
1734570 1369
1734580 1369
1734590 1369
1734600 1369
1734610 1369
1734620 1370
1734630 1370
1734640 1369
1734650 1367
1734660 1364
1734670 1363
1734680 1362
1734690 1363
1734700 1363
1734710 1363
1734720 1363
1734730 1364
1734740 1367
1734750 1369
1734760 1371
1734770 1371
1734780 1372
1734790 1374
1734800 1376
1734810 1379
1734820 1382
1734830 1385
1734840 1387
1734850 1391
1734860 1395
1734870 1398
1734880 1401
1734890 1404
1734900 1407
1734910 1410
1734920 1414
1734930 1418
1734940 1421
1734950 1425
1734960 1429
1734970 1434
1734980 1439
1734990 1445
1735000 1453
1735010 1461
1735020 1468
1735030 1473
1735040 1479
1735050 1486
1735060 1493
1735070 1496
1735080 1497
1735090 1496
1735100 1494
1735110 1492
1735120 1491
1735130 1489
1735140 1488
1735150 1487
1735160 1485
1735170 1484
1735180 1484
1735190 1483
1735200 1483
1735210 1482
1735220 1483
1735230 1483
1735240 1483
1735250 1482
1735260 1482
1735270 1483
1735280 1483
1735290 1483
1735300 1483
1735310 1484
1735320 1485
1735330 1486
1735340 1488
1735350 1490
1735360 1492
1735370 1493
1735380 1495
1735390 1497
1735400 1499
1735410 1501
1735420 1503
1735430 1506
1735440 1508
1735450 1510
1735460 1512
1735470 1514
1735480 1515
1735490 1515
1735500 1514
1735510 1513
1735520 1511
1735530 1506
1735540 1500
1735550 1493
1735560 1485
1735570 1478
1735580 1472
1735590 1466
1735600 1460
1735610 1455
1735620 1451
1735630 1446
1735640 1441
1735650 1437
1735660 1433
1735670 1429
1735680 1425
1735690 1420
1735700 1415
1735710 1412
1735720 1409
1735730 1406
1735740 1404
1735750 1402
1735760 1399
1735770 1396
1735780 1394
1735790 1392
1735800 1391
1735810 1391
1735820 1390
1735830 1389
1735840 1387
1735850 1385
1735860 1386
1735870 1387
1735880 1390
1735890 1394
1735900 1398
1735910 1402
1735920 1407
1735930 1412
1735940 1417
1735950 1421
1735960 1426
1735970 1431
1735980 1436
1735990 1441
1736000 1446
1736010 1451
1736020 1456
1736030 1461
1736040 1467
1736050 1472
1736060 1477
1736070 1482
1736080 1486
1736090 1491
1736100 1496
1736110 1500
1736120 1505
1736130 1509
1736140 1513
1736150 1517
1736160 1521
1736170 1525
1736180 1528
1736190 1531
1736200 1534
1736210 1536
1736220 1537
1736230 1537
1736240 1537
1736250 1537
1736260 1537
1736270 1537
1736280 1537
1736290 1538
1736300 1538
1736310 1539
1736320 1539
1736330 1540
1736340 1541
1736350 1541
1736360 1541
1736370 1542
1736380 1543
1736390 1543
1736400 1544
1736410 1544
1736420 1545
1736430 1545
1736440 1546
1736450 1546
1736460 1546
1736470 1546
1736480 1545
1736490 1544
1736500 1544
1736510 1543
1736520 1542
1736530 1541
1736540 1539
1736550 1537
1736560 1535
1736570 1533
1736580 1531
1736590 1528
1736600 1526
1736610 1523
1736620 1521
1736630 1518
1736640 1515
1736650 1511
1736660 1509
1736670 1506
1736680 1503
1736690 1499
1736700 1496
1736710 1493
1736720 1490
1736730 1486
1736740 1483
1736750 1481
1736760 1478
1736770 1476
1736780 1473
1736790 1471
1736800 1469
1736810 1467
1736820 1465
1736830 1463
1736840 1461
1736850 1459
1736860 1457
1736870 1455
1736880 1453
1736890 1451
1736900 1449
1736910 1447
1736920 1445
1736930 1443
1736940 1441
1736950 1438
1736960 1436
1736970 1433
1736980 1431
1736990 1428
1737000 1426
1737010 1423
1737020 1421
1737030 1418
1737040 1415
1737050 1412
1737060 1409
1737070 1406
1737080 1403
1737090 1400
1737100 1396
1737110 1393
1737120 1390
1737130 1387
1737140 1383
1737150 1380
1737160 1377
1737170 1373
1737180 1370
1737190 1366
1737200 1363
1737210 1359
1737220 1356
1737230 1352
1737240 1349
1737250 1345
1737260 1342
1737270 1338
1737280 1335
1737290 1332
1737300 1328
1737310 1325
1737320 1321
1737330 1317
1737340 1314
1737350 1310
1737360 1308
1737370 1305
1737380 1302
1737390 1299
1737400 1297
1737410 1294
1737420 1291
1737430 1288
1737440 1284
1737450 1280
1737460 1276
1737470 1272
1737480 1268
1737490 1264
1737500 1260
1737510 1256
1737520 1253
1737530 1250
1737540 1246
1737550 1243
1737560 1239
1737570 1236
1737580 1233
1737590 1230
1737600 1227
1737610 1223
1737620 1219
1737630 1214
1737640 1210
1737650 1206
1737660 1202
1737670 1198
1737680 1194
1737690 1191
1737700 1188
1737710 1186
1737720 1183
1737730 1180
1737740 1177
1737750 1174
1737760 1172
1737770 1169
1737780 1166
1737790 1163
1737800 1161
1737810 1158
1737820 1156
1737830 1155
1737840 1154
1737850 1153
1737860 1152
1737870 1151
1737880 1150
1737890 1149
1737900 1148
1737910 1146
1737920 1144
1737930 1142
1737940 1140
1737950 1137
1737960 1135
1737970 1132
1737980 1129
1737990 1127
1738000 1125
1738010 1123
1738020 1121
1738030 1119
1738040 1116
1738050 1113
1738060 1110
1738070 1106
1738080 1103
1738090 1099
1738100 1096
1738110 1093
1738120 1090
1738130 1087
1738140 1085
1738150 1083
1738160 1080
1738170 1078
1738180 1074
1738190 1069
1738200 1065
1738210 1061
1738220 1058
1738230 1055
1738240 1053
1738250 1050
1738260 1048
1738270 1046
1738280 1044
1738290 1041
1738300 1039
1738310 1036
1738320 1033
1738330 1029
1738340 1027
1738350 1025
1738360 1023
1738370 1021
1738380 1019
1738390 1017
1738400 1016
1738410 1015
1738420 1014
1738430 1013
1738440 1011
1738450 1009
1738460 1007
1738470 1005
1738480 1004
1738490 1002
1738500 1000
1738510 998
1738520 997
1738530 995
1738540 994
1738550 994
1738560 994
1738570 994
1738580 994
1738590 994
1738600 995
1738610 996
1738620 996
1738630 996
1738640 995
1738650 995
1738660 994
1738670 993
1738680 992
1738690 991
1738700 990
1738710 989
1738720 988
1738730 987
1738740 985
1738750 984
1738760 984
1738770 982
1738780 981
1738790 978
1738800 976
1738810 973
1738820 970
1738830 967
1738840 964
1738850 961
1738860 958
1738870 955
1738880 953
1738890 952
1738900 950
1738910 949
1738920 947
1738930 946
1738940 944
1738950 941
1738960 939
1738970 938
1738980 936
1738990 935
1739000 934
1739010 933
1739020 932
1739030 930
1739040 928
1739050 927
1739060 928
1739070 927
1739080 927
1739090 926
1739100 924
1739110 923
1739120 922
1739130 920
1739140 919
1739150 918
1739160 917
1739170 915
1739180 913
1739190 911
1739200 909
1739210 907
1739220 906
1739230 905
1739240 903
1739250 902
1739260 900
1739270 899
1739280 897
1739290 894
1739300 891
1739310 889
1739320 888
1739330 887
1739340 886
1739350 885
1739360 884
1739370 883
1739380 881
1739390 880
1739400 879
1739410 878
1739420 879
1739430 880
1739440 881
1739450 880
1739460 878
1739470 878
1739480 878
1739490 878
1739500 877
1739510 876
1739520 876
1739530 875
1739540 875
1739550 874
1739560 873
1739570 873
1739580 873
1739590 873
1739600 872
1739610 871
1739620 870
1739630 869
1739640 867
1739650 865
1739660 864
1739670 862
1739680 859
1739690 857
1739700 855
1739710 852
1739720 851
1739730 849
1739740 847
1739750 845
1739760 843
1739770 841
1739780 839
1739790 837
1739800 835
1739810 834
1739820 832
1739830 831
1739840 829
1739850 827
1739860 825
1739870 823
1739880 821
1739890 819
1739900 818
1739910 816
1739920 814
1739930 812
1739940 809
1739950 808
1739960 806
1739970 805
1739980 803
1739990 802
