1720000 952
1720010 954
1720020 957
1720030 960
1720040 963
1720050 965
1720060 968
1720070 970
1720080 972
1720090 974
1720100 977
1720110 979
1720120 982
1720130 984
1720140 987
1720150 989
1720160 991
1720170 994
1720180 997
1720190 1000
1720200 1003
1720210 1006
1720220 1010
1720230 1013
1720240 1016
1720250 1020
1720260 1023
1720270 1027
1720280 1030
1720290 1034
1720300 1038
1720310 1041
1720320 1045
1720330 1049
1720340 1052
1720350 1056
1720360 1059
1720370 1063
1720380 1066
1720390 1070
1720400 1073
1720410 1076
1720420 1079
1720430 1082
1720440 1085
1720450 1088
1720460 1091
1720470 1094
1720480 1096
1720490 1098
1720500 1101
1720510 1103
1720520 1105
1720530 1108
1720540 1110
1720550 1112
1720560 1115
1720570 1117
1720580 1120
1720590 1123
1720600 1126
1720610 1129
1720620 1132
1720630 1135
1720640 1138
1720650 1141
1720660 1144
1720670 1147
1720680 1151
1720690 1155
1720700 1158
1720710 1162
1720720 1166
1720730 1169
1720740 1173
1720750 1176
1720760 1179
1720770 1182
1720780 1185
1720790 1188
1720800 1190
1720810 1192
1720820 1193
1720830 1194
1720840 1195
1720850 1196
1720860 1197
1720870 1198
1720880 1198
1720890 1199
1720900 1198
1720910 1198
1720920 1198
1720930 1197
1720940 1197
1720950 1196
1720960 1196
1720970 1195
1720980 1194
1720990 1193
1721000 1192
1721010 1191
1721020 1190
1721030 1188
1721040 1187
1721050 1186
1721060 1184
1721070 1182
1721080 1180
1721090 1179
1721100 1177
1721110 1175
1721120 1175
1721130 1174
1721140 1175
1721150 1176
1721160 1178
1721170 1180
1721180 1181
1721190 1183
1721200 1185
1721210 1186
1721220 1187
1721230 1188
1721240 1190
1721250 1191
1721260 1192
1721270 1192
1721280 1193
1721290 1193
1721300 1193
1721310 1193
1721320 1191
1721330 1189
1721340 1186
1721350 1182
1721360 1178
1721370 1175
1721380 1171
1721390 1168
1721400 1164
1721410 1161
1721420 1157
1721430 1153
1721440 1150
1721450 1146
1721460 1143
1721470 1139
1721480 1135
1721490 1132
1721500 1128
1721510 1125
1721520 1121
1721530 1118
1721540 1115
1721550 1112
1721560 1109
1721570 1106
1721580 1103
1721590 1100
1721600 1097
1721610 1094
1721620 1091
1721630 1087
1721640 1084
1721650 1080
1721660 1077
1721670 1074
1721680 1070
1721690 1067
1721700 1064
1721710 1061
1721720 1057
1721730 1053
1721740 1050
1721750 1046
1721760 1044
1721770 1046
1721780 1050
1721790 1055
1721800 1059
1721810 1061
1721820 1064
1721830 1067
1721840 1070
1721850 1073
1721860 1075
1721870 1078
1721880 1081
1721890 1083
1721900 1084
1721910 1084
1721920 1084
1721930 1084
1721940 1082
1721950 1081
1721960 1080
1721970 1078
1721980 1076
1721990 1075
1722000 1076
1722010 1077
1722020 1079
1722030 1080
1722040 1081
1722050 1080
1722060 1081
1722070 1083
1722080 1086
1722090 1088
1722100 1091
1722110 1093
1722120 1095
1722130 1098
1722140 1099
1722150 1099
1722160 1099
1722170 1100
1722180 1102
1722190 1104
1722200 1107
1722210 1110
1722220 1114
1722230 1117
1722240 1119
1722250 1121
1722260 1124
1722270 1126
1722280 1128
1722290 1132
1722300 1135
1722310 1139
1722320 1142
1722330 1146
1722340 1149
1722350 1153
1722360 1157
1722370 1160
1722380 1163
1722390 1167
1722400 1171
1722410 1175
1722420 1179
1722430 1183
1722440 1186
1722450 1190
1722460 1194
1722470 1199
1722480 1203
1722490 1207
1722500 1212
1722510 1216
1722520 1220
1722530 1225
1722540 1229
1722550 1233
1722560 1238
1722570 1242
1722580 1245
1722590 1249
1722600 1253
1722610 1257
1722620 1262
1722630 1265
1722640 1268
1722650 1271
1722660 1275
1722670 1278
1722680 1280
1722690 1282
1722700 1284
1722710 1286
1722720 1288
1722730 1290
1722740 1292
1722750 1293
1722760 1294
1722770 1294
1722780 1293
1722790 1292
1722800 1291
1722810 1289
1722820 1287
1722830 1285
1722840 1283
1722850 1281
1722860 1278
1722870 1276
1722880 1273
1722890 1270
1722900 1267
1722910 1264
1722920 1261
1722930 1258
1722940 1255
1722950 1252
1722960 1249
1722970 1247
1722980 1244
1722990 1242
1723000 1239
1723010 1237
1723020 1235
1723030 1233
1723040 1231
1723050 1228
1723060 1226
1723070 1223
1723080 1220
1723090 1217
1723100 1215
1723110 1217
1723120 1218
1723130 1220
1723140 1223
1723150 1224
1723160 1226
1723170 1227
1723180 1228
1723190 1229
1723200 1230
1723210 1231
1723220 1232
1723230 1233
1723240 1234
1723250 1235
1723260 1235
1723270 1236
1723280 1236
1723290 1236
1723300 1236
1723310 1236
1723320 1234
1723330 1232
1723340 1228
1723350 1224
1723360 1219
1723370 1215
1723380 1211
1723390 1207
1723400 1203
1723410 1199
1723420 1195
1723430 1191
1723440 1188
1723450 1184
1723460 1180
1723470 1175
1723480 1171
1723490 1168
1723500 1164
1723510 1161
1723520 1158
1723530 1155
1723540 1152
1723550 1149
1723560 1146
1723570 1143
1723580 1142
1723590 1139
1723600 1136
1723610 1133
1723620 1130
1723630 1129
1723640 1132
1723650 1135
1723660 1138
1723670 1143
1723680 1148
1723690 1153
1723700 1157
1723710 1161
1723720 1165
1723730 1170
1723740 1174
1723750 1178
1723760 1182
1723770 1185
1723780 1188
1723790 1190
1723800 1193
1723810 1196
1723820 1199
1723830 1201
1723840 1203
1723850 1205
1723860 1207
1723870 1209
1723880 1210
1723890 1212
1723900 1213
1723910 1213
1723920 1214
1723930 1214
1723940 1214
1723950 1215
1723960 1215
1723970 1215
1723980 1215
1723990 1216
1724000 1217
1724010 1218
1724020 1219
1724030 1222
1724040 1226
1724050 1230
1724060 1234
1724070 1239
1724080 1244
1724090 1248
1724100 1252
1724110 1256
1724120 1261
1724130 1265
1724140 1269
1724150 1274
1724160 1278
1724170 1282
1724180 1287
1724190 1291
1724200 1296
1724210 1300
1724220 1304
1724230 1309
1724240 1313
1724250 1318
1724260 1322
1724270 1326
1724280 1331
1724290 1335
1724300 1339
1724310 1344
1724320 1348
1724330 1353
1724340 1357
1724350 1361
1724360 1366
1724370 1370
1724380 1374
1724390 1379
1724400 1383
1724410 1387
1724420 1391
1724430 1395
1724440 1400
1724450 1403
1724460 1407
1724470 1411
1724480 1415
1724490 1419
1724500 1423
1724510 1427
1724520 1430
1724530 1434
1724540 1437
1724550 1438
1724560 1438
1724570 1437
1724580 1433
1724590 1419
1724600 1404
1724610 1394
1724620 1389
1724630 1384
1724640 1380
1724650 1376
1724660 1372
1724670 1367
1724680 1363
1724690 1360
1724700 1356
1724710 1351
1724720 1346
1724730 1341
1724740 1337
1724750 1334
1724760 1331
1724770 1328
1724780 1324
1724790 1321
1724800 1318
1724810 1314
1724820 1310
1724830 1306
1724840 1302
1724850 1298
1724860 1294
1724870 1290
1724880 1287
1724890 1284
1724900 1282
1724910 1278
1724920 1275
1724930 1272
1724940 1269
1724950 1265
1724960 1262
1724970 1258
1724980 1255
1724990 1252
1725000 1249
1725010 1247
1725020 1244
1725030 1242
1725040 1239
1725050 1237
1725060 1235
1725070 1233
1725080 1231
1725090 1230
1725100 1229
1725110 1228
1725120 1227
1725130 1227
1725140 1226
1725150 1225
1725160 1224
1725170 1223
1725180 1221
1725190 1220
1725200 1219
1725210 1218
1725220 1216
1725230 1215
1725240 1214
1725250 1213
1725260 1211
1725270 1209
1725280 1206
1725290 1204
1725300 1202
1725310 1201
1725320 1199
1725330 1198
1725340 1196
1725350 1195
1725360 1195
1725370 1196
1725380 1197
1725390 1198
1725400 1198
1725410 1199
1725420 1200
1725430 1201
1725440 1202
1725450 1203
1725460 1204
1725470 1204
1725480 1204
1725490 1204
1725500 1205
1725510 1206
1725520 1207
1725530 1208
1725540 1209
1725550 1210
1725560 1211
1725570 1212
1725580 1214
1725590 1217
1725600 1220
1725610 1223
1725620 1225
1725630 1228
1725640 1231
1725650 1234
1725660 1237
1725670 1240
1725680 1243
1725690 1246
1725700 1249
1725710 1252
1725720 1255
1725730 1257
1725740 1260
1725750 1263
1725760 1265
1725770 1268
1725780 1270
1725790 1273
1725800 1276
1725810 1278
1725820 1281
1725830 1283
1725840 1285
1725850 1287
1725860 1289
1725870 1291
1725880 1293
1725890 1294
1725900 1296
1725910 1298
1725920 1299
1725930 1299
1725940 1300
1725950 1302
1725960 1305
1725970 1307
1725980 1310
1725990 1312
1726000 1315
1726010 1317
1726020 1319
1726030 1322
1726040 1324
1726050 1326
1726060 1328
1726070 1329
1726080 1330
1726090 1330
1726100 1330
1726110 1330
1726120 1329
1726130 1329
1726140 1327
1726150 1326
1726160 1325
1726170 1324
1726180 1322
1726190 1319
1726200 1317
1726210 1315
1726220 1312
1726230 1310
1726240 1308
1726250 1306
1726260 1304
1726270 1302
1726280 1300
1726290 1298
1726300 1296
1726310 1294
1726320 1291
1726330 1289
1726340 1286
1726350 1283
1726360 1279
1726370 1276
1726380 1272
1726390 1269
1726400 1267
1726410 1264
1726420 1261
1726430 1258
1726440 1255
1726450 1252
1726460 1248
1726470 1245
1726480 1242
1726490 1238
1726500 1235
1726510 1231
1726520 1228
1726530 1225
1726540 1222
1726550 1220
1726560 1219
1726570 1218
1726580 1217
1726590 1216
1726600 1216
1726610 1215
1726620 1214
1726630 1212
1726640 1211
1726650 1209
1726660 1208
1726670 1207
1726680 1206
1726690 1204
1726700 1203
1726710 1202
1726720 1201
1726730 1199
1726740 1197
1726750 1194
1726760 1191
1726770 1188
1726780 1185
1726790 1183
1726800 1180
1726810 1176
1726820 1173
1726830 1170
1726840 1168
1726850 1167
1726860 1168
1726870 1172
1726880 1175
1726890 1178
1726900 1181
1726910 1184
1726920 1186
1726930 1188
1726940 1190
1726950 1192
1726960 1194
1726970 1196
1726980 1199
1726990 1202
1727000 1205
1727010 1208
1727020 1211
1727030 1214
1727040 1216
1727050 1218
1727060 1221
1727070 1224
1727080 1227
1727090 1230
1727100 1233
1727110 1237
1727120 1240
1727130 1244
1727140 1248
1727150 1252
1727160 1256
1727170 1259
1727180 1263
1727190 1266
1727200 1270
1727210 1273
1727220 1277
1727230 1280
1727240 1283
1727250 1287
1727260 1290
1727270 1293
1727280 1296
1727290 1298
1727300 1301
1727310 1303
1727320 1306
1727330 1308
1727340 1310
1727350 1312
1727360 1313
1727370 1315
1727380 1316
1727390 1316
1727400 1316
1727410 1316
1727420 1315
1727430 1315
1727440 1314
1727450 1313
1727460 1312
1727470 1310
1727480 1309
1727490 1307
1727500 1305
1727510 1302
1727520 1299
1727530 1296
1727540 1293
1727550 1289
1727560 1286
1727570 1283
1727580 1280
1727590 1277
1727600 1274
1727610 1271
1727620 1268
1727630 1266
1727640 1263
1727650 1260
1727660 1257
1727670 1254
1727680 1251
1727690 1248
1727700 1245
1727710 1241
1727720 1238
1727730 1235
1727740 1232
1727750 1230
1727760 1227
1727770 1225
1727780 1223
1727790 1220
1727800 1218
1727810 1215
1727820 1213
1727830 1210
1727840 1207
1727850 1204
1727860 1201
1727870 1199
1727880 1197
1727890 1194
1727900 1191
1727910 1189
1727920 1187
1727930 1184
1727940 1182
1727950 1179
1727960 1177
1727970 1176
1727980 1175
1727990 1175
1728000 1176
1728010 1177
1728020 1178
1728030 1178
1728040 1177
1728050 1177
1728060 1178
1728070 1178
1728080 1179
1728090 1179
1728100 1180
1728110 1179
1728120 1177
1728130 1174
1728140 1170
1728150 1167
1728160 1163
1728170 1158
1728180 1153
1728190 1148
1728200 1142
1728210 1136
1728220 1130
1728230 1124
1728240 1119
1728250 1117
1728260 1119
1728270 1124
1728280 1130
1728290 1136
1728300 1142
1728310 1148
1728320 1153
1728330 1158
1728340 1163
1728350 1167
1728360 1170
1728370 1173
1728380 1176
1728390 1178
1728400 1180
1728410 1182
1728420 1184
1728430 1185
1728440 1185
1728450 1185
1728460 1184
1728470 1182
1728480 1180
1728490 1177
1728500 1173
1728510 1168
1728520 1164
1728530 1160
1728540 1155
1728550 1151
1728560 1147
1728570 1143
1728580 1139
1728590 1135
1728600 1131
1728610 1127
1728620 1123
1728630 1120
1728640 1117
1728650 1113
1728660 1110
1728670 1107
1728680 1103
1728690 1098
1728700 1094
1728710 1090
1728720 1085
1728730 1081
1728740 1075
1728750 1069
1728760 1064
1728770 1059
1728780 1055
1728790 1051
1728800 1051
1728810 1050
1728820 1049
1728830 1049
1728840 1048
1728850 1048
1728860 1047
1728870 1046
1728880 1044
1728890 1041
1728900 1038
1728910 1035
1728920 1030
1728930 1026
1728940 1022
1728950 1017
1728960 1011
1728970 1003
1728980 996
1728990 994
1729000 997
1729010 1002
1729020 1006
1729030 1009
1729040 1011
1729050 1012
1729060 1013
1729070 1011
1729080 1009
1729090 1006
1729100 1002
1729110 1000
1729120 1001
1729130 1005
1729140 1009
1729150 1013
1729160 1017
1729170 1021
1729180 1025
1729190 1029
1729200 1032
1729210 1036
1729220 1040
1729230 1044
1729240 1048
1729250 1051
1729260 1055
1729270 1058
1729280 1062
1729290 1066
1729300 1069
1729310 1073
1729320 1076
1729330 1078
1729340 1080
1729350 1080
1729360 1080
1729370 1079
1729380 1077
1729390 1076
1729400 1075
1729410 1074
1729420 1073
1729430 1073
1729440 1073
1729450 1073
1729460 1073
1729470 1072
1729480 1072
1729490 1071
1729500 1070
1729510 1069
1729520 1069
1729530 1068
1729540 1067
1729550 1065
1729560 1063
1729570 1060
1729580 1057
1729590 1054
1729600 1051
1729610 1047
1729620 1043
1729630 1039
1729640 1034
1729650 1030
1729660 1026
1729670 1021
1729680 1017
1729690 1013
1729700 1009
1729710 1004
1729720 999
1729730 993
1729740 990
1729750 985
1729760 979
1729770 974
1729780 968
1729790 963
1729800 958
1729810 953
1729820 949
1729830 945
1729840 940
1729850 936
1729860 933
1729870 930
1729880 926
1729890 922
1729900 918
1729910 913
1729920 909
1729930 908
1729940 904
1729950 898
1729960 893
1729970 887
1729980 881
1729990 876
1730000 871
1730010 866
1730020 861
1730030 857
1730040 854
1730050 852
1730060 851
1730070 850
1730080 851
1730090 851
1730100 851
1730110 852
1730120 853
1730130 854
1730140 855
1730150 854
1730160 854
1730170 851
1730180 849
1730190 848
1730200 847
1730210 846
1730220 845
1730230 843
1730240 841
1730250 839
1730260 836
1730270 834
1730280 831
1730290 828
1730300 825
1730310 821
1730320 817
1730330 811
1730340 806
1730350 802
1730360 797
1730370 792
1730380 788
1730390 784
1730400 781
1730410 778
1730420 776
1730430 773
1730440 769
1730450 765
1730460 761
1730470 757
1730480 755
1730490 753
1730500 751
1730510 749
1730520 749
1730530 748
1730540 748
1730550 748
1730560 748
1730570 748
1730580 748
1730590 749
1730600 749
1730610 750
1730620 750
1730630 751
1730640 751
1730650 752
1730660 752
1730670 752
1730680 752
1730690 751
1730700 751
1730710 751
1730720 750
1730730 750
1730740 750
1730750 751
1730760 751
1730770 750
1730780 750
1730790 751
1730800 751
1730810 750
1730820 750
1730830 749
1730840 749
1730850 748
1730860 748
1730870 748
1730880 748
1730890 748
1730900 747
1730910 747
1730920 747
1730930 746
1730940 746
1730950 746
1730960 745
1730970 745
1730980 745
1730990 745
1731000 744
1731010 744
1731020 744
1731030 744
1731040 744
1731050 743
1731060 743
1731070 743
1731080 743
1731090 744
1731100 746
1731110 748
1731120 750
1731130 753
1731140 755
1731150 758
1731160 762
1731170 766
1731180 769
1731190 773
1731200 777
1731210 782
1731220 787
1731230 791
1731240 795
1731250 799
1731260 805
1731270 813
1731280 820
1731290 825
1731300 830
1731310 836
1731320 842
1731330 846
1731340 847
1731350 844
1731360 841
1731370 838
1731380 834
1731390 829
1731400 824
1731410 819
1731420 815
1731430 812
1731440 808
1731450 805
1731460 801
1731470 798
1731480 794
1731490 789
1731500 784
1731510 779
1731520 775
1731530 771
1731540 766
1731550 762
1731560 758
1731570 754
1731580 750
1731590 747
1731600 745
1731610 743
1731620 742
1731630 742
1731640 742
1731650 742
1731660 743
1731670 743
1731680 743
1731690 743
1731700 742
1731710 742
1731720 742
1731730 743
1731740 744
1731750 745
1731760 745
1731770 745
1731780 745
1731790 745
1731800 745
1731810 746
1731820 746
1731830 747
1731840 748
1731850 751
1731860 753
1731870 756
1731880 758
1731890 761
1731900 764
1731910 767
1731920 770
1731930 773
1731940 776
1731950 780
1731960 784
1731970 789
1731980 793
1731990 797
1732000 801
1732010 805
1732020 809
1732030 813
1732040 817
1732050 821
1732060 827
1732070 831
1732080 836
1732090 840
1732100 844
1732110 849
1732120 855
1732130 860
1732140 865
1732150 869
1732160 873
1732170 876
1732180 880
1732190 883
1732200 886
1732210 889
1732220 891
1732230 890
1732240 888
1732250 884
1732260 880
1732270 876
1732280 872
1732290 868
1732300 864
1732310 860
1732320 856
1732330 853
1732340 850
1732350 848
1732360 846
1732370 844
1732380 842
1732390 840
1732400 839
1732410 839
1732420 839
1732430 840
1732440 841
1732450 843
1732460 845
1732470 846
1732480 848
1732490 851
1732500 853
1732510 855
1732520 857
1732530 858
1732540 859
1732550 860
1732560 862
1732570 865
1732580 867
1732590 868
1732600 868
1732610 869
1732620 870
1732630 871
1732640 872
1732650 873
1732660 874
1732670 875
1732680 875
1732690 875
1732700 873
1732710 873
1732720 874
1732730 874
1732740 873
1732750 872
1732760 872
1732770 872
1732780 871
1732790 870
1732800 869
1732810 868
1732820 870
1732830 869
1732840 868
1732850 866
1732860 865
1732870 864
1732880 864
1732890 864
1732900 865
1732910 865
1732920 866
1732930 866
1732940 867
1732950 868
1732960 869
1732970 872
1732980 877
1732990 881
1733000 885
1733010 888
1733020 891
1733030 893
1733040 897
1733050 902
1733060 906
1733070 910
1733080 914
1733090 918
1733100 921
1733110 926
1733120 930
1733130 935
1733140 939
1733150 943
1733160 948
1733170 953
1733180 959
1733190 965
1733200 971
1733210 976
1733220 980
1733230 984
1733240 988
1733250 991
1733260 995
1733270 999
1733280 1003
1733290 1007
1733300 1011
1733310 1016
1733320 1021
1733330 1025
1733340 1029
1733350 1034
1733360 1038
1733370 1044
1733380 1048
1733390 1052
1733400 1056
1733410 1060
1733420 1064
1733430 1067
1733440 1070
1733450 1072
1733460 1074
1733470 1075
1733480 1076
1733490 1076
1733500 1077
1733510 1077
1733520 1078
1733530 1079
1733540 1079
1733550 1080
1733560 1081
1733570 1081
1733580 1081
1733590 1082
1733600 1082
1733610 1083
1733620 1084
1733630 1085
1733640 1085
1733650 1086
1733660 1088
1733670 1089
1733680 1090
1733690 1091
1733700 1092
1733710 1093
1733720 1094
1733730 1095
1733740 1096
1733750 1097
1733760 1098
1733770 1099
1733780 1100
1733790 1101
1733800 1102
1733810 1103
1733820 1103
1733830 1103
1733840 1104
1733850 1106
1733860 1107
1733870 1108
1733880 1109
1733890 1109
1733900 1110
1733910 1110
1733920 1110
1733930 1111
1733940 1112
1733950 1114
1733960 1114
1733970 1115
1733980 1116
1733990 1116
1734000 1117
1734010 1118
1734020 1119
1734030 1119
1734040 1121
1734050 1122
1734060 1123
1734070 1124
1734080 1124
1734090 1124
1734100 1121
1734110 1123
1734120 1125
1734130 1126
1734140 1125
1734150 1124
1734160 1123
1734170 1120
1734180 1117
1734190 1115
1734200 1114
1734210 1113
1734220 1113
1734230 1113
1734240 1114
1734250 1115
1734260 1115
1734270 1116
1734280 1117
1734290 1119
1734300 1121
1734310 1121
1734320 1121
1734330 1120
1734340 1119
1734350 1115
1734360 1115
1734370 1117
1734380 1121
1734390 1122
1734400 1123
1734410 1122
1734420 1120
1734430 1117
1734440 1113
1734450 1109
1734460 1107
1734470 1110
1734480 1114
1734490 1118
1734500 1121
1734510 1124
1734520 1127
1734530 1129
1734540 1130
1734550 1132
1734560 1134
1734570 1135
1734580 1136
1734590 1135
1734600 1136
1734610 1136
1734620 1137
1734630 1137
1734640 1137
1734650 1136
1734660 1135
1734670 1133
1734680 1131
1734690 1129
1734700 1127
1734710 1124
1734720 1122
1734730 1121
1734740 1120
1734750 1119
1734760 1117
1734770 1116
1734780 1115
1734790 1116
1734800 1119
1734810 1122
1734820 1126
1734830 1129
1734840 1133
1734850 1137
1734860 1141
1734870 1145
1734880 1148
1734890 1152
1734900 1155
1734910 1158
1734920 1162
1734930 1165
1734940 1169
1734950 1173
1734960 1177
1734970 1182
1734980 1187
1734990 1191
1735000 1195
1735010 1198
1735020 1201
1735030 1204
1735040 1206
1735050 1206
1735060 1205
1735070 1203
1735080 1200
1735090 1197
1735100 1195
1735110 1193
1735120 1192
1735130 1190
1735140 1187
1735150 1184
1735160 1180
1735170 1176
1735180 1172
1735190 1168
1735200 1165
1735210 1162
1735220 1160
1735230 1158
1735240 1153
1735250 1148
1735260 1143
1735270 1138
1735280 1133
1735290 1128
1735300 1124
1735310 1123
1735320 1125
1735330 1128
1735340 1131
1735350 1134
1735360 1135
1735370 1136
1735380 1136
1735390 1136
1735400 1137
1735410 1137
1735420 1138
1735430 1138
1735440 1139
1735450 1139
1735460 1139
1735470 1140
1735480 1140
1735490 1140
1735500 1141
1735510 1141
1735520 1141
1735530 1141
1735540 1140
1735550 1139
1735560 1138
1735570 1138
1735580 1138
1735590 1138
1735600 1138
1735610 1138
1735620 1138
1735630 1137
1735640 1136
1735650 1135
1735660 1134
1735670 1133
1735680 1132
1735690 1132
1735700 1131
1735710 1131
1735720 1130
1735730 1128
1735740 1126
1735750 1124
1735760 1122
1735770 1120
1735780 1118
1735790 1117
1735800 1116
1735810 1115
1735820 1114
1735830 1113
1735840 1112
1735850 1111
1735860 1111
1735870 1111
1735880 1111
1735890 1110
1735900 1109
1735910 1109
1735920 1109
1735930 1108
1735940 1108
1735950 1108
1735960 1109
1735970 1110
1735980 1111
1735990 1112
1736000 1114
1736010 1115
1736020 1116
1736030 1118
1736040 1120
1736050 1122
1736060 1124
1736070 1126
1736080 1128
1736090 1129
1736100 1130
1736110 1132
1736120 1132
1736130 1134
1736140 1136
1736150 1138
1736160 1140
1736170 1142
1736180 1144
1736190 1146
1736200 1148
1736210 1150
1736220 1152
1736230 1154
1736240 1156
1736250 1158
1736260 1160
1736270 1162
1736280 1164
1736290 1165
1736300 1167
1736310 1169
1736320 1170
1736330 1172
1736340 1173
1736350 1174
1736360 1174
1736370 1175
1736380 1176
1736390 1177
1736400 1177
1736410 1178
1736420 1179
1736430 1180
1736440 1180
1736450 1179
1736460 1179
1736470 1179
1736480 1180
1736490 1183
1736500 1185
1736510 1187
1736520 1188
1736530 1190
1736540 1192
1736550 1192
1736560 1192
1736570 1192
1736580 1192
1736590 1192
1736600 1191
1736610 1190
1736620 1189
1736630 1188
1736640 1188
1736650 1188
1736660 1187
1736670 1185
1736680 1185
1736690 1186
1736700 1188
1736710 1189
1736720 1190
1736730 1189
1736740 1188
1736750 1187
1736760 1188
1736770 1189
1736780 1189
1736790 1190
1736800 1191
1736810 1192
1736820 1193
1736830 1194
1736840 1194
1736850 1196
1736860 1197
1736870 1198
1736880 1200
1736890 1202
1736900 1203
1736910 1205
1736920 1206
1736930 1208
1736940 1210
1736950 1212
1736960 1213
1736970 1215
1736980 1216
1736990 1217
1737000 1218
1737010 1219
1737020 1219
1737030 1219
1737040 1219
1737050 1220
1737060 1222
1737070 1222
1737080 1223
1737090 1224
1737100 1225
1737110 1227
1737120 1229
1737130 1231
1737140 1233
1737150 1236
1737160 1238
1737170 1240
1737180 1242
1737190 1244
1737200 1246
1737210 1248
1737220 1250
1737230 1251
1737240 1253
1737250 1254
1737260 1254
1737270 1254
1737280 1252
1737290 1250
1737300 1248
1737310 1246
1737320 1243
1737330 1241
1737340 1240
1737350 1240
1737360 1241
1737370 1241
1737380 1240
1737390 1240
1737400 1240
1737410 1239
1737420 1239
1737430 1238
1737440 1239
1737450 1240
1737460 1241
1737470 1242
1737480 1242
1737490 1242
1737500 1243
1737510 1245
1737520 1247
1737530 1250
1737540 1253
1737550 1255
1737560 1258
1737570 1262
1737580 1267
1737590 1271
1737600 1276
1737610 1282
1737620 1287
1737630 1292
1737640 1297
1737650 1302
1737660 1305
1737670 1307
1737680 1305
1737690 1303
1737700 1301
1737710 1303
1737720 1308
1737730 1315
1737740 1319
1737750 1322
1737760 1324
1737770 1327
1737780 1331
1737790 1336
1737800 1340
1737810 1340
1737820 1340
1737830 1344
1737840 1348
1737850 1353
1737860 1359
1737870 1363
1737880 1366
1737890 1366
1737900 1367
1737910 1369
1737920 1375
1737930 1382
1737940 1390
1737950 1399
1737960 1406
1737970 1412
1737980 1417
1737990 1421
1738000 1422
1738010 1420
1738020 1414
1738030 1409
1738040 1404
1738050 1399
1738060 1394
1738070 1388
1738080 1384
1738090 1380
1738100 1376
1738110 1373
1738120 1369
1738130 1366
1738140 1364
1738150 1362
1738160 1361
1738170 1358
1738180 1357
1738190 1356
1738200 1356
1738210 1356
1738220 1356
1738230 1357
1738240 1357
1738250 1358
1738260 1360
1738270 1363
1738280 1365
1738290 1369
1738300 1376
1738310 1384
1738320 1390
1738330 1393
1738340 1394
1738350 1393
1738360 1393
1738370 1393
1738380 1391
1738390 1389
1738400 1386
1738410 1386
1738420 1385
1738430 1383
1738440 1379
1738450 1375
1738460 1370
1738470 1366
1738480 1362
1738490 1358
1738500 1353
1738510 1349
1738520 1345
1738530 1340
1738540 1335
1738550 1329
1738560 1324
1738570 1318
1738580 1312
1738590 1306
1738600 1301
1738610 1296
1738620 1291
1738630 1287
1738640 1282
1738650 1278
1738660 1273
1738670 1268
1738680 1264
1738690 1260
1738700 1256
1738710 1252
1738720 1248
1738730 1243
1738740 1239
1738750 1233
1738760 1229
1738770 1225
1738780 1221
1738790 1216
1738800 1211
1738810 1204
1738820 1198
1738830 1192
1738840 1186
1738850 1182
1738860 1178
1738870 1175
1738880 1173
1738890 1171
1738900 1169
1738910 1168
1738920 1167
1738930 1165
1738940 1163
1738950 1160
1738960 1158
1738970 1156
1738980 1154
1738990 1152
1739000 1151
1739010 1151
1739020 1150
1739030 1150
1739040 1151
1739050 1150
1739060 1149
1739070 1149
1739080 1149
1739090 1149
1739100 1149
1739110 1148
1739120 1147
1739130 1146
1739140 1144
1739150 1143
1739160 1141
1739170 1140
1739180 1139
1739190 1138
1739200 1137
1739210 1135
1739220 1134
1739230 1133
1739240 1132
1739250 1131
1739260 1130
1739270 1129
1739280 1127
1739290 1125
1739300 1124
1739310 1122
1739320 1120
1739330 1118
1739340 1116
1739350 1114
1739360 1112
1739370 1110
1739380 1108
1739390 1106
1739400 1104
1739410 1102
1739420 1100
1739430 1098
1739440 1096
1739450 1093
1739460 1092
1739470 1090
1739480 1088
1739490 1085
1739500 1083
1739510 1081
1739520 1079
1739530 1077
1739540 1075
1739550 1074
1739560 1072
1739570 1070
1739580 1068
1739590 1066
1739600 1063
1739610 1061
1739620 1058
1739630 1056
1739640 1054
1739650 1052
1739660 1050
1739670 1048
1739680 1046
1739690 1045
1739700 1043
1739710 1041
1739720 1038
1739730 1035
1739740 1033
1739750 1031
1739760 1028
1739770 1025
1739780 1021
1739790 1018
1739800 1013
1739810 1009
1739820 1004
1739830 999
1739840 995
1739850 990
1739860 985
1739870 981
1739880 975
1739890 970
1739900 963
1739910 959
1739920 955
1739930 952
1739940 951
1739950 951
1739960 953
1739970 956
1739980 958
1739990 961
