1720000 1095
1720010 1093
1720020 1092
1720030 1090
1720040 1088
1720050 1086
1720060 1084
1720070 1082
1720080 1080
1720090 1077
1720100 1075
1720110 1073
1720120 1070
1720130 1068
1720140 1066
1720150 1064
1720160 1062
1720170 1061
1720180 1060
1720190 1060
1720200 1060
1720210 1061
1720220 1061
1720230 1061
1720240 1062
1720250 1062
1720260 1062
1720270 1062
1720280 1061
1720290 1060
1720300 1060
1720310 1059
1720320 1058
1720330 1057
1720340 1056
1720350 1055
1720360 1054
1720370 1053
1720380 1052
1720390 1051
1720400 1049
1720410 1048
1720420 1047
1720430 1046
1720440 1045
1720450 1044
1720460 1043
1720470 1042
1720480 1041
1720490 1041
1720500 1040
1720510 1039
1720520 1039
1720530 1038
1720540 1038
1720550 1037
1720560 1036
1720570 1035
1720580 1034
1720590 1033
1720600 1033
1720610 1032
1720620 1032
1720630 1030
1720640 1028
1720650 1025
1720660 1022
1720670 1018
1720680 1015
1720690 1012
1720700 1008
1720710 1003
1720720 998
1720730 992
1720740 987
1720750 982
1720760 977
1720770 973
1720780 970
1720790 966
1720800 963
1720810 960
1720820 959
1720830 961
1720840 964
1720850 969
1720860 972
1720870 976
1720880 980
1720890 983
1720900 987
1720910 990
1720920 993
1720930 996
1720940 999
1720950 1001
1720960 1004
1720970 1006
1720980 1009
1720990 1011
1721000 1014
1721010 1015
1721020 1015
1721030 1014
1721040 1011
1721050 1007
1721060 1002
1721070 999
1721080 995
1721090 991
1721100 987
1721110 983
1721120 979
1721130 974
1721140 970
1721150 967
1721160 963
1721170 961
1721180 958
1721190 955
1721200 952
1721210 949
1721220 947
1721230 945
1721240 943
1721250 942
1721260 942
1721270 944
1721280 947
1721290 950
1721300 952
1721310 955
1721320 957
1721330 960
1721340 963
1721350 965
1721360 968
1721370 971
1721380 974
1721390 977
1721400 980
1721410 982
1721420 985
1721430 988
1721440 990
1721450 993
1721460 996
1721470 998
1721480 1001
1721490 1004
1721500 1006
1721510 1009
1721520 1011
1721530 1014
1721540 1016
1721550 1018
1721560 1020
1721570 1022
1721580 1024
1721590 1026
1721600 1027
1721610 1029
1721620 1031
1721630 1032
1721640 1033
1721650 1035
1721660 1036
1721670 1038
1721680 1039
1721690 1040
1721700 1041
1721710 1042
1721720 1043
1721730 1044
1721740 1045
1721750 1046
1721760 1047
1721770 1048
1721780 1049
1721790 1049
1721800 1050
1721810 1050
1721820 1051
1721830 1051
1721840 1051
1721850 1051
1721860 1052
1721870 1052
1721880 1052
1721890 1052
1721900 1052
1721910 1052
1721920 1052
1721930 1052
1721940 1051
1721950 1051
1721960 1050
1721970 1050
1721980 1049
1721990 1048
1722000 1048
1722010 1047
1722020 1046
1722030 1045
1722040 1045
1722050 1044
1722060 1043
1722070 1042
1722080 1041
1722090 1041
1722100 1040
1722110 1039
1722120 1038
1722130 1037
1722140 1035
1722150 1033
1722160 1030
1722170 1026
1722180 1023
1722190 1020
1722200 1017
1722210 1013
1722220 1010
1722230 1007
1722240 1004
1722250 1001
1722260 999
1722270 996
1722280 994
1722290 992
1722300 990
1722310 988
1722320 985
1722330 983
1722340 982
1722350 981
1722360 979
1722370 977
1722380 975
1722390 974
1722400 972
1722410 971
1722420 969
1722430 968
1722440 967
1722450 965
1722460 964
1722470 962
1722480 961
1722490 959
1722500 958
1722510 957
1722520 957
1722530 956
1722540 956
1722550 956
1722560 956
1722570 955
1722580 955
1722590 955
1722600 955
1722610 955
1722620 954
1722630 954
1722640 955
1722650 956
1722660 956
1722670 957
1722680 957
1722690 957
1722700 958
1722710 958
1722720 958
1722730 958
1722740 958
1722750 958
1722760 958
1722770 958
1722780 957
1722790 957
1722800 957
1722810 956
1722820 956
1722830 955
1722840 955
1722850 955
1722860 955
1722870 954
1722880 954
1722890 954
1722900 955
1722910 955
1722920 955
1722930 955
1722940 955
1722950 956
1722960 957
1722970 958
1722980 959
1722990 959
1723000 959
1723010 960
1723020 960
1723030 961
1723040 961
1723050 961
1723060 962
1723070 962
1723080 963
1723090 963
1723100 963
1723110 964
1723120 964
1723130 965
1723140 966
1723150 966
1723160 967
1723170 968
1723180 968
1723190 969
1723200 969
1723210 970
1723220 970
1723230 971
1723240 971
1723250 971
1723260 971
1723270 970
1723280 970
1723290 969
1723300 969
1723310 969
1723320 970
1723330 969
1723340 969
1723350 969
1723360 968
1723370 968
1723380 968
1723390 967
1723400 967
1723410 967
1723420 966
1723430 965
1723440 965
1723450 965
1723460 965
1723470 965
1723480 965
1723490 965
1723500 965
1723510 965
1723520 966
1723530 966
1723540 967
1723550 969
1723560 971
1723570 972
1723580 974
1723590 975
1723600 975
1723610 976
1723620 976
1723630 976
1723640 977
1723650 977
1723660 977
1723670 977
1723680 977
1723690 977
1723700 976
1723710 976
1723720 976
1723730 976
1723740 977
1723750 977
1723760 977
1723770 977
1723780 978
1723790 978
1723800 978
1723810 978
1723820 977
1723830 977
1723840 977
1723850 976
1723860 976
1723870 976
1723880 974
1723890 970
1723900 967
1723910 966
1723920 966
1723930 967
1723940 966
1723950 964
1723960 961
1723970 959
1723980 957
1723990 957
1724000 959
1724010 963
1724020 966
1724030 969
1724040 973
1724050 976
1724060 981
1724070 983
1724080 985
1724090 986
1724100 987
1724110 988
1724120 988
1724130 988
1724140 988
1724150 988
1724160 988
1724170 987
1724180 985
1724190 984
1724200 984
1724210 985
1724220 983
1724230 980
1724240 976
1724250 973
1724260 971
1724270 969
1724280 968
1724290 969
1724300 972
1724310 975
1724320 979
1724330 983
1724340 987
1724350 991
1724360 995
1724370 998
1724380 1000
1724390 1002
1724400 1004
1724410 1006
1724420 1007
1724430 1009
1724440 1010
1724450 1011
1724460 1013
1724470 1014
1724480 1015
1724490 1017
1724500 1018
1724510 1018
1724520 1017
1724530 1015
1724540 1012
1724550 1010
1724560 1008
1724570 1006
1724580 1007
1724590 1008
1724600 1010
1724610 1011
1724620 1010
1724630 1009
1724640 1008
1724650 1007
1724660 1005
1724670 1000
1724680 992
1724690 985
1724700 980
1724710 975
1724720 970
1724730 966
1724740 963
1724750 961
1724760 959
1724770 957
1724780 955
1724790 954
1724800 954
1724810 953
1724820 950
1724830 948
1724840 945
1724850 941
1724860 939
1724870 939
1724880 939
1724890 931
1724900 925
1724910 919
1724920 914
1724930 909
1724940 905
1724950 902
1724960 900
1724970 897
1724980 890
1724990 886
1725000 882
1725010 881
1725020 879
1725030 877
1725040 879
1725050 882
1725060 887
1725070 892
1725080 897
1725090 902
1725100 906
1725110 910
1725120 915
1725130 921
1725140 929
1725150 938
1725160 945
1725170 948
1725180 950
1725190 952
1725200 952
1725210 952
1725220 951
1725230 951
1725240 951
1725250 952
1725260 952
1725270 953
1725280 954
1725290 956
1725300 959
1725310 961
1725320 963
1725330 963
1725340 960
1725350 957
1725360 953
1725370 948
1725380 948
1725390 949
1725400 953
1725410 954
1725420 957
1725430 960
1725440 963
1725450 965
1725460 963
1725470 960
1725480 958
1725490 957
1725500 953
1725510 949
1725520 944
1725530 943
1725540 946
1725550 950
1725560 955
1725570 959
1725580 962
1725590 959
1725600 956
1725610 953
1725620 950
1725630 946
1725640 942
1725650 938
1725660 934
1725670 929
1725680 925
1725690 922
1725700 920
1725710 921
1725720 921
1725730 919
1725740 916
1725750 919
1725760 924
1725770 926
1725780 925
1725790 924
1725800 922
1725810 920
1725820 918
1725830 917
1725840 915
1725850 914
1725860 913
1725870 914
1725880 916
1725890 917
1725900 919
1725910 920
1725920 921
1725930 920
1725940 920
1725950 919
1725960 917
1725970 915
1725980 912
1725990 908
1726000 904
1726010 901
1726020 896
1726030 891
1726040 885
1726050 881
1726060 876
1726070 872
1726080 868
1726090 864
1726100 861
1726110 859
1726120 855
1726130 852
1726140 846
1726150 841
1726160 837
1726170 833
1726180 828
1726190 824
1726200 819
1726210 815
1726220 810
1726230 807
1726240 805
1726250 803
1726260 802
1726270 800
1726280 798
1726290 796
1726300 794
1726310 792
1726320 790
1726330 788
1726340 787
1726350 785
1726360 783
1726370 782
1726380 781
1726390 780
1726400 779
1726410 778
1726420 777
1726430 777
1726440 776
1726450 776
1726460 776
1726470 776
1726480 776
1726490 776
1726500 777
1726510 779
1726520 780
1726530 782
1726540 784
1726550 786
1726560 788
1726570 789
1726580 790
1726590 791
1726600 792
1726610 793
1726620 794
1726630 794
1726640 794
1726650 793
1726660 793
1726670 793
1726680 793
1726690 795
1726700 796
1726710 797
1726720 799
1726730 800
1726740 801
1726750 802
1726760 803
1726770 805
1726780 807
1726790 808
1726800 810
1726810 812
1726820 814
1726830 817
1726840 819
1726850 820
1726860 822
1726870 825
1726880 827
1726890 829
1726900 831
1726910 833
1726920 834
1726930 835
1726940 836
1726950 838
1726960 839
1726970 840
1726980 841
1726990 842
1727000 844
1727010 846
1727020 848
1727030 849
1727040 850
1727050 850
1727060 852
1727070 854
1727080 856
1727090 858
1727100 859
1727110 860
1727120 862
1727130 864
1727140 865
1727150 867
1727160 868
1727170 869
1727180 869
1727190 868
1727200 865
1727210 860
1727220 855
1727230 852
1727240 853
1727250 855
1727260 855
1727270 856
1727280 857
1727290 858
1727300 858
1727310 859
1727320 859
1727330 860
1727340 861
1727350 861
1727360 862
1727370 861
1727380 860
1727390 857
1727400 853
1727410 851
1727420 855
1727430 858
1727440 861
1727450 864
1727460 866
1727470 868
1727480 870
1727490 873
1727500 875
1727510 878
1727520 879
1727530 879
1727540 881
1727550 882
1727560 884
1727570 886
1727580 889
1727590 892
1727600 897
1727610 902
1727620 907
1727630 910
1727640 912
1727650 914
1727660 916
1727670 920
1727680 924
1727690 928
1727700 930
1727710 931
1727720 933
1727730 936
1727740 938
1727750 940
1727760 940
1727770 940
1727780 941
1727790 940
1727800 939
1727810 938
1727820 937
1727830 936
1727840 936
1727850 936
1727860 936
1727870 938
1727880 938
1727890 938
1727900 939
1727910 940
1727920 940
1727930 940
1727940 940
1727950 941
1727960 942
1727970 943
1727980 944
1727990 945
1728000 948
1728010 950
1728020 952
1728030 954
1728040 956
1728050 958
1728060 960
1728070 960
1728080 960
1728090 958
1728100 956
1728110 955
1728120 953
1728130 952
1728140 952
1728150 953
1728160 955
1728170 957
1728180 960
1728190 962
1728200 965
1728210 967
1728220 970
1728230 973
1728240 975
1728250 978
1728260 980
1728270 983
1728280 984
1728290 986
1728300 987
1728310 986
1728320 985
1728330 983
1728340 981
1728350 979
1728360 978
1728370 977
1728380 976
1728390 976
1728400 976
1728410 974
1728420 972
1728430 971
1728440 969
1728450 968
1728460 967
1728470 965
1728480 964
1728490 964
1728500 964
1728510 965
1728520 965
1728530 964
1728540 962
1728550 961
1728560 960
1728570 960
1728580 961
1728590 961
1728600 962
1728610 964
1728620 966
1728630 968
1728640 971
1728650 973
1728660 974
1728670 975
1728680 975
1728690 974
1728700 971
1728710 968
1728720 964
1728730 960
1728740 957
1728750 953
1728760 950
1728770 947
1728780 944
1728790 941
1728800 937
1728810 934
1728820 930
1728830 926
1728840 922
1728850 917
1728860 912
1728870 908
1728880 903
1728890 898
1728900 894
1728910 890
1728920 885
1728930 881
1728940 877
1728950 873
1728960 869
1728970 864
1728980 860
1728990 856
1729000 853
1729010 851
1729020 849
1729030 848
1729040 847
1729050 846
1729060 846
1729070 845
1729080 844
1729090 843
1729100 841
1729110 841
1729120 841
1729130 841
1729140 841
1729150 842
1729160 843
1729170 844
1729180 846
1729190 846
1729200 846
1729210 846
1729220 846
1729230 845
1729240 844
1729250 843
1729260 841
1729270 840
1729280 838
1729290 836
1729300 835
1729310 833
1729320 831
1729330 829
1729340 828
1729350 827
1729360 828
1729370 828
1729380 829
1729390 829
1729400 830
1729410 832
1729420 833
1729430 832
1729440 830
1729450 829
1729460 827
1729470 826
1729480 824
1729490 821
1729500 817
1729510 812
1729520 808
1729530 804
1729540 800
1729550 797
1729560 795
1729570 793
1729580 792
1729590 790
1729600 789
1729610 788
1729620 786
1729630 783
1729640 780
1729650 777
1729660 775
1729670 774
1729680 774
1729690 776
1729700 777
1729710 778
1729720 780
1729730 781
1729740 782
1729750 782
1729760 782
1729770 782
1729780 781
1729790 781
1729800 780
1729810 778
1729820 777
1729830 775
1729840 773
1729850 771
1729860 769
1729870 769
1729880 769
1729890 770
1729900 771
1729910 771
1729920 770
1729930 767
1729940 764
1729950 762
1729960 761
1729970 761
1729980 761
1729990 762
1730000 764
1730010 766
1730020 768
1730030 769
1730040 770
1730050 771
1730060 772
1730070 774
1730080 777
1730090 779
1730100 780
1730110 781
1730120 782
1730130 782
1730140 782
1730150 782
1730160 782
1730170 783
1730180 783
1730190 784
1730200 786
1730210 787
1730220 788
1730230 790
1730240 790
1730250 789
1730260 787
1730270 785
1730280 783
1730290 783
1730300 784
1730310 785
1730320 784
1730330 784
1730340 782
1730350 779
1730360 775
1730370 770
1730380 764
1730390 759
1730400 754
1730410 750
1730420 745
1730430 740
1730440 736
1730450 731
1730460 727
1730470 724
1730480 720
1730490 717
1730500 714
1730510 711
1730520 708
1730530 705
1730540 703
1730550 700
1730560 698
1730570 696
1730580 693
1730590 691
1730600 689
1730610 687
1730620 685
1730630 683
1730640 682
1730650 680
1730660 680
1730670 679
1730680 679
1730690 678
1730700 677
1730710 677
1730720 676
1730730 675
1730740 674
1730750 671
1730760 669
1730770 666
1730780 663
1730790 661
1730800 660
1730810 661
1730820 663
1730830 666
1730840 667
1730850 667
1730860 664
1730870 662
1730880 660
1730890 658
1730900 658
1730910 657
1730920 656
1730930 656
1730940 656
1730950 656
1730960 656
1730970 656
1730980 656
1730990 656
1731000 656
1731010 656
1731020 656
1731030 656
1731040 656
1731050 656
1731060 656
1731070 655
1731080 655
1731090 655
1731100 655
1731110 655
1731120 656
1731130 657
1731140 659
1731150 662
1731160 665
1731170 669
1731180 672
1731190 674
1731200 676
1731210 676
1731220 675
1731230 674
1731240 673
1731250 672
1731260 672
1731270 672
1731280 673
1731290 673
1731300 674
1731310 674
1731320 675
1731330 675
1731340 675
1731350 676
1731360 676
1731370 677
1731380 677
1731390 678
1731400 678
1731410 679
1731420 680
1731430 681
1731440 682
1731450 683
1731460 684
1731470 685
1731480 686
1731490 687
1731500 688
1731510 689
1731520 690
1731530 691
1731540 692
1731550 693
1731560 694
1731570 695
1731580 697
1731590 698
1731600 700
1731610 701
1731620 703
1731630 705
1731640 707
1731650 709
1731660 711
1731670 713
1731680 715
1731690 717
1731700 720
1731710 722
1731720 725
1731730 728
1731740 730
1731750 733
1731760 737
1731770 740
1731780 744
1731790 748
1731800 752
1731810 756
1731820 760
1731830 764
1731840 768
1731850 772
1731860 776
1731870 780
1731880 784
1731890 788
1731900 792
1731910 795
1731920 799
1731930 802
1731940 806
1731950 810
1731960 814
1731970 818
1731980 821
1731990 825
1732000 829
1732010 833
1732020 836
1732030 839
1732040 843
1732050 846
1732060 849
1732070 851
1732080 854
1732090 856
1732100 856
1732110 856
1732120 855
1732130 855
1732140 854
1732150 854
1732160 855
1732170 856
1732180 856
1732190 857
1732200 859
1732210 860
1732220 861
1732230 861
1732240 862
1732250 861
1732260 861
1732270 860
1732280 858
1732290 856
1732300 852
1732310 849
1732320 844
1732330 841
1732340 838
1732350 835
1732360 833
1732370 831
1732380 830
1732390 829
1732400 827
1732410 824
1732420 821
1732430 816
1732440 812
1732450 808
1732460 805
1732470 803
1732480 803
1732490 803
1732500 804
1732510 806
1732520 808
1732530 810
1732540 811
1732550 811
1732560 811
1732570 811
1732580 811
1732590 811
1732600 810
1732610 807
1732620 804
1732630 805
1732640 808
1732650 811
1732660 813
1732670 815
1732680 816
1732690 816
1732700 819
1732710 823
1732720 827
1732730 831
1732740 836
1732750 840
1732760 843
1732770 847
1732780 851
1732790 855
1732800 858
1732810 862
1732820 866
1732830 870
1732840 874
1732850 878
1732860 882
1732870 886
1732880 890
1732890 894
1732900 897
1732910 895
1732920 892
1732930 887
1732940 880
1732950 874
1732960 868
1732970 863
1732980 859
1732990 855
1733000 853
1733010 851
1733020 849
1733030 845
1733040 840
1733050 836
1733060 834
1733070 831
1733080 828
1733090 824
1733100 820
1733110 816
1733120 812
1733130 808
1733140 804
1733150 801
1733160 799
1733170 798
1733180 798
1733190 798
1733200 799
1733210 801
1733220 802
1733230 804
1733240 805
1733250 806
1733260 807
1733270 807
1733280 806
1733290 804
1733300 802
1733310 801
1733320 800
1733330 801
1733340 802
1733350 804
1733360 806
1733370 808
1733380 810
1733390 812
1733400 815
1733410 817
1733420 820
1733430 822
1733440 825
1733450 827
1733460 831
1733470 834
1733480 837
1733490 836
1733500 835
1733510 833
1733520 832
1733530 831
1733540 831
1733550 831
1733560 831
1733570 832
1733580 832
1733590 832
1733600 832
1733610 831
1733620 827
1733630 823
1733640 818
1733650 813
1733660 808
1733670 806
1733680 806
1733690 806
1733700 806
1733710 805
1733720 803
1733730 799
1733740 796
1733750 793
1733760 789
1733770 786
1733780 782
1733790 780
1733800 778
1733810 778
1733820 780
1733830 782
1733840 783
1733850 783
1733860 783
1733870 784
1733880 786
1733890 789
1733900 791
1733910 792
1733920 795
1733930 799
1733940 803
1733950 807
1733960 812
1733970 816
1733980 819
1733990 822
1734000 823
1734010 822
1734020 821
1734030 819
1734040 816
1734050 815
1734060 813
1734070 812
1734080 811
1734090 810
1734100 810
1734110 810
1734120 810
1734130 813
1734140 815
1734150 815
1734160 808
1734170 801
1734180 794
1734190 785
1734200 778
1734210 773
1734220 769
1734230 766
1734240 763
1734250 760
1734260 758
1734270 756
1734280 755
1734290 753
1734300 752
1734310 751
1734320 750
1734330 749
1734340 748
1734350 747
1734360 748
1734370 749
1734380 750
1734390 752
1734400 754
1734410 755
1734420 757
1734430 759
1734440 760
1734450 762
1734460 764
1734470 765
1734480 766
1734490 768
1734500 768
1734510 768
1734520 767
1734530 766
1734540 766
1734550 767
1734560 768
1734570 768
1734580 767
1734590 763
1734600 760
1734610 758
1734620 755
1734630 752
1734640 750
1734650 749
1734660 748
1734670 747
1734680 748
1734690 750
1734700 752
1734710 752
1734720 750
1734730 747
1734740 744
1734750 741
1734760 738
1734770 734
1734780 730
1734790 726
1734800 722
1734810 718
1734820 713
1734830 709
1734840 706
1734850 702
1734860 698
1734870 695
1734880 692
1734890 690
1734900 688
1734910 686
1734920 684
1734930 681
1734940 677
1734950 674
1734960 671
1734970 669
1734980 669
1734990 668
1735000 668
1735010 668
1735020 668
1735030 668
1735040 668
1735050 668
1735060 668
1735070 668
1735080 668
1735090 668
1735100 667
1735110 666
1735120 663
1735130 660
1735140 658
1735150 656
1735160 655
1735170 655
1735180 654
1735190 654
1735200 654
1735210 654
1735220 654
1735230 653
1735240 654
1735250 655
1735260 659
1735270 663
1735280 666
1735290 669
1735300 673
1735310 677
1735320 680
1735330 684
1735340 688
1735350 693
1735360 696
1735370 700
1735380 703
1735390 707
1735400 710
1735410 713
1735420 717
1735430 720
1735440 723
1735450 728
1735460 732
1735470 736
1735480 739
1735490 740
1735500 741
1735510 740
1735520 737
1735530 733
1735540 729
1735550 726
1735560 723
1735570 719
1735580 716
1735590 715
1735600 715
1735610 715
1735620 716
1735630 717
1735640 717
1735650 715
1735660 713
1735670 709
1735680 706
1735690 702
1735700 699
1735710 695
1735720 692
1735730 689
1735740 686
1735750 684
1735760 681
1735770 680
1735780 679
1735790 678
1735800 677
1735810 676
1735820 675
1735830 674
1735840 673
1735850 673
1735860 672
1735870 672
1735880 671
1735890 670
1735900 669
1735910 668
1735920 667
1735930 666
1735940 665
1735950 665
1735960 665
1735970 665
1735980 667
1735990 668
1736000 668
1736010 669
1736020 669
1736030 670
1736040 670
1736050 670
1736060 670
1736070 670
1736080 671
1736090 671
1736100 671
1736110 671
1736120 672
1736130 671
1736140 672
1736150 672
1736160 672
1736170 673
1736180 674
1736190 676
1736200 678
1736210 680
1736220 681
1736230 682
1736240 683
1736250 685
1736260 686
1736270 687
1736280 688
1736290 689
1736300 691
1736310 693
1736320 694
1736330 696
1736340 698
1736350 700
1736360 702
1736370 705
1736380 708
1736390 711
1736400 714
1736410 717
1736420 720
1736430 723
1736440 725
1736450 728
1736460 730
1736470 733
1736480 737
1736490 741
1736500 745
1736510 746
1736520 747
1736530 749
1736540 752
1736550 755
1736560 759
1736570 763
1736580 766
1736590 769
1736600 768
1736610 768
1736620 768
1736630 768
1736640 767
1736650 765
1736660 764
1736670 762
1736680 761
1736690 761
1736700 762
1736710 764
1736720 766
1736730 767
1736740 767
1736750 765
1736760 763
1736770 762
1736780 760
1736790 756
1736800 751
1736810 746
1736820 742
1736830 739
1736840 736
1736850 735
1736860 736
1736870 739
1736880 743
1736890 747
1736900 750
1736910 754
1736920 756
1736930 758
1736940 759
1736950 759
1736960 758
1736970 758
1736980 758
1736990 759
1737000 759
1737010 759
1737020 759
1737030 759
1737040 759
1737050 760
1737060 760
1737070 760
1737080 761
1737090 762
1737100 764
1737110 765
1737120 766
1737130 767
1737140 768
1737150 768
1737160 769
1737170 769
1737180 770
1737190 771
1737200 772
1737210 772
1737220 771
1737230 770
1737240 768
1737250 765
1737260 763
1737270 762
1737280 762
1737290 763
1737300 765
1737310 767
1737320 769
1737330 771
1737340 772
1737350 773
1737360 773
1737370 775
1737380 778
1737390 782
1737400 786
1737410 790
1737420 795
1737430 800
1737440 804
1737450 808
1737460 812
1737470 814
1737480 816
1737490 816
1737500 815
1737510 813
1737520 812
1737530 810
1737540 807
1737550 803
1737560 799
1737570 794
1737580 790
1737590 785
1737600 780
1737610 778
1737620 778
1737630 778
1737640 778
1737650 779
1737660 781
1737670 782
1737680 782
1737690 781
1737700 780
1737710 779
1737720 780
1737730 782
1737740 784
1737750 787
1737760 790
1737770 794
1737780 797
1737790 802
1737800 806
1737810 809
1737820 813
1737830 817
1737840 820
1737850 822
1737860 823
1737870 823
1737880 824
1737890 825
1737900 826
1737910 826
1737920 827
1737930 829
1737940 830
1737950 830
1737960 830
1737970 830
1737980 829
1737990 828
1738000 825
1738010 822
1738020 818
1738030 814
1738040 810
1738050 806
1738060 802
1738070 798
1738080 794
1738090 792
1738100 789
1738110 787
1738120 785
1738130 782
1738140 779
1738150 777
1738160 774
1738170 771
1738180 768
1738190 764
1738200 761
1738210 758
1738220 754
1738230 752
1738240 749
1738250 749
1738260 749
1738270 749
1738280 749
1738290 750
1738300 750
1738310 751
1738320 751
1738330 751
1738340 750
1738350 750
1738360 751
1738370 751
1738380 751
1738390 750
1738400 749
1738410 749
1738420 748
1738430 748
1738440 747
1738450 747
1738460 748
1738470 751
1738480 756
1738490 759
1738500 760
1738510 760
1738520 760
1738530 762
1738540 764
1738550 765
1738560 768
1738570 771
1738580 774
1738590 777
1738600 780
1738610 784
1738620 788
1738630 793
1738640 797
1738650 801
1738660 805
1738670 809
1738680 813
1738690 817
1738700 821
1738710 822
1738720 821
1738730 820
1738740 819
1738750 819
1738760 819
1738770 819
1738780 819
1738790 819
1738800 819
1738810 820
1738820 820
1738830 822
1738840 823
1738850 823
1738860 825
1738870 828
1738880 831
1738890 831
1738900 829
1738910 826
1738920 823
1738930 822
1738940 821
1738950 820
1738960 819
1738970 818
1738980 818
1738990 822
1739000 827
1739010 825
1739020 821
1739030 816
1739040 813
1739050 810
1739060 807
1739070 803
1739080 798
1739090 793
1739100 787
1739110 782
1739120 778
1739130 778
1739140 778
1739150 780
1739160 783
1739170 784
1739180 785
1739190 784
1739200 784
1739210 784
1739220 785
1739230 785
1739240 785
1739250 785
1739260 786
1739270 786
1739280 788
1739290 790
1739300 792
1739310 796
1739320 799
1739330 801
1739340 803
1739350 803
1739360 804
1739370 807
1739380 809
1739390 812
1739400 815
1739410 819
1739420 824
1739430 830
1739440 835
1739450 839
1739460 843
1739470 849
1739480 856
1739490 863
1739500 870
1739510 876
1739520 882
1739530 893
1739540 900
1739550 904
1739560 903
1739570 905
1739580 909
1739590 916
1739600 922
1739610 926
1739620 929
1739630 932
1739640 935
1739650 940
1739660 944
1739670 949
1739680 952
1739690 955
1739700 959
1739710 963
1739720 966
1739730 968
1739740 969
1739750 970
1739760 971
1739770 974
1739780 976
1739790 978
1739800 978
1739810 978
1739820 977
1739830 975
1739840 974
1739850 972
1739860 972
1739870 973
1739880 974
1739890 976
1739900 978
1739910 979
1739920 978
1739930 976
1739940 974
1739950 972
1739960 969
1739970 967
1739980 964
1739990 962
