1720000 1076
1720010 1075
1720020 1075
1720030 1074
1720040 1074
1720050 1074
1720060 1073
1720070 1073
1720080 1072
1720090 1071
1720100 1071
1720110 1070
1720120 1069
1720130 1068
1720140 1066
1720150 1064
1720160 1061
1720170 1059
1720180 1055
1720190 1052
1720200 1048
1720210 1044
1720220 1041
1720230 1039
1720240 1036
1720250 1033
1720260 1028
1720270 1025
1720280 1024
1720290 1025
1720300 1027
1720310 1029
1720320 1030
1720330 1032
1720340 1033
1720350 1034
1720360 1036
1720370 1037
1720380 1039
1720390 1041
1720400 1043
1720410 1045
1720420 1047
1720430 1050
1720440 1052
1720450 1054
1720460 1056
1720470 1058
1720480 1060
1720490 1062
1720500 1063
1720510 1065
1720520 1066
1720530 1067
1720540 1068
1720550 1068
1720560 1068
1720570 1067
1720580 1065
1720590 1063
1720600 1060
1720610 1058
1720620 1055
1720630 1052
1720640 1049
1720650 1045
1720660 1042
1720670 1038
1720680 1034
1720690 1031
1720700 1027
1720710 1023
1720720 1019
1720730 1015
1720740 1011
1720750 1007
1720760 1003
1720770 999
1720780 995
1720790 991
1720800 988
1720810 986
1720820 985
1720830 983
1720840 983
1720850 983
1720860 985
1720870 987
1720880 990
1720890 993
1720900 996
1720910 999
1720920 1002
1720930 1005
1720940 1008
1720950 1012
1720960 1015
1720970 1018
1720980 1021
1720990 1024
1721000 1026
1721010 1029
1721020 1032
1721030 1034
1721040 1037
1721050 1040
1721060 1042
1721070 1045
1721080 1047
1721090 1049
1721100 1050
1721110 1052
1721120 1053
1721130 1054
1721140 1054
1721150 1055
1721160 1055
1721170 1055
1721180 1055
1721190 1054
1721200 1052
1721210 1050
1721220 1047
1721230 1043
1721240 1040
1721250 1036
1721260 1033
1721270 1032
1721280 1031
1721290 1030
1721300 1028
1721310 1026
1721320 1025
1721330 1027
1721340 1028
1721350 1029
1721360 1031
1721370 1031
1721380 1032
1721390 1035
1721400 1037
1721410 1040
1721420 1043
1721430 1045
1721440 1048
1721450 1050
1721460 1052
1721470 1054
1721480 1056
1721490 1057
1721500 1059
1721510 1060
1721520 1061
1721530 1062
1721540 1062
1721550 1062
1721560 1061
1721570 1058
1721580 1055
1721590 1052
1721600 1049
1721610 1047
1721620 1045
1721630 1044
1721640 1044
1721650 1044
1721660 1045
1721670 1045
1721680 1046
1721690 1046
1721700 1047
1721710 1048
1721720 1049
1721730 1051
1721740 1052
1721750 1053
1721760 1054
1721770 1055
1721780 1056
1721790 1057
1721800 1058
1721810 1058
1721820 1059
1721830 1060
1721840 1060
1721850 1060
1721860 1060
1721870 1060
1721880 1059
1721890 1059
1721900 1059
1721910 1058
1721920 1056
1721930 1055
1721940 1054
1721950 1052
1721960 1051
1721970 1049
1721980 1047
1721990 1045
1722000 1043
1722010 1041
1722020 1038
1722030 1036
1722040 1034
1722050 1031
1722060 1029
1722070 1026
1722080 1023
1722090 1020
1722100 1017
1722110 1015
1722120 1012
1722130 1010
1722140 1007
1722150 1004
1722160 1001
1722170 998
1722180 995
1722190 993
1722200 990
1722210 988
1722220 984
1722230 981
1722240 977
1722250 974
1722260 971
1722270 967
1722280 964
1722290 960
1722300 959
1722310 956
1722320 952
1722330 947
1722340 944
1722350 940
1722360 935
1722370 930
1722380 926
1722390 922
1722400 920
1722410 919
1722420 918
1722430 917
1722440 915
1722450 913
1722460 910
1722470 908
1722480 907
1722490 905
1722500 903
1722510 900
1722520 896
1722530 892
1722540 889
1722550 887
1722560 886
1722570 886
1722580 887
1722590 887
1722600 888
1722610 888
1722620 887
1722630 886
1722640 884
1722650 883
1722660 881
1722670 880
1722680 880
1722690 880
1722700 878
1722710 876
1722720 874
1722730 873
1722740 873
1722750 874
1722760 875
1722770 877
1722780 878
1722790 880
1722800 882
1722810 885
1722820 888
1722830 890
1722840 893
1722850 896
1722860 899
1722870 901
1722880 903
1722890 902
1722900 901
1722910 898
1722920 894
1722930 890
1722940 886
1722950 881
1722960 876
1722970 871
1722980 869
1722990 868
1723000 869
1723010 872
1723020 875
1723030 878
1723040 882
1723050 885
1723060 889
1723070 893
1723080 897
1723090 900
1723100 900
1723110 900
1723120 898
1723130 898
1723140 899
1723150 899
1723160 900
1723170 900
1723180 900
1723190 898
1723200 895
1723210 892
1723220 888
1723230 886
1723240 884
1723250 882
1723260 882
1723270 883
1723280 884
1723290 886
1723300 889
1723310 890
1723320 891
1723330 892
1723340 892
1723350 891
1723360 889
1723370 888
1723380 888
1723390 888
1723400 889
1723410 886
1723420 880
1723430 875
1723440 869
1723450 865
1723460 861
1723470 858
1723480 855
1723490 853
1723500 852
1723510 852
1723520 852
1723530 852
1723540 852
1723550 851
1723560 851
1723570 851
1723580 851
1723590 851
1723600 851
1723610 850
1723620 848
1723630 846
1723640 845
1723650 844
1723660 844
1723670 843
1723680 841
1723690 839
1723700 837
1723710 834
1723720 831
1723730 827
1723740 822
1723750 818
1723760 814
1723770 812
1723780 810
1723790 810
1723800 809
1723810 808
1723820 807
1723830 806
1723840 804
1723850 803
1723860 801
1723870 799
1723880 797
1723890 794
1723900 792
1723910 789
1723920 785
1723930 781
1723940 777
1723950 774
1723960 772
1723970 770
1723980 768
1723990 766
1724000 765
1724010 764
1724020 764
1724030 764
1724040 763
1724050 763
1724060 763
1724070 763
1724080 764
1724090 765
1724100 767
1724110 769
1724120 771
1724130 772
1724140 773
1724150 774
1724160 776
1724170 779
1724180 782
1724190 784
1724200 787
1724210 789
1724220 791
1724230 793
1724240 794
1724250 796
1724260 798
1724270 800
1724280 802
1724290 804
1724300 804
1724310 804
1724320 803
1724330 802
1724340 802
1724350 802
1724360 802
1724370 803
1724380 806
1724390 809
1724400 812
1724410 815
1724420 818
1724430 820
1724440 823
1724450 826
1724460 828
1724470 830
1724480 830
1724490 830
1724500 829
1724510 828
1724520 826
1724530 825
1724540 823
1724550 819
1724560 815
1724570 811
1724580 809
1724590 809
1724600 810
1724610 811
1724620 813
1724630 816
1724640 818
1724650 820
1724660 822
1724670 825
1724680 827
1724690 829
1724700 832
1724710 835
1724720 838
1724730 842
1724740 845
1724750 848
1724760 852
1724770 855
1724780 859
1724790 863
1724800 866
1724810 870
1724820 874
1724830 878
1724840 882
1724850 886
1724860 890
1724870 894
1724880 898
1724890 902
1724900 906
1724910 910
1724920 913
1724930 913
1724940 912
1724950 909
1724960 904
1724970 899
1724980 894
1724990 890
1725000 886
1725010 883
1725020 881
1725030 881
1725040 883
1725050 885
1725060 887
1725070 890
1725080 892
1725090 896
1725100 899
1725110 901
1725120 904
1725130 907
1725140 910
1725150 913
1725160 916
1725170 913
1725180 910
1725190 904
1725200 899
1725210 894
1725220 890
1725230 885
1725240 881
1725250 878
1725260 879
1725270 881
1725280 883
1725290 886
1725300 889
1725310 893
1725320 896
1725330 900
1725340 903
1725350 907
1725360 910
1725370 914
1725380 917
1725390 920
1725400 923
1725410 925
1725420 928
1725430 930
1725440 932
1725450 933
1725460 935
1725470 936
1725480 937
1725490 938
1725500 938
1725510 938
1725520 937
1725530 936
1725540 932
1725550 929
1725560 925
1725570 921
1725580 918
1725590 915
1725600 912
1725610 910
1725620 908
1725630 903
1725640 898
1725650 892
1725660 888
1725670 884
1725680 879
1725690 876
1725700 873
1725710 868
1725720 864
1725730 860
1725740 856
1725750 852
1725760 848
1725770 843
1725780 839
1725790 835
1725800 831
1725810 829
1725820 827
1725830 827
1725840 826
1725850 827
1725860 828
1725870 829
1725880 830
1725890 832
1725900 833
1725910 834
1725920 835
1725930 835
1725940 836
1725950 837
1725960 839
1725970 841
1725980 843
1725990 846
1726000 849
1726010 852
1726020 856
1726030 859
1726040 863
1726050 867
1726060 870
1726070 873
1726080 876
1726090 880
1726100 883
1726110 887
1726120 890
1726130 894
1726140 897
1726150 901
1726160 904
1726170 907
1726180 911
1726190 914
1726200 918
1726210 920
1726220 923
1726230 925
1726240 928
1726250 932
1726260 936
1726270 941
1726280 946
1726290 950
1726300 954
1726310 959
1726320 963
1726330 967
1726340 971
1726350 975
1726360 980
1726370 984
1726380 987
1726390 990
1726400 993
1726410 994
1726420 997
1726430 999
1726440 1002
1726450 1005
1726460 1008
1726470 1011
1726480 1014
1726490 1017
1726500 1021
1726510 1024
1726520 1027
1726530 1031
1726540 1035
1726550 1038
1726560 1041
1726570 1042
1726580 1040
1726590 1037
1726600 1033
1726610 1029
1726620 1025
1726630 1021
1726640 1016
1726650 1012
1726660 1009
1726670 1006
1726680 1004
1726690 1001
1726700 999
1726710 996
1726720 993
1726730 990
1726740 986
1726750 983
1726760 981
1726770 979
1726780 981
1726790 983
1726800 986
1726810 989
1726820 990
1726830 992
1726840 993
1726850 993
1726860 994
1726870 994
1726880 994
1726890 994
1726900 993
1726910 993
1726920 993
1726930 995
1726940 999
1726950 1003
1726960 1007
1726970 1011
1726980 1014
1726990 1018
1727000 1021
1727010 1024
1727020 1028
1727030 1032
1727040 1036
1727050 1040
1727060 1043
1727070 1047
1727080 1051
1727090 1056
1727100 1060
1727110 1064
1727120 1068
1727130 1073
1727140 1077
1727150 1081
1727160 1085
1727170 1089
1727180 1092
1727190 1096
1727200 1099
1727210 1102
1727220 1105
1727230 1108
1727240 1110
1727250 1111
1727260 1110
1727270 1106
1727280 1103
1727290 1099
1727300 1096
1727310 1092
1727320 1087
1727330 1082
1727340 1077
1727350 1073
1727360 1068
1727370 1063
1727380 1059
1727390 1055
1727400 1051
1727410 1046
1727420 1042
1727430 1038
1727440 1033
1727450 1029
1727460 1022
1727470 1014
1727480 1005
1727490 998
1727500 992
1727510 985
1727520 980
1727530 974
1727540 969
1727550 964
1727560 959
1727570 953
1727580 948
1727590 944
1727600 939
1727610 937
1727620 935
1727630 935
1727640 931
1727650 927
1727660 923
1727670 920
1727680 917
1727690 914
1727700 912
1727710 910
1727720 909
1727730 907
1727740 904
1727750 901
1727760 897
1727770 892
1727780 887
1727790 882
1727800 877
1727810 873
1727820 869
1727830 866
1727840 865
1727850 865
1727860 865
1727870 865
1727880 866
1727890 867
1727900 869
1727910 866
1727920 862
1727930 857
1727940 853
1727950 849
1727960 845
1727970 842
1727980 838
1727990 834
1728000 830
1728010 827
1728020 824
1728030 821
1728040 817
1728050 813
1728060 810
1728070 807
1728080 805
1728090 802
1728100 799
1728110 797
1728120 795
1728130 793
1728140 791
1728150 789
1728160 787
1728170 784
1728180 782
1728190 780
1728200 777
1728210 775
1728220 773
1728230 772
1728240 770
1728250 769
1728260 767
1728270 766
1728280 765
1728290 765
1728300 764
1728310 763
1728320 763
1728330 762
1728340 764
1728350 765
1728360 768
1728370 773
1728380 775
1728390 775
1728400 775
1728410 774
1728420 771
1728430 767
1728440 764
1728450 760
1728460 758
1728470 757
1728480 756
1728490 756
1728500 757
1728510 759
1728520 763
1728530 766
1728540 769
1728550 772
1728560 775
1728570 778
1728580 778
1728590 778
1728600 776
1728610 776
1728620 776
1728630 775
1728640 775
1728650 773
1728660 770
1728670 767
1728680 766
1728690 766
1728700 766
1728710 764
1728720 763
1728730 763
1728740 763
1728750 764
1728760 764
1728770 762
1728780 759
1728790 757
1728800 753
1728810 749
1728820 744
1728830 739
1728840 734
1728850 730
1728860 726
1728870 723
1728880 721
1728890 720
1728900 721
1728910 724
1728920 726
1728930 728
1728940 730
1728950 732
1728960 735
1728970 737
1728980 740
1728990 743
1729000 746
1729010 750
1729020 753
1729030 757
1729040 761
1729050 764
1729060 768
1729070 772
1729080 776
1729090 779
1729100 782
1729110 785
1729120 788
1729130 790
1729140 793
1729150 795
1729160 797
1729170 798
1729180 797
1729190 795
1729200 793
1729210 791
1729220 789
1729230 787
1729240 784
1729250 781
1729260 777
1729270 773
1729280 770
1729290 766
1729300 762
1729310 758
1729320 753
1729330 749
1729340 744
1729350 739
1729360 734
1729370 729
1729380 725
1729390 722
1729400 720
1729410 717
1729420 714
1729430 711
1729440 707
1729450 704
1729460 700
1729470 696
1729480 692
1729490 687
1729500 683
1729510 680
1729520 678
1729530 676
1729540 675
1729550 674
1729560 672
1729570 671
1729580 670
1729590 670
1729600 669
1729610 668
1729620 669
1729630 669
1729640 669
1729650 669
1729660 669
1729670 669
1729680 669
1729690 669
1729700 669
1729710 668
1729720 668
1729730 667
1729740 666
1729750 664
1729760 662
1729770 661
1729780 659
1729790 658
1729800 657
1729810 657
1729820 657
1729830 657
1729840 657
1729850 657
1729860 658
1729870 659
1729880 660
1729890 661
1729900 662
1729910 663
1729920 664
1729930 666
1729940 667
1729950 668
1729960 669
1729970 670
1729980 671
1729990 672
1730000 673
1730010 674
1730020 675
1730030 676
1730040 677
1730050 678
1730060 679
1730070 681
1730080 682
1730090 684
1730100 686
1730110 686
1730120 687
1730130 686
1730140 686
1730150 685
1730160 683
1730170 679
1730180 676
1730190 675
1730200 674
1730210 673
1730220 672
1730230 671
1730240 670
1730250 669
1730260 668
1730270 666
1730280 665
1730290 663
1730300 662
1730310 660
1730320 659
1730330 658
1730340 656
1730350 654
1730360 652
1730370 650
1730380 648
1730390 646
1730400 645
1730410 644
1730420 642
1730430 641
1730440 640
1730450 638
1730460 636
1730470 636
1730480 635
1730490 635
1730500 634
1730510 633
1730520 633
1730530 632
1730540 632
1730550 631
1730560 631
1730570 631
1730580 630
1730590 629
1730600 629
1730610 628
1730620 628
1730630 628
1730640 628
1730650 628
1730660 630
1730670 632
1730680 635
1730690 638
1730700 641
1730710 644
1730720 645
1730730 645
1730740 642
1730750 637
1730760 633
1730770 629
1730780 626
1730790 625
1730800 625
1730810 625
1730820 625
1730830 625
1730840 625
1730850 625
1730860 625
1730870 624
1730880 622
1730890 621
1730900 621
1730910 622
1730920 622
1730930 622
1730940 622
1730950 622
1730960 621
1730970 622
1730980 623
1730990 625
1731000 628
1731010 632
1731020 636
1731030 640
1731040 644
1731050 648
1731060 652
1731070 656
1731080 659
1731090 660
1731100 661
1731110 661
1731120 661
1731130 661
1731140 661
1731150 661
1731160 661
1731170 661
1731180 661
1731190 660
1731200 660
1731210 660
1731220 660
1731230 660
1731240 660
1731250 660
1731260 660
1731270 660
1731280 660
1731290 660
1731300 660
1731310 660
1731320 660
1731330 660
1731340 659
1731350 659
1731360 659
1731370 659
1731380 659
1731390 659
1731400 658
1731410 658
1731420 657
1731430 656
1731440 657
1731450 658
1731460 658
1731470 659
1731480 658
1731490 658
1731500 656
1731510 654
1731520 653
1731530 653
1731540 655
1731550 656
1731560 658
1731570 660
1731580 662
1731590 664
1731600 667
1731610 670
1731620 673
1731630 676
1731640 679
1731650 682
1731660 686
1731670 689
1731680 693
1731690 696
1731700 700
1731710 704
1731720 707
1731730 710
1731740 714
1731750 716
1731760 719
1731770 722
1731780 724
1731790 726
1731800 728
1731810 730
1731820 732
1731830 734
1731840 736
1731850 738
1731860 740
1731870 743
1731880 746
1731890 749
1731900 752
1731910 755
1731920 758
1731930 762
1731940 765
1731950 768
1731960 771
1731970 775
1731980 778
1731990 782
1732000 785
1732010 788
1732020 791
1732030 792
1732040 794
1732050 795
1732060 795
1732070 795
1732080 795
1732090 795
1732100 795
1732110 795
1732120 794
1732130 795
1732140 795
1732150 796
1732160 797
1732170 798
1732180 800
1732190 801
1732200 802
1732210 804
1732220 806
1732230 807
1732240 808
1732250 810
1732260 811
1732270 813
1732280 814
1732290 816
1732300 818
1732310 819
1732320 821
1732330 823
1732340 825
1732350 827
1732360 829
1732370 830
1732380 832
1732390 834
1732400 836
1732410 838
1732420 840
1732430 841
1732440 843
1732450 845
1732460 847
1732470 848
1732480 850
1732490 852
1732500 853
1732510 855
1732520 856
1732530 858
1732540 859
1732550 861
1732560 862
1732570 864
1732580 865
1732590 867
1732600 869
1732610 870
1732620 872
1732630 874
1732640 875
1732650 877
1732660 879
1732670 881
1732680 883
1732690 885
1732700 887
1732710 889
1732720 891
1732730 892
1732740 894
1732750 896
1732760 898
1732770 899
1732780 901
1732790 903
1732800 904
1732810 906
1732820 907
1732830 908
1732840 909
1732850 911
1732860 913
1732870 915
1732880 918
1732890 920
1732900 923
1732910 925
1732920 928
1732930 930
1732940 933
1732950 935
1732960 937
1732970 935
1732980 932
1732990 928
1733000 923
1733010 919
1733020 915
1733030 911
1733040 908
1733050 905
1733060 903
1733070 900
1733080 898
1733090 896
1733100 894
1733110 892
1733120 890
1733130 889
1733140 888
1733150 888
1733160 887
1733170 887
1733180 887
1733190 887
1733200 887
1733210 887
1733220 887
1733230 887
1733240 887
1733250 886
1733260 886
1733270 885
1733280 884
1733290 882
1733300 880
1733310 878
1733320 875
1733330 872
1733340 870
1733350 867
1733360 864
1733370 861
1733380 858
1733390 855
1733400 851
1733410 849
1733420 846
1733430 844
1733440 843
1733450 842
1733460 841
1733470 841
1733480 841
1733490 842
1733500 843
1733510 844
1733520 845
1733530 847
1733540 849
1733550 852
1733560 853
1733570 852
1733580 848
1733590 844
1733600 841
1733610 837
1733620 833
1733630 829
1733640 826
1733650 822
1733660 819
1733670 816
1733680 814
1733690 812
1733700 810
1733710 809
1733720 808
1733730 807
1733740 803
1733750 799
1733760 793
1733770 787
1733780 782
1733790 778
1733800 776
1733810 775
1733820 775
1733830 776
1733840 777
1733850 777
1733860 777
1733870 778
1733880 779
1733890 779
1733900 778
1733910 776
1733920 772
1733930 768
1733940 763
1733950 758
1733960 754
1733970 749
1733980 744
1733990 740
1734000 737
1734010 734
1734020 733
1734030 733
1734040 733
1734050 734
1734060 734
1734070 735
1734080 737
1734090 738
1734100 740
1734110 741
1734120 741
1734130 741
1734140 741
1734150 741
1734160 743
1734170 745
1734180 748
1734190 750
1734200 753
1734210 756
1734220 758
1734230 761
1734240 763
1734250 764
1734260 765
1734270 765
1734280 764
1734290 762
1734300 759
1734310 756
1734320 753
1734330 750
1734340 748
1734350 745
1734360 743
1734370 742
1734380 740
1734390 739
1734400 738
1734410 737
1734420 737
1734430 737
1734440 738
1734450 739
1734460 739
1734470 739
1734480 739
1734490 739
1734500 738
1734510 737
1734520 736
1734530 733
1734540 731
1734550 729
1734560 729
1734570 729
1734580 729
1734590 729
1734600 728
1734610 728
1734620 727
1734630 726
1734640 725
1734650 724
1734660 723
1734670 722
1734680 720
1734690 719
1734700 718
1734710 718
1734720 717
1734730 717
1734740 717
1734750 717
1734760 717
1734770 717
1734780 717
1734790 716
1734800 715
1734810 715
1734820 714
1734830 713
1734840 710
1734850 706
1734860 701
1734870 696
1734880 691
1734890 686
1734900 680
1734910 675
1734920 669
1734930 664
1734940 660
1734950 656
1734960 653
1734970 650
1734980 648
1734990 645
1735000 642
1735010 637
1735020 632
1735030 627
1735040 623
1735050 621
1735060 620
1735070 620
1735080 620
1735090 620
1735100 620
1735110 620
1735120 620
1735130 620
1735140 620
1735150 619
1735160 619
1735170 618
1735180 617
1735190 616
1735200 617
1735210 617
1735220 617
1735230 621
1735240 625
1735250 630
1735260 635
1735270 640
1735280 645
1735290 648
1735300 651
1735310 653
1735320 656
1735330 659
1735340 662
1735350 665
1735360 668
1735370 671
1735380 675
1735390 678
1735400 682
1735410 685
1735420 688
1735430 691
1735440 692
1735450 694
1735460 695
1735470 697
1735480 698
1735490 698
1735500 698
1735510 698
1735520 698
1735530 697
1735540 697
1735550 696
1735560 695
1735570 694
1735580 692
1735590 691
1735600 690
1735610 688
1735620 686
1735630 684
1735640 681
1735650 679
1735660 676
1735670 674
1735680 671
1735690 669
1735700 667
1735710 664
1735720 662
1735730 660
1735740 657
1735750 655
1735760 652
1735770 650
1735780 649
1735790 647
1735800 645
1735810 644
1735820 642
1735830 639
1735840 638
1735850 636
1735860 635
1735870 633
1735880 631
1735890 629
1735900 628
1735910 628
1735920 628
1735930 628
1735940 628
1735950 628
1735960 628
1735970 628
1735980 628
1735990 628
1736000 628
1736010 629
1736020 629
1736030 629
1736040 629
1736050 630
1736060 630
1736070 631
1736080 632
1736090 634
1736100 636
1736110 639
1736120 642
1736130 645
1736140 648
1736150 651
1736160 654
1736170 656
1736180 658
1736190 659
1736200 659
1736210 660
1736220 661
1736230 662
1736240 664
1736250 665
1736260 667
1736270 668
1736280 669
1736290 671
1736300 672
1736310 673
1736320 675
1736330 676
1736340 677
1736350 678
1736360 678
1736370 679
1736380 679
1736390 677
1736400 676
1736410 675
1736420 674
1736430 673
1736440 672
1736450 671
1736460 670
1736470 669
1736480 668
1736490 668
1736500 667
1736510 668
1736520 669
1736530 671
1736540 673
1736550 675
1736560 677
1736570 679
1736580 681
1736590 683
1736600 685
1736610 688
1736620 690
1736630 693
1736640 695
1736650 698
1736660 700
1736670 703
1736680 705
1736690 708
1736700 711
1736710 714
1736720 717
1736730 721
1736740 724
1736750 727
1736760 730
1736770 732
1736780 735
1736790 739
1736800 742
1736810 745
1736820 749
1736830 752
1736840 755
1736850 758
1736860 761
1736870 763
1736880 766
1736890 768
1736900 771
1736910 774
1736920 777
1736930 780
1736940 782
1736950 785
1736960 787
1736970 789
1736980 791
1736990 793
1737000 795
1737010 797
1737020 799
1737030 801
1737040 802
1737050 803
1737060 804
1737070 805
1737080 806
1737090 807
1737100 808
1737110 809
1737120 811
1737130 812
1737140 813
1737150 813
1737160 812
1737170 810
1737180 806
1737190 803
1737200 799
1737210 795
1737220 791
1737230 787
1737240 783
1737250 780
1737260 776
1737270 772
1737280 769
1737290 765
1737300 762
1737310 758
1737320 755
1737330 752
1737340 749
1737350 746
1737360 743
1737370 740
1737380 737
1737390 734
1737400 731
1737410 728
1737420 726
1737430 724
1737440 721
1737450 719
1737460 718
1737470 716
1737480 715
1737490 714
1737500 713
1737510 712
1737520 712
1737530 714
1737540 716
1737550 719
1737560 721
1737570 724
1737580 727
1737590 730
1737600 734
1737610 738
1737620 742
1737630 746
1737640 750
1737650 755
1737660 760
1737670 764
1737680 769
1737690 774
1737700 778
1737710 782
1737720 786
1737730 788
1737740 790
1737750 792
1737760 795
1737770 797
1737780 800
1737790 803
1737800 807
1737810 810
1737820 814
1737830 819
1737840 823
1737850 828
1737860 833
1737870 838
1737880 842
1737890 846
1737900 850
1737910 852
1737920 855
1737930 859
1737940 864
1737950 869
1737960 874
1737970 878
1737980 880
1737990 882
1738000 881
1738010 877
1738020 872
1738030 869
1738040 865
1738050 862
1738060 857
1738070 854
1738080 850
1738090 847
1738100 843
1738110 840
1738120 838
1738130 836
1738140 834
1738150 833
1738160 837
1738170 842
1738180 848
1738190 854
1738200 859
1738210 862
1738220 863
1738230 864
1738240 865
1738250 868
1738260 872
1738270 876
1738280 882
1738290 887
1738300 892
1738310 890
1738320 888
1738330 884
1738340 884
1738350 884
1738360 885
1738370 886
1738380 886
1738390 885
1738400 886
1738410 888
1738420 893
1738430 899
1738440 906
1738450 913
1738460 919
1738470 923
1738480 926
1738490 928
1738500 927
1738510 926
1738520 923
1738530 921
1738540 918
1738550 914
1738560 910
1738570 906
1738580 902
1738590 898
1738600 894
1738610 890
1738620 888
1738630 887
1738640 886
1738650 885
1738660 885
1738670 885
1738680 885
1738690 886
1738700 886
1738710 888
1738720 889
1738730 890
1738740 892
1738750 893
1738760 895
1738770 896
1738780 898
1738790 899
1738800 900
1738810 902
1738820 904
1738830 904
1738840 904
1738850 904
1738860 904
1738870 905
1738880 906
1738890 907
1738900 908
1738910 908
1738920 908
1738930 907
1738940 906
1738950 903
1738960 900
1738970 896
1738980 891
1738990 887
1739000 883
1739010 879
1739020 875
1739030 872
1739040 869
1739050 866
1739060 862
1739070 857
1739080 853
1739090 848
1739100 845
1739110 841
1739120 838
1739130 834
1739140 831
1739150 828
1739160 826
1739170 824
1739180 822
1739190 819
1739200 816
1739210 812
1739220 809
1739230 808
1739240 809
1739250 812
1739260 816
1739270 819
1739280 821
1739290 821
1739300 821
1739310 819
1739320 819
1739330 821
1739340 823
1739350 827
1739360 831
1739370 833
1739380 833
1739390 831
1739400 827
1739410 823
1739420 819
1739430 815
1739440 812
1739450 810
1739460 810
1739470 811
1739480 813
1739490 816
1739500 818
1739510 819
1739520 819
1739530 817
1739540 816
1739550 814
1739560 812
1739570 811
1739580 810
1739590 808
1739600 806
1739610 804
1739620 801
1739630 798
1739640 793
1739650 789
1739660 785
1739670 782
1739680 778
1739690 774
1739700 771
1739710 768
1739720 765
1739730 763
1739740 763
1739750 763
1739760 764
1739770 765
1739780 767
1739790 770
1739800 772
1739810 774
1739820 775
1739830 774
1739840 773
1739850 771
1739860 769
1739870 767
1739880 764
1739890 763
1739900 763
1739910 763
1739920 762
1739930 763
1739940 764
1739950 765
1739960 764
1739970 764
1739980 765
1739990 766
