1720000 1116
1720010 1115
1720020 1114
1720030 1113
1720040 1112
1720050 1111
1720060 1111
1720070 1111
1720080 1111
1720090 1110
1720100 1109
1720110 1107
1720120 1104
1720130 1102
1720140 1099
1720150 1097
1720160 1095
1720170 1093
1720180 1092
1720190 1089
1720200 1087
1720210 1083
1720220 1081
1720230 1079
1720240 1078
1720250 1077
1720260 1076
1720270 1076
1720280 1074
1720290 1073
1720300 1072
1720310 1071
1720320 1070
1720330 1071
1720340 1072
1720350 1072
1720360 1073
1720370 1074
1720380 1074
1720390 1075
1720400 1075
1720410 1075
1720420 1075
1720430 1074
1720440 1073
1720450 1072
1720460 1071
1720470 1070
1720480 1068
1720490 1065
1720500 1063
1720510 1061
1720520 1060
1720530 1058
1720540 1057
1720550 1056
1720560 1055
1720570 1054
1720580 1053
1720590 1051
1720600 1049
1720610 1047
1720620 1045
1720630 1042
1720640 1039
1720650 1036
1720660 1032
1720670 1027
1720680 1023
1720690 1019
1720700 1015
1720710 1011
1720720 1008
1720730 1004
1720740 1001
1720750 998
1720760 996
1720770 994
1720780 993
1720790 991
1720800 991
1720810 990
1720820 990
1720830 991
1720840 992
1720850 993
1720860 994
1720870 996
1720880 999
1720890 1001
1720900 1003
1720910 1006
1720920 1008
1720930 1010
1720940 1012
1720950 1014
1720960 1016
1720970 1018
1720980 1019
1720990 1020
1721000 1021
1721010 1022
1721020 1022
1721030 1023
1721040 1024
1721050 1024
1721060 1025
1721070 1026
1721080 1026
1721090 1026
1721100 1026
1721110 1027
1721120 1027
1721130 1028
1721140 1028
1721150 1029
1721160 1029
1721170 1030
1721180 1030
1721190 1031
1721200 1031
1721210 1032
1721220 1032
1721230 1033
1721240 1034
1721250 1034
1721260 1034
1721270 1033
1721280 1030
1721290 1030
1721300 1031
1721310 1034
1721320 1036
1721330 1038
1721340 1040
1721350 1042
1721360 1045
1721370 1047
1721380 1049
1721390 1051
1721400 1053
1721410 1055
1721420 1057
1721430 1059
1721440 1061
1721450 1062
1721460 1064
1721470 1066
1721480 1067
1721490 1069
1721500 1071
1721510 1072
1721520 1073
1721530 1075
1721540 1077
1721550 1078
1721560 1079
1721570 1081
1721580 1082
1721590 1083
1721600 1084
1721610 1084
1721620 1084
1721630 1084
1721640 1084
1721650 1084
1721660 1084
1721670 1083
1721680 1083
1721690 1083
1721700 1083
1721710 1083
1721720 1082
1721730 1080
1721740 1079
1721750 1078
1721760 1078
1721770 1078
1721780 1078
1721790 1077
1721800 1077
1721810 1076
1721820 1075
1721830 1074
1721840 1072
1721850 1070
1721860 1068
1721870 1065
1721880 1063
1721890 1060
1721900 1057
1721910 1054
1721920 1050
1721930 1047
1721940 1044
1721950 1040
1721960 1037
1721970 1033
1721980 1030
1721990 1026
1722000 1022
1722010 1018
1722020 1013
1722030 1008
1722040 1004
1722050 999
1722060 994
1722070 989
1722080 984
1722090 980
1722100 976
1722110 974
1722120 972
1722130 971
1722140 970
1722150 969
1722160 968
1722170 969
1722180 969
1722190 970
1722200 972
1722210 973
1722220 975
1722230 977
1722240 979
1722250 981
1722260 982
1722270 983
1722280 984
1722290 984
1722300 983
1722310 983
1722320 983
1722330 982
1722340 981
1722350 981
1722360 980
1722370 980
1722380 980
1722390 979
1722400 979
1722410 980
1722420 981
1722430 981
1722440 983
1722450 983
1722460 983
1722470 983
1722480 983
1722490 983
1722500 982
1722510 982
1722520 982
1722530 982
1722540 980
1722550 978
1722560 973
1722570 969
1722580 965
1722590 962
1722600 958
1722610 954
1722620 950
1722630 949
1722640 949
1722650 951
1722660 951
1722670 951
1722680 952
1722690 951
1722700 950
1722710 951
1722720 951
1722730 951
1722740 950
1722750 950
1722760 950
1722770 952
1722780 953
1722790 954
1722800 956
1722810 957
1722820 958
1722830 960
1722840 960
1722850 961
1722860 962
1722870 962
1722880 962
1722890 963
1722900 963
1722910 963
1722920 963
1722930 962
1722940 962
1722950 961
1722960 960
1722970 959
1722980 959
1722990 959
1723000 959
1723010 959
1723020 958
1723030 959
1723040 959
1723050 959
1723060 961
1723070 964
1723080 966
1723090 969
1723100 971
1723110 974
1723120 976
1723130 978
1723140 977
1723150 975
1723160 972
1723170 969
1723180 966
1723190 963
1723200 961
1723210 960
1723220 958
1723230 955
1723240 950
1723250 944
1723260 937
1723270 930
1723280 924
1723290 919
1723300 914
1723310 908
1723320 903
1723330 898
1723340 895
1723350 894
1723360 891
1723370 887
1723380 883
1723390 879
1723400 875
1723410 871
1723420 867
1723430 864
1723440 862
1723450 859
1723460 857
1723470 855
1723480 852
1723490 850
1723500 848
1723510 846
1723520 845
1723530 845
1723540 844
1723550 843
1723560 841
1723570 839
1723580 838
1723590 836
1723600 835
1723610 833
1723620 832
1723630 831
1723640 830
1723650 829
1723660 828
1723670 827
1723680 825
1723690 825
1723700 824
1723710 823
1723720 824
1723730 824
1723740 824
1723750 824
1723760 823
1723770 821
1723780 820
1723790 820
1723800 819
1723810 818
1723820 817
1723830 815
1723840 813
1723850 810
1723860 808
1723870 807
1723880 805
1723890 804
1723900 802
1723910 801
1723920 799
1723930 797
1723940 795
1723950 793
1723960 792
1723970 790
1723980 789
1723990 788
1724000 786
1724010 785
1724020 783
1724030 782
1724040 781
1724050 779
1724060 778
1724070 777
1724080 776
1724090 774
1724100 773
1724110 771
1724120 770
1724130 769
1724140 769
1724150 768
1724160 767
1724170 766
1724180 765
1724190 765
1724200 764
1724210 763
1724220 762
1724230 761
1724240 760
1724250 759
1724260 758
1724270 757
1724280 757
1724290 756
1724300 756
1724310 757
1724320 758
1724330 759
1724340 760
1724350 761
1724360 763
1724370 764
1724380 766
1724390 767
1724400 768
1724410 768
1724420 769
1724430 769
1724440 770
1724450 770
1724460 771
1724470 772
1724480 772
1724490 772
1724500 772
1724510 773
1724520 773
1724530 774
1724540 774
1724550 775
1724560 775
1724570 775
1724580 776
1724590 776
1724600 776
1724610 777
1724620 778
1724630 779
1724640 780
1724650 782
1724660 784
1724670 787
1724680 789
1724690 793
1724700 797
1724710 800
1724720 804
1724730 809
1724740 813
1724750 817
1724760 819
1724770 820
1724780 820
1724790 820
1724800 821
1724810 823
1724820 826
1724830 829
1724840 832
1724850 835
1724860 837
1724870 840
1724880 842
1724890 844
1724900 845
1724910 847
1724920 850
1724930 852
1724940 854
1724950 855
1724960 856
1724970 855
1724980 853
1724990 850
1725000 847
1725010 843
1725020 839
1725030 835
1725040 832
1725050 829
1725060 827
1725070 825
1725080 824
1725090 824
1725100 824
1725110 825
1725120 826
1725130 829
1725140 831
1725150 834
1725160 837
1725170 841
1725180 844
1725190 846
1725200 849
1725210 851
1725220 853
1725230 854
1725240 855
1725250 856
1725260 855
1725270 854
1725280 851
1725290 848
1725300 846
1725310 843
1725320 840
1725330 837
1725340 833
1725350 829
1725360 826
1725370 826
1725380 825
1725390 825
1725400 826
1725410 826
1725420 826
1725430 826
1725440 827
1725450 829
1725460 831
1725470 833
1725480 834
1725490 836
1725500 837
1725510 838
1725520 838
1725530 839
1725540 839
1725550 839
1725560 839
1725570 838
1725580 837
1725590 836
1725600 834
1725610 832
1725620 829
1725630 826
1725640 822
1725650 818
1725660 813
1725670 809
1725680 806
1725690 803
1725700 803
1725710 802
1725720 802
1725730 802
1725740 802
1725750 802
1725760 803
1725770 804
1725780 805
1725790 805
1725800 807
1725810 809
1725820 812
1725830 815
1725840 818
1725850 822
1725860 826
1725870 830
1725880 834
1725890 838
1725900 842
1725910 845
1725920 848
1725930 851
1725940 854
1725950 857
1725960 860
1725970 864
1725980 867
1725990 870
1726000 874
1726010 877
1726020 881
1726030 884
1726040 887
1726050 891
1726060 895
1726070 898
1726080 902
1726090 906
1726100 910
1726110 914
1726120 919
1726130 924
1726140 929
1726150 934
1726160 937
1726170 939
1726180 941
1726190 944
1726200 948
1726210 952
1726220 956
1726230 960
1726240 964
1726250 968
1726260 971
1726270 975
1726280 979
1726290 982
1726300 985
1726310 989
1726320 991
1726330 994
1726340 996
1726350 997
1726360 999
1726370 1000
1726380 1001
1726390 1002
1726400 1003
1726410 1004
1726420 1005
1726430 1006
1726440 1008
1726450 1010
1726460 1012
1726470 1011
1726480 1010
1726490 1006
1726500 1002
1726510 999
1726520 996
1726530 993
1726540 990
1726550 986
1726560 981
1726570 977
1726580 973
1726590 968
1726600 964
1726610 959
1726620 954
1726630 949
1726640 945
1726650 941
1726660 937
1726670 933
1726680 929
1726690 926
1726700 923
1726710 921
1726720 918
1726730 916
1726740 914
1726750 911
1726760 910
1726770 909
1726780 908
1726790 908
1726800 913
1726810 918
1726820 922
1726830 926
1726840 930
1726850 934
1726860 938
1726870 941
1726880 944
1726890 947
1726900 950
1726910 953
1726920 958
1726930 962
1726940 965
1726950 969
1726960 973
1726970 978
1726980 984
1726990 990
1727000 995
1727010 1000
1727020 1003
1727030 1007
1727040 1011
1727050 1016
1727060 1020
1727070 1024
1727080 1029
1727090 1033
1727100 1037
1727110 1041
1727120 1045
1727130 1049
1727140 1053
1727150 1056
1727160 1059
1727170 1061
1727180 1062
1727190 1063
1727200 1065
1727210 1066
1727220 1067
1727230 1068
1727240 1068
1727250 1068
1727260 1067
1727270 1066
1727280 1064
1727290 1063
1727300 1061
1727310 1059
1727320 1057
1727330 1055
1727340 1052
1727350 1050
1727360 1047
1727370 1044
1727380 1041
1727390 1037
1727400 1033
1727410 1028
1727420 1024
1727430 1021
1727440 1017
1727450 1011
1727460 1004
1727470 997
1727480 989
1727490 980
1727500 975
1727510 970
1727520 965
1727530 960
1727540 956
1727550 951
1727560 947
1727570 943
1727580 939
1727590 936
1727600 932
1727610 929
1727620 926
1727630 923
1727640 920
1727650 918
1727660 915
1727670 912
1727680 909
1727690 907
1727700 904
1727710 901
1727720 899
1727730 897
1727740 896
1727750 895
1727760 894
1727770 893
1727780 893
1727790 893
1727800 894
1727810 890
1727820 887
1727830 886
1727840 888
1727850 888
1727860 886
1727870 884
1727880 882
1727890 881
1727900 880
1727910 879
1727920 878
1727930 876
1727940 874
1727950 873
1727960 871
1727970 871
1727980 870
1727990 868
1728000 868
1728010 870
1728020 873
1728030 875
1728040 878
1728050 879
1728060 880
1728070 881
1728080 880
1728090 880
1728100 879
1728110 877
1728120 877
1728130 876
1728140 876
1728150 875
1728160 873
1728170 870
1728180 869
1728190 867
1728200 866
1728210 864
1728220 861
1728230 859
1728240 856
1728250 853
1728260 852
1728270 849
1728280 846
1728290 843
1728300 843
1728310 845
1728320 848
1728330 852
1728340 855
1728350 855
1728360 856
1728370 857
1728380 860
1728390 864
1728400 866
1728410 863
1728420 859
1728430 855
1728440 852
1728450 849
1728460 845
1728470 840
1728480 838
1728490 837
1728500 837
1728510 838
1728520 840
1728530 843
1728540 842
1728550 841
1728560 840
1728570 840
1728580 840
1728590 839
1728600 836
1728610 832
1728620 827
1728630 819
1728640 813
1728650 806
1728660 801
1728670 796
1728680 791
1728690 788
1728700 784
1728710 780
1728720 777
1728730 776
1728740 776
1728750 777
1728760 777
1728770 778
1728780 779
1728790 781
1728800 782
1728810 783
1728820 783
1728830 784
1728840 785
1728850 788
1728860 791
1728870 795
1728880 797
1728890 800
1728900 802
1728910 805
1728920 809
1728930 812
1728940 814
1728950 814
1728960 812
1728970 799
1728980 788
1728990 782
1729000 776
1729010 770
1729020 765
1729030 759
1729040 754
1729050 750
1729060 748
1729070 745
1729080 744
1729090 742
1729100 741
1729110 740
1729120 739
1729130 738
1729140 736
1729150 734
1729160 732
1729170 729
1729180 726
1729190 724
1729200 723
1729210 722
1729220 721
1729230 721
1729240 720
1729250 720
1729260 719
1729270 716
1729280 713
1729290 708
1729300 704
1729310 700
1729320 696
1729330 693
1729340 691
1729350 688
1729360 686
1729370 685
1729380 683
1729390 683
1729400 682
1729410 681
1729420 680
1729430 678
1729440 677
1729450 676
1729460 675
1729470 675
1729480 674
1729490 674
1729500 674
1729510 673
1729520 672
1729530 671
1729540 670
1729550 669
1729560 669
1729570 669
1729580 670
1729590 670
1729600 671
1729610 672
1729620 673
1729630 674
1729640 675
1729650 675
1729660 676
1729670 678
1729680 679
1729690 681
1729700 682
1729710 684
1729720 686
1729730 687
1729740 689
1729750 691
1729760 692
1729770 694
1729780 695
1729790 697
1729800 698
1729810 699
1729820 700
1729830 702
1729840 703
1729850 703
1729860 704
1729870 704
1729880 704
1729890 704
1729900 705
1729910 706
1729920 708
1729930 709
1729940 711
1729950 713
1729960 716
1729970 718
1729980 721
1729990 724
1730000 726
1730010 730
1730020 733
1730030 737
1730040 741
1730050 746
1730060 754
1730070 761
1730080 766
1730090 770
1730100 775
1730110 780
1730120 782
1730130 782
1730140 780
1730150 778
1730160 773
1730170 767
1730180 761
1730190 756
1730200 750
1730210 746
1730220 742
1730230 738
1730240 735
1730250 732
1730260 728
1730270 724
1730280 721
1730290 719
1730300 716
1730310 714
1730320 711
1730330 709
1730340 706
1730350 704
1730360 701
1730370 698
1730380 696
1730390 694
1730400 692
1730410 691
1730420 689
1730430 687
1730440 685
1730450 683
1730460 681
1730470 680
1730480 678
1730490 676
1730500 675
1730510 673
1730520 672
1730530 672
1730540 671
1730550 670
1730560 669
1730570 668
1730580 667
1730590 665
1730600 664
1730610 663
1730620 663
1730630 663
1730640 663
1730650 662
1730660 661
1730670 659
1730680 658
1730690 656
1730700 654
1730710 651
1730720 649
1730730 645
1730740 642
1730750 638
1730760 634
1730770 630
1730780 626
1730790 623
1730800 622
1730810 621
1730820 620
1730830 619
1730840 619
1730850 619
1730860 618
1730870 618
1730880 617
1730890 619
1730900 620
1730910 623
1730920 626
1730930 629
1730940 632
1730950 636
1730960 639
1730970 643
1730980 646
1730990 650
1731000 653
1731010 655
1731020 657
1731030 658
1731040 658
1731050 658
1731060 658
1731070 658
1731080 658
1731090 658
1731100 658
1731110 658
1731120 658
1731130 658
1731140 658
1731150 658
1731160 658
1731170 658
1731180 658
1731190 658
1731200 658
1731210 658
1731220 658
1731230 658
1731240 657
1731250 657
1731260 657
1731270 657
1731280 657
1731290 657
1731300 657
1731310 657
1731320 657
1731330 657
1731340 657
1731350 657
1731360 657
1731370 657
1731380 656
1731390 656
1731400 656
1731410 655
1731420 653
1731430 650
1731440 648
1731450 647
1731460 648
1731470 650
1731480 652
1731490 654
1731500 656
1731510 659
1731520 661
1731530 664
1731540 666
1731550 669
1731560 671
1731570 674
1731580 677
1731590 679
1731600 682
1731610 685
1731620 688
1731630 690
1731640 693
1731650 696
1731660 699
1731670 702
1731680 705
1731690 708
1731700 711
1731710 714
1731720 718
1731730 721
1731740 724
1731750 728
1731760 731
1731770 734
1731780 738
1731790 742
1731800 745
1731810 749
1731820 752
1731830 756
1731840 760
1731850 764
1731860 768
1731870 772
1731880 777
1731890 781
1731900 785
1731910 790
1731920 794
1731930 798
1731940 802
1731950 805
1731960 808
1731970 810
1731980 811
1731990 812
1732000 812
1732010 813
1732020 814
1732030 814
1732040 815
1732050 815
1732060 816
1732070 817
1732080 817
1732090 818
1732100 818
1732110 819
1732120 820
1732130 821
1732140 822
1732150 822
1732160 824
1732170 825
1732180 826
1732190 827
1732200 828
1732210 830
1732220 831
1732230 833
1732240 835
1732250 837
1732260 839
1732270 842
1732280 844
1732290 846
1732300 848
1732310 850
1732320 853
1732330 855
1732340 857
1732350 859
1732360 860
1732370 862
1732380 864
1732390 866
1732400 868
1732410 871
1732420 873
1732430 876
1732440 878
1732450 881
1732460 884
1732470 887
1732480 890
1732490 893
1732500 896
1732510 899
1732520 902
1732530 905
1732540 909
1732550 912
1732560 915
1732570 918
1732580 921
1732590 924
1732600 927
1732610 930
1732620 932
1732630 933
1732640 934
1732650 933
1732660 930
1732670 927
1732680 925
1732690 923
1732700 922
1732710 921
1732720 920
1732730 918
1732740 917
1732750 916
1732760 915
1732770 914
1732780 913
1732790 912
1732800 911
1732810 909
1732820 908
1732830 908
1732840 908
1732850 908
1732860 908
1732870 908
1732880 909
1732890 910
1732900 912
1732910 913
1732920 915
1732930 916
1732940 918
1732950 919
1732960 920
1732970 921
1732980 922
1732990 922
1733000 922
1733010 922
1733020 921
1733030 919
1733040 918
1733050 915
1733060 913
1733070 910
1733080 906
1733090 902
1733100 897
1733110 894
1733120 891
1733130 889
1733140 888
1733150 887
1733160 887
1733170 886
1733180 886
1733190 887
1733200 888
1733210 890
1733220 892
1733230 895
1733240 898
1733250 900
1733260 903
1733270 905
1733280 907
1733290 909
1733300 911
1733310 912
1733320 912
1733330 912
1733340 912
1733350 911
1733360 909
1733370 908
1733380 907
1733390 906
1733400 905
1733410 904
1733420 904
1733430 903
1733440 903
1733450 904
1733460 904
1733470 905
1733480 906
1733490 907
1733500 908
1733510 909
1733520 910
1733530 910
1733540 911
1733550 911
1733560 912
1733570 911
1733580 909
1733590 907
1733600 904
1733610 901
1733620 899
1733630 895
1733640 893
1733650 890
1733660 889
1733670 888
1733680 887
1733690 886
1733700 885
1733710 884
1733720 883
1733730 881
1733740 880
1733750 878
1733760 876
1733770 875
1733780 873
1733790 871
1733800 868
1733810 865
1733820 862
1733830 860
1733840 857
1733850 854
1733860 851
1733870 849
1733880 846
1733890 844
1733900 842
1733910 841
1733920 839
1733930 838
1733940 837
1733950 836
1733960 835
1733970 834
1733980 833
1733990 831
1734000 828
1734010 826
1734020 825
1734030 824
1734040 823
1734050 822
1734060 823
1734070 824
1734080 826
1734090 826
1734100 827
1734110 828
1734120 829
1734130 830
1734140 831
1734150 831
1734160 831
1734170 830
1734180 828
1734190 825
1734200 821
1734210 818
1734220 814
1734230 810
1734240 806
1734250 803
1734260 799
1734270 795
1734280 791
1734290 787
1734300 782
1734310 778
1734320 774
1734330 770
1734340 766
1734350 762
1734360 759
1734370 755
1734380 752
1734390 748
1734400 745
1734410 741
1734420 738
1734430 734
1734440 732
1734450 729
1734460 727
1734470 725
1734480 723
1734490 721
1734500 719
1734510 717
1734520 715
1734530 713
1734540 711
1734550 711
1734560 710
1734570 710
1734580 708
1734590 706
1734600 705
1734610 704
1734620 702
1734630 702
1734640 701
1734650 700
1734660 699
1734670 698
1734680 696
1734690 694
1734700 693
1734710 691
1734720 689
1734730 686
1734740 684
1734750 681
1734760 677
1734770 672
1734780 668
1734790 663
1734800 660
1734810 657
1734820 655
1734830 653
1734840 652
1734850 651
1734860 650
1734870 650
1734880 650
1734890 649
1734900 648
1734910 648
1734920 647
1734930 647
1734940 647
1734950 647
1734960 647
1734970 646
1734980 646
1734990 646
1735000 645
1735010 642
1735020 638
1735030 634
1735040 629
1735050 625
1735060 620
1735070 617
1735080 616
1735090 616
1735100 616
1735110 616
1735120 615
1735130 615
1735140 615
1735150 614
1735160 614
1735170 613
1735180 613
1735190 612
1735200 612
1735210 612
1735220 613
1735230 614
1735240 618
1735250 623
1735260 628
1735270 633
1735280 638
1735290 643
1735300 645
1735310 646
1735320 647
1735330 647
1735340 647
1735350 647
1735360 646
1735370 646
1735380 645
1735390 644
1735400 643
1735410 642
1735420 641
1735430 640
1735440 638
1735450 637
1735460 634
1735470 632
1735480 630
1735490 629
1735500 628
1735510 627
1735520 626
1735530 625
1735540 624
1735550 623
1735560 622
1735570 621
1735580 620
1735590 620
1735600 620
1735610 620
1735620 620
1735630 620
1735640 620
1735650 620
1735660 620
1735670 620
1735680 620
1735690 620
1735700 622
1735710 624
1735720 626
1735730 628
1735740 631
1735750 634
1735760 636
1735770 639
1735780 642
1735790 645
1735800 647
1735810 649
1735820 651
1735830 652
1735840 652
1735850 652
1735860 652
1735870 653
1735880 653
1735890 653
1735900 653
1735910 653
1735920 653
1735930 653
1735940 653
1735950 653
1735960 653
1735970 653
1735980 654
1735990 654
1736000 654
1736010 654
1736020 654
1736030 654
1736040 654
1736050 655
1736060 655
1736070 656
1736080 658
1736090 660
1736100 662
1736110 664
1736120 666
1736130 668
1736140 670
1736150 673
1736160 675
1736170 676
1736180 678
1736190 680
1736200 682
1736210 685
1736220 687
1736230 689
1736240 692
1736250 695
1736260 698
1736270 701
1736280 704
1736290 707
1736300 709
1736310 712
1736320 715
1736330 717
1736340 720
1736350 723
1736360 727
1736370 731
1736380 734
1736390 737
1736400 739
1736410 741
1736420 742
1736430 743
1736440 742
1736450 739
1736460 734
1736470 729
1736480 725
1736490 720
1736500 716
1736510 713
1736520 710
1736530 707
1736540 706
1736550 705
1736560 705
1736570 705
1736580 704
1736590 703
1736600 702
1736610 702
1736620 702
1736630 701
1736640 700
1736650 699
1736660 697
1736670 695
1736680 694
1736690 693
1736700 692
1736710 693
1736720 693
1736730 694
1736740 695
1736750 697
1736760 698
1736770 700
1736780 701
1736790 703
1736800 705
1736810 707
1736820 709
1736830 710
1736840 712
1736850 714
1736860 715
1736870 716
1736880 718
1736890 719
1736900 721
1736910 722
1736920 724
1736930 726
1736940 728
1736950 730
1736960 733
1736970 735
1736980 737
1736990 739
1737000 742
1737010 744
1737020 746
1737030 748
1737040 751
1737050 753
1737060 755
1737070 757
1737080 759
1737090 762
1737100 764
1737110 766
1737120 769
1737130 771
1737140 774
1737150 776
1737160 777
1737170 779
1737180 780
1737190 781
1737200 781
1737210 780
1737220 778
1737230 776
1737240 773
1737250 771
1737260 769
1737270 767
1737280 765
1737290 763
1737300 761
1737310 758
1737320 756
1737330 755
1737340 755
1737350 755
1737360 755
1737370 755
1737380 756
1737390 758
1737400 759
1737410 758
1737420 757
1737430 755
1737440 753
1737450 750
1737460 747
1737470 744
1737480 742
1737490 740
1737500 742
1737510 743
1737520 746
1737530 749
1737540 751
1737550 752
1737560 753
1737570 754
1737580 755
1737590 757
1737600 760
1737610 763
1737620 764
1737630 767
1737640 771
1737650 775
1737660 778
1737670 781
1737680 785
1737690 788
1737700 792
1737710 796
1737720 800
1737730 804
1737740 808
1737750 812
1737760 816
1737770 820
1737780 819
1737790 818
1737800 816
1737810 815
1737820 814
1737830 814
1737840 814
1737850 815
1737860 816
1737870 817
1737880 818
1737890 820
1737900 822
1737910 824
1737920 827
1737930 829
1737940 831
1737950 833
1737960 834
1737970 835
1737980 835
1737990 836
1738000 836
1738010 837
1738020 837
1738030 839
1738040 840
1738050 842
1738060 844
1738070 847
1738080 850
1738090 853
1738100 856
1738110 859
1738120 862
1738130 865
1738140 868
1738150 872
1738160 875
1738170 878
1738180 882
1738190 886
1738200 891
1738210 896
1738220 900
1738230 905
1738240 909
1738250 914
1738260 919
1738270 924
1738280 928
1738290 931
1738300 933
1738310 936
1738320 938
1738330 940
1738340 940
1738350 939
1738360 936
1738370 932
1738380 929
1738390 925
1738400 922
1738410 919
1738420 915
1738430 912
1738440 908
1738450 905
1738460 902
1738470 899
1738480 896
1738490 893
1738500 890
1738510 887
1738520 884
1738530 881
1738540 878
1738550 874
1738560 871
1738570 868
1738580 866
1738590 865
1738600 865
1738610 864
1738620 863
1738630 862
1738640 861
1738650 860
1738660 859
1738670 859
1738680 858
1738690 857
1738700 856
1738710 855
1738720 853
1738730 851
1738740 849
1738750 845
1738760 841
1738770 838
1738780 835
1738790 832
1738800 829
1738810 828
1738820 827
1738830 828
1738840 827
1738850 826
1738860 826
1738870 826
1738880 826
1738890 826
1738900 826
1738910 826
1738920 826
1738930 827
1738940 828
1738950 829
1738960 830
1738970 832
1738980 834
1738990 837
1739000 838
1739010 840
1739020 843
1739030 848
1739040 852
1739050 854
1739060 855
1739070 856
1739080 855
1739090 853
1739100 850
1739110 846
1739120 842
1739130 839
1739140 837
1739150 834
1739160 830
1739170 827
1739180 824
1739190 821
1739200 818
1739210 817
1739220 816
1739230 815
1739240 814
1739250 812
1739260 811
1739270 808
1739280 805
1739290 801
1739300 798
1739310 794
1739320 791
1739330 789
1739340 787
1739350 787
1739360 787
1739370 788
1739380 790
1739390 793
1739400 795
1739410 798
1739420 800
1739430 803
1739440 806
1739450 809
1739460 812
1739470 815
1739480 817
1739490 820
1739500 823
1739510 826
1739520 829
1739530 830
1739540 831
1739550 832
1739560 832
1739570 832
1739580 830
1739590 829
1739600 827
1739610 826
1739620 825
1739630 823
1739640 820
1739650 817
1739660 814
1739670 811
1739680 807
1739690 803
1739700 800
1739710 796
1739720 794
1739730 792
1739740 790
1739750 788
1739760 786
1739770 785
1739780 782
1739790 778
1739800 775
1739810 771
1739820 770
1739830 770
1739840 772
1739850 775
1739860 778
1739870 781
1739880 785
1739890 789
1739900 792
1739910 796
1739920 800
1739930 803
1739940 806
1739950 810
1739960 813
1739970 818
1739980 821
1739990 825
