1720000 636
1720010 632
1720020 629
1720030 628
1720040 628
1720050 627
1720060 626
1720070 625
1720080 623
1720090 622
1720100 621
1720110 620
1720120 620
1720130 619
1720140 619
1720150 618
1720160 618
1720170 617
1720180 617
1720190 617
1720200 617
1720210 617
1720220 618
1720230 618
1720240 619
1720250 619
1720260 619
1720270 619
1720280 618
1720290 617
1720300 616
1720310 615
1720320 615
1720330 614
1720340 614
1720350 614
1720360 613
1720370 614
1720380 614
1720390 614
1720400 613
1720410 613
1720420 612
1720430 613
1720440 613
1720450 613
1720460 612
1720470 611
1720480 609
1720490 609
1720500 608
1720510 608
1720520 608
1720530 608
1720540 609
1720550 610
1720560 609
1720570 608
1720580 607
1720590 605
1720600 604
1720610 604
1720620 604
1720630 604
1720640 605
1720650 607
1720660 612
1720670 618
1720680 623
1720690 627
1720700 630
1720710 633
1720720 636
1720730 640
1720740 643
1720750 646
1720760 649
1720770 652
1720780 655
1720790 658
1720800 660
1720810 662
1720820 663
1720830 661
1720840 658
1720850 654
1720860 650
1720870 646
1720880 641
1720890 637
1720900 632
1720910 628
1720920 623
1720930 620
1720940 617
1720950 614
1720960 613
1720970 612
1720980 611
1720990 610
1721000 610
1721010 610
1721020 610
1721030 611
1721040 613
1721050 614
1721060 615
1721070 616
1721080 617
1721090 617
1721100 618
1721110 618
1721120 619
1721130 619
1721140 619
1721150 619
1721160 620
1721170 620
1721180 620
1721190 621
1721200 621
1721210 622
1721220 622
1721230 623
1721240 624
1721250 625
1721260 626
1721270 627
1721280 628
1721290 631
1721300 633
1721310 636
1721320 638
1721330 641
1721340 644
1721350 647
1721360 649
1721370 649
1721380 647
1721390 644
1721400 643
1721410 642
1721420 642
1721430 642
1721440 642
1721450 643
1721460 644
1721470 645
1721480 647
1721490 650
1721500 653
1721510 657
1721520 660
1721530 663
1721540 667
1721550 670
1721560 674
1721570 677
1721580 680
1721590 683
1721600 686
1721610 689
1721620 693
1721630 697
1721640 701
1721650 704
1721660 707
1721670 711
1721680 714
1721690 716
1721700 719
1721710 722
1721720 724
1721730 727
1721740 730
1721750 733
1721760 735
1721770 737
1721780 740
1721790 742
1721800 745
1721810 748
1721820 751
1721830 754
1721840 758
1721850 761
1721860 763
1721870 766
1721880 769
1721890 771
1721900 774
1721910 777
1721920 780
1721930 783
1721940 786
1721950 789
1721960 792
1721970 795
1721980 798
1721990 801
1722000 804
1722010 807
1722020 810
1722030 813
1722040 815
1722050 818
1722060 821
1722070 824
1722080 828
1722090 831
1722100 835
1722110 838
1722120 841
1722130 844
1722140 846
1722150 848
1722160 850
1722170 852
1722180 856
1722190 860
1722200 863
1722210 867
1722220 870
1722230 873
1722240 875
1722250 878
1722260 880
1722270 883
1722280 884
1722290 886
1722300 888
1722310 889
1722320 889
1722330 889
1722340 889
1722350 889
1722360 889
1722370 888
1722380 888
1722390 887
1722400 886
1722410 886
1722420 885
1722430 883
1722440 882
1722450 880
1722460 878
1722470 874
1722480 870
1722490 866
1722500 863
1722510 859
1722520 856
1722530 853
1722540 850
1722550 848
1722560 845
1722570 843
1722580 843
1722590 843
1722600 844
1722610 845
1722620 845
1722630 845
1722640 844
1722650 845
1722660 845
1722670 846
1722680 847
1722690 848
1722700 848
1722710 847
1722720 846
1722730 845
1722740 843
1722750 842
1722760 842
1722770 843
1722780 844
1722790 844
1722800 844
1722810 844
1722820 844
1722830 844
1722840 843
1722850 843
1722860 844
1722870 844
1722880 845
1722890 846
1722900 846
1722910 846
1722920 848
1722930 849
1722940 849
1722950 849
1722960 849
1722970 850
1722980 851
1722990 850
1723000 850
1723010 849
1723020 848
1723030 847
1723040 848
1723050 850
1723060 852
1723070 854
1723080 857
1723090 859
1723100 861
1723110 862
1723120 863
1723130 865
1723140 866
1723150 868
1723160 869
1723170 871
1723180 873
1723190 875
1723200 877
1723210 879
1723220 881
1723230 883
1723240 885
1723250 887
1723260 888
1723270 890
1723280 891
1723290 893
1723300 894
1723310 896
1723320 898
1723330 900
1723340 902
1723350 903
1723360 904
1723370 904
1723380 905
1723390 906
1723400 907
1723410 908
1723420 909
1723430 910
1723440 912
1723450 915
1723460 919
1723470 923
1723480 926
1723490 927
1723500 926
1723510 926
1723520 927
1723530 931
1723540 934
1723550 936
1723560 936
1723570 936
1723580 937
1723590 940
1723600 942
1723610 942
1723620 939
1723630 933
1723640 926
1723650 924
1723660 926
1723670 930
1723680 933
1723690 938
1723700 942
1723710 945
1723720 945
1723730 944
1723740 946
1723750 947
1723760 949
1723770 953
1723780 955
1723790 957
1723800 955
1723810 954
1723820 954
1723830 953
1723840 953
1723850 952
1723860 951
1723870 950
1723880 950
1723890 950
1723900 950
1723910 948
1723920 943
1723930 933
1723940 925
1723950 918
1723960 912
1723970 907
1723980 902
1723990 897
1724000 894
1724010 893
1724020 898
1724030 904
1724040 909
1724050 915
1724060 920
1724070 926
1724080 931
1724090 936
1724100 941
1724110 944
1724120 946
1724130 947
1724140 948
1724150 951
1724160 954
1724170 956
1724180 956
1724190 955
1724200 964
1724210 971
1724220 977
1724230 979
1724240 978
1724250 977
1724260 976
1724270 976
1724280 978
1724290 979
1724300 978
1724310 977
1724320 979
1724330 981
1724340 983
1724350 984
1724360 986
1724370 988
1724380 991
1724390 992
1724400 991
1724410 989
1724420 984
1724430 978
1724440 971
1724450 968
1724460 968
1724470 969
1724480 973
1724490 978
1724500 984
1724510 988
1724520 992
1724530 994
1724540 996
1724550 997
1724560 997
1724570 995
1724580 994
1724590 992
1724600 991
1724610 989
1724620 987
1724630 985
1724640 984
1724650 983
1724660 981
1724670 979
1724680 977
1724690 974
1724700 971
1724710 970
1724720 974
1724730 978
1724740 982
1724750 986
1724760 990
1724770 994
1724780 998
1724790 1003
1724800 1008
1724810 1018
1724820 1025
1724830 1028
1724840 1020
1724850 1015
1724860 1013
1724870 1010
1724880 1008
1724890 1007
1724900 1008
1724910 1006
1724920 1004
1724930 1001
1724940 997
1724950 993
1724960 989
1724970 985
1724980 980
1724990 975
1725000 971
1725010 968
1725020 967
1725030 969
1725040 972
1725050 976
1725060 978
1725070 979
1725080 979
1725090 977
1725100 976
1725110 977
1725120 978
1725130 980
1725140 981
1725150 984
1725160 986
1725170 989
1725180 992
1725190 995
1725200 998
1725210 1000
1725220 1003
1725230 1005
1725240 1007
1725250 1010
1725260 1013
1725270 1016
1725280 1019
1725290 1021
1725300 1024
1725310 1027
1725320 1029
1725330 1031
1725340 1033
1725350 1036
1725360 1039
1725370 1042
1725380 1044
1725390 1047
1725400 1049
1725410 1051
1725420 1053
1725430 1055
1725440 1057
1725450 1061
1725460 1063
1725470 1065
1725480 1065
1725490 1066
1725500 1068
1725510 1070
1725520 1070
1725530 1070
1725540 1072
1725550 1075
1725560 1079
1725570 1084
1725580 1086
1725590 1087
1725600 1086
1725610 1084
1725620 1083
1725630 1082
1725640 1083
1725650 1084
1725660 1087
1725670 1089
1725680 1092
1725690 1093
1725700 1095
1725710 1098
1725720 1100
1725730 1102
1725740 1102
1725750 1101
1725760 1099
1725770 1097
1725780 1096
1725790 1095
1725800 1094
1725810 1094
1725820 1092
1725830 1091
1725840 1090
1725850 1090
1725860 1090
1725870 1091
1725880 1092
1725890 1094
1725900 1095
1725910 1096
1725920 1096
1725930 1097
1725940 1099
1725950 1101
1725960 1104
1725970 1106
1725980 1109
1725990 1111
1726000 1114
1726010 1117
1726020 1121
1726030 1124
1726040 1128
1726050 1131
1726060 1134
1726070 1137
1726080 1140
1726090 1143
1726100 1146
1726110 1149
1726120 1151
1726130 1153
1726140 1155
1726150 1157
1726160 1159
1726170 1160
1726180 1161
1726190 1162
1726200 1162
1726210 1162
1726220 1162
1726230 1162
1726240 1161
1726250 1161
1726260 1161
1726270 1161
1726280 1161
1726290 1161
1726300 1161
1726310 1162
1726320 1162
1726330 1162
1726340 1163
1726350 1163
1726360 1164
1726370 1165
1726380 1166
1726390 1167
1726400 1168
1726410 1169
1726420 1171
1726430 1172
1726440 1174
1726450 1176
1726460 1177
1726470 1176
1726480 1174
1726490 1172
1726500 1169
1726510 1166
1726520 1163
1726530 1160
1726540 1157
1726550 1154
1726560 1152
1726570 1149
1726580 1147
1726590 1145
1726600 1142
1726610 1140
1726620 1138
1726630 1136
1726640 1134
1726650 1133
1726660 1131
1726670 1129
1726680 1127
1726690 1125
1726700 1123
1726710 1120
1726720 1118
1726730 1114
1726740 1110
1726750 1107
1726760 1104
1726770 1101
1726780 1098
1726790 1096
1726800 1094
1726810 1093
1726820 1092
1726830 1091
1726840 1090
1726850 1090
1726860 1090
1726870 1090
1726880 1091
1726890 1092
1726900 1093
1726910 1095
1726920 1097
1726930 1099
1726940 1100
1726950 1100
1726960 1100
1726970 1099
1726980 1098
1726990 1097
1727000 1096
1727010 1096
1727020 1097
1727030 1099
1727040 1101
1727050 1103
1727060 1105
1727070 1106
1727080 1107
1727090 1108
1727100 1108
1727110 1107
1727120 1104
1727130 1101
1727140 1097
1727150 1095
1727160 1092
1727170 1089
1727180 1086
1727190 1084
1727200 1081
1727210 1079
1727220 1075
1727230 1072
1727240 1068
1727250 1064
1727260 1061
1727270 1058
1727280 1056
1727290 1054
1727300 1052
1727310 1049
1727320 1046
1727330 1042
1727340 1040
1727350 1038
1727360 1036
1727370 1034
1727380 1033
1727390 1033
1727400 1032
1727410 1032
1727420 1031
1727430 1030
1727440 1030
1727450 1029
1727460 1028
1727470 1028
1727480 1027
1727490 1027
1727500 1027
1727510 1026
1727520 1026
1727530 1026
1727540 1026
1727550 1026
1727560 1026
1727570 1026
1727580 1025
1727590 1024
1727600 1023
1727610 1022
1727620 1021
1727630 1020
1727640 1019
1727650 1019
1727660 1018
1727670 1017
1727680 1015
1727690 1012
1727700 1007
1727710 1002
1727720 997
1727730 993
1727740 989
1727750 985
1727760 982
1727770 980
1727780 978
1727790 976
1727800 975
1727810 974
1727820 973
1727830 972
1727840 971
1727850 969
1727860 968
1727870 967
1727880 968
1727890 969
1727900 970
1727910 972
1727920 974
1727930 976
1727940 978
1727950 980
1727960 982
1727970 984
1727980 985
1727990 985
1728000 984
1728010 981
1728020 977
1728030 972
1728040 969
1728050 967
1728060 965
1728070 963
1728080 962
1728090 960
1728100 959
1728110 958
1728120 958
1728130 958
1728140 959
1728150 960
1728160 961
1728170 963
1728180 966
1728190 969
1728200 972
1728210 974
1728220 976
1728230 978
1728240 981
1728250 984
1728260 986
1728270 988
1728280 991
1728290 994
1728300 997
1728310 1000
1728320 1003
1728330 1006
1728340 1009
1728350 1009
1728360 1009
1728370 1009
1728380 1008
1728390 1007
1728400 1003
1728410 998
1728420 994
1728430 990
1728440 986
1728450 983
1728460 979
1728470 977
1728480 974
1728490 972
1728500 970
1728510 969
1728520 967
1728530 966
1728540 965
1728550 964
1728560 962
1728570 961
1728580 959
1728590 957
1728600 954
1728610 950
1728620 945
1728630 940
1728640 935
1728650 930
1728660 925
1728670 920
1728680 915
1728690 910
1728700 904
1728710 899
1728720 894
1728730 889
1728740 885
1728750 880
1728760 876
1728770 871
1728780 867
1728790 862
1728800 858
1728810 853
1728820 848
1728830 843
1728840 839
1728850 834
1728860 830
1728870 827
1728880 823
1728890 819
1728900 815
1728910 812
1728920 808
1728930 805
1728940 802
1728950 800
1728960 798
1728970 796
1728980 794
1728990 792
1729000 789
1729010 785
1729020 780
1729030 775
1729040 770
1729050 765
1729060 761
1729070 757
1729080 755
1729090 752
1729100 748
1729110 744
1729120 740
1729130 740
1729140 744
1729150 747
1729160 747
1729170 749
1729180 751
1729190 755
1729200 758
1729210 759
1729220 757
1729230 753
1729240 749
1729250 747
1729260 745
1729270 744
1729280 743
1729290 743
1729300 742
1729310 741
1729320 740
1729330 741
1729340 742
1729350 746
1729360 749
1729370 753
1729380 756
1729390 760
1729400 764
1729410 768
1729420 771
1729430 775
1729440 779
1729450 782
1729460 785
1729470 788
1729480 791
1729490 794
1729500 797
1729510 800
1729520 803
1729530 806
1729540 810
1729550 813
1729560 815
1729570 818
1729580 820
1729590 822
1729600 823
1729610 825
1729620 827
1729630 829
1729640 832
1729650 834
1729660 836
1729670 839
1729680 843
1729690 847
1729700 850
1729710 854
1729720 858
1729730 862
1729740 866
1729750 867
1729760 867
1729770 867
1729780 868
1729790 869
1729800 872
1729810 875
1729820 878
1729830 881
1729840 885
1729850 888
1729860 892
1729870 895
1729880 899
1729890 903
1729900 906
1729910 910
1729920 914
1729930 917
1729940 921
1729950 925
1729960 928
1729970 932
1729980 935
1729990 938
1730000 942
1730010 945
1730020 949
1730030 952
1730040 956
1730050 959
1730060 963
1730070 966
1730080 969
1730090 971
1730100 973
1730110 974
1730120 975
1730130 975
1730140 975
1730150 975
1730160 975
1730170 976
1730180 977
1730190 979
1730200 983
1730210 985
1730220 987
1730230 986
1730240 990
1730250 994
1730260 997
1730270 996
1730280 994
1730290 991
1730300 992
1730310 995
1730320 999
1730330 1003
1730340 1006
1730350 1007
1730360 1007
1730370 1007
1730380 1008
1730390 1010
1730400 1011
1730410 1012
1730420 1011
1730430 1011
1730440 1013
1730450 1014
1730460 1015
1730470 1016
1730480 1017
1730490 1018
1730500 1018
1730510 1019
1730520 1020
1730530 1021
1730540 1022
1730550 1023
1730560 1024
1730570 1025
1730580 1026
1730590 1027
1730600 1028
1730610 1030
1730620 1031
1730630 1031
1730640 1032
1730650 1033
1730660 1033
1730670 1034
1730680 1035
1730690 1036
1730700 1036
1730710 1036
1730720 1035
1730730 1035
1730740 1035
1730750 1035
1730760 1035
1730770 1035
1730780 1035
1730790 1035
1730800 1036
1730810 1036
1730820 1037
1730830 1037
1730840 1037
1730850 1037
1730860 1037
1730870 1037
1730880 1037
1730890 1038
1730900 1038
1730910 1038
1730920 1039
1730930 1040
1730940 1040
1730950 1041
1730960 1042
1730970 1043
1730980 1044
1730990 1045
1731000 1046
1731010 1046
1731020 1047
1731030 1047
1731040 1048
1731050 1049
1731060 1049
1731070 1050
1731080 1050
1731090 1051
1731100 1052
1731110 1052
1731120 1052
1731130 1052
1731140 1052
1731150 1052
1731160 1052
1731170 1052
1731180 1052
1731190 1051
1731200 1051
1731210 1050
1731220 1049
1731230 1048
1731240 1047
1731250 1046
1731260 1044
1731270 1043
1731280 1041
1731290 1040
1731300 1038
1731310 1036
1731320 1034
1731330 1032
1731340 1030
1731350 1027
1731360 1026
1731370 1025
1731380 1024
1731390 1024
1731400 1023
1731410 1023
1731420 1022
1731430 1021
1731440 1021
1731450 1020
1731460 1020
1731470 1019
1731480 1019
1731490 1019
1731500 1019
1731510 1019
1731520 1019
1731530 1018
1731540 1018
1731550 1018
1731560 1018
1731570 1018
1731580 1017
1731590 1016
1731600 1016
1731610 1017
1731620 1019
1731630 1020
1731640 1021
1731650 1022
1731660 1023
1731670 1023
1731680 1024
1731690 1024
1731700 1024
1731710 1025
1731720 1025
1731730 1025
1731740 1025
1731750 1025
1731760 1023
1731770 1021
1731780 1019
1731790 1017
1731800 1014
1731810 1010
1731820 1006
1731830 1003
1731840 1000
1731850 997
1731860 994
1731870 992
1731880 990
1731890 988
1731900 987
1731910 984
1731920 982
1731930 980
1731940 978
1731950 976
1731960 974
1731970 972
1731980 971
1731990 969
1732000 968
1732010 967
1732020 966
1732030 965
1732040 964
1732050 963
1732060 961
1732070 960
1732080 960
1732090 959
1732100 959
1732110 958
1732120 957
1732130 957
1732140 956
1732150 956
1732160 955
1732170 955
1732180 956
1732190 957
1732200 959
1732210 961
1732220 963
1732230 965
1732240 967
1732250 969
1732260 971
1732270 971
1732280 972
1732290 973
1732300 973
1732310 973
1732320 973
1732330 974
1732340 974
1732350 975
1732360 975
1732370 975
1732380 974
1732390 973
1732400 970
1732410 966
1732420 962
1732430 957
1732440 952
1732450 948
1732460 944
1732470 940
1732480 937
1732490 935
1732500 933
1732510 931
1732520 930
1732530 927
1732540 925
1732550 921
1732560 918
1732570 915
1732580 913
1732590 912
1732600 911
1732610 909
1732620 908
1732630 907
1732640 908
1732650 908
1732660 907
1732670 904
1732680 901
1732690 898
1732700 898
1732710 897
1732720 896
1732730 895
1732740 894
1732750 894
1732760 890
1732770 886
1732780 883
1732790 884
1732800 886
1732810 889
1732820 890
1732830 889
1732840 887
1732850 886
1732860 885
1732870 884
1732880 883
1732890 881
1732900 879
1732910 876
1732920 873
1732930 871
1732940 871
1732950 871
1732960 872
1732970 873
1732980 875
1732990 877
1733000 879
1733010 880
1733020 881
1733030 882
1733040 882
1733050 881
1733060 880
1733070 880
1733080 880
1733090 880
1733100 881
1733110 882
1733120 883
1733130 884
1733140 885
1733150 886
1733160 887
1733170 888
1733180 889
1733190 890
1733200 890
1733210 891
1733220 891
1733230 891
1733240 891
1733250 891
1733260 891
1733270 891
1733280 891
1733290 891
1733300 891
1733310 891
1733320 891
1733330 891
1733340 889
1733350 889
1733360 889
1733370 888
1733380 888
1733390 888
1733400 890
1733410 891
1733420 892
1733430 893
1733440 894
1733450 896
1733460 898
1733470 900
1733480 903
1733490 905
1733500 907
1733510 910
1733520 911
1733530 911
1733540 909
1733550 907
1733560 904
1733570 902
1733580 901
1733590 901
1733600 901
1733610 899
1733620 898
1733630 896
1733640 895
1733650 895
1733660 895
1733670 895
1733680 893
1733690 890
1733700 888
1733710 885
1733720 881
1733730 878
1733740 874
1733750 870
1733760 867
1733770 864
1733780 861
1733790 859
1733800 857
1733810 855
1733820 852
1733830 849
1733840 846
1733850 843
1733860 841
1733870 838
1733880 835
1733890 832
1733900 830
1733910 827
1733920 824
1733930 821
1733940 817
1733950 814
1733960 811
1733970 807
1733980 804
1733990 801
1734000 797
1734010 794
1734020 791
1734030 789
1734040 786
1734050 783
1734060 780
1734070 777
1734080 774
1734090 771
1734100 768
1734110 764
1734120 761
1734130 757
1734140 753
1734150 749
1734160 746
1734170 745
1734180 744
1734190 743
1734200 743
1734210 744
1734220 745
1734230 746
1734240 748
1734250 748
1734260 749
1734270 750
1734280 752
1734290 755
1734300 757
1734310 760
1734320 763
1734330 766
1734340 769
1734350 771
1734360 772
1734370 770
1734380 765
1734390 760
1734400 754
1734410 749
1734420 745
1734430 741
1734440 737
1734450 733
1734460 731
1734470 728
1734480 727
1734490 725
1734500 725
1734510 725
1734520 725
1734530 725
1734540 724
1734550 721
1734560 717
1734570 713
1734580 708
1734590 706
1734600 704
1734610 701
1734620 700
1734630 699
1734640 701
1734650 705
1734660 706
1734670 703
1734680 699
1734690 697
1734700 695
1734710 695
1734720 693
1734730 689
1734740 683
1734750 678
1734760 671
1734770 666
1734780 662
1734790 658
1734800 654
1734810 651
1734820 650
1734830 648
1734840 646
1734850 644
1734860 642
1734870 640
1734880 638
1734890 636
1734900 634
1734910 632
1734920 630
1734930 629
1734940 628
1734950 626
1734960 625
1734970 624
1734980 623
1734990 621
1735000 620
1735010 619
1735020 618
1735030 616
1735040 615
1735050 614
1735060 613
1735070 612
1735080 611
1735090 610
1735100 609
1735110 607
1735120 606
1735130 602
1735140 600
1735150 598
1735160 596
1735170 594
1735180 591
1735190 588
1735200 587
1735210 585
1735220 584
1735230 583
1735240 583
1735250 582
1735260 582
1735270 581
1735280 580
1735290 579
1735300 579
1735310 578
1735320 578
1735330 577
1735340 576
1735350 574
1735360 572
1735370 572
1735380 571
1735390 570
1735400 569
1735410 568
1735420 567
1735430 567
1735440 567
1735450 567
1735460 567
1735470 567
1735480 566
1735490 566
1735500 565
1735510 564
1735520 563
1735530 562
1735540 562
1735550 561
1735560 560
1735570 557
1735580 555
1735590 552
1735600 551
1735610 549
1735620 548
1735630 548
1735640 548
1735650 548
1735660 548
1735670 548
1735680 548
1735690 548
1735700 548
1735710 548
1735720 548
1735730 548
1735740 548
1735750 547
1735760 547
1735770 547
1735780 547
1735790 547
1735800 547
1735810 547
1735820 547
1735830 548
1735840 548
1735850 548
1735860 548
1735870 548
1735880 548
1735890 549
1735900 549
1735910 550
1735920 550
1735930 550
1735940 551
1735950 551
1735960 552
1735970 554
1735980 555
1735990 557
1736000 559
1736010 561
1736020 563
1736030 565
1736040 568
1736050 571
1736060 575
1736070 578
1736080 581
1736090 583
1736100 585
1736110 587
1736120 589
1736130 591
1736140 594
1736150 596
1736160 598
1736170 600
1736180 602
1736190 605
1736200 607
1736210 610
1736220 613
1736230 616
1736240 620
1736250 624
1736260 629
1736270 634
1736280 640
1736290 642
1736300 643
1736310 644
1736320 645
1736330 646
1736340 647
1736350 648
1736360 649
1736370 650
1736380 650
1736390 649
1736400 647
1736410 642
1736420 637
1736430 632
1736440 628
1736450 625
1736460 623
1736470 620
1736480 619
1736490 617
1736500 616
1736510 615
1736520 614
1736530 613
1736540 611
1736550 610
1736560 608
1736570 607
1736580 605
1736590 604
1736600 603
1736610 602
1736620 602
1736630 601
1736640 601
1736650 600
1736660 600
1736670 599
1736680 597
1736690 596
1736700 595
1736710 595
1736720 594
1736730 593
1736740 592
1736750 590
1736760 589
1736770 588
1736780 586
1736790 585
1736800 583
1736810 580
1736820 579
1736830 577
1736840 574
1736850 572
1736860 571
1736870 570
1736880 568
1736890 567
1736900 566
1736910 564
1736920 563
1736930 563
1736940 563
1736950 563
1736960 563
1736970 563
1736980 563
1736990 563
1737000 563
1737010 563
1737020 563
1737030 562
1737040 563
1737050 563
1737060 564
1737070 565
1737080 565
1737090 567
1737100 569
1737110 572
1737120 575
1737130 578
1737140 580
1737150 582
1737160 584
1737170 586
1737180 588
1737190 590
1737200 593
1737210 594
1737220 596
1737230 597
1737240 598
1737250 599
1737260 600
1737270 601
1737280 602
1737290 604
1737300 605
1737310 606
1737320 607
1737330 608
1737340 609
1737350 610
1737360 612
1737370 614
1737380 616
1737390 617
1737400 618
1737410 619
1737420 620
1737430 621
1737440 622
1737450 623
1737460 623
1737470 624
1737480 624
1737490 624
1737500 624
1737510 624
1737520 625
1737530 626
1737540 627
1737550 629
1737560 632
1737570 634
1737580 637
1737590 640
1737600 643
1737610 646
1737620 649
1737630 651
1737640 654
1737650 656
1737660 659
1737670 661
1737680 663
1737690 665
1737700 667
1737710 668
1737720 669
1737730 671
1737740 672
1737750 671
1737760 670
1737770 669
1737780 669
1737790 671
1737800 673
1737810 675
1737820 677
1737830 680
1737840 682
1737850 684
1737860 686
1737870 689
1737880 691
1737890 693
1737900 695
1737910 697
1737920 699
1737930 700
1737940 701
1737950 702
1737960 701
1737970 698
1737980 695
1737990 691
1738000 688
1738010 686
1738020 684
1738030 684
1738040 684
1738050 685
1738060 687
1738070 690
1738080 693
1738090 695
1738100 698
1738110 700
1738120 702
1738130 703
1738140 703
1738150 703
1738160 704
1738170 707
1738180 710
1738190 710
1738200 707
1738210 703
1738220 698
1738230 694
1738240 691
1738250 689
1738260 688
1738270 691
1738280 694
1738290 697
1738300 700
1738310 701
1738320 703
1738330 704
1738340 703
1738350 702
1738360 699
1738370 696
1738380 693
1738390 690
1738400 688
1738410 685
1738420 684
1738430 683
1738440 682
1738450 684
1738460 686
1738470 690
1738480 693
1738490 697
1738500 701
1738510 705
1738520 709
1738530 712
1738540 717
1738550 721
1738560 725
1738570 730
1738580 736
1738590 741
1738600 746
1738610 751
1738620 754
1738630 755
1738640 754
1738650 753
1738660 750
1738670 746
1738680 741
1738690 736
1738700 732
1738710 729
1738720 728
1738730 729
1738740 730
1738750 731
1738760 732
1738770 733
1738780 735
1738790 735
1738800 734
1738810 732
1738820 731
1738830 730
1738840 730
1738850 730
1738860 730
1738870 729
1738880 728
1738890 727
1738900 728
1738910 732
1738920 736
1738930 739
1738940 742
1738950 744
1738960 746
1738970 747
1738980 749
1738990 752
1739000 754
1739010 757
1739020 760
1739030 763
1739040 766
1739050 769
1739060 772
1739070 777
1739080 781
1739090 785
1739100 786
1739110 786
1739120 788
1739130 790
1739140 794
1739150 799
1739160 804
1739170 808
1739180 812
1739190 815
1739200 819
1739210 823
1739220 826
1739230 828
1739240 831
1739250 834
1739260 837
1739270 841
1739280 845
1739290 849
1739300 853
1739310 857
1739320 861
1739330 866
1739340 871
1739350 875
1739360 878
1739370 877
1739380 875
1739390 872
1739400 868
1739410 865
1739420 862
1739430 860
1739440 857
1739450 855
1739460 853
1739470 850
1739480 847
1739490 844
1739500 840
1739510 837
1739520 833
1739530 830
1739540 826
1739550 824
1739560 822
1739570 822
1739580 822
1739590 823
1739600 823
1739610 823
1739620 824
1739630 826
1739640 827
1739650 829
1739660 830
1739670 831
1739680 832
1739690 832
1739700 833
1739710 833
1739720 834
1739730 835
1739740 836
1739750 837
1739760 838
1739770 839
1739780 839
1739790 839
1739800 839
1739810 838
1739820 837
1739830 835
1739840 832
1739850 829
1739860 826
1739870 823
1739880 820
1739890 818
1739900 817
1739910 815
1739920 814
1739930 812
1739940 809
1739950 807
1739960 804
1739970 801
1739980 798
1739990 796
