1720000 950
1720010 950
1720020 950
1720030 951
1720040 952
1720050 953
1720060 955
1720070 956
1720080 958
1720090 958
1720100 956
1720110 953
1720120 949
1720130 946
1720140 941
1720150 937
1720160 932
1720170 927
1720180 923
1720190 918
1720200 914
1720210 910
1720220 907
1720230 904
1720240 901
1720250 898
1720260 895
1720270 893
1720280 891
1720290 889
1720300 887
1720310 885
1720320 884
1720330 882
1720340 881
1720350 880
1720360 879
1720370 878
1720380 878
1720390 877
1720400 877
1720410 877
1720420 876
1720430 876
1720440 874
1720450 873
1720460 871
1720470 869
1720480 868
1720490 866
1720500 864
1720510 863
1720520 861
1720530 859
1720540 858
1720550 857
1720560 856
1720570 854
1720580 852
1720590 850
1720600 848
1720610 846
1720620 843
1720630 841
1720640 838
1720650 835
1720660 832
1720670 829
1720680 825
1720690 821
1720700 816
1720710 812
1720720 806
1720730 801
1720740 795
1720750 788
1720760 783
1720770 777
1720780 772
1720790 768
1720800 763
1720810 759
1720820 756
1720830 752
1720840 749
1720850 747
1720860 746
1720870 745
1720880 744
1720890 743
1720900 740
1720910 738
1720920 735
1720930 732
1720940 729
1720950 726
1720960 722
1720970 718
1720980 712
1720990 707
1721000 702
1721010 698
1721020 695
1721030 692
1721040 690
1721050 688
1721060 687
1721070 685
1721080 684
1721090 683
1721100 681
1721110 679
1721120 677
1721130 675
1721140 672
1721150 669
1721160 666
1721170 662
1721180 660
1721190 658
1721200 655
1721210 653
1721220 650
1721230 648
1721240 646
1721250 645
1721260 643
1721270 641
1721280 639
1721290 636
1721300 633
1721310 630
1721320 627
1721330 624
1721340 621
1721350 617
1721360 614
1721370 611
1721380 609
1721390 608
1721400 607
1721410 605
1721420 604
1721430 603
1721440 601
1721450 597
1721460 593
1721470 587
1721480 582
1721490 578
1721500 574
1721510 569
1721520 565
1721530 563
1721540 563
1721550 563
1721560 562
1721570 564
1721580 568
1721590 572
1721600 576
1721610 580
1721620 584
1721630 588
1721640 591
1721650 594
1721660 597
1721670 600
1721680 602
1721690 603
1721700 602
1721710 599
1721720 595
1721730 593
1721740 590
1721750 588
1721760 586
1721770 584
1721780 581
1721790 578
1721800 574
1721810 572
1721820 570
1721830 569
1721840 569
1721850 570
1721860 570
1721870 571
1721880 572
1721890 574
1721900 576
1721910 579
1721920 582
1721930 585
1721940 588
1721950 591
1721960 594
1721970 597
1721980 600
1721990 604
1722000 608
1722010 611
1722020 615
1722030 618
1722040 622
1722050 625
1722060 628
1722070 631
1722080 634
1722090 637
1722100 641
1722110 644
1722120 648
1722130 652
1722140 655
1722150 658
1722160 660
1722170 661
1722180 661
1722190 662
1722200 663
1722210 664
1722220 665
1722230 664
1722240 662
1722250 660
1722260 659
1722270 661
1722280 663
1722290 665
1722300 666
1722310 668
1722320 669
1722330 669
1722340 669
1722350 668
1722360 666
1722370 664
1722380 662
1722390 662
1722400 661
1722410 661
1722420 660
1722430 660
1722440 659
1722450 658
1722460 659
1722470 660
1722480 662
1722490 666
1722500 669
1722510 673
1722520 676
1722530 679
1722540 683
1722550 686
1722560 689
1722570 691
1722580 695
1722590 698
1722600 701
1722610 704
1722620 706
1722630 709
1722640 712
1722650 715
1722660 718
1722670 721
1722680 724
1722690 728
1722700 732
1722710 735
1722720 739
1722730 743
1722740 747
1722750 751
1722760 755
1722770 759
1722780 762
1722790 766
1722800 770
1722810 773
1722820 777
1722830 780
1722840 781
1722850 780
1722860 779
1722870 778
1722880 778
1722890 777
1722900 776
1722910 774
1722920 771
1722930 768
1722940 764
1722950 761
1722960 758
1722970 756
1722980 754
1722990 752
1723000 751
1723010 751
1723020 751
1723030 751
1723040 752
1723050 753
1723060 754
1723070 756
1723080 759
1723090 761
1723100 763
1723110 765
1723120 767
1723130 768
1723140 769
1723150 771
1723160 772
1723170 775
1723180 777
1723190 779
1723200 782
1723210 784
1723220 787
1723230 789
1723240 792
1723250 795
1723260 798
1723270 800
1723280 803
1723290 806
1723300 809
1723310 813
1723320 817
1723330 820
1723340 824
1723350 827
1723360 831
1723370 834
1723380 837
1723390 839
1723400 840
1723410 840
1723420 841
1723430 841
1723440 841
1723450 843
1723460 844
1723470 846
1723480 848
1723490 850
1723500 852
1723510 854
1723520 856
1723530 859
1723540 862
1723550 863
1723560 863
1723570 864
1723580 864
1723590 865
1723600 866
1723610 866
1723620 867
1723630 868
1723640 869
1723650 871
1723660 872
1723670 874
1723680 876
1723690 878
1723700 880
1723710 882
1723720 885
1723730 888
1723740 892
1723750 895
1723760 899
1723770 903
1723780 907
1723790 910
1723800 913
1723810 916
1723820 918
1723830 920
1723840 921
1723850 921
1723860 920
1723870 917
1723880 915
1723890 909
1723900 902
1723910 893
1723920 886
1723930 880
1723940 874
1723950 868
1723960 862
1723970 857
1723980 853
1723990 849
1724000 845
1724010 841
1724020 837
1724030 833
1724040 830
1724050 827
1724060 824
1724070 822
1724080 822
1724090 823
1724100 825
1724110 827
1724120 828
1724130 829
1724140 830
1724150 831
1724160 830
1724170 827
1724180 825
1724190 824
1724200 823
1724210 822
1724220 822
1724230 821
1724240 821
1724250 820
1724260 820
1724270 820
1724280 819
1724290 819
1724300 819
1724310 818
1724320 817
1724330 814
1724340 808
1724350 803
1724360 797
1724370 792
1724380 789
1724390 785
1724400 784
1724410 783
1724420 782
1724430 777
1724440 774
1724450 771
1724460 769
1724470 763
1724480 756
1724490 749
1724500 742
1724510 734
1724520 729
1724530 724
1724540 720
1724550 716
1724560 711
1724570 707
1724580 703
1724590 699
1724600 694
1724610 690
1724620 686
1724630 682
1724640 679
1724650 675
1724660 672
1724670 669
1724680 670
1724690 671
1724700 673
1724710 675
1724720 677
1724730 679
1724740 681
1724750 683
1724760 685
1724770 687
1724780 688
1724790 688
1724800 688
1724810 688
1724820 690
1724830 692
1724840 694
1724850 696
1724860 696
1724870 693
1724880 690
1724890 687
1724900 685
1724910 684
1724920 681
1724930 678
1724940 674
1724950 670
1724960 668
1724970 669
1724980 669
1724990 669
1725000 670
1725010 668
1725020 663
1725030 652
1725040 647
1725050 643
1725060 639
1725070 637
1725080 634
1725090 629
1725100 627
1725110 626
1725120 624
1725130 622
1725140 622
1725150 625
1725160 631
1725170 637
1725180 642
1725190 647
1725200 651
1725210 655
1725220 659
1725230 664
1725240 668
1725250 671
1725260 675
1725270 678
1725280 682
1725290 686
1725300 690
1725310 694
1725320 698
1725330 702
1725340 707
1725350 711
1725360 716
1725370 719
1725380 722
1725390 725
1725400 725
1725410 725
1725420 725
1725430 723
1725440 722
1725450 720
1725460 718
1725470 716
1725480 714
1725490 712
1725500 710
1725510 707
1725520 704
1725530 699
1725540 694
1725550 688
1725560 684
1725570 680
1725580 678
1725590 676
1725600 674
1725610 672
1725620 669
1725630 666
1725640 664
1725650 664
1725660 664
1725670 663
1725680 663
1725690 661
1725700 659
1725710 658
1725720 657
1725730 657
1725740 656
1725750 654
1725760 652
1725770 651
1725780 652
1725790 653
1725800 654
1725810 655
1725820 656
1725830 657
1725840 660
1725850 663
1725860 667
1725870 669
1725880 672
1725890 671
1725900 671
1725910 671
1725920 672
1725930 674
1725940 676
1725950 679
1725960 681
1725970 683
1725980 686
1725990 688
1726000 690
1726010 692
1726020 695
1726030 697
1726040 699
1726050 702
1726060 704
1726070 706
1726080 708
1726090 710
1726100 713
1726110 715
1726120 717
1726130 720
1726140 724
1726150 727
1726160 731
1726170 735
1726180 739
1726190 743
1726200 746
1726210 750
1726220 754
1726230 757
1726240 761
1726250 765
1726260 768
1726270 769
1726280 770
1726290 771
1726300 773
1726310 775
1726320 779
1726330 783
1726340 787
1726350 791
1726360 795
1726370 799
1726380 804
1726390 809
1726400 814
1726410 819
1726420 824
1726430 829
1726440 833
1726450 836
1726460 839
1726470 842
1726480 843
1726490 843
1726500 842
1726510 841
1726520 840
1726530 839
1726540 836
1726550 832
1726560 827
1726570 822
1726580 817
1726590 814
1726600 812
1726610 811
1726620 808
1726630 806
1726640 804
1726650 800
1726660 795
1726670 791
1726680 787
1726690 783
1726700 779
1726710 776
1726720 773
1726730 771
1726740 770
1726750 770
1726760 772
1726770 775
1726780 777
1726790 779
1726800 781
1726810 783
1726820 785
1726830 786
1726840 788
1726850 789
1726860 791
1726870 793
1726880 795
1726890 796
1726900 798
1726910 799
1726920 802
1726930 804
1726940 807
1726950 810
1726960 814
1726970 817
1726980 821
1726990 824
1727000 827
1727010 830
1727020 833
1727030 836
1727040 838
1727050 840
1727060 842
1727070 843
1727080 842
1727090 841
1727100 840
1727110 839
1727120 839
1727130 839
1727140 839
1727150 840
1727160 840
1727170 840
1727180 840
1727190 841
1727200 841
1727210 841
1727220 842
1727230 842
1727240 842
1727250 842
1727260 842
1727270 842
1727280 842
1727290 841
1727300 841
1727310 840
1727320 840
1727330 838
1727340 837
1727350 833
1727360 828
1727370 824
1727380 818
1727390 814
1727400 809
1727410 805
1727420 801
1727430 798
1727440 794
1727450 791
1727460 788
1727470 784
1727480 781
1727490 777
1727500 772
1727510 768
1727520 765
1727530 761
1727540 757
1727550 754
1727560 750
1727570 747
1727580 744
1727590 741
1727600 738
1727610 735
1727620 732
1727630 729
1727640 726
1727650 722
1727660 718
1727670 713
1727680 709
1727690 705
1727700 700
1727710 696
1727720 692
1727730 688
1727740 685
1727750 683
1727760 681
1727770 680
1727780 681
1727790 682
1727800 684
1727810 687
1727820 690
1727830 692
1727840 695
1727850 697
1727860 699
1727870 701
1727880 703
1727890 705
1727900 707
1727910 709
1727920 711
1727930 713
1727940 716
1727950 719
1727960 721
1727970 723
1727980 725
1727990 726
1728000 728
1728010 730
1728020 732
1728030 734
1728040 736
1728050 738
1728060 740
1728070 742
1728080 745
1728090 748
1728100 752
1728110 755
1728120 759
1728130 762
1728140 766
1728150 770
1728160 773
1728170 777
1728180 780
1728190 784
1728200 787
1728210 791
1728220 795
1728230 798
1728240 802
1728250 806
1728260 810
1728270 814
1728280 818
1728290 821
1728300 825
1728310 829
1728320 833
1728330 836
1728340 840
1728350 844
1728360 847
1728370 851
1728380 855
1728390 858
1728400 862
1728410 865
1728420 869
1728430 871
1728440 871
1728450 867
1728460 864
1728470 861
1728480 858
1728490 855
1728500 851
1728510 847
1728520 844
1728530 840
1728540 838
1728550 836
1728560 833
1728570 828
1728580 824
1728590 820
1728600 818
1728610 817
1728620 817
1728630 815
1728640 815
1728650 815
1728660 817
1728670 818
1728680 820
1728690 823
1728700 825
1728710 826
1728720 828
1728730 829
1728740 830
1728750 831
1728760 832
1728770 833
1728780 834
1728790 834
1728800 834
1728810 832
1728820 828
1728830 823
1728840 818
1728850 814
1728860 809
1728870 805
1728880 799
1728890 792
1728900 786
1728910 781
1728920 776
1728930 770
1728940 766
1728950 762
1728960 759
1728970 754
1728980 750
1728990 746
1729000 742
1729010 738
1729020 733
1729030 729
1729040 724
1729050 719
1729060 715
1729070 711
1729080 707
1729090 704
1729100 701
1729110 698
1729120 695
1729130 693
1729140 691
1729150 691
1729160 692
1729170 693
1729180 695
1729190 697
1729200 698
1729210 699
1729220 700
1729230 701
1729240 702
1729250 702
1729260 703
1729270 703
1729280 703
1729290 702
1729300 699
1729310 696
1729320 693
1729330 690
1729340 687
1729350 684
1729360 679
1729370 675
1729380 671
1729390 667
1729400 663
1729410 659
1729420 655
1729430 651
1729440 648
1729450 646
1729460 645
1729470 644
1729480 648
1729490 653
1729500 659
1729510 663
1729520 667
1729530 670
1729540 673
1729550 676
1729560 680
1729570 683
1729580 686
1729590 689
1729600 692
1729610 695
1729620 698
1729630 702
1729640 705
1729650 708
1729660 711
1729670 714
1729680 718
1729690 722
1729700 726
1729710 730
1729720 735
1729730 739
1729740 743
1729750 747
1729760 752
1729770 756
1729780 761
1729790 765
1729800 769
1729810 774
1729820 779
1729830 783
1729840 787
1729850 792
1729860 796
1729870 800
1729880 804
1729890 808
1729900 812
1729910 816
1729920 820
1729930 823
1729940 826
1729950 829
1729960 830
1729970 830
1729980 829
1729990 828
1730000 826
1730010 824
1730020 822
1730030 819
1730040 816
1730050 814
1730060 813
1730070 811
1730080 810
1730090 808
1730100 807
1730110 805
1730120 804
1730130 801
1730140 799
1730150 795
1730160 791
1730170 787
1730180 784
1730190 780
1730200 776
1730210 771
1730220 765
1730230 760
1730240 756
1730250 753
1730260 749
1730270 746
1730280 743
1730290 741
1730300 741
1730310 740
1730320 738
1730330 736
1730340 734
1730350 732
1730360 730
1730370 729
1730380 728
1730390 727
1730400 726
1730410 725
1730420 725
1730430 726
1730440 727
1730450 727
1730460 728
1730470 729
1730480 729
1730490 731
1730500 734
1730510 736
1730520 738
1730530 740
1730540 743
1730550 745
1730560 748
1730570 751
1730580 754
1730590 757
1730600 760
1730610 763
1730620 766
1730630 770
1730640 773
1730650 777
1730660 781
1730670 785
1730680 788
1730690 792
1730700 796
1730710 800
1730720 804
1730730 808
1730740 811
1730750 815
1730760 818
1730770 821
1730780 823
1730790 821
1730800 817
1730810 813
1730820 809
1730830 806
1730840 803
1730850 799
1730860 796
1730870 793
1730880 789
1730890 787
1730900 784
1730910 781
1730920 779
1730930 776
1730940 775
1730950 775
1730960 774
1730970 774
1730980 774
1730990 774
1731000 773
1731010 774
1731020 774
1731030 774
1731040 773
1731050 771
1731060 769
1731070 766
1731080 763
1731090 760
1731100 757
1731110 754
1731120 750
1731130 745
1731140 741
1731150 736
1731160 731
1731170 726
1731180 721
1731190 717
1731200 716
1731210 717
1731220 722
1731230 727
1731240 732
1731250 737
1731260 742
1731270 748
1731280 752
1731290 756
1731300 762
1731310 769
1731320 776
1731330 782
1731340 785
1731350 788
1731360 789
1731370 792
1731380 795
1731390 799
1731400 804
1731410 808
1731420 811
1731430 814
1731440 816
1731450 819
1731460 822
1731470 826
1731480 830
1731490 835
1731500 840
1731510 844
1731520 849
1731530 853
1731540 856
1731550 857
1731560 858
1731570 859
1731580 861
1731590 862
1731600 862
1731610 863
1731620 862
1731630 862
1731640 865
1731650 868
1731660 869
1731670 868
1731680 867
1731690 866
1731700 866
1731710 868
1731720 871
1731730 874
1731740 879
1731750 883
1731760 887
1731770 891
1731780 895
1731790 900
1731800 904
1731810 908
1731820 912
1731830 916
1731840 921
1731850 925
1731860 929
1731870 934
1731880 938
1731890 942
1731900 946
1731910 950
1731920 954
1731930 959
1731940 963
1731950 969
1731960 974
1731970 978
1731980 979
1731990 981
1732000 983
1732010 986
1732020 990
1732030 994
1732040 997
1732050 1001
1732060 1004
1732070 1007
1732080 1010
1732090 1013
1732100 1017
1732110 1020
1732120 1023
1732130 1027
1732140 1030
1732150 1033
1732160 1037
1732170 1040
1732180 1044
1732190 1047
1732200 1051
1732210 1054
1732220 1057
1732230 1060
1732240 1062
1732250 1064
1732260 1065
1732270 1065
1732280 1063
1732290 1062
1732300 1061
1732310 1060
1732320 1060
1732330 1060
1732340 1059
1732350 1058
1732360 1057
1732370 1055
1732380 1053
1732390 1050
1732400 1047
1732410 1045
1732420 1042
1732430 1041
1732440 1039
1732450 1037
1732460 1034
1732470 1031
1732480 1028
1732490 1026
1732500 1023
1732510 1020
1732520 1018
1732530 1016
1732540 1015
1732550 1014
1732560 1013
1732570 1013
1732580 1012
1732590 1012
1732600 1012
1732610 1013
1732620 1015
1732630 1018
1732640 1021
1732650 1024
1732660 1028
1732670 1031
1732680 1034
1732690 1037
1732700 1039
1732710 1041
1732720 1043
1732730 1045
1732740 1046
1732750 1046
1732760 1045
1732770 1044
1732780 1043
1732790 1041
1732800 1040
1732810 1040
1732820 1040
1732830 1042
1732840 1045
1732850 1049
1732860 1053
1732870 1057
1732880 1061
1732890 1065
1732900 1069
1732910 1073
1732920 1078
1732930 1082
1732940 1085
1732950 1089
1732960 1093
1732970 1097
1732980 1101
1732990 1105
1733000 1109
1733010 1113
1733020 1117
1733030 1121
1733040 1125
1733050 1129
1733060 1132
1733070 1135
1733080 1137
1733090 1138
1733100 1138
1733110 1139
1733120 1139
1733130 1139
1733140 1140
1733150 1140
1733160 1141
1733170 1141
1733180 1142
1733190 1143
1733200 1145
1733210 1145
1733220 1146
1733230 1147
1733240 1148
1733250 1149
1733260 1150
1733270 1151
1733280 1152
1733290 1153
1733300 1154
1733310 1155
1733320 1155
1733330 1156
1733340 1157
1733350 1157
1733360 1158
1733370 1158
1733380 1159
1733390 1160
1733400 1161
1733410 1162
1733420 1163
1733430 1164
1733440 1165
1733450 1166
1733460 1168
1733470 1168
1733480 1168
1733490 1168
1733500 1168
1733510 1168
1733520 1168
1733530 1168
1733540 1168
1733550 1167
1733560 1167
1733570 1167
1733580 1166
1733590 1165
1733600 1164
1733610 1163
1733620 1161
1733630 1160
1733640 1158
1733650 1157
1733660 1156
1733670 1156
1733680 1155
1733690 1154
1733700 1154
1733710 1153
1733720 1152
1733730 1150
1733740 1149
1733750 1148
1733760 1146
1733770 1145
1733780 1144
1733790 1142
1733800 1140
1733810 1137
1733820 1135
1733830 1132
1733840 1130
1733850 1128
1733860 1127
1733870 1124
1733880 1122
1733890 1120
1733900 1119
1733910 1117
1733920 1116
1733930 1114
1733940 1112
1733950 1110
1733960 1108
1733970 1106
1733980 1105
1733990 1103
1734000 1100
1734010 1098
1734020 1096
1734030 1093
1734040 1091
1734050 1089
1734060 1088
1734070 1086
1734080 1084
1734090 1083
1734100 1081
1734110 1080
1734120 1078
1734130 1076
1734140 1075
1734150 1073
1734160 1072
1734170 1070
1734180 1069
1734190 1068
1734200 1066
1734210 1065
1734220 1064
1734230 1062
1734240 1061
1734250 1060
1734260 1059
1734270 1057
1734280 1055
1734290 1053
1734300 1051
1734310 1048
1734320 1046
1734330 1044
1734340 1043
1734350 1041
1734360 1040
1734370 1040
1734380 1040
1734390 1041
1734400 1042
1734410 1042
1734420 1043
1734430 1043
1734440 1044
1734450 1045
1734460 1046
1734470 1047
1734480 1048
1734490 1049
1734500 1049
1734510 1050
1734520 1050
1734530 1051
1734540 1051
1734550 1052
1734560 1053
1734570 1053
1734580 1054
1734590 1054
1734600 1055
1734610 1055
1734620 1056
1734630 1056
1734640 1056
1734650 1056
1734660 1056
1734670 1055
1734680 1055
1734690 1054
1734700 1054
1734710 1053
1734720 1052
1734730 1052
1734740 1051
1734750 1050
1734760 1049
1734770 1048
1734780 1047
1734790 1045
1734800 1044
1734810 1042
1734820 1040
1734830 1038
1734840 1036
1734850 1034
1734860 1032
1734870 1030
1734880 1028
1734890 1026
1734900 1023
1734910 1021
1734920 1019
1734930 1017
1734940 1014
1734950 1011
1734960 1009
1734970 1006
1734980 1004
1734990 1003
1735000 1002
1735010 1001
1735020 998
1735030 995
1735040 993
1735050 991
1735060 989
1735070 988
1735080 985
1735090 983
1735100 982
1735110 980
1735120 978
1735130 976
1735140 974
1735150 972
1735160 970
1735170 967
1735180 965
1735190 963
1735200 960
1735210 957
1735220 954
1735230 951
1735240 949
1735250 946
1735260 943
1735270 941
1735280 938
1735290 936
1735300 932
1735310 929
1735320 926
1735330 923
1735340 921
1735350 919
1735360 916
1735370 912
1735380 906
1735390 900
1735400 894
1735410 890
1735420 886
1735430 882
1735440 876
1735450 872
1735460 868
1735470 864
1735480 861
1735490 857
1735500 853
1735510 848
1735520 844
1735530 840
1735540 836
1735550 833
1735560 829
1735570 825
1735580 821
1735590 817
1735600 814
1735610 811
1735620 807
1735630 804
1735640 800
1735650 796
1735660 793
1735670 788
1735680 784
1735690 779
1735700 775
1735710 771
1735720 767
1735730 763
1735740 759
1735750 755
1735760 752
1735770 748
1735780 745
1735790 741
1735800 737
1735810 733
1735820 729
1735830 724
1735840 720
1735850 716
1735860 712
1735870 708
1735880 706
1735890 704
1735900 701
1735910 698
1735920 696
1735930 694
1735940 694
1735950 694
1735960 694
1735970 694
1735980 692
1735990 690
1736000 689
1736010 688
1736020 687
1736030 687
1736040 687
1736050 684
1736060 680
1736070 676
1736080 671
1736090 666
1736100 662
1736110 657
1736120 652
1736130 647
1736140 642
1736150 637
1736160 631
1736170 625
1736180 620
1736190 615
1736200 609
1736210 602
1736220 596
1736230 590
1736240 586
1736250 581
1736260 575
1736270 567
1736280 560
1736290 552
1736300 547
1736310 542
1736320 539
1736330 537
1736340 536
1736350 535
1736360 535
1736370 535
1736380 535
1736390 534
1736400 533
1736410 533
1736420 534
1736430 534
1736440 534
1736450 534
1736460 537
1736470 540
1736480 546
1736490 552
1736500 559
1736510 566
1736520 572
1736530 578
1736540 583
1736550 588
1736560 593
1736570 597
1736580 607
1736590 617
1736600 623
1736610 624
1736620 624
1736630 623
1736640 621
1736650 619
1736660 615
1736670 612
1736680 610
1736690 607
1736700 603
1736710 600
1736720 599
1736730 597
1736740 595
1736750 593
1736760 592
1736770 590
1736780 588
1736790 586
1736800 584
1736810 582
1736820 580
1736830 578
1736840 576
1736850 574
1736860 573
1736870 572
1736880 571
1736890 570
1736900 569
1736910 568
1736920 567
1736930 565
1736940 564
1736950 563
1736960 562
1736970 561
1736980 560
1736990 558
1737000 557
1737010 556
1737020 555
1737030 555
1737040 554
1737050 554
1737060 554
1737070 554
1737080 555
1737090 558
1737100 562
1737110 566
1737120 570
1737130 574
1737140 578
1737150 581
1737160 582
1737170 582
1737180 580
1737190 576
1737200 572
1737210 569
1737220 566
1737230 565
1737240 564
1737250 563
1737260 563
1737270 563
1737280 563
1737290 564
1737300 565
1737310 565
1737320 566
1737330 567
1737340 568
1737350 570
1737360 572
1737370 574
1737380 577
1737390 580
1737400 583
1737410 586
1737420 588
1737430 589
1737440 590
1737450 591
1737460 592
1737470 593
1737480 594
1737490 595
1737500 597
1737510 598
1737520 600
1737530 602
1737540 604
1737550 606
1737560 608
1737570 609
1737580 612
1737590 614
1737600 617
1737610 619
1737620 621
1737630 624
1737640 626
1737650 628
1737660 631
1737670 633
1737680 635
1737690 638
1737700 640
1737710 641
1737720 642
1737730 642
1737740 641
1737750 639
1737760 637
1737770 635
1737780 635
1737790 637
1737800 638
1737810 639
1737820 640
1737830 641
1737840 642
1737850 641
1737860 638
1737870 634
1737880 631
1737890 630
1737900 630
1737910 631
1737920 631
1737930 631
1737940 631
1737950 632
1737960 632
1737970 633
1737980 633
1737990 634
1738000 635
1738010 636
1738020 637
1738030 638
1738040 639
1738050 639
1738060 639
1738070 639
1738080 638
1738090 638
1738100 636
1738110 634
1738120 630
1738130 627
1738140 624
1738150 623
1738160 623
1738170 622
1738180 622
1738190 621
1738200 619
1738210 617
1738220 614
1738230 613
1738240 612
1738250 612
1738260 612
1738270 611
1738280 610
1738290 609
1738300 609
1738310 609
1738320 609
1738330 610
1738340 611
1738350 612
1738360 614
1738370 616
1738380 617
1738390 619
1738400 621
1738410 623
1738420 625
1738430 626
1738440 628
1738450 630
1738460 632
1738470 633
1738480 635
1738490 637
1738500 638
1738510 640
1738520 642
1738530 644
1738540 646
1738550 648
1738560 650
1738570 652
1738580 654
1738590 656
1738600 659
1738610 661
1738620 664
1738630 667
1738640 669
1738650 672
1738660 675
1738670 678
1738680 681
1738690 684
1738700 687
1738710 690
1738720 694
1738730 696
1738740 699
1738750 702
1738760 704
1738770 707
1738780 711
1738790 714
1738800 718
1738810 722
1738820 726
1738830 730
1738840 734
1738850 738
1738860 741
1738870 745
1738880 748
1738890 751
1738900 755
1738910 758
1738920 761
1738930 765
1738940 769
1738950 771
1738960 774
1738970 775
1738980 776
1738990 776
1739000 776
1739010 774
1739020 773
1739030 772
1739040 773
1739050 773
1739060 774
1739070 774
1739080 775
1739090 776
1739100 777
1739110 779
1739120 780
1739130 781
1739140 783
1739150 786
1739160 789
1739170 792
1739180 796
1739190 799
1739200 802
1739210 804
1739220 805
1739230 807
1739240 808
1739250 810
1739260 809
1739270 806
1739280 800
1739290 794
1739300 790
1739310 788
1739320 787
1739330 786
1739340 786
1739350 787
1739360 789
1739370 790
1739380 791
1739390 793
1739400 795
1739410 797
1739420 799
1739430 801
1739440 803
1739450 804
1739460 805
1739470 807
1739480 808
1739490 809
1739500 809
1739510 809
1739520 807
1739530 804
1739540 800
1739550 796
1739560 792
1739570 788
1739580 786
1739590 785
1739600 785
1739610 786
1739620 788
1739630 789
1739640 790
1739650 790
1739660 790
1739670 788
1739680 786
1739690 784
1739700 783
1739710 785
1739720 786
1739730 788
1739740 791
1739750 794
1739760 798
1739770 801
1739780 803
1739790 806
1739800 807
1739810 808
1739820 809
1739830 810
1739840 812
1739850 814
1739860 816
1739870 818
1739880 821
1739890 823
1739900 824
1739910 826
1739920 827
1739930 827
1739940 827
1739950 825
1739960 823
1739970 820
1739980 818
1739990 817
