1720000 607
1720010 604
1720020 601
1720030 597
1720040 593
1720050 590
1720060 586
1720070 583
1720080 580
1720090 577
1720100 574
1720110 571
1720120 568
1720130 566
1720140 563
1720150 560
1720160 559
1720170 561
1720180 566
1720190 569
1720200 570
1720210 571
1720220 574
1720230 577
1720240 580
1720250 583
1720260 585
1720270 588
1720280 590
1720290 592
1720300 593
1720310 594
1720320 595
1720330 596
1720340 597
1720350 598
1720360 599
1720370 598
1720380 598
1720390 597
1720400 595
1720410 594
1720420 593
1720430 592
1720440 591
1720450 590
1720460 589
1720470 588
1720480 586
1720490 585
1720500 584
1720510 582
1720520 579
1720530 576
1720540 573
1720550 570
1720560 569
1720570 568
1720580 566
1720590 564
1720600 562
1720610 560
1720620 559
1720630 559
1720640 559
1720650 559
1720660 558
1720670 556
1720680 554
1720690 554
1720700 553
1720710 553
1720720 552
1720730 551
1720740 549
1720750 548
1720760 547
1720770 547
1720780 547
1720790 549
1720800 550
1720810 551
1720820 549
1720830 547
1720840 544
1720850 542
1720860 540
1720870 538
1720880 536
1720890 534
1720900 532
1720910 530
1720920 528
1720930 526
1720940 524
1720950 523
1720960 521
1720970 519
1720980 517
1720990 516
1721000 514
1721010 512
1721020 511
1721030 509
1721040 507
1721050 506
1721060 504
1721070 503
1721080 502
1721090 500
1721100 497
1721110 494
1721120 492
1721130 490
1721140 488
1721150 486
1721160 485
1721170 485
1721180 485
1721190 486
1721200 486
1721210 487
1721220 487
1721230 487
1721240 487
1721250 486
1721260 486
1721270 486
1721280 486
1721290 485
1721300 485
1721310 485
1721320 484
1721330 484
1721340 483
1721350 483
1721360 483
1721370 484
1721380 484
1721390 484
1721400 484
1721410 485
1721420 486
1721430 486
1721440 486
1721450 485
1721460 485
1721470 486
1721480 486
1721490 486
1721500 486
1721510 487
1721520 487
1721530 487
1721540 487
1721550 487
1721560 487
1721570 487
1721580 487
1721590 487
1721600 488
1721610 488
1721620 488
1721630 489
1721640 489
1721650 490
1721660 489
1721670 489
1721680 489
1721690 489
1721700 489
1721710 489
1721720 489
1721730 489
1721740 489
1721750 490
1721760 490
1721770 490
1721780 490
1721790 491
1721800 491
1721810 491
1721820 491
1721830 491
1721840 491
1721850 490
1721860 490
1721870 489
1721880 488
1721890 488
1721900 487
1721910 487
1721920 487
1721930 486
1721940 486
1721950 487
1721960 487
1721970 487
1721980 488
1721990 488
1722000 487
1722010 487
1722020 487
1722030 487
1722040 486
1722050 486
1722060 485
1722070 486
1722080 486
1722090 486
1722100 487
1722110 487
1722120 488
1722130 489
1722140 489
1722150 489
1722160 489
1722170 490
1722180 491
1722190 492
1722200 493
1722210 493
1722220 494
1722230 495
1722240 495
1722250 496
1722260 497
1722270 498
1722280 499
1722290 500
1722300 500
1722310 501
1722320 502
1722330 504
1722340 506
1722350 508
1722360 511
1722370 513
1722380 513
1722390 511
1722400 505
1722410 500
1722420 495
1722430 490
1722440 488
1722450 486
1722460 486
1722470 486
1722480 486
1722490 486
1722500 486
1722510 487
1722520 488
1722530 488
1722540 489
1722550 489
1722560 490
1722570 490
1722580 490
1722590 490
1722600 490
1722610 490
1722620 491
1722630 491
1722640 492
1722650 491
1722660 491
1722670 490
1722680 489
1722690 490
1722700 490
1722710 490
1722720 489
1722730 489
1722740 488
1722750 487
1722760 486
1722770 486
1722780 485
1722790 485
1722800 484
1722810 484
1722820 484
1722830 484
1722840 484
1722850 484
1722860 482
1722870 481
1722880 480
1722890 480
1722900 480
1722910 481
1722920 481
1722930 481
1722940 479
1722950 479
1722960 478
1722970 478
1722980 478
1722990 478
1723000 479
1723010 480
1723020 482
1723030 483
1723040 483
1723050 484
1723060 484
1723070 484
1723080 484
1723090 485
1723100 486
1723110 486
1723120 487
1723130 488
1723140 489
1723150 489
1723160 489
1723170 487
1723180 486
1723190 483
1723200 481
1723210 478
1723220 477
1723230 477
1723240 477
1723250 477
1723260 477
1723270 477
1723280 477
1723290 478
1723300 478
1723310 479
1723320 480
1723330 480
1723340 481
1723350 482
1723360 483
1723370 484
1723380 485
1723390 487
1723400 488
1723410 489
1723420 490
1723430 492
1723440 494
1723450 496
1723460 497
1723470 498
1723480 500
1723490 502
1723500 503
1723510 505
1723520 506
1723530 507
1723540 509
1723550 510
1723560 511
1723570 512
1723580 513
1723590 514
1723600 514
1723610 515
1723620 516
1723630 516
1723640 517
1723650 517
1723660 518
1723670 518
1723680 519
1723690 519
1723700 520
1723710 520
1723720 521
1723730 521
1723740 522
1723750 522
1723760 523
1723770 523
1723780 524
1723790 525
1723800 525
1723810 526
1723820 526
1723830 526
1723840 524
1723850 523
1723860 521
1723870 519
1723880 517
1723890 517
1723900 515
1723910 514
1723920 511
1723930 509
1723940 507
1723950 505
1723960 503
1723970 501
1723980 499
1723990 497
1724000 495
1724010 494
1724020 492
1724030 491
1724040 490
1724050 490
1724060 489
1724070 489
1724080 489
1724090 489
1724100 488
1724110 487
1724120 486
1724130 485
1724140 482
1724150 479
1724160 476
1724170 474
1724180 472
1724190 471
1724200 471
1724210 471
1724220 471
1724230 470
1724240 469
1724250 469
1724260 469
1724270 468
1724280 468
1724290 468
1724300 468
1724310 468
1724320 468
1724330 468
1724340 468
1724350 468
1724360 468
1724370 467
1724380 467
1724390 467
1724400 468
1724410 467
1724420 467
1724430 467
1724440 467
1724450 467
1724460 467
1724470 466
1724480 466
1724490 466
1724500 466
1724510 466
1724520 466
1724530 465
1724540 465
1724550 464
1724560 463
1724570 462
1724580 461
1724590 461
1724600 461
1724610 460
1724620 460
1724630 459
1724640 459
1724650 458
1724660 457
1724670 457
1724680 457
1724690 457
1724700 457
1724710 457
1724720 457
1724730 457
1724740 457
1724750 457
1724760 456
1724770 456
1724780 456
1724790 455
1724800 456
1724810 456
1724820 456
1724830 455
1724840 455
1724850 455
1724860 455
1724870 455
1724880 455
1724890 455
1724900 455
1724910 455
1724920 454
1724930 454
1724940 455
1724950 455
1724960 455
1724970 455
1724980 455
1724990 455
1725000 455
1725010 455
1725020 455
1725030 455
1725040 455
1725050 456
1725060 457
1725070 457
1725080 457
1725090 457
1725100 457
1725110 459
1725120 460
1725130 464
1725140 468
1725150 472
1725160 478
1725170 485
1725180 490
1725190 492
1725200 490
1725210 487
1725220 482
1725230 477
1725240 473
1725250 469
1725260 465
1725270 462
1725280 461
1725290 460
1725300 460
1725310 461
1725320 461
1725330 462
1725340 462
1725350 463
1725360 463
1725370 463
1725380 463
1725390 463
1725400 463
1725410 463
1725420 463
1725430 464
1725440 467
1725450 471
1725460 476
1725470 480
1725480 483
1725490 485
1725500 485
1725510 484
1725520 483
1725530 483
1725540 484
1725550 484
1725560 485
1725570 487
1725580 488
1725590 490
1725600 493
1725610 497
1725620 500
1725630 502
1725640 505
1725650 507
1725660 509
1725670 512
1725680 514
1725690 517
1725700 519
1725710 522
1725720 525
1725730 528
1725740 532
1725750 536
1725760 540
1725770 544
1725780 547
1725790 550
1725800 552
1725810 556
1725820 560
1725830 564
1725840 569
1725850 573
1725860 577
1725870 581
1725880 586
1725890 590
1725900 592
1725910 593
1725920 590
1725930 585
1725940 579
1725950 574
1725960 569
1725970 563
1725980 559
1725990 555
1726000 551
1726010 548
1726020 545
1726030 542
1726040 540
1726050 538
1726060 536
1726070 533
1726080 530
1726090 527
1726100 524
1726110 521
1726120 518
1726130 515
1726140 512
1726150 508
1726160 505
1726170 502
1726180 500
1726190 497
1726200 495
1726210 494
1726220 491
1726230 488
1726240 485
1726250 482
1726260 480
1726270 479
1726280 478
1726290 478
1726300 478
1726310 479
1726320 480
1726330 481
1726340 482
1726350 486
1726360 490
1726370 494
1726380 499
1726390 503
1726400 508
1726410 512
1726420 516
1726430 520
1726440 524
1726450 528
1726460 531
1726470 536
1726480 540
1726490 545
1726500 550
1726510 553
1726520 555
1726530 555
1726540 553
1726550 550
1726560 546
1726570 543
1726580 542
1726590 541
1726600 538
1726610 534
1726620 531
1726630 528
1726640 527
1726650 527
1726660 527
1726670 527
1726680 527
1726690 526
1726700 525
1726710 523
1726720 521
1726730 518
1726740 516
1726750 514
1726760 512
1726770 510
1726780 511
1726790 513
1726800 515
1726810 516
1726820 518
1726830 520
1726840 522
1726850 525
1726860 527
1726870 530
1726880 532
1726890 535
1726900 538
1726910 540
1726920 543
1726930 545
1726940 548
1726950 551
1726960 554
1726970 557
1726980 559
1726990 561
1727000 562
1727010 564
1727020 566
1727030 568
1727040 571
1727050 575
1727060 579
1727070 583
1727080 588
1727090 592
1727100 598
1727110 603
1727120 607
1727130 611
1727140 613
1727150 615
1727160 618
1727170 622
1727180 626
1727190 631
1727200 634
1727210 636
1727220 638
1727230 639
1727240 640
1727250 641
1727260 642
1727270 642
1727280 642
1727290 641
1727300 642
1727310 643
1727320 646
1727330 650
1727340 654
1727350 658
1727360 663
1727370 668
1727380 673
1727390 677
1727400 682
1727410 686
1727420 691
1727430 695
1727440 700
1727450 704
1727460 707
1727470 711
1727480 715
1727490 719
1727500 723
1727510 728
1727520 733
1727530 737
1727540 740
1727550 743
1727560 747
1727570 751
1727580 755
1727590 759
1727600 756
1727610 750
1727620 744
1727630 738
1727640 732
1727650 727
1727660 722
1727670 718
1727680 714
1727690 711
1727700 709
1727710 706
1727720 704
1727730 701
1727740 699
1727750 697
1727760 695
1727770 694
1727780 692
1727790 689
1727800 687
1727810 684
1727820 682
1727830 681
1727840 682
1727850 682
1727860 683
1727870 682
1727880 679
1727890 675
1727900 670
1727910 666
1727920 660
1727930 654
1727940 647
1727950 641
1727960 633
1727970 627
1727980 621
1727990 616
1728000 612
1728010 607
1728020 603
1728030 599
1728040 594
1728050 590
1728060 587
1728070 583
1728080 579
1728090 575
1728100 571
1728110 566
1728120 562
1728130 557
1728140 552
1728150 548
1728160 546
1728170 547
1728180 548
1728190 548
1728200 548
1728210 548
1728220 548
1728230 550
1728240 553
1728250 556
1728260 559
1728270 563
1728280 566
1728290 570
1728300 574
1728310 577
1728320 581
1728330 585
1728340 590
1728350 593
1728360 597
1728370 601
1728380 604
1728390 608
1728400 611
1728410 614
1728420 617
1728430 620
1728440 623
1728450 626
1728460 628
1728470 628
1728480 624
1728490 619
1728500 611
1728510 605
1728520 600
1728530 595
1728540 592
1728550 590
1728560 590
1728570 591
1728580 590
1728590 587
1728600 583
1728610 579
1728620 575
1728630 571
1728640 568
1728650 565
1728660 561
1728670 559
1728680 559
1728690 560
1728700 561
1728710 562
1728720 564
1728730 566
1728740 567
1728750 568
1728760 569
1728770 569
1728780 568
1728790 568
1728800 567
1728810 567
1728820 566
1728830 564
1728840 565
1728850 568
1728860 574
1728870 579
1728880 584
1728890 588
1728900 592
1728910 596
1728920 601
1728930 607
1728940 611
1728950 616
1728960 620
1728970 625
1728980 630
1728990 634
1729000 637
1729010 640
1729020 645
1729030 650
1729040 654
1729050 655
1729060 654
1729070 652
1729080 649
1729090 645
1729100 643
1729110 642
1729120 641
1729130 642
1729140 642
1729150 644
1729160 645
1729170 643
1729180 642
1729190 641
1729200 641
1729210 640
1729220 639
1729230 636
1729240 634
1729250 632
1729260 629
1729270 629
1729280 629
1729290 630
1729300 632
1729310 634
1729320 635
1729330 637
1729340 639
1729350 640
1729360 641
1729370 644
1729380 648
1729390 652
1729400 657
1729410 662
1729420 666
1729430 671
1729440 675
1729450 680
1729460 683
1729470 686
1729480 687
1729490 688
1729500 688
1729510 688
1729520 687
1729530 685
1729540 681
1729550 678
1729560 674
1729570 671
1729580 668
1729590 665
1729600 661
1729610 658
1729620 656
1729630 653
1729640 651
1729650 649
1729660 647
1729670 646
1729680 645
1729690 643
1729700 641
1729710 639
1729720 636
1729730 633
1729740 629
1729750 625
1729760 622
1729770 619
1729780 619
1729790 619
1729800 621
1729810 622
1729820 623
1729830 624
1729840 623
1729850 622
1729860 619
1729870 617
1729880 617
1729890 618
1729900 618
1729910 617
1729920 616
1729930 619
1729940 624
1729950 630
1729960 635
1729970 640
1729980 645
1729990 650
1730000 655
1730010 661
1730020 666
1730030 671
1730040 677
1730050 683
1730060 688
1730070 693
1730080 698
1730090 703
1730100 708
1730110 712
1730120 717
1730130 722
1730140 726
1730150 729
1730160 730
1730170 730
1730180 729
1730190 727
1730200 724
1730210 721
1730220 718
1730230 714
1730240 712
1730250 710
1730260 710
1730270 709
1730280 709
1730290 709
1730300 708
1730310 707
1730320 706
1730330 705
1730340 704
1730350 703
1730360 701
1730370 699
1730380 697
1730390 695
1730400 695
1730410 697
1730420 701
1730430 704
1730440 708
1730450 712
1730460 715
1730470 719
1730480 722
1730490 725
1730500 728
1730510 731
1730520 733
1730530 735
1730540 736
1730550 734
1730560 731
1730570 727
1730580 722
1730590 718
1730600 713
1730610 709
1730620 705
1730630 701
1730640 698
1730650 696
1730660 693
1730670 691
1730680 688
1730690 685
1730700 681
1730710 676
1730720 671
1730730 666
1730740 660
1730750 656
1730760 651
1730770 648
1730780 645
1730790 643
1730800 642
1730810 642
1730820 642
1730830 642
1730840 643
1730850 642
1730860 642
1730870 642
1730880 642
1730890 642
1730900 642
1730910 644
1730920 646
1730930 649
1730940 652
1730950 656
1730960 660
1730970 663
1730980 666
1730990 669
1731000 669
1731010 668
1731020 666
1731030 663
1731040 661
1731050 659
1731060 657
1731070 655
1731080 654
1731090 653
1731100 653
1731110 653
1731120 653
1731130 653
1731140 654
1731150 657
1731160 659
1731170 661
1731180 664
1731190 666
1731200 669
1731210 673
1731220 677
1731230 681
1731240 684
1731250 688
1731260 691
1731270 693
1731280 696
1731290 699
1731300 701
1731310 703
1731320 704
1731330 705
1731340 705
1731350 704
1731360 704
1731370 705
1731380 707
1731390 707
1731400 707
1731410 705
1731420 701
1731430 696
1731440 691
1731450 686
1731460 681
1731470 676
1731480 674
1731490 674
1731500 674
1731510 673
1731520 670
1731530 667
1731540 667
1731550 669
1731560 672
1731570 674
1731580 676
1731590 677
1731600 676
1731610 674
1731620 674
1731630 673
1731640 673
1731650 674
1731660 676
1731670 679
1731680 682
1731690 684
1731700 686
1731710 687
1731720 686
1731730 683
1731740 680
1731750 677
1731760 674
1731770 672
1731780 670
1731790 669
1731800 669
1731810 669
1731820 670
1731830 670
1731840 671
1731850 674
1731860 676
1731870 680
1731880 683
1731890 687
1731900 691
1731910 695
1731920 699
1731930 703
1731940 707
1731950 710
1731960 714
1731970 719
1731980 723
1731990 727
1732000 731
1732010 734
1732020 738
1732030 741
1732040 744
1732050 747
1732060 748
1732070 747
1732080 744
1732090 739
1732100 735
1732110 730
1732120 725
1732130 722
1732140 718
1732150 715
1732160 712
1732170 708
1732180 705
1732190 702
1732200 699
1732210 696
1732220 693
1732230 690
1732240 688
1732250 685
1732260 682
1732270 679
1732280 676
1732290 673
1732300 669
1732310 667
1732320 664
1732330 663
1732340 663
1732350 664
1732360 667
1732370 670
1732380 674
1732390 677
1732400 679
1732410 681
1732420 683
1732430 685
1732440 688
1732450 691
1732460 694
1732470 698
1732480 701
1732490 705
1732500 708
1732510 712
1732520 716
1732530 720
1732540 723
1732550 727
1732560 731
1732570 735
1732580 739
1732590 743
1732600 747
1732610 751
1732620 754
1732630 758
1732640 761
1732650 764
1732660 767
1732670 769
1732680 772
1732690 774
1732700 776
1732710 779
1732720 781
1732730 782
1732740 784
1732750 785
1732760 787
1732770 788
1732780 789
1732790 791
1732800 792
1732810 794
1732820 795
1732830 797
1732840 799
1732850 800
1732860 802
1732870 804
1732880 804
1732890 803
1732900 800
1732910 798
1732920 795
1732930 793
1732940 790
1732950 787
1732960 784
1732970 781
1732980 777
1732990 774
1733000 770
1733010 767
1733020 763
1733030 760
1733040 756
1733050 753
1733060 749
1733070 746
1733080 742
1733090 739
1733100 735
1733110 730
1733120 726
1733130 722
1733140 717
1733150 714
1733160 710
1733170 707
1733180 703
1733190 700
1733200 697
1733210 695
1733220 694
1733230 695
1733240 697
1733250 700
1733260 704
1733270 708
1733280 712
1733290 716
1733300 720
1733310 723
1733320 727
1733330 731
1733340 734
1733350 738
1733360 741
1733370 745
1733380 748
1733390 752
1733400 756
1733410 759
1733420 763
1733430 766
1733440 770
1733450 773
1733460 777
1733470 780
1733480 784
1733490 787
1733500 790
1733510 793
1733520 795
1733530 798
1733540 800
1733550 802
1733560 805
1733570 807
1733580 810
1733590 812
1733600 815
1733610 817
1733620 819
1733630 821
1733640 824
1733650 826
1733660 828
1733670 831
1733680 834
1733690 837
1733700 840
1733710 844
1733720 847
1733730 850
1733740 853
1733750 856
1733760 859
1733770 861
1733780 864
1733790 866
1733800 869
1733810 871
1733820 874
1733830 874
1733840 872
1733850 866
1733860 861
1733870 856
1733880 851
1733890 846
1733900 842
1733910 839
1733920 836
1733930 834
1733940 832
1733950 830
1733960 828
1733970 824
1733980 819
1733990 813
1734000 805
1734010 798
1734020 791
1734030 785
1734040 779
1734050 773
1734060 768
1734070 761
1734080 755
1734090 749
1734100 743
1734110 738
1734120 733
1734130 728
1734140 724
1734150 719
1734160 715
1734170 711
1734180 707
1734190 703
1734200 699
1734210 695
1734220 690
1734230 686
1734240 682
1734250 678
1734260 676
1734270 675
1734280 675
1734290 676
1734300 677
1734310 681
1734320 686
1734330 692
1734340 698
1734350 704
1734360 707
1734370 709
1734380 713
1734390 717
1734400 721
1734410 726
1734420 732
1734430 740
1734440 744
1734450 744
1734460 746
1734470 750
1734480 755
1734490 759
1734500 762
1734510 765
1734520 767
1734530 769
1734540 771
1734550 770
1734560 767
1734570 763
1734580 759
1734590 755
1734600 752
1734610 748
1734620 745
1734630 740
1734640 736
1734650 733
1734660 731
1734670 730
1734680 732
1734690 735
1734700 740
1734710 744
1734720 747
1734730 745
1734740 742
1734750 737
1734760 732
1734770 727
1734780 721
1734790 716
1734800 711
1734810 706
1734820 701
1734830 696
1734840 692
1734850 686
1734860 681
1734870 676
1734880 671
1734890 667
1734900 663
1734910 659
1734920 656
1734930 653
1734940 650
1734950 647
1734960 644
1734970 641
1734980 638
1734990 636
1735000 634
1735010 632
1735020 630
1735030 628
1735040 627
1735050 626
1735060 627
1735070 629
1735080 631
1735090 632
1735100 633
1735110 635
1735120 637
1735130 641
1735140 645
1735150 649
1735160 653
1735170 657
1735180 660
1735190 663
1735200 666
1735210 669
1735220 672
1735230 674
1735240 677
1735250 679
1735260 681
1735270 684
1735280 686
1735290 688
1735300 690
1735310 691
1735320 692
1735330 693
1735340 695
1735350 698
1735360 701
1735370 701
1735380 700
1735390 697
1735400 693
1735410 688
1735420 684
1735430 680
1735440 677
1735450 673
1735460 671
1735470 669
1735480 668
1735490 667
1735500 667
1735510 666
1735520 664
1735530 660
1735540 656
1735550 651
1735560 647
1735570 642
1735580 638
1735590 633
1735600 629
1735610 624
1735620 620
1735630 616
1735640 611
1735650 607
1735660 603
1735670 599
1735680 596
1735690 592
1735700 589
1735710 586
1735720 582
1735730 579
1735740 574
1735750 570
1735760 566
1735770 562
1735780 559
1735790 556
1735800 553
1735810 551
1735820 550
1735830 549
1735840 550
1735850 551
1735860 552
1735870 554
1735880 554
1735890 555
1735900 556
1735910 557
1735920 557
1735930 556
1735940 556
1735950 559
1735960 561
1735970 564
1735980 565
1735990 567
1736000 569
1736010 571
1736020 573
1736030 575
1736040 576
1736050 578
1736060 579
1736070 579
1736080 578
1736090 576
1736100 573
1736110 570
1736120 567
1736130 565
1736140 565
1736150 566
1736160 567
1736170 568
1736180 570
1736190 572
1736200 573
1736210 574
1736220 575
1736230 576
1736240 577
1736250 578
1736260 578
1736270 579
1736280 579
1736290 579
1736300 577
1736310 575
1736320 573
1736330 571
1736340 569
1736350 567
1736360 565
1736370 563
1736380 561
1736390 559
1736400 557
1736410 554
1736420 552
1736430 550
1736440 547
1736450 544
1736460 541
1736470 538
1736480 535
1736490 532
1736500 529
1736510 527
1736520 525
1736530 522
1736540 520
1736550 518
1736560 514
1736570 511
1736580 507
1736590 506
1736600 504
1736610 503
1736620 501
1736630 500
1736640 498
1736650 497
1736660 495
1736670 493
1736680 491
1736690 489
1736700 486
1736710 484
1736720 482
1736730 480
1736740 478
1736750 477
1736760 475
1736770 474
1736780 473
1736790 471
1736800 467
1736810 464
1736820 462
1736830 458
1736840 455
1736850 452
1736860 450
1736870 450
1736880 451
1736890 451
1736900 452
1736910 452
1736920 452
1736930 452
1736940 453
1736950 453
1736960 453
1736970 453
1736980 453
1736990 453
1737000 453
1737010 453
1737020 453
1737030 453
1737040 453
1737050 453
1737060 453
1737070 453
1737080 453
1737090 453
1737100 453
1737110 453
1737120 453
1737130 453
1737140 454
1737150 454
1737160 454
1737170 454
1737180 455
1737190 455
1737200 455
1737210 455
1737220 455
1737230 455
1737240 455
1737250 455
1737260 455
1737270 455
1737280 455
1737290 455
1737300 455
1737310 455
1737320 455
1737330 455
1737340 455
1737350 455
1737360 455
1737370 455
1737380 456
1737390 456
1737400 457
1737410 457
1737420 457
1737430 457
1737440 457
1737450 457
1737460 457
1737470 457
1737480 457
1737490 457
1737500 457
1737510 457
1737520 457
1737530 457
1737540 457
1737550 457
1737560 457
1737570 457
1737580 457
1737590 457
1737600 457
1737610 457
1737620 457
1737630 458
1737640 458
1737650 459
1737660 460
1737670 462
1737680 465
1737690 468
1737700 470
1737710 473
1737720 477
1737730 480
1737740 484
1737750 488
1737760 491
1737770 495
1737780 499
1737790 503
1737800 507
1737810 510
1737820 514
1737830 518
1737840 522
1737850 525
1737860 529
1737870 533
1737880 537
1737890 541
1737900 545
1737910 549
1737920 552
1737930 556
1737940 560
1737950 564
1737960 567
1737970 571
1737980 575
1737990 578
1738000 582
1738010 585
1738020 588
1738030 592
1738040 595
1738050 598
1738060 602
1738070 605
1738080 608
1738090 611
1738100 614
1738110 616
1738120 618
1738130 621
1738140 624
1738150 627
1738160 630
1738170 634
1738180 638
1738190 643
1738200 648
1738210 654
1738220 659
1738230 664
1738240 669
1738250 676
1738260 683
1738270 689
1738280 693
1738290 697
1738300 702
1738310 706
1738320 710
1738330 715
1738340 719
1738350 724
1738360 729
1738370 734
1738380 739
1738390 743
1738400 747
1738410 752
1738420 756
1738430 759
1738440 761
1738450 763
1738460 764
1738470 766
1738480 767
1738490 768
1738500 769
1738510 770
1738520 771
1738530 772
1738540 772
1738550 772
1738560 772
1738570 772
1738580 773
1738590 773
1738600 773
1738610 773
1738620 773
1738630 773
1738640 772
1738650 773
1738660 773
1738670 773
1738680 773
1738690 773
1738700 774
1738710 774
1738720 774
1738730 774
1738740 774
1738750 775
1738760 775
1738770 775
1738780 775
1738790 775
1738800 775
1738810 774
1738820 774
1738830 773
1738840 773
1738850 773
1738860 773
1738870 773
1738880 773
1738890 773
1738900 773
1738910 772
1738920 770
1738930 769
1738940 768
1738950 767
1738960 766
1738970 764
1738980 763
1738990 762
1739000 760
1739010 759
1739020 757
1739030 756
1739040 754
1739050 752
1739060 751
1739070 749
1739080 747
1739090 746
1739100 745
1739110 743
1739120 742
1739130 741
1739140 739
1739150 737
1739160 734
1739170 732
1739180 730
1739190 728
1739200 727
1739210 727
1739220 726
1739230 726
1739240 726
1739250 726
1739260 726
1739270 725
1739280 723
1739290 719
1739300 715
1739310 711
1739320 708
1739330 705
1739340 701
1739350 699
1739360 696
1739370 693
1739380 691
1739390 690
1739400 688
1739410 689
1739420 689
1739430 689
1739440 689
1739450 688
1739460 688
1739470 688
1739480 690
1739490 692
1739500 695
1739510 697
1739520 700
1739530 703
1739540 707
1739550 711
1739560 716
1739570 720
1739580 724
1739590 726
1739600 726
1739610 726
1739620 726
1739630 725
1739640 725
1739650 724
1739660 721
1739670 719
1739680 715
1739690 711
1739700 707
1739710 702
1739720 698
1739730 695
1739740 691
1739750 687
1739760 684
1739770 680
1739780 677
1739790 675
1739800 674
1739810 674
1739820 674
1739830 675
1739840 677
1739850 680
1739860 682
1739870 683
1739880 685
1739890 687
1739900 689
1739910 691
1739920 693
1739930 695
1739940 698
1739950 700
1739960 703
1739970 705
1739980 708
1739990 711
