1720000 820
1720010 818
1720020 816
1720030 816
1720040 816
1720050 816
1720060 816
1720070 817
1720080 818
1720090 820
1720100 821
1720110 822
1720120 822
1720130 823
1720140 825
1720150 827
1720160 829
1720170 832
1720180 834
1720190 835
1720200 836
1720210 838
1720220 840
1720230 841
1720240 843
1720250 844
1720260 846
1720270 847
1720280 847
1720290 846
1720300 845
1720310 844
1720320 843
1720330 841
1720340 839
1720350 838
1720360 837
1720370 837
1720380 839
1720390 840
1720400 841
1720410 842
1720420 843
1720430 844
1720440 846
1720450 849
1720460 852
1720470 855
1720480 859
1720490 862
1720500 866
1720510 870
1720520 874
1720530 877
1720540 881
1720550 885
1720560 889
1720570 893
1720580 897
1720590 900
1720600 904
1720610 908
1720620 912
1720630 915
1720640 919
1720650 923
1720660 927
1720670 931
1720680 935
1720690 939
1720700 943
1720710 946
1720720 950
1720730 954
1720740 957
1720750 961
1720760 964
1720770 968
1720780 971
1720790 974
1720800 978
1720810 981
1720820 984
1720830 988
1720840 991
1720850 994
1720860 998
1720870 1001
1720880 1004
1720890 1007
1720900 1010
1720910 1013
1720920 1016
1720930 1019
1720940 1022
1720950 1024
1720960 1025
1720970 1025
1720980 1025
1720990 1025
1721000 1025
1721010 1025
1721020 1024
1721030 1024
1721040 1023
1721050 1023
1721060 1022
1721070 1021
1721080 1020
1721090 1019
1721100 1018
1721110 1016
1721120 1014
1721130 1013
1721140 1011
1721150 1008
1721160 1005
1721170 1002
1721180 998
1721190 994
1721200 989
1721210 984
1721220 980
1721230 975
1721240 972
1721250 967
1721260 963
1721270 958
1721280 953
1721290 949
1721300 944
1721310 940
1721320 937
1721330 933
1721340 928
1721350 925
1721360 921
1721370 917
1721380 913
1721390 909
1721400 905
1721410 901
1721420 897
1721430 893
1721440 889
1721450 885
1721460 881
1721470 877
1721480 874
1721490 871
1721500 868
1721510 864
1721520 861
1721530 857
1721540 854
1721550 850
1721560 845
1721570 841
1721580 837
1721590 834
1721600 831
1721610 828
1721620 825
1721630 822
1721640 819
1721650 816
1721660 813
1721670 810
1721680 806
1721690 803
1721700 799
1721710 795
1721720 792
1721730 788
1721740 784
1721750 779
1721760 774
1721770 770
1721780 765
1721790 761
1721800 758
1721810 756
1721820 753
1721830 749
1721840 745
1721850 741
1721860 736
1721870 732
1721880 730
1721890 729
1721900 729
1721910 729
1721920 729
1721930 728
1721940 726
1721950 725
1721960 724
1721970 723
1721980 723
1721990 723
1722000 722
1722010 720
1722020 719
1722030 717
1722040 716
1722050 716
1722060 715
1722070 715
1722080 714
1722090 714
1722100 714
1722110 713
1722120 713
1722130 713
1722140 713
1722150 713
1722160 713
1722170 713
1722180 714
1722190 714
1722200 715
1722210 715
1722220 715
1722230 716
1722240 716
1722250 717
1722260 717
1722270 718
1722280 718
1722290 718
1722300 718
1722310 718
1722320 719
1722330 720
1722340 721
1722350 722
1722360 723
1722370 724
1722380 725
1722390 726
1722400 726
1722410 726
1722420 725
1722430 724
1722440 723
1722450 723
1722460 721
1722470 719
1722480 717
1722490 713
1722500 710
1722510 705
1722520 700
1722530 694
1722540 689
1722550 683
1722560 678
1722570 673
1722580 669
1722590 665
1722600 661
1722610 656
1722620 652
1722630 647
1722640 645
1722650 643
1722660 643
1722670 644
1722680 645
1722690 647
1722700 648
1722710 649
1722720 650
1722730 651
1722740 652
1722750 652
1722760 649
1722770 645
1722780 641
1722790 637
1722800 634
1722810 631
1722820 630
1722830 629
1722840 630
1722850 633
1722860 637
1722870 640
1722880 644
1722890 647
1722900 651
1722910 654
1722920 657
1722930 660
1722940 664
1722950 667
1722960 670
1722970 673
1722980 676
1722990 679
1723000 681
1723010 683
1723020 686
1723030 687
1723040 689
1723050 691
1723060 693
1723070 694
1723080 696
1723090 697
1723100 699
1723110 700
1723120 702
1723130 703
1723140 703
1723150 703
1723160 702
1723170 702
1723180 701
1723190 701
1723200 700
1723210 700
1723220 700
1723230 699
1723240 699
1723250 698
1723260 698
1723270 698
1723280 697
1723290 697
1723300 697
1723310 697
1723320 696
1723330 696
1723340 696
1723350 695
1723360 695
1723370 694
1723380 693
1723390 692
1723400 692
1723410 691
1723420 690
1723430 689
1723440 688
1723450 687
1723460 686
1723470 685
1723480 683
1723490 682
1723500 680
1723510 678
1723520 676
1723530 674
1723540 672
1723550 669
1723560 667
1723570 664
1723580 660
1723590 657
1723600 654
1723610 651
1723620 649
1723630 647
1723640 645
1723650 643
1723660 642
1723670 640
1723680 639
1723690 638
1723700 637
1723710 635
1723720 634
1723730 633
1723740 632
1723750 632
1723760 631
1723770 630
1723780 628
1723790 628
1723800 626
1723810 625
1723820 624
1723830 623
1723840 622
1723850 621
1723860 618
1723870 614
1723880 609
1723890 605
1723900 601
1723910 597
1723920 594
1723930 592
1723940 591
1723950 591
1723960 591
1723970 592
1723980 593
1723990 594
1724000 595
1724010 596
1724020 596
1724030 595
1724040 593
1724050 590
1724060 586
1724070 582
1724080 577
1724090 573
1724100 569
1724110 565
1724120 560
1724130 554
1724140 548
1724150 543
1724160 538
1724170 535
1724180 533
1724190 532
1724200 529
1724210 526
1724220 522
1724230 518
1724240 514
1724250 510
1724260 507
1724270 507
1724280 509
1724290 512
1724300 517
1724310 521
1724320 525
1724330 530
1724340 534
1724350 538
1724360 542
1724370 545
1724380 548
1724390 552
1724400 555
1724410 557
1724420 560
1724430 562
1724440 564
1724450 565
1724460 566
1724470 566
1724480 567
1724490 567
1724500 567
1724510 567
1724520 566
1724530 565
1724540 563
1724550 562
1724560 559
1724570 556
1724580 552
1724590 548
1724600 544
1724610 541
1724620 539
1724630 539
1724640 540
1724650 541
1724660 542
1724670 544
1724680 545
1724690 547
1724700 548
1724710 549
1724720 550
1724730 550
1724740 551
1724750 551
1724760 551
1724770 550
1724780 548
1724790 545
1724800 541
1724810 536
1724820 532
1724830 528
1724840 524
1724850 521
1724860 518
1724870 516
1724880 514
1724890 511
1724900 509
1724910 506
1724920 504
1724930 502
1724940 502
1724950 505
1724960 510
1724970 514
1724980 517
1724990 521
1725000 524
1725010 528
1725020 532
1725030 536
1725040 540
1725050 544
1725060 548
1725070 552
1725080 556
1725090 560
1725100 564
1725110 568
1725120 572
1725130 576
1725140 580
1725150 585
1725160 588
1725170 592
1725180 596
1725190 601
1725200 605
1725210 609
1725220 613
1725230 616
1725240 620
1725250 624
1725260 627
1725270 631
1725280 634
1725290 638
1725300 642
1725310 645
1725320 649
1725330 652
1725340 655
1725350 658
1725360 661
1725370 664
1725380 667
1725390 670
1725400 672
1725410 673
1725420 673
1725430 672
1725440 671
1725450 668
1725460 667
1725470 665
1725480 664
1725490 664
1725500 664
1725510 665
1725520 667
1725530 670
1725540 672
1725550 674
1725560 676
1725570 679
1725580 681
1725590 683
1725600 685
1725610 687
1725620 688
1725630 690
1725640 690
1725650 690
1725660 690
1725670 690
1725680 691
1725690 691
1725700 691
1725710 691
1725720 692
1725730 692
1725740 693
1725750 695
1725760 697
1725770 698
1725780 699
1725790 699
1725800 700
1725810 700
1725820 699
1725830 698
1725840 698
1725850 698
1725860 698
1725870 697
1725880 696
1725890 695
1725900 694
1725910 692
1725920 691
1725930 690
1725940 689
1725950 688
1725960 687
1725970 686
1725980 684
1725990 683
1726000 682
1726010 681
1726020 680
1726030 679
1726040 678
1726050 677
1726060 676
1726070 675
1726080 673
1726090 673
1726100 671
1726110 670
1726120 669
1726130 668
1726140 667
1726150 666
1726160 665
1726170 664
1726180 663
1726190 661
1726200 660
1726210 659
1726220 657
1726230 656
1726240 655
1726250 654
1726260 653
1726270 652
1726280 651
1726290 650
1726300 648
1726310 647
1726320 646
1726330 645
1726340 644
1726350 643
1726360 642
1726370 641
1726380 640
1726390 639
1726400 638
1726410 637
1726420 635
1726430 634
1726440 633
1726450 632
1726460 631
1726470 630
1726480 629
1726490 629
1726500 628
1726510 628
1726520 627
1726530 627
1726540 627
1726550 626
1726560 626
1726570 625
1726580 625
1726590 625
1726600 624
1726610 623
1726620 622
1726630 621
1726640 620
1726650 618
1726660 617
1726670 615
1726680 613
1726690 612
1726700 611
1726710 609
1726720 607
1726730 605
1726740 602
1726750 598
1726760 594
1726770 590
1726780 586
1726790 582
1726800 579
1726810 576
1726820 574
1726830 572
1726840 570
1726850 569
1726860 567
1726870 566
1726880 565
1726890 564
1726900 563
1726910 562
1726920 561
1726930 560
1726940 559
1726950 558
1726960 557
1726970 556
1726980 555
1726990 554
1727000 553
1727010 553
1727020 552
1727030 552
1727040 551
1727050 551
1727060 550
1727070 549
1727080 549
1727090 548
1727100 548
1727110 547
1727120 546
1727130 545
1727140 544
1727150 543
1727160 542
1727170 542
1727180 541
1727190 540
1727200 539
1727210 538
1727220 536
1727230 535
1727240 533
1727250 531
1727260 529
1727270 525
1727280 521
1727290 517
1727300 513
1727310 510
1727320 508
1727330 506
1727340 505
1727350 505
1727360 504
1727370 503
1727380 501
1727390 499
1727400 496
1727410 494
1727420 492
1727430 490
1727440 489
1727450 489
1727460 488
1727470 488
1727480 488
1727490 487
1727500 486
1727510 485
1727520 484
1727530 484
1727540 484
1727550 484
1727560 484
1727570 484
1727580 484
1727590 484
1727600 484
1727610 484
1727620 484
1727630 484
1727640 483
1727650 483
1727660 483
1727670 482
1727680 480
1727690 478
1727700 475
1727710 472
1727720 469
1727730 466
1727740 463
1727750 462
1727760 460
1727770 459
1727780 458
1727790 457
1727800 456
1727810 455
1727820 455
1727830 455
1727840 454
1727850 452
1727860 450
1727870 448
1727880 445
1727890 444
1727900 443
1727910 442
1727920 442
1727930 442
1727940 441
1727950 440
1727960 440
1727970 441
1727980 442
1727990 442
1728000 442
1728010 443
1728020 443
1728030 444
1728040 444
1728050 444
1728060 444
1728070 445
1728080 445
1728090 446
1728100 447
1728110 448
1728120 449
1728130 450
1728140 452
1728150 453
1728160 455
1728170 457
1728180 459
1728190 460
1728200 462
1728210 463
1728220 464
1728230 466
1728240 467
1728250 468
1728260 470
1728270 471
1728280 473
1728290 475
1728300 477
1728310 479
1728320 480
1728330 482
1728340 485
1728350 487
1728360 490
1728370 493
1728380 496
1728390 499
1728400 503
1728410 505
1728420 506
1728430 507
1728440 508
1728450 509
1728460 508
1728470 503
1728480 498
1728490 493
1728500 490
1728510 487
1728520 484
1728530 481
1728540 477
1728550 474
1728560 471
1728570 468
1728580 465
1728590 462
1728600 459
1728610 456
1728620 454
1728630 451
1728640 449
1728650 445
1728660 442
1728670 439
1728680 437
1728690 435
1728700 434
1728710 433
1728720 432
1728730 431
1728740 430
1728750 429
1728760 429
1728770 428
1728780 428
1728790 428
1728800 427
1728810 427
1728820 427
1728830 427
1728840 427
1728850 427
1728860 427
1728870 427
1728880 427
1728890 427
1728900 427
1728910 427
1728920 427
1728930 427
1728940 427
1728950 427
1728960 427
1728970 427
1728980 427
1728990 427
1729000 427
1729010 427
1729020 427
1729030 427
1729040 427
1729050 427
1729060 427
1729070 427
1729080 427
1729090 427
1729100 427
1729110 427
1729120 427
1729130 427
1729140 427
1729150 427
1729160 427
1729170 427
1729180 427
1729190 426
1729200 428
1729210 431
1729220 437
1729230 441
1729240 444
1729250 447
1729260 450
1729270 452
1729280 455
1729290 457
1729300 460
1729310 463
1729320 466
1729330 470
1729340 473
1729350 477
1729360 480
1729370 483
1729380 486
1729390 488
1729400 491
1729410 493
1729420 495
1729430 498
1729440 499
1729450 499
1729460 499
1729470 499
1729480 498
1729490 498
1729500 498
1729510 497
1729520 497
1729530 497
1729540 497
1729550 497
1729560 497
1729570 496
1729580 496
1729590 495
1729600 495
1729610 494
1729620 494
1729630 493
1729640 492
1729650 490
1729660 488
1729670 486
1729680 484
1729690 482
1729700 480
1729710 478
1729720 477
1729730 476
1729740 475
1729750 475
1729760 474
1729770 474
1729780 473
1729790 472
1729800 471
1729810 470
1729820 468
1729830 464
1729840 459
1729850 454
1729860 449
1729870 444
1729880 440
1729890 435
1729900 429
1729910 424
1729920 421
1729930 421
1729940 421
1729950 420
1729960 419
1729970 418
1729980 419
1729990 423
1730000 430
1730010 441
1730020 448
1730030 453
1730040 457
1730050 461
1730060 465
1730070 469
1730080 471
1730090 473
1730100 474
1730110 475
1730120 475
1730130 475
1730140 475
1730150 476
1730160 476
1730170 477
1730180 477
1730190 478
1730200 479
1730210 479
1730220 480
1730230 480
1730240 481
1730250 481
1730260 481
1730270 482
1730280 482
1730290 483
1730300 483
1730310 484
1730320 486
1730330 487
1730340 489
1730350 491
1730360 493
1730370 495
1730380 497
1730390 500
1730400 503
1730410 506
1730420 509
1730430 512
1730440 516
1730450 520
1730460 524
1730470 529
1730480 536
1730490 544
1730500 549
1730510 553
1730520 557
1730530 561
1730540 564
1730550 568
1730560 570
1730570 568
1730580 564
1730590 559
1730600 553
1730610 548
1730620 541
1730630 535
1730640 528
1730650 523
1730660 517
1730670 512
1730680 506
1730690 501
1730700 496
1730710 491
1730720 486
1730730 481
1730740 476
1730750 471
1730760 467
1730770 462
1730780 457
1730790 453
1730800 448
1730810 444
1730820 439
1730830 435
1730840 432
1730850 429
1730860 428
1730870 427
1730880 427
1730890 427
1730900 428
1730910 429
1730920 429
1730930 430
1730940 430
1730950 433
1730960 436
1730970 440
1730980 443
1730990 447
1731000 451
1731010 455
1731020 459
1731030 463
1731040 467
1731050 471
1731060 475
1731070 479
1731080 483
1731090 487
1731100 491
1731110 494
1731120 498
1731130 502
1731140 506
1731150 509
1731160 512
1731170 515
1731180 518
1731190 521
1731200 524
1731210 526
1731220 528
1731230 530
1731240 532
1731250 534
1731260 535
1731270 537
1731280 539
1731290 540
1731300 542
1731310 543
1731320 544
1731330 545
1731340 546
1731350 547
1731360 549
1731370 550
1731380 551
1731390 551
1731400 552
1731410 552
1731420 552
1731430 552
1731440 552
1731450 553
1731460 553
1731470 554
1731480 555
1731490 556
1731500 558
1731510 560
1731520 564
1731530 564
1731540 563
1731550 561
1731560 562
1731570 563
1731580 563
1731590 564
1731600 565
1731610 566
1731620 567
1731630 567
1731640 566
1731650 564
1731660 563
1731670 562
1731680 560
1731690 557
1731700 553
1731710 550
1731720 549
1731730 548
1731740 547
1731750 546
1731760 545
1731770 544
1731780 542
1731790 540
1731800 539
1731810 538
1731820 536
1731830 536
1731840 536
1731850 537
1731860 538
1731870 539
1731880 540
1731890 541
1731900 542
1731910 543
1731920 544
1731930 546
1731940 547
1731950 549
1731960 552
1731970 554
1731980 556
1731990 558
1732000 561
1732010 565
1732020 571
1732030 578
1732040 589
1732050 598
1732060 606
1732070 612
1732080 621
1732090 629
1732100 634
1732110 640
1732120 640
1732130 631
1732140 626
1732150 624
1732160 625
1732170 628
1732180 631
1732190 633
1732200 635
1732210 636
1732220 636
1732230 637
1732240 637
1732250 638
1732260 639
1732270 640
1732280 641
1732290 642
1732300 643
1732310 644
1732320 644
1732330 645
1732340 645
1732350 645
1732360 646
1732370 646
1732380 646
1732390 647
1732400 647
1732410 647
1732420 647
1732430 648
1732440 648
1732450 649
1732460 651
1732470 653
1732480 654
1732490 656
1732500 657
1732510 659
1732520 660
1732530 662
1732540 664
1732550 666
1732560 668
1732570 670
1732580 672
1732590 673
1732600 672
1732610 670
1732620 670
1732630 670
1732640 669
1732650 669
1732660 670
1732670 672
1732680 674
1732690 677
1732700 678
1732710 680
1732720 681
1732730 682
1732740 684
1732750 686
1732760 687
1732770 689
1732780 690
1732790 691
1732800 693
1732810 694
1732820 696
1732830 698
1732840 700
1732850 702
1732860 704
1732870 706
1732880 708
1732890 710
1732900 712
1732910 714
1732920 716
1732930 718
1732940 720
1732950 721
1732960 723
1732970 724
1732980 725
1732990 726
1733000 727
1733010 728
1733020 729
1733030 730
1733040 731
1733050 732
1733060 733
1733070 734
1733080 735
1733090 736
1733100 736
1733110 738
1733120 739
1733130 741
1733140 742
1733150 743
1733160 744
1733170 745
1733180 746
1733190 747
1733200 748
1733210 750
1733220 751
1733230 752
1733240 753
1733250 754
1733260 755
1733270 756
1733280 757
1733290 758
1733300 758
1733310 759
1733320 759
1733330 759
1733340 759
1733350 759
1733360 758
1733370 758
1733380 758
1733390 758
1733400 758
1733410 760
1733420 762
1733430 765
1733440 768
1733450 770
1733460 773
1733470 776
1733480 779
1733490 781
1733500 784
1733510 786
1733520 788
1733530 790
1733540 791
1733550 792
1733560 792
1733570 792
1733580 793
1733590 793
1733600 794
1733610 795
1733620 796
1733630 797
1733640 797
1733650 798
1733660 798
1733670 798
1733680 799
1733690 799
1733700 799
1733710 798
1733720 798
1733730 798
1733740 798
1733750 797
1733760 795
1733770 794
1733780 793
1733790 793
1733800 793
1733810 794
1733820 794
1733830 795
1733840 796
1733850 798
1733860 799
1733870 801
1733880 803
1733890 804
1733900 806
1733910 807
1733920 808
1733930 810
1733940 811
1733950 811
1733960 812
1733970 813
1733980 814
1733990 815
1734000 815
1734010 816
1734020 816
1734030 816
1734040 816
1734050 816
1734060 816
1734070 816
1734080 815
1734090 814
1734100 813
1734110 811
1734120 809
1734130 806
1734140 805
1734150 804
1734160 804
1734170 804
1734180 805
1734190 806
1734200 807
1734210 809
1734220 810
1734230 811
1734240 812
1734250 813
1734260 814
1734270 815
1734280 815
1734290 815
1734300 815
1734310 815
1734320 815
1734330 813
1734340 809
1734350 805
1734360 800
1734370 795
1734380 792
1734390 788
1734400 784
1734410 780
1734420 777
1734430 775
1734440 773
1734450 772
1734460 770
1734470 769
1734480 768
1734490 767
1734500 765
1734510 766
1734520 766
1734530 767
1734540 767
1734550 765
1734560 763
1734570 759
1734580 756
1734590 751
1734600 747
1734610 742
1734620 738
1734630 735
1734640 735
1734650 743
1734660 748
1734670 750
1734680 749
1734690 752
1734700 755
1734710 757
1734720 745
1734730 729
1734740 713
1734750 708
1734760 703
1734770 698
1734780 694
1734790 685
1734800 665
1734810 644
1734820 630
1734830 626
1734840 621
1734850 617
1734860 613
1734870 609
1734880 605
1734890 601
1734900 597
1734910 593
1734920 589
1734930 585
1734940 581
1734950 578
1734960 574
1734970 570
1734980 567
1734990 563
1735000 560
1735010 556
1735020 552
1735030 549
1735040 545
1735050 542
1735060 538
1735070 534
1735080 530
1735090 527
1735100 523
1735110 519
1735120 516
1735130 512
1735140 508
1735150 504
1735160 500
1735170 497
1735180 493
1735190 489
1735200 485
1735210 481
1735220 477
1735230 473
1735240 470
1735250 468
1735260 465
1735270 463
1735280 460
1735290 458
1735300 455
1735310 453
1735320 450
1735330 446
1735340 443
1735350 440
1735360 436
1735370 433
1735380 429
1735390 427
1735400 426
1735410 426
1735420 425
1735430 425
1735440 425
1735450 425
1735460 425
1735470 425
1735480 426
1735490 426
1735500 425
1735510 424
1735520 424
1735530 424
1735540 425
1735550 427
1735560 427
1735570 427
1735580 427
1735590 427
1735600 427
1735610 427
1735620 427
1735630 427
1735640 427
1735650 427
1735660 427
1735670 427
1735680 427
1735690 427
1735700 427
1735710 427
1735720 427
1735730 428
1735740 429
1735750 433
1735760 438
1735770 442
1735780 447
1735790 450
1735800 454
1735810 457
1735820 460
1735830 463
1735840 466
1735850 470
1735860 473
1735870 477
1735880 481
1735890 485
1735900 489
1735910 493
1735920 497
1735930 501
1735940 505
1735950 509
1735960 514
1735970 518
1735980 522
1735990 527
1736000 531
1736010 536
1736020 541
1736030 547
1736040 553
1736050 563
1736060 570
1736070 575
1736080 579
1736090 580
1736100 581
1736110 580
1736120 580
1736130 581
1736140 582
1736150 584
1736160 585
1736170 587
1736180 588
1736190 590
1736200 591
1736210 591
1736220 590
1736230 588
1736240 585
1736250 582
1736260 581
1736270 580
1736280 580
1736290 580
1736300 582
1736310 583
1736320 586
1736330 587
1736340 589
1736350 591
1736360 593
1736370 595
1736380 597
1736390 599
1736400 601
1736410 604
1736420 606
1736430 608
1736440 611
1736450 614
1736460 618
1736470 623
1736480 627
1736490 630
1736500 632
1736510 634
1736520 636
1736530 639
1736540 643
1736550 647
1736560 652
1736570 657
1736580 662
1736590 665
1736600 669
1736610 672
1736620 676
1736630 681
1736640 687
1736650 692
1736660 698
1736670 704
1736680 708
1736690 711
1736700 714
1736710 716
1736720 717
1736730 719
1736740 721
1736750 723
1736760 725
1736770 727
1736780 729
1736790 731
1736800 733
1736810 736
1736820 738
1736830 740
1736840 741
1736850 742
1736860 745
1736870 756
1736880 770
1736890 784
1736900 787
1736910 788
1736920 787
1736930 785
1736940 780
1736950 774
1736960 770
1736970 767
1736980 765
1736990 763
1737000 762
1737010 761
1737020 763
1737030 762
1737040 759
1737050 756
1737060 754
1737070 751
1737080 748
1737090 746
1737100 744
1737110 742
1737120 742
1737130 742
1737140 742
1737150 743
1737160 745
1737170 748
1737180 753
1737190 760
1737200 770
1737210 778
1737220 785
1737230 790
1737240 796
1737250 800
1737260 803
1737270 806
1737280 809
1737290 813
1737300 816
1737310 819
1737320 823
1737330 826
1737340 829
1737350 832
1737360 834
1737370 837
1737380 839
1737390 841
1737400 843
1737410 845
1737420 846
1737430 847
1737440 847
1737450 847
1737460 847
1737470 846
1737480 845
1737490 844
1737500 843
1737510 842
1737520 841
1737530 841
1737540 841
1737550 842
1737560 843
1737570 845
1737580 848
1737590 851
1737600 855
1737610 859
1737620 863
1737630 867
1737640 872
1737650 876
1737660 879
1737670 883
1737680 887
1737690 891
1737700 894
1737710 897
1737720 901
1737730 904
1737740 907
1737750 911
1737760 914
1737770 918
1737780 922
1737790 926
1737800 930
1737810 934
1737820 939
1737830 943
1737840 947
1737850 951
1737860 956
1737870 959
1737880 963
1737890 967
1737900 971
1737910 975
1737920 978
1737930 981
1737940 983
1737950 985
1737960 988
1737970 990
1737980 992
1737990 993
1738000 995
1738010 997
1738020 999
1738030 1001
1738040 1003
1738050 1005
1738060 1006
1738070 1008
1738080 1009
1738090 1011
1738100 1012
1738110 1013
1738120 1014
1738130 1016
1738140 1017
1738150 1018
1738160 1020
1738170 1021
1738180 1022
1738190 1023
1738200 1024
1738210 1025
1738220 1027
1738230 1028
1738240 1029
1738250 1030
1738260 1031
1738270 1032
1738280 1033
1738290 1033
1738300 1034
1738310 1035
1738320 1036
1738330 1037
1738340 1037
1738350 1038
1738360 1038
1738370 1039
1738380 1040
1738390 1042
1738400 1043
1738410 1044
1738420 1044
1738430 1045
1738440 1046
1738450 1047
1738460 1049
1738470 1050
1738480 1051
1738490 1052
1738500 1053
1738510 1054
1738520 1055
1738530 1056
1738540 1056
1738550 1057
1738560 1058
1738570 1059
1738580 1060
1738590 1061
1738600 1063
1738610 1064
1738620 1065
1738630 1066
1738640 1067
1738650 1068
1738660 1069
1738670 1069
1738680 1070
1738690 1070
1738700 1071
1738710 1073
1738720 1075
1738730 1076
1738740 1078
1738750 1079
1738760 1079
1738770 1080
1738780 1081
1738790 1082
1738800 1083
1738810 1084
1738820 1085
1738830 1086
1738840 1087
1738850 1087
1738860 1088
1738870 1088
1738880 1089
1738890 1090
1738900 1092
1738910 1093
1738920 1095
1738930 1096
1738940 1097
1738950 1099
1738960 1099
1738970 1101
1738980 1102
1738990 1102
1739000 1102
1739010 1102
1739020 1103
1739030 1103
1739040 1103
1739050 1103
1739060 1102
1739070 1102
1739080 1101
1739090 1102
1739100 1102
1739110 1102
1739120 1101
1739130 1099
1739140 1095
1739150 1089
1739160 1083
1739170 1077
1739180 1072
1739190 1067
1739200 1062
1739210 1058
1739220 1053
1739230 1049
1739240 1044
1739250 1040
1739260 1036
1739270 1032
1739280 1028
1739290 1024
1739300 1021
1739310 1018
1739320 1014
1739330 1011
1739340 1008
1739350 1005
1739360 1002
1739370 999
1739380 996
1739390 994
1739400 991
1739410 989
1739420 986
1739430 983
1739440 980
1739450 977
1739460 973
1739470 969
1739480 964
1739490 960
1739500 955
1739510 951
1739520 946
1739530 942
1739540 938
1739550 934
1739560 930
1739570 926
1739580 922
1739590 918
1739600 914
1739610 911
1739620 909
1739630 907
1739640 905
1739650 904
1739660 904
1739670 903
1739680 903
1739690 901
1739700 899
1739710 897
1739720 897
1739730 896
1739740 895
1739750 895
1739760 896
1739770 896
1739780 895
1739790 895
1739800 894
1739810 893
1739820 891
1739830 888
1739840 886
1739850 887
1739860 887
1739870 888
1739880 888
1739890 887
1739900 887
1739910 887
1739920 887
1739930 886
1739940 885
1739950 883
1739960 882
1739970 883
1739980 885
1739990 885
