1720000 704
1720010 702
1720020 700
1720030 697
1720040 695
1720050 693
1720060 690
1720070 687
1720080 685
1720090 682
1720100 679
1720110 676
1720120 673
1720130 671
1720140 668
1720150 665
1720160 663
1720170 661
1720180 659
1720190 656
1720200 654
1720210 652
1720220 649
1720230 646
1720240 643
1720250 640
1720260 637
1720270 634
1720280 631
1720290 627
1720300 624
1720310 621
1720320 618
1720330 615
1720340 613
1720350 612
1720360 612
1720370 615
1720380 619
1720390 622
1720400 624
1720410 627
1720420 629
1720430 632
1720440 634
1720450 637
1720460 639
1720470 642
1720480 644
1720490 646
1720500 648
1720510 649
1720520 651
1720530 652
1720540 654
1720550 655
1720560 657
1720570 659
1720580 660
1720590 662
1720600 663
1720610 664
1720620 666
1720630 667
1720640 668
1720650 670
1720660 671
1720670 673
1720680 674
1720690 675
1720700 677
1720710 678
1720720 679
1720730 681
1720740 682
1720750 683
1720760 684
1720770 686
1720780 687
1720790 689
1720800 690
1720810 692
1720820 693
1720830 695
1720840 696
1720850 697
1720860 699
1720870 700
1720880 700
1720890 701
1720900 702
1720910 703
1720920 703
1720930 703
1720940 703
1720950 703
1720960 703
1720970 702
1720980 701
1720990 700
1721000 699
1721010 697
1721020 696
1721030 696
1721040 695
1721050 695
1721060 695
1721070 694
1721080 694
1721090 694
1721100 694
1721110 694
1721120 694
1721130 695
1721140 696
1721150 697
1721160 697
1721170 696
1721180 692
1721190 687
1721200 682
1721210 677
1721220 672
1721230 665
1721240 658
1721250 653
1721260 647
1721270 642
1721280 635
1721290 629
1721300 625
1721310 620
1721320 615
1721330 611
1721340 607
1721350 602
1721360 598
1721370 594
1721380 590
1721390 586
1721400 587
1721410 590
1721420 595
1721430 600
1721440 605
1721450 610
1721460 615
1721470 619
1721480 624
1721490 629
1721500 634
1721510 638
1721520 643
1721530 649
1721540 655
1721550 660
1721560 664
1721570 669
1721580 673
1721590 677
1721600 680
1721610 683
1721620 686
1721630 689
1721640 692
1721650 695
1721660 697
1721670 698
1721680 700
1721690 702
1721700 703
1721710 704
1721720 705
1721730 706
1721740 707
1721750 707
1721760 708
1721770 708
1721780 709
1721790 710
1721800 711
1721810 712
1721820 713
1721830 714
1721840 715
1721850 715
1721860 714
1721870 713
1721880 712
1721890 711
1721900 711
1721910 710
1721920 710
1721930 710
1721940 710
1721950 710
1721960 710
1721970 711
1721980 712
1721990 713
1722000 714
1722010 715
1722020 717
1722030 718
1722040 719
1722050 720
1722060 721
1722070 722
1722080 724
1722090 726
1722100 728
1722110 730
1722120 732
1722130 734
1722140 736
1722150 738
1722160 740
1722170 742
1722180 743
1722190 745
1722200 747
1722210 749
1722220 750
1722230 752
1722240 754
1722250 756
1722260 758
1722270 760
1722280 762
1722290 764
1722300 766
1722310 769
1722320 771
1722330 774
1722340 776
1722350 779
1722360 782
1722370 784
1722380 786
1722390 788
1722400 789
1722410 791
1722420 794
1722430 795
1722440 797
1722450 798
1722460 799
1722470 800
1722480 801
1722490 801
1722500 800
1722510 798
1722520 796
1722530 794
1722540 791
1722550 789
1722560 787
1722570 785
1722580 784
1722590 782
1722600 781
1722610 780
1722620 779
1722630 778
1722640 777
1722650 777
1722660 776
1722670 777
1722680 778
1722690 779
1722700 779
1722710 780
1722720 781
1722730 781
1722740 782
1722750 783
1722760 784
1722770 786
1722780 787
1722790 788
1722800 788
1722810 789
1722820 788
1722830 788
1722840 787
1722850 786
1722860 785
1722870 783
1722880 781
1722890 779
1722900 776
1722910 774
1722920 771
1722930 768
1722940 766
1722950 764
1722960 762
1722970 760
1722980 759
1722990 757
1723000 755
1723010 753
1723020 751
1723030 749
1723040 747
1723050 745
1723060 742
1723070 739
1723080 736
1723090 731
1723100 726
1723110 722
1723120 717
1723130 713
1723140 709
1723150 706
1723160 702
1723170 698
1723180 694
1723190 690
1723200 686
1723210 683
1723220 680
1723230 677
1723240 674
1723250 671
1723260 669
1723270 667
1723280 667
1723290 668
1723300 671
1723310 674
1723320 677
1723330 679
1723340 681
1723350 684
1723360 686
1723370 688
1723380 690
1723390 692
1723400 695
1723410 697
1723420 699
1723430 701
1723440 703
1723450 705
1723460 707
1723470 708
1723480 709
1723490 711
1723500 712
1723510 713
1723520 714
1723530 715
1723540 717
1723550 718
1723560 719
1723570 720
1723580 721
1723590 722
1723600 723
1723610 725
1723620 726
1723630 727
1723640 728
1723650 729
1723660 730
1723670 731
1723680 733
1723690 735
1723700 738
1723710 741
1723720 744
1723730 748
1723740 751
1723750 755
1723760 758
1723770 762
1723780 765
1723790 769
1723800 773
1723810 776
1723820 779
1723830 782
1723840 785
1723850 788
1723860 790
1723870 793
1723880 797
1723890 800
1723900 804
1723910 807
1723920 810
1723930 813
1723940 817
1723950 820
1723960 824
1723970 826
1723980 828
1723990 831
1724000 835
1724010 838
1724020 841
1724030 844
1724040 847
1724050 850
1724060 853
1724070 856
1724080 859
1724090 863
1724100 866
1724110 870
1724120 873
1724130 878
1724140 882
1724150 887
1724160 889
1724170 891
1724180 893
1724190 894
1724200 896
1724210 898
1724220 899
1724230 901
1724240 904
1724250 907
1724260 910
1724270 914
1724280 917
1724290 921
1724300 925
1724310 928
1724320 931
1724330 934
1724340 938
1724350 942
1724360 946
1724370 949
1724380 953
1724390 956
1724400 960
1724410 963
1724420 967
1724430 969
1724440 972
1724450 975
1724460 978
1724470 981
1724480 983
1724490 986
1724500 989
1724510 991
1724520 993
1724530 995
1724540 996
1724550 998
