1720000 567
1720010 566
1720020 564
1720030 563
1720040 562
1720050 561
1720060 560
1720070 559
1720080 558
1720090 557
1720100 556
1720110 555
1720120 555
1720130 554
1720140 553
1720150 552
1720160 551
1720170 551
1720180 550
1720190 550
1720200 550
1720210 549
1720220 549
1720230 548
1720240 548
1720250 546
1720260 545
1720270 545
1720280 544
1720290 544
1720300 543
1720310 541
1720320 538
1720330 535
1720340 529
1720350 524
1720360 518
1720370 513
1720380 507
1720390 501
1720400 493
1720410 486
1720420 477
1720430 468
1720440 461
1720450 455
1720460 450
1720470 445
1720480 441
1720490 437
1720500 434
1720510 433
1720520 433
1720530 433
1720540 432
1720550 433
1720560 433
1720570 435
1720580 439
1720590 445
1720600 451
1720610 457
1720620 461
1720630 466
1720640 471
1720650 475
1720660 480
1720670 485
1720680 489
1720690 492
1720700 495
1720710 498
1720720 500
1720730 503
1720740 504
1720750 506
1720760 507
1720770 507
1720780 507
1720790 506
1720800 504
1720810 501
1720820 498
1720830 495
1720840 491
1720850 488
1720860 486
1720870 484
1720880 484
1720890 483
1720900 483
1720910 484
1720920 484
1720930 484
1720940 484
1720950 484
1720960 484
1720970 484
1720980 484
1720990 484
1721000 484
1721010 484
1721020 484
1721030 484
1721040 484
1721050 484
1721060 484
1721070 484
1721080 484
1721090 484
1721100 485
1721110 486
1721120 486
1721130 487
1721140 488
1721150 487
1721160 486
1721170 485
1721180 484
1721190 483
1721200 482
1721210 481
1721220 481
1721230 481
1721240 480
1721250 480
1721260 480
1721270 480
1721280 480
1721290 479
1721300 479
1721310 479
1721320 478
1721330 478
1721340 476
1721350 474
1721360 471
1721370 469
1721380 467
1721390 466
1721400 464
1721410 463
1721420 462
1721430 462
1721440 461
1721450 461
1721460 461
1721470 461
1721480 461
1721490 462
1721500 462
1721510 462
1721520 462
1721530 462
1721540 462
1721550 463
1721560 463
1721570 463
1721580 464
1721590 464
1721600 464
1721610 464
1721620 464
1721630 465
1721640 465
1721650 465
1721660 466
1721670 466
1721680 466
1721690 467
1721700 468
1721710 468
1721720 469
1721730 470
1721740 471
1721750 472
1721760 472
1721770 471
1721780 471
1721790 472
1721800 472
1721810 473
1721820 473
1721830 473
1721840 473
1721850 474
1721860 474
1721870 474
1721880 475
1721890 476
1721900 476
1721910 477
1721920 477
1721930 477
1721940 478
1721950 479
1721960 479
1721970 480
1721980 481
1721990 481
1722000 482
1722010 483
1722020 484
1722030 485
1722040 487
1722050 489
1722060 491
1722070 494
1722080 497
1722090 500
1722100 502
1722110 505
1722120 507
1722130 508
1722140 509
1722150 508
1722160 507
1722170 505
1722180 504
1722190 503
1722200 503
1722210 503
1722220 504
1722230 504
1722240 505
1722250 507
1722260 508
1722270 510
1722280 512
1722290 514
1722300 516
1722310 518
1722320 521
1722330 523
1722340 525
1722350 528
1722360 531
1722370 534
1722380 537
1722390 539
1722400 542
1722410 545
1722420 548
1722430 551
1722440 554
1722450 556
1722460 559
1722470 563
1722480 566
1722490 569
1722500 572
1722510 575
1722520 579
1722530 582
1722540 586
1722550 590
1722560 594
1722570 596
1722580 598
1722590 600
1722600 603
1722610 606
1722620 608
1722630 609
1722640 610
1722650 612
1722660 613
1722670 615
1722680 618
1722690 620
1722700 623
1722710 626
1722720 629
1722730 632
1722740 635
1722750 638
1722760 641
1722770 644
1722780 647
1722790 650
1722800 654
1722810 657
1722820 660
1722830 664
1722840 667
1722850 670
1722860 673
1722870 675
1722880 678
1722890 681
1722900 684
1722910 687
1722920 690
1722930 693
1722940 696
1722950 699
1722960 702
1722970 705
1722980 707
1722990 710
1723000 713
1723010 715
1723020 717
1723030 719
1723040 720
1723050 722
1723060 723
1723070 724
1723080 725
1723090 726
1723100 727
1723110 728
1723120 729
1723130 729
1723140 729
1723150 729
1723160 729
1723170 729
1723180 727
1723190 724
1723200 720
1723210 716
1723220 712
1723230 708
1723240 704
1723250 701
1723260 698
1723270 695
1723280 693
1723290 691
1723300 690
1723310 688
1723320 687
1723330 685
1723340 683
1723350 681
1723360 679
1723370 678
1723380 678
1723390 677
1723400 676
1723410 676
1723420 677
1723430 679
1723440 681
1723450 683
1723460 687
1723470 690
1723480 693
1723490 697
1723500 700
1723510 703
1723520 706
1723530 710
1723540 714
1723550 718
1723560 721
1723570 725
1723580 728
1723590 732
1723600 735
1723610 739
1723620 743
1723630 746
1723640 749
1723650 752
1723660 755
1723670 758
1723680 761
1723690 764
1723700 767
1723710 770
1723720 773
1723730 776
1723740 778
1723750 780
1723760 782
1723770 784
1723780 786
1723790 789
1723800 791
1723810 794
1723820 796
1723830 799
1723840 802
1723850 805
1723860 808
1723870 811
1723880 814
1723890 818
1723900 821
1723910 824
1723920 827
1723930 831
1723940 834
1723950 838
1723960 841
1723970 844
1723980 847
1723990 850
1724000 853
1724010 856
1724020 858
1724030 861
1724040 863
1724050 866
1724060 869
1724070 871
1724080 873
1724090 876
1724100 878
1724110 880
1724120 882
1724130 884
1724140 886
1724150 888
1724160 890
1724170 893
1724180 896
1724190 899
1724200 902
1724210 906
1724220 910
1724230 913
1724240 917
1724250 921
1724260 925
1724270 928
1724280 932
1724290 936
1724300 939
1724310 943
1724320 946
1724330 949
1724340 953
1724350 956
1724360 959
1724370 962
1724380 965
1724390 968
1724400 971
1724410 974
1724420 975
1724430 977
1724440 979
1724450 981
1724460 983
1724470 985
1724480 987
1724490 988
1724500 989
1724510 990
1724520 990
1724530 989
1724540 988
1724550 987
1724560 986
1724570 985
1724580 983
1724590 982
1724600 980
1724610 979
1724620 977
1724630 976
1724640 974
1724650 973
1724660 971
1724670 970
1724680 968
1724690 967
1724700 966
1724710 965
1724720 964
1724730 963
1724740 962
1724750 962
1724760 962
1724770 962
1724780 963
1724790 963
1724800 964
1724810 965
1724820 967
1724830 968
1724840 969
1724850 970
1724860 972
1724870 973
1724880 973
1724890 974
1724900 974
1724910 975
1724920 975
1724930 975
1724940 975
1724950 975
1724960 974
1724970 974
1724980 973
1724990 972
1725000 971
1725010 970
1725020 968
1725030 966
1725040 964
1725050 961
1725060 957
1725070 954
1725080 950
1725090 946
1725100 942
1725110 939
1725120 936
1725130 933
1725140 930
1725150 927
1725160 925
1725170 923
1725180 922
1725190 920
1725200 919
1725210 919
1725220 918
1725230 918
1725240 917
1725250 917
1725260 917
1725270 917
1725280 916
1725290 916
1725300 917
1725310 917
1725320 918
1725330 919
1725340 920
1725350 921
1725360 922
1725370 923
1725380 925
1725390 926
1725400 928
1725410 929
1725420 931
1725430 932
1725440 934
1725450 935
1725460 937
1725470 938
1725480 939
1725490 939
1725500 940
1725510 941
1725520 941
