1720000 419
1720010 419
1720020 419
1720030 419
1720040 419
1720050 419
1720060 419
1720070 419
1720080 419
1720090 419
1720100 419
1720110 419
1720120 419
1720130 420
1720140 420
1720150 422
1720160 424
1720170 428
1720180 433
1720190 437
1720200 440
1720210 443
1720220 446
1720230 449
1720240 452
1720250 454
1720260 456
1720270 457
1720280 458
1720290 459
1720300 460
1720310 461
1720320 462
1720330 463
1720340 464
1720350 465
1720360 465
1720370 466
1720380 467
1720390 467
1720400 468
1720410 469
1720420 469
1720430 469
1720440 469
1720450 469
1720460 469
1720470 469
1720480 469
1720490 469
1720500 468
1720510 468
1720520 467
1720530 467
1720540 467
1720550 467
1720560 467
1720570 467
1720580 468
1720590 468
1720600 469
1720610 470
1720620 471
1720630 472
1720640 474
1720650 475
1720660 476
1720670 477
1720680 479
1720690 480
1720700 481
1720710 482
1720720 484
1720730 486
1720740 488
1720750 489
1720760 491
1720770 492
1720780 494
1720790 494
1720800 495
1720810 496
1720820 497
1720830 498
1720840 499
1720850 499
1720860 500
1720870 501
1720880 502
1720890 503
1720900 505
1720910 506
1720920 508
1720930 510
1720940 512
1720950 514
1720960 515
1720970 517
1720980 519
1720990 521
1721000 523
1721010 525
1721020 528
1721030 530
1721040 532
1721050 535
1721060 537
1721070 539
1721080 541
1721090 543
1721100 544
1721110 546
1721120 549
1721130 551
1721140 554
1721150 556
1721160 558
1721170 561
1721180 563
1721190 565
1721200 568
1721210 571
1721220 574
1721230 577
1721240 580
1721250 582
1721260 584
1721270 587
1721280 589
1721290 592
1721300 594
1721310 597
1721320 599
1721330 601
1721340 602
1721350 603
1721360 603
1721370 603
1721380 604
1721390 605
1721400 606
1721410 606
1721420 607
1721430 608
1721440 609
1721450 610
1721460 612
1721470 614
1721480 616
1721490 618
1721500 621
1721510 623
1721520 625
1721530 628
1721540 630
1721550 632
1721560 635
1721570 638
1721580 641
1721590 644
1721600 648
1721610 651
1721620 655
1721630 659
1721640 663
1721650 666
1721660 669
1721670 672
1721680 675
1721690 678
1721700 679
1721710 681
1721720 682
1721730 683
1721740 683
1721750 684
1721760 685
1721770 685
1721780 686
1721790 686
1721800 687
1721810 688
1721820 689
1721830 690
1721840 690
1721850 691
1721860 691
1721870 692
1721880 693
1721890 693
1721900 694
1721910 694
1721920 693
1721930 693
1721940 694
1721950 695
1721960 696
1721970 697
1721980 697
1721990 698
1722000 700
1722010 700
1722020 701
1722030 701
1722040 702
1722050 703
1722060 704
1722070 705
1722080 706
1722090 707
1722100 708
1722110 709
1722120 711
1722130 712
1722140 714
1722150 715
1722160 716
1722170 717
1722180 717
1722190 717
1722200 718
1722210 718
1722220 718
1722230 718
1722240 717
1722250 717
1722260 716
1722270 715
1722280 712
1722290 709
1722300 706
1722310 705
1722320 704
1722330 703
1722340 703
1722350 703
1722360 703
1722370 703
1722380 704
1722390 705
1722400 706
1722410 707
1722420 708
1722430 709
1722440 710
1722450 711
1722460 712
1722470 714
1722480 715
1722490 717
1722500 718
1722510 720
1722520 722
1722530 724
1722540 726
1722550 728
1722560 730
1722570 732
1722580 733
1722590 735
1722600 736
1722610 738
1722620 739
1722630 740
1722640 741
1722650 741
1722660 741
1722670 740
1722680 739
1722690 739
1722700 738
1722710 738
1722720 737
1722730 737
1722740 737
1722750 736
1722760 736
1722770 736
1722780 736
1722790 735
1722800 735
1722810 735
1722820 736
1722830 736
1722840 736
1722850 735
1722860 735
1722870 734
1722880 734
1722890 733
1722900 733
1722910 733
1722920 732
1722930 731
1722940 731
1722950 730
1722960 728
1722970 727
1722980 723
1722990 720
1723000 716
1723010 714
1723020 712
1723030 711
1723040 710
1723050 710
1723060 710
1723070 709
1723080 708
1723090 707
1723100 706
1723110 704
1723120 703
1723130 701
1723140 701
1723150 700
1723160 701
1723170 701
1723180 701
1723190 700
1723200 700
1723210 701
1723220 703
1723230 706
1723240 709
1723250 712
1723260 715
1723270 718
1723280 720
1723290 723
1723300 725
1723310 728
1723320 731
1723330 734
1723340 737
1723350 740
1723360 743
1723370 746
1723380 749
1723390 752
1723400 755
1723410 758
1723420 761
1723430 764
1723440 766
1723450 769
1723460 772
1723470 774
1723480 777
1723490 779
1723500 780
1723510 782
1723520 783
1723530 783
1723540 783
1723550 782
1723560 780
1723570 777
1723580 774
1723590 771
1723600 769
1723610 767
1723620 765
1723630 763
1723640 762
1723650 762
1723660 763
1723670 764
1723680 765
1723690 767
1723700 769
1723710 770
1723720 771
1723730 772
1723740 774
1723750 775
1723760 777
1723770 780
1723780 783
1723790 787
1723800 791
1723810 794
1723820 798
1723830 801
1723840 804
1723850 808
1723860 811
1723870 815
1723880 818
1723890 821
1723900 824
1723910 827
1723920 830
1723930 832
1723940 835
1723950 837
1723960 840
1723970 843
1723980 844
1723990 845
1724000 846
1724010 846
1724020 844
1724030 842
1724040 838
1724050 834
1724060 830
1724070 826
1724080 821
1724090 817
1724100 812
1724110 808
1724120 803
1724130 799
1724140 795
1724150 790
1724160 785
1724170 780
1724180 775
1724190 771
1724200 766
1724210 762
1724220 758
1724230 755
1724240 752
1724250 749
1724260 746
1724270 744
1724280 741
1724290 738
1724300 735
1724310 732
1724320 729
1724330 726
1724340 724
1724350 723
1724360 721
1724370 719
1724380 717
1724390 716
1724400 715
1724410 714
1724420 714
1724430 714
1724440 713
1724450 713
1724460 712
1724470 712
1724480 712
1724490 712
1724500 712
1724510 713
1724520 713
1724530 713
1724540 712
1724550 711
1724560 710
1724570 709
1724580 707
1724590 705
1724600 703
1724610 700
1724620 698
1724630 695
1724640 692
1724650 688
1724660 684
1724670 681
1724680 677
1724690 673
1724700 668
1724710 664
1724720 660
1724730 656
1724740 653
1724750 649
1724760 646
1724770 643
1724780 642
1724790 641
1724800 640
1724810 640
1724820 639
1724830 638
1724840 637
1724850 636
1724860 635
1724870 635
1724880 636
1724890 637
1724900 639
1724910 641
1724920 643
1724930 644
1724940 646
1724950 648
1724960 649
1724970 650
1724980 651
1724990 653
1725000 654
1725010 655
1725020 657
1725030 658
1725040 659
1725050 660
1725060 661
1725070 662
1725080 663
1725090 663
1725100 663
1725110 663
1725120 663
1725130 663
1725140 662
1725150 661
1725160 660
1725170 659
1725180 658
1725190 657
1725200 655
1725210 652
1725220 648
1725230 645
1725240 642
1725250 639
1725260 637
1725270 635
1725280 632
1725290 630
1725300 627
1725310 623
1725320 620
1725330 616
1725340 613
1725350 610
1725360 608
1725370 605
1725380 603
1725390 601
1725400 599
1725410 596
1725420 593
1725430 592
1725440 593
1725450 594
1725460 595
1725470 596
1725480 597
1725490 598
1725500 599
1725510 600
1725520 601
1725530 601
1725540 601
1725550 601
1725560 603
1725570 605
1725580 607
1725590 610
1725600 612
1725610 613
1725620 614
1725630 615
1725640 616
1725650 616
1725660 617
1725670 617
1725680 618
1725690 619
1725700 620
1725710 621
1725720 621
1725730 622
1725740 622
1725750 623
1725760 624
1725770 624
1725780 625
1725790 626
1725800 627
1725810 629
1725820 630
1725830 631
1725840 632
1725850 633
1725860 633
1725870 633
1725880 633
1725890 633
1725900 635
1725910 637
1725920 641
1725930 644
1725940 647
1725950 649
1725960 652
1725970 655
1725980 659
1725990 663
1726000 667
1726010 671
1726020 675
1726030 679
1726040 683
1726050 688
1726060 692
1726070 696
1726080 701
1726090 705
1726100 709
1726110 713
1726120 717
1726130 721
1726140 725
1726150 729
1726160 733
1726170 736
1726180 740
1726190 744
1726200 748
1726210 752
1726220 756
1726230 760
1726240 764
1726250 767
1726260 770
1726270 772
1726280 775
1726290 777
1726300 780
1726310 783
1726320 786
1726330 788
1726340 791
1726350 794
1726360 798
1726370 801
1726380 804
1726390 808
1726400 811
1726410 814
1726420 818
1726430 822
1726440 825
1726450 828
1726460 832
1726470 835
1726480 839
1726490 842
1726500 845
1726510 847
1726520 849
1726530 851
1726540 853
1726550 855
1726560 857
1726570 860
1726580 862
1726590 864
1726600 866
1726610 869
1726620 872
1726630 875
1726640 878
1726650 881
1726660 883
1726670 886
1726680 889
1726690 892
1726700 896
1726710 900
1726720 905
1726730 910
1726740 915
1726750 919
1726760 921
1726770 923
1726780 925
1726790 927
1726800 929
1726810 931
1726820 933
1726830 934
1726840 935
1726850 934
1726860 933
1726870 933
1726880 932
1726890 932
1726900 931
1726910 931
1726920 930
1726930 930
1726940 930
1726950 930
1726960 930
1726970 930
1726980 930
1726990 930
1727000 930
1727010 929
1727020 928
1727030 927
