1720000 589
1720010 589
1720020 588
1720030 588
1720040 587
1720050 587
1720060 586
1720070 587
1720080 587
1720090 587
1720100 587
1720110 588
1720120 589
1720130 589
1720140 590
1720150 591
1720160 592
1720170 593
1720180 594
1720190 595
1720200 596
1720210 597
1720220 598
1720230 599
1720240 599
1720250 600
1720260 601
1720270 602
1720280 602
1720290 603
1720300 604
1720310 604
1720320 605
1720330 606
1720340 606
1720350 607
1720360 608
1720370 609
1720380 609
1720390 610
1720400 610
1720410 610
1720420 611
1720430 611
1720440 611
1720450 611
1720460 610
1720470 609
1720480 609
1720490 608
1720500 608
1720510 607
1720520 607
1720530 607
1720540 607
1720550 606
1720560 606
1720570 606
1720580 605
1720590 604
1720600 603
1720610 602
1720620 601
1720630 600
1720640 599
1720650 600
1720660 600
1720670 600
1720680 600
1720690 599
1720700 598
1720710 598
1720720 597
1720730 596
1720740 596
1720750 596
1720760 597
1720770 597
1720780 598
1720790 599
1720800 599
1720810 600
1720820 600
1720830 601
1720840 601
1720850 602
1720860 603
1720870 603
1720880 604
1720890 604
1720900 604
1720910 603
1720920 603
1720930 603
1720940 603
1720950 603
1720960 602
1720970 602
1720980 602
1720990 601
1721000 600
1721010 599
1721020 599
1721030 599
1721040 598
1721050 598
1721060 598
1721070 598
1721080 598
1721090 598
1721100 598
1721110 598
1721120 599
1721130 599
1721140 599
1721150 599
1721160 599
1721170 600
1721180 600
1721190 599
1721200 599
1721210 599
1721220 599
1721230 601
1721240 602
1721250 603
1721260 605
1721270 607
1721280 609
1721290 611
1721300 613
1721310 616
1721320 619
1721330 621
1721340 623
1721350 625
1721360 627
1721370 629
1721380 630
1721390 632
1721400 634
1721410 636
1721420 638
1721430 640
1721440 641
1721450 643
1721460 644
1721470 645
1721480 646
1721490 648
1721500 649
1721510 650
1721520 650
1721530 651
1721540 653
1721550 654
1721560 655
1721570 656
1721580 657
1721590 658
1721600 658
1721610 657
1721620 655
1721630 652
1721640 650
1721650 648
1721660 647
1721670 647
1721680 647
1721690 647
1721700 648
1721710 648
1721720 649
1721730 650
1721740 651
1721750 652
1721760 653
1721770 655
1721780 655
1721790 656
1721800 657
1721810 657
1721820 657
1721830 657
1721840 657
1721850 656
1721860 655
1721870 654
1721880 653
1721890 653
1721900 653
1721910 653
1721920 653
1721930 654
1721940 655
1721950 657
1721960 659
1721970 660
1721980 662
1721990 664
1722000 665
1722010 667
1722020 668
1722030 670
1722040 672
1722050 674
1722060 676
1722070 677
1722080 679
1722090 681
1722100 682
1722110 684
1722120 685
1722130 687
1722140 689
1722150 691
1722160 693
1722170 695
1722180 697
1722190 699
1722200 700
1722210 702
1722220 705
1722230 708
1722240 710
1722250 713
1722260 715
1722270 717
1722280 719
1722290 721
1722300 724
1722310 726
1722320 728
1722330 731
1722340 733
1722350 735
1722360 736
1722370 738
1722380 740
1722390 741
1722400 742
1722410 742
1722420 742
1722430 741
1722440 738
1722450 734
1722460 731
1722470 727
1722480 723
1722490 720
1722500 716
1722510 712
1722520 708
1722530 705
1722540 701
1722550 697
1722560 693
1722570 689
1722580 686
1722590 682
1722600 679
1722610 676
1722620 672
1722630 669
1722640 666
1722650 663
1722660 660
1722670 656
1722680 653
1722690 650
1722700 647
1722710 644
1722720 641
1722730 638
1722740 635
1722750 633
1722760 630
1722770 628
1722780 625
1722790 623
1722800 620
1722810 618
1722820 616
1722830 614
1722840 612
1722850 611
1722860 610
1722870 608
1722880 607
1722890 606
1722900 604
1722910 603
1722920 602
1722930 602
1722940 601
1722950 600
1722960 599
1722970 598
1722980 597
1722990 597
1723000 597
1723010 596
1723020 596
1723030 595
1723040 594
1723050 594
1723060 594
1723070 594
1723080 594
1723090 593
1723100 592
1723110 591
1723120 590
1723130 588
1723140 585
1723150 583
1723160 579
1723170 575
1723180 571
1723190 567
1723200 562
1723210 558
1723220 554
1723230 551
1723240 548
1723250 547
1723260 546
1723270 546
1723280 545
1723290 546
1723300 546
1723310 546
1723320 546
1723330 545
1723340 545
1723350 544
1723360 544
1723370 543
1723380 543
1723390 542
1723400 542
1723410 541
1723420 539
1723430 538
1723440 537
1723450 536
1723460 535
1723470 533
1723480 532
1723490 530
1723500 529
1723510 528
1723520 527
1723530 526
1723540 525
1723550 524
1723560 523
1723570 521
1723580 519
1723590 516
1723600 514
1723610 511
1723620 508
1723630 505
1723640 502
1723650 499
1723660 496
1723670 493
1723680 490
1723690 487
1723700 484
1723710 482
1723720 480
1723730 480
1723740 480
1723750 481
1723760 482
1723770 483
1723780 485
1723790 486
1723800 488
1723810 491
1723820 493
1723830 495
1723840 498
1723850 500
1723860 502
1723870 505
1723880 507
1723890 510
1723900 513
1723910 516
1723920 519
1723930 522
1723940 525
1723950 527
1723960 530
1723970 533
1723980 536
1723990 539
1724000 541
1724010 542
1724020 540
1724030 537
1724040 535
1724050 533
1724060 532
1724070 530
1724080 530
1724090 531
1724100 534
1724110 536
1724120 538
1724130 542
1724140 545
1724150 547
1724160 550
1724170 552
1724180 554
1724190 556
1724200 558
1724210 560
1724220 562
1724230 564
1724240 566
1724250 567
1724260 568
1724270 570
1724280 571
1724290 573
1724300 574
1724310 575
1724320 577
1724330 579
1724340 580
1724350 582
1724360 584
1724370 586
1724380 587
1724390 589
1724400 591
1724410 593
1724420 594
1724430 596
1724440 598
1724450 600
1724460 601
1724470 603
1724480 605
1724490 606
1724500 608
1724510 610
1724520 612
1724530 614
1724540 616
1724550 618
1724560 621
1724570 624
1724580 626
1724590 629
1724600 631
1724610 633
1724620 634
1724630 635
1724640 637
1724650 637
1724660 638
1724670 637
1724680 636
1724690 634
1724700 632
1724710 629
1724720 626
1724730 623
1724740 619
1724750 615
1724760 610
1724770 606
1724780 602
1724790 597
1724800 592
1724810 588
1724820 584
1724830 579
1724840 575
1724850 570
1724860 566
1724870 561
1724880 558
1724890 554
1724900 550
1724910 546
1724920 542
1724930 537
1724940 533
1724950 529
1724960 524
1724970 519
1724980 518
1724990 515
1725000 512
1725010 507
1725020 504
1725030 500
1725040 497
1725050 493
1725060 490
1725070 486
1725080 483
1725090 479
1725100 476
1725110 473
1725120 470
1725130 467
1725140 464
1725150 461
1725160 459
1725170 457
1725180 456
1725190 456
1725200 455
1725210 455
1725220 454
1725230 454
1725240 455
1725250 456
1725260 456
1725270 457
1725280 458
1725290 459
1725300 460
1725310 463
1725320 466
1725330 469
1725340 472
1725350 475
1725360 479
1725370 482
1725380 485
1725390 489
1725400 492
1725410 496
1725420 499
1725430 503
1725440 507
1725450 511
1725460 515
1725470 518
1725480 522
1725490 526
1725500 529
1725510 533
1725520 536
1725530 539
1725540 541
1725550 544
1725560 545
1725570 547
1725580 547
1725590 548
1725600 548
1725610 547
1725620 547
1725630 547
1725640 547
1725650 546
1725660 545
1725670 544
1725680 544
1725690 543
1725700 542
1725710 541
1725720 540
1725730 540
1725740 539
1725750 538
1725760 537
1725770 536
1725780 536
1725790 535
1725800 534
1725810 533
1725820 532
1725830 531
1725840 530
1725850 529
1725860 528
1725870 527
1725880 526
1725890 525
1725900 524
1725910 523
1725920 522
1725930 520
1725940 519
1725950 517
1725960 515
1725970 513
1725980 511
1725990 509
1726000 508
1726010 508
1726020 509
1726030 510
1726040 511
1726050 511
1726060 512
1726070 512
1726080 513
1726090 513
1726100 513
1726110 514
1726120 514
1726130 514
1726140 514
1726150 514
1726160 514
1726170 513
1726180 513
1726190 513
1726200 513
1726210 513
1726220 513
1726230 513
1726240 513
1726250 513
1726260 513
1726270 512
1726280 512
1726290 512
1726300 511
1726310 510
1726320 509
1726330 508
1726340 507
1726350 506
1726360 505
1726370 504
1726380 503
1726390 501
1726400 500
1726410 498
1726420 496
1726430 494
1726440 494
1726450 495
1726460 495
1726470 495
1726480 495
1726490 495
1726500 495
1726510 495
1726520 496
1726530 496
1726540 497
1726550 497
1726560 498
1726570 499
1726580 499
1726590 497
1726600 494
1726610 490
1726620 490
1726630 489
1726640 489
1726650 488
1726660 488
1726670 487
1726680 486
1726690 485
1726700 484
1726710 484
1726720 484
1726730 484
1726740 484
1726750 484
1726760 485
1726770 485
1726780 485
1726790 485
1726800 486
1726810 486
1726820 486
1726830 486
1726840 487
1726850 487
1726860 488
1726870 488
1726880 489
1726890 489
1726900 489
1726910 490
1726920 490
1726930 490
1726940 491
1726950 492
1726960 492
1726970 493
1726980 493
1726990 493
1727000 494
1727010 494
1727020 495
1727030 495
1727040 495
1727050 496
1727060 496
1727070 496
1727080 497
1727090 497
1727100 498
1727110 498
1727120 499
1727130 499
1727140 500
1727150 500
1727160 501
1727170 502
1727180 503
1727190 504
1727200 506
1727210 507
1727220 509
1727230 510
1727240 511
1727250 513
1727260 514
1727270 516
1727280 518
1727290 520
1727300 522
1727310 524
1727320 526
1727330 528
1727340 529
1727350 531
1727360 533
1727370 535
1727380 536
1727390 538
1727400 539
1727410 541
1727420 542
1727430 544
1727440 545
1727450 546
1727460 547
1727470 548
1727480 549
1727490 550
1727500 551
1727510 553
1727520 554
1727530 556
1727540 557
1727550 559
1727560 561
1727570 563
1727580 565
1727590 567
1727600 568
1727610 570
1727620 572
1727630 574
1727640 577
1727650 578
1727660 580
1727670 580
1727680 579
1727690 578
1727700 576
1727710 572
1727720 569
1727730 564
1727740 561
1727750 558
1727760 554
1727770 552
1727780 550
1727790 550
1727800 552
1727810 555
1727820 560
1727830 563
1727840 567
1727850 569
1727860 572
1727870 576
1727880 580
1727890 583
1727900 587
1727910 591
1727920 595
1727930 599
1727940 603
1727950 607
1727960 611
1727970 615
1727980 619
1727990 623
1728000 626
1728010 630
1728020 633
1728030 637
1728040 639
1728050 642
1728060 645
1728070 648
1728080 651
1728090 654
1728100 656
1728110 659
1728120 662
1728130 664
1728140 667
1728150 669
1728160 671
1728170 674
1728180 676
1728190 679
1728200 681
1728210 684
1728220 686
1728230 689
1728240 691
1728250 694
1728260 696
1728270 699
1728280 701
1728290 703
1728300 705
1728310 707
1728320 708
1728330 709
1728340 710
1728350 712
1728360 713
1728370 715
1728380 717
1728390 718
1728400 720
1728410 721
1728420 723
1728430 725
1728440 726
1728450 728
1728460 730
1728470 732
1728480 733
1728490 734
1728500 734
1728510 734
1728520 734
1728530 735
1728540 735
1728550 735
1728560 735
1728570 736
1728580 736
1728590 737
1728600 738
1728610 739
1728620 741
1728630 742
1728640 744
1728650 746
1728660 748
1728670 750
1728680 751
1728690 753
1728700 755
1728710 757
1728720 759
1728730 761
1728740 763
1728750 764
1728760 766
1728770 767
1728780 769
1728790 770
1728800 770
1728810 771
1728820 772
1728830 772
1728840 772
1728850 771
1720000 589
1720010 589
1720020 588
1720030 588
1720040 587
1720050 587
1720060 586
1720070 587
1720080 587
1720090 587
1720100 587
1720110 588
1720120 589
1720130 589
1720140 590
1720150 591
1720160 592
1720170 593
1720180 594
1720190 595
1720200 596
1720210 597
1720220 598
1720230 599
1720240 599
1720250 600
1720260 601
1720270 602
1720280 602
1720290 603
1720300 604
1720310 604
1720320 605
1720330 606
1720340 606
1720350 607
1720360 608
1720370 609
1720380 609
1720390 610
1720400 610
1720410 610
1720420 611
1720430 611
1720440 611
1720450 611
1720460 610
1720470 609
1720480 609
1720490 608
1720500 608
1720510 607
1720520 607
1720530 607
1720540 607
1720550 606
1720560 606
1720570 606
1720580 605
1720590 604
1720600 603
1720610 602
1720620 601
1720630 600
1720640 599
1720650 600
1720660 600
1720670 600
1720680 600
1720690 599
1720700 598
1720710 598
1720720 597
1720730 596
1720740 596
1720750 596
1720760 597
1720770 597
1720780 598
1720790 599
1720800 599
1720810 600
1720820 600
1720830 601
1720840 601
1720850 602
1720860 603
1720870 603
1720880 604
1720890 604
1720900 604
1720910 603
1720920 603
1720930 603
1720940 603
1720950 603
1720960 602
1720970 602
1720980 602
1720990 601
1721000 600
1721010 599
1721020 599
1721030 599
1721040 598
1721050 598
1721060 598
1721070 598
1721080 598
1721090 598
1721100 598
1721110 598
1721120 599
1721130 599
1721140 599
1721150 599
1721160 599
1721170 600
1721180 600
1721190 599
1721200 599
1721210 599
1721220 599
1721230 601
1721240 602
1721250 603
1721260 605
1721270 607
1721280 609
1721290 611
1721300 613
1721310 616
1721320 619
1721330 621
1721340 623
1721350 625
1721360 627
1721370 629
1721380 630
1721390 632
1721400 634
1721410 636
1721420 638
1721430 640
1721440 641
1721450 643
1721460 644
1721470 645
1721480 646
1721490 648
1721500 649
1721510 650
1721520 650
1721530 651
1721540 653
1721550 654
1721560 655
1721570 656
1721580 657
1721590 658
1721600 658
1721610 657
1721620 655
1721630 652
1721640 650
1721650 648
1721660 647
1721670 647
1721680 647
1721690 647
1721700 648
1721710 648
1721720 649
1721730 650
1721740 651
1721750 652
1721760 653
1721770 655
1721780 655
1721790 656
1721800 657
1721810 657
1721820 657
1721830 657
1721840 657
1721850 656
1721860 655
1721870 654
1721880 653
1721890 653
1721900 653
1721910 653
1721920 653
1721930 654
1721940 655
1721950 657
1721960 659
1721970 660
1721980 662
1721990 664
1722000 665
1722010 667
1722020 668
1722030 670
1722040 672
1722050 674
1722060 676
1722070 677
1722080 679
1722090 681
1722100 682
1722110 684
1722120 685
1722130 687
1722140 689
1722150 691
1722160 693
1722170 695
1722180 697
1722190 699
1722200 700
1722210 702
1722220 705
1722230 708
1722240 710
1722250 713
1722260 715
1722270 717
1722280 719
1722290 721
1722300 724
1722310 726
1722320 728
1722330 731
1722340 733
1722350 735
1722360 736
1722370 738
1722380 740
1722390 741
1722400 742
1722410 742
1722420 742
1722430 741
1722440 738
1722450 734
1722460 731
1722470 727
1722480 723
1722490 720
1722500 716
1722510 712
1722520 708
1722530 705
1722540 701
1722550 697
1722560 693
1722570 689
1722580 686
1722590 682
1722600 679
1722610 676
1722620 672
1722630 669
1722640 666
1722650 663
1722660 660
1722670 656
1722680 653
1722690 650
1722700 647
1722710 644
1722720 641
1722730 638
1722740 635
1722750 633
1722760 630
1722770 628
1722780 625
1722790 623
1722800 620
1722810 618
1722820 616
1722830 614
1722840 612
1722850 611
1722860 610
1722870 608
1722880 607
1722890 606
1722900 604
1722910 603
1722920 602
1722930 602
1722940 601
1722950 600
1722960 599
1722970 598
1722980 597
1722990 597
1723000 597
1723010 596
1723020 596
1723030 595
1723040 594
1723050 594
1723060 594
1723070 594
1723080 594
1723090 593
1723100 592
1723110 591
1723120 590
1723130 588
1723140 585
1723150 583
1723160 579
1723170 575
1723180 571
1723190 567
1723200 562
1723210 558
1723220 554
1723230 551
1723240 548
1723250 547
1723260 546
1723270 546
1723280 545
1723290 546
1723300 546
1723310 546
1723320 546
1723330 545
1723340 545
1723350 544
1723360 544
1723370 543
1723380 543
1723390 542
1723400 542
1723410 541
1723420 539
1723430 538
1723440 537
1723450 536
1723460 535
1723470 533
1723480 532
1723490 530
1723500 529
1723510 528
1723520 527
1723530 526
1723540 525
1723550 524
1723560 523
1723570 521
1723580 519
1723590 516
1723600 514
1723610 511
1723620 508
1723630 505
1723640 502
1723650 499
1723660 496
1723670 493
1723680 490
1723690 487
1723700 484
1723710 482
1723720 480
1723730 480
1723740 480
1723750 481
1723760 482
1723770 483
1723780 485
1723790 486
1723800 488
1723810 491
1723820 493
1723830 495
1723840 498
1723850 500
1723860 502
1723870 505
1723880 507
1723890 510
1723900 513
1723910 516
1723920 519
1723930 522
1723940 525
1723950 527
1723960 530
1723970 533
1723980 536
1723990 539
1724000 541
1724010 542
1724020 540
1724030 537
1724040 535
1724050 533
1724060 532
1724070 530
1724080 530
1724090 531
1724100 534
1724110 536
1724120 538
1724130 542
1724140 545
1724150 547
1724160 550
1724170 552
1724180 554
1724190 556
1724200 558
1724210 560
1724220 562
1724230 564
1724240 566
1724250 567
1724260 568
1724270 570
1724280 571
1724290 573
1724300 574
1724310 575
1724320 577
1724330 579
1724340 580
1724350 582
1724360 584
1724370 586
1724380 587
1724390 589
1724400 591
1724410 593
1724420 594
1724430 596
1724440 598
1724450 600
1724460 601
1724470 603
1724480 605
1724490 606
1724500 608
1724510 610
1724520 612
1724530 614
1724540 616
1724550 618
1724560 621
1724570 624
1724580 626
1724590 629
1724600 631
1724610 633
1724620 634
1724630 635
1724640 637
1724650 637
1724660 638
1724670 637
1724680 636
1724690 634
1724700 632
1724710 629
1724720 626
1724730 623
1724740 619
1724750 615
1724760 610
1724770 606
1724780 602
1724790 597
1724800 592
1724810 588
1724820 584
1724830 579
1724840 575
1724850 570
1724860 566
1724870 561
1724880 558
1724890 554
1724900 550
1724910 546
1724920 542
1724930 537
1724940 533
1724950 529
1724960 524
1724970 519
1724980 518
1724990 515
1725000 512
1725010 507
1725020 504
1725030 500
1725040 497
1725050 493
1725060 490
1725070 486
1725080 483
1725090 479
1725100 476
1725110 473
1725120 470
1725130 467
1725140 464
1725150 461
1725160 459
1725170 457
1725180 456
1725190 456
1725200 455
1725210 455
1725220 454
1725230 454
1725240 455
1725250 456
1725260 456
1725270 457
1725280 458
1725290 459
1725300 460
1725310 463
1725320 466
1725330 469
1725340 472
1725350 475
1725360 479
1725370 482
1725380 485
1725390 489
1725400 492
1725410 496
1725420 499
1725430 503
1725440 507
1725450 511
1725460 515
1725470 518
1725480 522
1725490 526
1725500 529
1725510 533
1725520 536
1725530 539
1725540 541
1725550 544
1725560 545
1725570 547
1725580 547
1725590 548
1725600 548
1725610 547
1725620 547
1725630 547
1725640 547
1725650 546
1725660 545
1725670 544
1725680 544
1725690 543
1725700 542
1725710 541
1725720 540
1725730 540
1725740 539
1725750 538
1725760 537
1725770 536
1725780 536
1725790 535
1725800 534
1725810 533
1725820 532
1725830 531
1725840 530
1725850 529
1725860 528
1725870 527
1725880 526
1725890 525
1725900 524
1725910 523
1725920 522
1725930 520
1725940 519
1725950 517
1725960 515
1725970 513
1725980 511
1725990 509
1726000 508
1726010 508
1726020 509
1726030 510
1726040 511
1726050 511
1726060 512
1726070 512
1726080 513
1726090 513
1726100 513
1726110 514
1726120 514
1726130 514
1726140 514
1726150 514
1726160 514
1726170 513
1726180 513
1726190 513
1726200 513
1726210 513
1726220 513
1726230 513
1726240 513
1726250 513
1726260 513
1726270 512
1726280 512
1726290 512
1726300 511
1726310 510
1726320 509
1726330 508
1726340 507
1726350 506
1726360 505
1726370 504
1726380 503
1726390 501
1726400 500
1726410 498
1726420 496
1726430 494
1726440 494
1726450 495
1726460 495
1726470 495
1726480 495
1726490 495
1726500 495
1726510 495
1726520 496
1726530 496
1726540 497
1726550 497
1726560 498
1726570 499
1726580 499
1726590 497
1726600 494
1726610 490
1726620 490
1726630 489
1726640 489
1726650 488
1726660 488
1726670 487
1726680 486
1726690 485
1726700 484
1726710 484
1726720 484
1726730 484
1726740 484
1726750 484
1726760 485
1726770 485
1726780 485
1726790 485
1726800 486
1726810 486
1726820 486
1726830 486
1726840 487
1726850 487
1726860 488
1726870 488
1726880 489
1726890 489
1726900 489
1726910 490
1726920 490
1726930 490
1726940 491
1726950 492
1726960 492
1726970 493
1726980 493
1726990 493
1727000 494
1727010 494
1727020 495
1727030 495
1727040 495
1727050 496
1727060 496
1727070 496
1727080 497
1727090 497
1727100 498
1727110 498
1727120 499
1727130 499
1727140 500
1727150 500
1727160 501
1727170 502
1727180 503
1727190 504
1727200 506
1727210 507
1727220 509
1727230 510
1727240 511
1727250 513
1727260 514
1727270 516
1727280 518
1727290 520
1727300 522
1727310 524
1727320 526
1727330 528
1727340 529
1727350 531
1727360 533
1727370 535
1727380 536
1727390 538
1727400 539
1727410 541
1727420 542
1727430 544
1727440 545
1727450 546
1727460 547
1727470 548
1727480 549
1727490 550
1727500 551
1727510 553
1727520 554
1727530 556
1727540 557
1727550 559
1727560 561
1727570 563
1727580 565
1727590 567
1727600 568
1727610 570
1727620 572
1727630 574
1727640 577
1727650 578
1727660 580
1727670 580
1727680 579
1727690 578
1727700 576
1727710 572
1727720 569
1727730 564
1727740 561
1727750 558
1727760 554
1727770 552
1727780 550
1727790 550
1727800 552
1727810 555
1727820 560
1727830 563
1727840 567
1727850 569
1727860 572
1727870 576
1727880 580
1727890 583
1727900 587
1727910 591
1727920 595
1727930 599
1727940 603
1727950 607
1727960 611
1727970 615
1727980 619
1727990 623
1728000 626
1728010 630
1728020 633
1728030 637
1728040 639
1728050 642
1728060 645
1728070 648
1728080 651
1728090 654
1728100 656
1728110 659
1728120 662
1728130 664
1728140 667
1728150 669
1728160 671
1728170 674
1728180 676
1728190 679
1728200 681
1728210 684
1728220 686
1728230 689
1728240 691
1728250 694
1728260 696
1728270 699
1728280 701
1728290 703
1728300 705
1728310 707
1728320 708
1728330 709
1728340 710
1728350 712
1728360 713
1728370 715
1728380 717
1728390 718
1728400 720
1728410 721
1728420 723
1728430 725
1728440 726
1728450 728
1728460 730
1728470 732
1728480 733
1728490 734
1728500 734
1728510 734
1728520 734
1728530 735
1728540 735
1728550 735
1728560 735
1728570 736
1728580 736
1728590 737
1728600 738
1728610 739
1728620 741
1728630 742
1728640 744
1728650 746
1728660 748
1728670 750
1728680 751
1728690 753
1728700 755
1728710 757
1728720 759
1728730 761
1728740 763
1728750 764
1728760 766
1728770 767
1728780 769
1728790 770
1728800 770
1728810 771
1728820 772
1728830 772
1728840 772
1728850 771
1728860 768
1728870 765
1728880 761
1728890 757
1728900 752
1728910 748
1728920 743
1728930 739
1728940 735
1728950 730
1728960 726
1728970 722
1728980 717
1728990 713
1729000 708
1729010 704
1729020 699
1729030 695
1729040 691
1729050 686
1729060 682
1729070 679
1729080 675
1729090 671
1729100 668
1729110 665
1729120 663
1729130 660
1729140 658
1729150 655
1729160 653
1729170 651
1729180 649
1729190 646
1729200 644
1729210 642
1729220 640
1729230 638
1729240 637
1729250 636
1729260 635
1729270 634
1729280 634
1729290 634
1729300 634
1729310 634
1729320 635
1729330 635
1729340 637
1729350 639
1729360 641
1729370 644
1729380 647
1729390 649
1729400 652
1729410 653
1729420 653
1729430 653
1729440 653
1729450 653
1729460 654
1729470 655
1729480 656
1729490 657
1729500 659
1729510 661
1729520 663
1729530 665
1729540 666
1729550 669
1729560 671
1729570 672
1729580 674
1729590 675
1729600 676
1729610 677
1729620 678
1729630 678
1729640 679
1729650 679
1729660 680
1729670 680
1729680 681
1729690 681
1729700 682
1729710 683
1729720 683
1729730 684
1729740 684
1729750 685
1729760 685
1729770 685
1729780 685
1729790 685
1729800 684
1729810 684
1729820 683
1729830 683
1729840 682
1729850 681
1729860 680
1729870 679
1729880 679
1729890 679
1729900 678
1729910 677
1729920 677
1729930 676
1729940 675
1729950 673
1729960 672
1729970 671
1729980 669
1729990 668
1730000 667
1730010 665
1730020 663
1730030 661
1730040 658
1730050 656
1730060 654
1730070 653
1730080 651
1730090 650
1730100 648
1730110 647
1730120 645
1730130 643
1730140 640
1730150 638
1730160 636
1730170 634
1730180 632
1730190 630
1730200 629
1730210 627
1730220 625
1730230 624
1730240 623
1730250 622
1730260 620
1730270 618
1730280 615
1730290 616
1730300 619
1730310 621
1730320 622
1730330 622
1730340 622
1730350 622
1730360 622
1730370 622
1730380 623
1730390 623
1730400 623
1730410 622
1730420 622
1730430 621
1730440 620
1730450 620
1730460 619
1730470 618
1730480 617
1730490 616
1730500 615
1730510 614
1730520 614
1730530 613
1730540 612
1730550 610
1730560 609
1730570 608
1730580 606
1730590 605
1730600 604
1730610 603
1730620 602
1730630 601
1730640 599
1730650 597
1730660 594
1730670 591
1730680 589
1730690 586
1730700 584
1730710 582
1730720 579
1730730 577
1730740 575
1730750 573
1730760 572
1730770 570
1730780 569
1730790 567
1730800 566
1730810 565
1730820 564
1730830 563
1730840 562
1730850 561
1730860 560
1730870 560
1730880 560
1730890 560
1730900 560
1730910 561
1730920 561
1730930 562
1730940 563
1730950 564
1730960 565
1730970 566
1730980 567
1730990 568
1731000 569
1731010 570
1731020 572
1731030 573
1731040 574
1731050 575
1731060 576
1731070 577
1731080 579
1731090 580
1731100 581
1731110 583
1731120 585
1731130 588
1731140 591
1731150 595
1731160 598
1731170 600
1731180 603
1731190 606
1731200 609
1731210 613
1731220 615
1731230 618
1731240 621
1731250 624
1731260 626
1731270 629
1731280 631
1731290 634
1731300 636
1731310 638
1731320 641
1731330 643
1731340 646
1731350 648
1731360 650
1731370 653
1731380 656
1731390 658
1731400 661
1731410 664
1731420 667
1731430 669
1731440 671
1731450 672
1731460 674
1731470 676
1731480 678
1731490 679
1731500 681
1731510 683
1731520 686
1731530 688
1731540 691
1731550 692
1731560 694
1731570 697
1731580 700
1731590 703
1731600 705
1731610 708
1731620 711
1731630 714
1731640 717
1731650 720
1731660 723
1731670 726
1731680 730
1731690 733
1731700 737
1731710 740
1731720 743
1731730 747
1731740 750
1731750 754
1731760 757
1731770 760
1731780 763
1731790 765
1731800 764
1731810 763
1731820 761
1731830 760
1731840 760
1731850 759
1731860 759
1731870 759
1731880 761
1731890 761
1731900 759
1731910 757
1731920 755
1731930 753
1731940 751
1731950 750
1731960 748
1731970 747
1731980 746
1731990 744
1732000 742
1732010 741
1732020 740
1732030 739
1732040 737
1732050 735
1732060 733
1732070 731
1732080 730
1732090 728
1732100 726
1732110 725
1732120 724
1732130 723
1732140 722
1732150 722
1732160 722
1732170 722
1732180 723
1732190 724
1732200 725
1732210 727
1732220 729
1732230 731
1732240 733
1732250 735
1732260 737
1732270 739
1732280 740
1732290 741
1732300 742
1732310 742
1732320 741
1732330 738
1732340 735
1732350 732
1732360 729
1732370 727
1732380 725
1732390 722
1732400 720
1732410 718
1732420 715
1732430 712
1732440 710
1732450 707
1732460 704
1732470 702
1732480 700
1732490 698
1732500 696
1732510 694
1732520 692
1732530 691
1732540 690
1732550 689
1732560 687
1732570 686
1732580 685
1732590 684
1732600 683
1732610 682
1732620 680
1732630 679
1732640 678
1732650 677
1732660 676
1732670 676
1732680 676
1732690 676
1732700 676
1732710 675
1732720 675
1732730 674
1732740 672
1732750 670
1732760 668
1732770 665
1732780 662
1732790 659
1732800 657
1732810 655
1732820 652
1732830 650
1732840 648
1732850 645
1732860 642
1732870 637
1732880 632
1732890 629
1732900 626
1732910 623
1732920 620
1732930 618
1732940 614
1732950 610
1732960 605
1732970 599
1732980 594
1732990 588
1733000 584
1733010 580
1733020 576
1733030 573
1733040 570
1733050 567
1733060 564
1733070 560
1733080 557
1733090 554
1733100 550
1733110 547
1733120 543
1733130 540
1733140 537
1733150 534
1733160 531
1733170 528
1733180 525
1733190 522
1733200 519
1733210 516
1733220 513
1733230 510
1733240 507
1733250 505
1733260 502
1733270 499
1733280 497
1733290 494
1733300 492
1733310 491
1733320 489
1733330 488
1733340 488
1733350 487
1733360 487
1733370 486
1733380 485
1733390 485
1733400 484
1733410 484
1733420 483
1733430 483
1733440 482
1733450 481
1733460 481
1733470 480
1733480 479
1733490 479
1733500 479
1733510 479
1733520 479
1733530 479
1733540 478
1733550 477
1733560 476
1733570 474
1733580 473
1733590 472
1733600 471
1733610 471
1733620 470
1733630 470
1733640 469
1733650 469
1733660 469
1733670 469
1733680 469
1733690 469
1733700 470
1733710 470
1733720 470
1733730 470
1733740 469
1733750 468
1733760 468
1733770 468
1733780 468
1733790 468
1733800 469
1733810 469
1733820 469
1733830 469
1733840 469
1733850 468
1733860 468
1733870 468
1733880 468
1733890 468
1733900 468
1733910 468
1733920 468
1733930 468
1733940 468
1733950 468
1733960 467
1733970 467
1733980 466
1733990 466
1734000 465
1734010 465
1734020 464
1734030 463
1734040 461
1734050 460
1734060 458
1734070 455
1734080 453
1734090 451
1734100 448
1734110 447
1734120 445
1734130 444
1734140 444
1734150 444
1734160 444
1734170 445
1734180 445
1734190 445
1734200 445
1734210 445
1734220 445
1734230 445
1734240 445
1734250 444
1734260 444
1734270 443
1734280 443
1734290 442
1734300 441
1734310 440
1734320 439
1734330 437
1734340 435
1734350 434
1734360 432
1734370 430
1734380 428
1734390 425
1734400 423
1734410 422
1734420 421
1734430 420
1734440 420
1734450 420
1734460 421
1734470 422
1734480 423
1734490 424
1734500 425
1734510 426
1734520 427
1734530 428
1734540 429
1734550 430
1734560 431
1734570 431
1734580 431
1734590 431
1734600 431
1734610 431
1734620 431
1734630 431
1734640 430
1734650 430
1734660 429
1734670 428
1734680 428
1734690 427
1734700 426
1734710 426
1734720 425
1734730 424
1734740 423
1734750 422
1734760 421
1734770 420
1734780 419
1734790 418
1734800 416
1734810 414
1734820 413
1734830 411
1734840 410
1734850 408
1734860 406
1734870 405
1734880 402
1734890 400
1734900 398
1734910 397
1734920 396
1734930 396
1734940 397
1734950 397
1734960 396
1734970 396
1734980 396
1734990 396
1735000 396
1735010 397
1735020 398
1735030 400
1735040 400
1735050 401
1735060 401
1735070 401
1735080 401
1735090 401
1735100 401
1735110 402
1735120 401
1735130 401
1735140 401
1735150 400
1735160 399
1735170 398
1735180 398
1735190 397
1735200 396
1735210 395
1735220 394
1735230 393
1735240 392
1735250 392
1735260 391
1735270 391
1735280 390
1735290 390
1735300 389
1735310 389
1735320 388
1735330 388
1735340 387
1735350 386
1735360 385
1735370 384
1735380 384
1735390 383
1735400 382
1735410 381
1735420 382
1735430 382
1735440 383
1735450 382
1735460 382
1735470 382
1735480 382
1735490 382
1735500 383
1735510 383
1735520 386
1735530 386
1735540 386
1735550 385
1735560 384
1735570 384
1735580 383
1735590 382
1735600 382
1735610 381
1735620 380
1735630 379
1735640 379
1735650 378
1735660 378
1735670 377
1735680 377
1735690 377
1735700 376
1735710 376
1735720 375
1735730 375
1735740 375
1735750 375
1735760 375
1735770 375
1735780 375
1735790 374
1735800 374
1735810 374
1735820 375
1735830 375
1735840 375
1735850 374
1735860 374
1735870 374
1735880 375
1735890 375
1735900 375
1735910 375
1735920 375
1735930 376
1735940 376
1735950 375
1735960 375
1735970 375
1735980 376
1735990 376
1736000 376
1736010 376
1736020 376
1736030 378
1736040 379
1736050 380
1736060 380
1736070 380
1736080 379
1736090 377
1736100 376
1736110 376
1736120 376
1736130 375
1736140 375
1736150 375
1736160 374
1736170 373
1736180 372
1736190 372
1736200 372
1736210 371
1736220 371
1736230 371
1736240 371
1736250 372
1736260 372
1736270 372
1736280 373
1736290 373
1736300 373
1736310 373
1736320 373
1736330 373
1736340 373
1736350 373
1736360 373
1736370 373
1736380 373
1736390 372
1736400 372
1736410 372
1736420 372
1736430 372
1736440 372
1736450 371
1736460 371
1736470 371
1736480 370
1736490 370
1736500 369
1736510 369
1736520 369
1736530 369
1736540 369
1736550 369
1736560 369
1736570 369
1736580 368
1736590 368
1736600 369
1736610 369
1736620 370
1736630 371
1736640 372
1736650 372
1736660 372
1736670 372
1736680 373
1736690 375
1736700 379
1736710 382
1736720 386
1736730 391
1736740 395
1736750 400
1736760 406
1736770 412
1736780 417
1736790 422
1736800 425
1736810 427
1736820 428
1736830 430
1736840 432
1736850 434
1736860 436
1736870 438
1736880 440
1736890 443
1736900 446
1736910 448
1736920 451
1736930 453
1736940 455
1736950 458
1736960 460
1736970 462
1736980 464
1736990 466
1737000 467
1737010 469
1737020 470
1737030 471
1737040 471
1737050 472
1737060 472
1737070 473
1737080 473
1737090 474
1737100 474
1737110 474
1737120 475
1737130 475
1737140 476
1737150 477
1737160 478
1737170 479
1737180 481
1737190 483
1737200 486
1737210 489
1737220 493
1737230 496
1737240 499
1737250 502
1737260 505
1737270 508
1737280 511
1737290 515
1737300 518
1737310 522
1737320 526
1737330 529
1737340 533
1737350 537
1737360 541
1737370 545
1737380 548
1737390 552
1737400 556
1737410 560
1737420 563
1737430 566
1737440 570
1737450 573
1737460 576
1737470 578
1737480 580
1737490 583
1737500 585
1737510 588
1737520 591
1737530 594
1737540 597
1737550 600
1737560 603
1737570 605
1737580 607
1737590 609
1737600 611
1737610 614
1737620 616
1737630 619
1737640 622
1737650 624
1737660 627
1737670 630
1737680 634
1737690 637
1737700 640
1737710 644
1737720 648
1737730 651
1737740 655
1737750 659
1737760 663
1737770 667
1737780 671
1737790 673
1737800 675
1737810 676
1737820 676
1737830 676
1737840 676
1737850 676
1737860 676
1737870 675
1737880 674
1737890 674
1737900 673
1737910 672
1737920 672
1737930 671
1737940 670
1737950 669
1737960 668
1737970 667
1737980 666
1737990 665
1738000 664
1738010 663
1738020 662
1738030 662
1738040 661
1738050 659
1738060 658
1738070 657
1738080 656
1738090 655
1738100 654
1738110 653
1738120 653
1738130 652
1738140 651
1738150 651
1738160 650
1738170 649
1738180 648
1738190 648
1738200 647
1738210 647
1738220 647
1738230 646
1738240 646
1738250 645
1738260 645
1738270 644
1738280 644
1738290 643
1738300 642
1738310 642
1738320 641
1738330 640
1738340 640
1738350 639
1738360 639
1738370 638
1738380 637
1738390 637
1738400 636
1738410 635
1738420 634
1738430 634
1738440 633
1738450 632
1738460 632
1738470 631
1738480 631
1738490 630
1738500 629
1738510 628
1738520 628
1738530 627
1738540 626
1738550 625
1738560 624
1738570 623
1738580 622
1738590 621
1738600 620
1738610 619
1738620 618
1738630 617
1738640 615
1738650 614
1738660 613
1738670 612
1738680 611
1738690 608
1738700 605
1738710 601
1738720 595
1738730 589
1738740 586
1738750 586
1738760 585
1738770 582
1738780 579
1738790 575
1738800 572
1738810 568
1738820 565
1738830 562
1738840 559
1738850 557
1738860 555
1738870 552
1738880 550
1738890 548
1738900 546
1738910 543
1738920 541
1738930 538
1738940 537
1738950 536
1738960 535
1738970 535
1738980 535
1738990 535
1739000 534
1739010 533
1739020 532
1739030 531
1739040 530
1739050 528
1739060 526
1739070 523
1739080 521
1739090 519
1739100 517
1739110 516
1739120 516
1739130 516
1739140 516
1739150 516
1739160 517
1739170 517
1739180 518
1739190 518
1739200 519
1739210 519
1739220 520
1739230 520
1739240 519
1739250 518
1739260 517
1739270 516
1739280 515
1739290 513
1739300 512
1739310 510
1739320 508
1739330 507
1739340 506
1739350 504
1739360 502
1739370 500
1739380 498
1739390 496
1739400 494
1739410 492
1739420 491
1739430 491
1739440 492
1739450 494
1739460 496
1739470 497
1739480 498
1739490 501
1739500 503
1739510 506
1739520 506
1739530 505
1739540 503
1739550 503
1739560 503
1739570 503
1739580 503
1739590 503
1739600 503
1739610 503
1739620 504
1739630 504
1739640 504
1739650 505
1739660 506
1739670 506
1739680 507
1739690 507
1739700 507
1739710 507
1739720 508
1739730 508
1739740 509
1739750 509
1739760 510
1739770 510
1739780 510
1739790 510
1739800 511
1739810 511
1739820 511
1739830 511
1739840 511
1739850 511
1739860 511
1739870 511
1739880 511
1739890 510
1739900 510
1739910 509
1739920 507
1739930 506
1739940 505
1739950 504
1739960 503
1739970 502
1739980 501
1739990 500
