1720000 401
1720010 401
1720020 402
1720030 403
1720040 403
1720050 404
1720060 405
1720070 405
1720080 406
1720090 406
1720100 407
1720110 407
1720120 408
1720130 408
1720140 409
1720150 410
1720160 411
1720170 412
1720180 412
1720190 413
1720200 414
1720210 414
1720220 415
1720230 416
1720240 417
1720250 418
1720260 419
1720270 420
1720280 422
1720290 423
1720300 425
1720310 427
1720320 428
1720330 429
1720340 431
1720350 432
1720360 433
1720370 435
1720380 436
1720390 438
1720400 439
1720410 441
1720420 442
1720430 443
1720440 444
1720450 445
1720460 446
1720470 447
1720480 448
1720490 449
1720500 450
1720510 451
1720520 452
1720530 454
1720540 457
1720550 459
1720560 461
1720570 463
1720580 465
1720590 466
1720600 467
1720610 467
1720620 467
1720630 467
1720640 467
1720650 468
1720660 470
1720670 471
1720680 472
1720690 473
1720700 473
1720710 473
1720720 472
1720730 472
1720740 472
1720750 472
1720760 471
1720770 470
1720780 470
1720790 470
1720800 470
1720810 470
1720820 470
1720830 470
1720840 471
1720850 471
1720860 472
1720870 472
1720880 473
1720890 473
1720900 473
1720910 473
1720920 473
1720930 472
1720940 472
1720950 470
1720960 469
1720970 468
1720980 466
1720990 465
1721000 464
1721010 462
1721020 461
1721030 460
1721040 458
1721050 457
1721060 455
1721070 454
1721080 451
1721090 449
1721100 447
1721110 446
1721120 445
1721130 444
1721140 444
1721150 443
1721160 442
1721170 441
1721180 441
1721190 441
1721200 441
1721210 441
1721220 440
1721230 440
1721240 440
1721250 439
1721260 439
1721270 438
1721280 437
1721290 436
1721300 435
1721310 434
1721320 433
1721330 432
1721340 430
1721350 427
1721360 424
1721370 422
1721380 420
1721390 418
1721400 416
1721410 416
1721420 416
1721430 416
1721440 417
1721450 418
1721460 419
1721470 420
1721480 420
1721490 420
1721500 421
1721510 421
1721520 422
1721530 422
1721540 423
1721550 424
1721560 424
1721570 425
1721580 426
1721590 426
1721600 427
1721610 428
1721620 429
1721630 429
1721640 430
1721650 430
1721660 430
1721670 431
1721680 431
1721690 431
1721700 432
1721710 432
1721720 432
1721730 432
1721740 433
1721750 433
1721760 433
1721770 433
1721780 433
1721790 433
1721800 434
1721810 435
1721820 435
1721830 436
1721840 437
1721850 438
1721860 439
1721870 439
1721880 440
1721890 440
1721900 439
1721910 439
1721920 439
1721930 438
1721940 438
1721950 438
1721960 438
1721970 437
1721980 437
1721990 437
1722000 437
1722010 437
1722020 437
1722030 437
1722040 437
1722050 437
1722060 437
1722070 437
1722080 437
1722090 437
1722100 437
1722110 437
1722120 437
1722130 437
1722140 437
1722150 436
1722160 436
1722170 436
1722180 436
1722190 436
1722200 436
1722210 436
1722220 436
1722230 436
1722240 436
1722250 436
1722260 436
1722270 436
1722280 435
1722290 435
1722300 435
1722310 435
1722320 435
1722330 435
1722340 435
1722350 434
1722360 434
1722370 434
1722380 434
1722390 433
1722400 433
1722410 433
1722420 432
1722430 432
1722440 432
1722450 432
1722460 431
1722470 431
1722480 430
1722490 430
1722500 429
1722510 429
1722520 428
1722530 428
1722540 428
1722550 427
1722560 427
1722570 427
1722580 427
1722590 426
1722600 426
1722610 426
1722620 425
1722630 425
1722640 424
1722650 423
1722660 422
1722670 422
1722680 421
1722690 421
1722700 420
1722710 420
1722720 419
1722730 418
1722740 418
1722750 417
1722760 416
1722770 415
1722780 413
1722790 412
1722800 410
1722810 409
1722820 407
1722830 405
1722840 404
1722850 403
1722860 402
1722870 400
1722880 399
1722890 398
1722900 398
1722910 399
1722920 399
1722930 400
1722940 400
1722950 400
1722960 400
1722970 400
1722980 400
1722990 400
1723000 401
1723010 401
1723020 401
1723030 401
1723040 401
1723050 401
1723060 402
1723070 402
1723080 402
1723090 402
1723100 402
1723110 402
1723120 403
1723130 403
1723140 403
1723150 404
1723160 405
1723170 405
1723180 407
1723190 409
1723200 412
1723210 415
1723220 417
1723230 416
1723240 415
1723250 416
1723260 417
1723270 418
1723280 419
1723290 421
1723300 422
1723310 423
1723320 425
1723330 427
1723340 428
1723350 431
1723360 433
1723370 435
1723380 437
1723390 438
1723400 440
1723410 442
1723420 444
1723430 447
1723440 449
1723450 452
1723460 454
1723470 456
1723480 459
1723490 461
1723500 463
1723510 465
1723520 467
1723530 470
1723540 472
1723550 474
1723560 476
1723570 478
1723580 480
1723590 483
1723600 485
1723610 487
1723620 489
1723630 491
1723640 492
1723650 493
1723660 495
1723670 496
1723680 497
1723690 498
1723700 499
1723710 500
1723720 501
1723730 502
1723740 503
1723750 503
1723760 504
1723770 505
1723780 505
1723790 505
1723800 505
1723810 505
1723820 505
1723830 505
1723840 505
1723850 505
1723860 505
1723870 505
1723880 506
1723890 506
1723900 506
1723910 506
1723920 506
1723930 506
1723940 506
1723950 507
1723960 508
1723970 509
1723980 510
1723990 510
1724000 511
1724010 512
1724020 513
1724030 513
1724040 514
1724050 514
1724060 515
1724070 515
1724080 516
1724090 516
1724100 517
1724110 517
1724120 517
1724130 518
1724140 517
1724150 517
1724160 516
1724170 515
1724180 514
1724190 513
1724200 512
1724210 510
1724220 509
1724230 508
1724240 507
1724250 507
1724260 507
1724270 507
1724280 506
1724290 507
1724300 507
1724310 507
1724320 507
1724330 507
1724340 508
1724350 508
1724360 507
1724370 507
1724380 506
1724390 505
1724400 505
1724410 505
1724420 504
1724430 504
1724440 504
1724450 504
1724460 504
1724470 504
1724480 504
1724490 505
1724500 505
1724510 505
1724520 505
1724530 505
1724540 506
1724550 506
1724560 506
1724570 507
1724580 508
1724590 509
1724600 510
1724610 510
1724620 511
1724630 512
1724640 512
1724650 513
1724660 514
1724670 515
1724680 516
1724690 517
1724700 518
1724710 519
1724720 520
1724730 521
1724740 523
1724750 525
1724760 526
1724770 528
1724780 529
1724790 531
1724800 533
1724810 534
1724820 536
1724830 538
1724840 539
1724850 541
1724860 543
1724870 544
1724880 546
1724890 548
1724900 549
1724910 550
1724920 551
1724930 553
1724940 554
1724950 555
1724960 556
1724970 558
1724980 559
1724990 560
1725000 561
1725010 563
1725020 564
1725030 565
1725040 567
1725050 568
1725060 570
1725070 571
1725080 572
1725090 574
1725100 575
1725110 577
1725120 578
1725130 580
1725140 582
1725150 583
1725160 585
1725170 586
1725180 587
1725190 589
1725200 590
1725210 592
1725220 593
1725230 595
1725240 596
1725250 598
1725260 600
1725270 601
1725280 602
1725290 604
1725300 606
1725310 607
1725320 609
1725330 610
1725340 612
1725350 613
1725360 615
1725370 617
1725380 618
1725390 620
1725400 622
1725410 624
1725420 625
1725430 627
1725440 629
1725450 631
1725460 632
1725470 634
1725480 636
1725490 638
1725500 640
1725510 642
1725520 644
1725530 645
1725540 647
1725550 649
1725560 650
1725570 652
1725580 654
1725590 655
1725600 657
1725610 659
1725620 661
1725630 663
1725640 665
1725650 667
1725660 669
1725670 670
1725680 671
1725690 672
1725700 672
1725710 673
1725720 674
1725730 675
1725740 676
1725750 676
1725760 676
1725770 677
1725780 677
1725790 677
1725800 677
1725810 677
1725820 678
1725830 678
1725840 678
1725850 678
1725860 678
1725870 677
1725880 676
1725890 676
1725900 675
1725910 675
1725920 675
1725930 674
1725940 674
1725950 674
1725960 673
1725970 673
1725980 672
1725990 672
1726000 672
1726010 672
1726020 673
1726030 673
1726040 673
1726050 673
1726060 673
1726070 674
1726080 674
1726090 674
1726100 674
1726110 675
1726120 676
1726130 677
1726140 678
1726150 678
1726160 679
1726170 680
1726180 680
1726190 680
1726200 681
1726210 681
1726220 681
1726230 682
1726240 683
1726250 683
1726260 684
1726270 684
1726280 685
1726290 685
1726300 685
1726310 685
1726320 683
1726330 682
1726340 681
1726350 680
1726360 679
1726370 679
1726380 678
1726390 677
1726400 676
1726410 675
1726420 675
1726430 674
1726440 674
1726450 674
1726460 673
1726470 671
1726480 671
1726490 671
1726500 674
1726510 677
1726520 680
1726530 681
1726540 682
1726550 683
1726560 684
1726570 686
1726580 689
1726590 691
1726600 693
1726610 694
1726620 693
1726630 692
1726640 690
1726650 690
1726660 691
1726670 693
1726680 694
1726690 696
1726700 697
1726710 698
1726720 699
1726730 700
1726740 699
1726750 698
1726760 697
1726770 699
1726780 701
1726790 705
1726800 709
1726810 711
1726820 713
1726830 714
1726840 715
1726850 716
1726860 717
1726870 719
1726880 720
1726890 721
1726900 722
1726910 724
1726920 726
1726930 728
1726940 730
1726950 731
1726960 733
1726970 734
1726980 735
1726990 735
1727000 736
1727010 736
1727020 737
1727030 738
1727040 739
1727050 741
1727060 743
1727070 745
1727080 747
1727090 749
1727100 751
1727110 753
1727120 755
1727130 756
1727140 758
1727150 759
1727160 761
1727170 762
1727180 763
1727190 764
1727200 765
1727210 766
1727220 767
1727230 768
1727240 769
1727250 770
1727260 771
1727270 772
1727280 773
1727290 773
1727300 774
1727310 774
1727320 775
1727330 775
1727340 775
1727350 775
1727360 775
1727370 775
1727380 775
1727390 775
1727400 775
1727410 775
1727420 775
1727430 775
1727440 775
1727450 775
1727460 775
1727470 775
1727480 775
1727490 775
1727500 774
1727510 774
1727520 775
1727530 775
1727540 775
1727550 775
1727560 774
1727570 773
1727580 772
1727590 771
1727600 770
1727610 769
1727620 769
1727630 768
1727640 767
1727650 766
1727660 764
