1720000 357
1720010 356
1720020 356
1720030 356
1720040 355
1720050 355
1720060 354
1720070 354
1720080 354
1720090 353
1720100 353
1720110 353
1720120 354
1720130 355
1720140 355
1720150 355
1720160 355
1720170 355
1720180 354
1720190 354
1720200 354
1720210 355
1720220 355
1720230 355
1720240 356
1720250 356
1720260 357
1720270 357
1720280 358
1720290 359
1720300 360
1720310 361
1720320 362
1720330 363
1720340 365
1720350 367
1720360 368
1720370 370
1720380 371
1720390 372
1720400 374
1720410 376
1720420 377
1720430 379
1720440 381
1720450 383
1720460 385
1720470 387
1720480 389
1720490 392
1720500 394
1720510 396
1720520 398
1720530 400
1720540 402
1720550 404
1720560 406
1720570 408
1720580 409
1720590 411
1720600 412
1720610 414
1720620 415
1720630 417
1720640 419
1720650 420
1720660 422
1720670 424
1720680 427
1720690 429
1720700 431
1720710 433
1720720 435
1720730 437
1720740 439
1720750 440
1720760 442
1720770 444
1720780 446
1720790 448
1720800 449
1720810 451
1720820 453
1720830 455
1720840 457
1720850 459
1720860 460
1720870 462
1720880 464
1720890 466
1720900 467
1720910 469
1720920 471
1720930 473
1720940 475
1720950 478
1720960 479
1720970 481
1720980 483
1720990 485
1721000 488
1721010 490
1721020 492
1721030 494
1721040 496
1721050 498
1721060 500
1721070 503
1721080 505
1721090 508
1721100 511
1721110 514
1721120 517
1721130 520
1721140 523
1721150 526
1721160 529
1721170 532
1721180 535
1721190 538
1721200 541
1721210 544
1721220 547
1721230 550
1721240 553
1721250 556
1721260 558
1721270 561
1721280 564
1721290 567
1721300 570
1721310 572
1721320 575
1721330 577
1721340 580
1721350 582
1721360 584
1721370 586
1721380 587
1721390 589
1721400 590
1721410 591
1721420 592
1721430 593
1721440 592
1721450 591
1721460 589
1721470 586
1721480 585
1721490 584
1721500 584
1721510 583
1721520 584
1721530 584
1721540 584
1721550 584
1721560 585
1721570 585
1721580 586
1721590 586
1721600 586
1721610 586
1721620 586
1721630 586
1721640 586
1721650 586
1721660 585
1721670 585
1721680 585
1721690 584
1721700 584
1721710 584
1721720 583
1721730 582
1721740 582
1721750 581
1721760 580
1721770 579
1721780 579
1721790 578
1721800 577
1721810 576
1721820 575
1721830 574
1721840 573
1721850 572
1721860 571
1721870 571
1721880 570
1721890 570
1721900 570
1721910 570
1721920 570
1721930 570
1721940 570
1721950 571
1721960 571
1721970 572
1721980 573
1721990 574
1722000 575
1722010 576
1722020 577
1722030 578
1722040 579
1722050 580
1722060 581
1722070 583
1722080 584
1722090 584
1722100 584
1722110 585
1722120 585
1722130 585
1722140 585
1722150 585
1722160 585
1722170 585
1722180 585
1722190 585
1722200 584
1722210 584
1722220 584
1722230 584
1722240 583
1722250 583
1722260 582
1722270 582
1722280 581
1722290 579
1722300 577
1722310 574
1722320 571
1722330 568
1722340 565
1722350 561
1722360 558
1722370 555
1722380 552
1722390 549
1722400 547
1722410 545
1722420 544
1722430 543
1722440 542
1722450 541
1722460 539
1722470 537
1722480 535
1722490 533
1722500 532
1722510 532
1722520 532
1722530 533
1722540 534
1722550 535
1722560 537
1722570 538
1722580 538
1722590 539
1722600 539
1722610 540
1722620 540
1722630 541
1722640 542
1722650 544
1722660 545
1722670 547
1722680 549
1722690 551
1722700 554
1722710 556
1722720 559
1722730 562
1722740 565
1722750 568
1722760 571
1722770 574
1722780 577
1722790 580
1722800 583
1722810 585
1722820 588
1722830 591
1722840 593
1722850 595
1722860 598
1722870 601
1722880 603
1722890 605
1722900 607
1722910 609
1722920 611
1722930 614
1722940 617
1722950 619
1722960 622
1722970 625
1722980 627
1722990 630
1723000 632
1723010 634
1723020 636
1723030 639
1723040 641
1723050 643
1723060 644
1723070 646
1723080 648
1723090 649
1723100 651
1723110 652
1723120 653
1723130 654
1723140 655
1723150 656
1723160 657
1723170 657
1723180 658
1723190 658
1723200 658
1723210 658
1723220 658
1723230 657
1723240 657
1723250 657
1723260 656
1723270 655
1723280 653
1723290 649
1723300 645
1723310 642
1723320 638
1723330 634
1723340 630
1723350 626
1723360 622
1723370 618
1723380 615
1723390 612
1723400 608
1723410 605
1723420 603
1723430 600
1723440 598
1723450 595
1723460 593
1723470 591
1723480 590
1723490 588
1723500 586
1723510 584
1723520 582
1723530 580
1723540 579
1723550 579
1723560 582
1723570 585
1723580 588
1723590 592
1723600 596
1723610 600
1723620 604
1723630 609
1723640 614
1723650 618
1723660 622
1723670 626
1723680 630
1723690 633
1723700 637
1723710 640
1723720 643
1723730 646
1723740 649
1723750 651
1723760 652
1723770 652
1723780 652
1723790 651
1723800 650
1723810 649
1723820 648
1723830 646
1723840 644
1723850 642
1723860 641
1723870 638
1723880 636
1723890 633
1723900 631
1723910 628
1723920 625
1723930 621
1723940 617
1723950 613
1723960 608
1723970 604
1723980 599
1723990 595
1724000 591
1724010 587
1724020 584
1724030 580
1724040 577
1724050 574
1724060 572
1724070 569
1724080 567
1724090 567
1724100 569
1724110 572
1724120 575
1724130 577
1724140 580
1724150 583
1724160 586
1724170 588
1724180 590
1724190 591
1724200 592
1724210 592
1724220 592
1724230 591
1724240 590
1724250 589
1724260 587
1724270 585
1724280 583
1724290 581
1724300 580
1724310 578
1724320 577
1724330 575
1724340 573
1724350 572
1724360 570
1724370 568
1724380 567
1724390 565
1724400 563
1724410 562
1724420 560
1724430 558
1724440 556
1724450 554
1724460 552
1724470 551
1724480 549
1724490 546
1724500 543
1724510 540
1724520 537
1724530 534
1724540 530
1724550 527
1724560 528
1724570 530
1724580 533
1724590 535
1724600 537
1724610 541
1724620 545
1724630 549
1724640 553
1724650 557
1724660 561
1724670 565
1724680 569
1724690 573
1724700 577
1724710 581
1724720 585
1724730 589
1724740 592
1724750 595
1724760 599
1724770 601
1724780 604
1724790 606
1724800 609
1724810 611
1724820 613
1724830 616
1724840 618
1724850 621
1724860 623
1724870 625
1724880 628
1724890 630
1724900 632
1724910 634
1724920 636
1724930 638
1724940 640
1724950 641
1724960 644
1724970 646
1724980 648
1724990 651
1725000 653
1725010 654
1725020 656
1725030 658
1725040 659
1725050 659
1725060 660
1725070 660
1725080 660
1725090 659
1725100 659
1725110 659
1725120 659
1725130 659
1725140 659
1725150 659
1725160 659
1725170 659
1725180 659
1725190 660
1725200 661
1725210 661
1725220 662
1725230 662
1725240 663
1725250 664
1725260 665
1725270 665
1725280 666
1725290 667
1725300 668
1725310 669
1725320 670
1725330 671
1725340 673
1725350 674
1725360 675
1725370 676
1725380 678
1725390 679
1725400 680
1725410 681
1725420 681
1725430 682
1725440 682
1725450 682
1725460 681
1725470 680
1725480 679
1725490 677
1725500 675
1725510 673
1725520 671
1725530 668
1725540 665
1725550 662
1725560 659
1725570 657
1725580 655
1725590 653
1725600 651
1725610 649
1725620 647
1725630 646
1725640 644
1725650 643
1725660 641
1725670 639
1725680 637
1725690 634
1725700 631
1725710 629
1725720 626
1725730 623
1725740 621
1725750 619
1725760 616
1725770 614
1725780 611
1725790 608
1725800 606
1725810 603
1725820 600
1725830 596
1725840 593
1725850 589
1725860 586
1725870 582
1725880 578
1725890 574
1725900 570
1725910 566
1725920 562
1725930 558
1725940 554
1725950 550
1725960 547
1725970 544
1725980 541
1725990 539
1726000 537
1726010 536
1726020 535
1726030 534
1726040 533
1726050 533
1726060 532
1726070 531
1726080 530
1726090 528
1726100 527
1726110 526
1726120 525
1726130 525
1726140 525
1726150 525
1726160 525
1726170 524
1726180 523
1726190 523
1726200 523
1726210 523
1726220 523
1726230 523
1726240 524
1726250 524
1726260 524
1726270 524
1726280 523
1726290 523
1726300 521
1726310 520
1726320 517
1726330 514
1726340 510
1726350 507
1726360 504
1726370 500
1726380 497
1726390 494
1726400 492
1726410 489
1726420 487
1726430 484
1726440 483
1726450 481
1726460 480
1726470 480
1726480 481
1726490 481
1726500 482
1726510 483
1726520 484
1726530 485
1726540 487
1726550 488
1726560 491
1726570 493
1726580 496
1726590 498
1726600 501
1726610 504
1726620 506
1726630 507
1726640 509
1726650 511
1726660 513
1726670 514
1726680 515
1726690 517
1726700 518
1726710 519
1726720 520
1726730 521
1726740 522
1726750 524
1726760 525
1726770 527
1726780 529
1726790 531
1726800 533
1726810 535
1726820 537
1726830 539
1726840 541
1726850 544
1726860 547
1726870 550
1726880 553
1726890 556
1726900 560
1726910 563
1726920 567
1726930 571
1726940 574
1726950 577
1726960 580
1726970 584
1726980 587
1726990 590
1727000 593
1727010 596
1727020 599
1727030 601
1727040 603
1727050 605
1727060 607
1727070 608
1727080 609
1727090 611
1727100 612
1727110 613
1727120 613
1727130 613
1727140 612
1727150 611
1727160 611
1727170 611
1727180 612
1727190 613
1727200 614
1727210 616
1727220 617
1727230 619
1727240 621
1727250 622
1727260 623
1727270 625
1727280 626
1727290 627
1727300 627
1727310 628
1727320 629
1727330 630
1727340 631
1727350 632
1727360 633
1727370 634
1727380 635
1727390 636
1727400 637
1727410 637
1727420 638
1727430 639
1727440 640
1727450 641
1727460 642
1727470 643
1727480 644
1727490 644
1727500 644
1727510 643
1727520 641
1727530 638
1727540 635
1727550 632
1727560 628
1727570 625
1727580 622
1727590 618
1727600 614
1727610 611
1727620 606
1727630 602
1727640 598
1727650 594
1727660 589
1727670 585
1727680 582
1727690 579
1727700 576
1727710 574
1727720 571
1727730 569
1727740 567
1727750 565
1727760 563
1727770 562
1727780 561
1727790 561
1727800 561
1727810 562
1727820 563
1727830 565
1727840 568
1727850 570
1727860 573
1727870 576
1727880 579
1727890 581
1727900 584
1727910 587
1727920 589
1727930 592
1727940 594
1727950 597
1727960 600
1727970 602
1727980 605
1727990 607
1728000 609
1728010 611
1728020 614
1728030 616
1728040 618
1728050 621
1728060 623
1728070 625
1728080 626
1728090 628
1728100 628
1728110 629
1728120 629
1728130 630
1728140 630
1728150 631
1728160 631
1728170 631
1728180 631
1728190 631
1728200 630
1728210 631
1728220 631
1728230 631
1728240 632
1728250 632
1728260 632
1728270 633
1728280 633
1728290 634
1728300 634
1728310 635
1728320 635
1728330 636
1728340 636
1728350 637
1728360 637
1728370 638
1728380 638
1728390 638
1728400 639
1728410 639
1728420 640
1728430 641
1728440 641
1728450 642
1728460 643
1728470 644
1728480 646
1728490 647
1728500 648
1728510 650
1728520 651
1728530 652
1728540 653
1728550 654
1728560 654
1728570 654
1728580 654
