1720000 400
1720010 400
1720020 401
1720030 401
1720040 402
1720050 402
1720060 402
1720070 403
1720080 403
1720090 403
1720100 403
1720110 404
1720120 404
1720130 404
1720140 405
1720150 405
1720160 405
1720170 405
1720180 405
1720190 405
1720200 405
1720210 405
1720220 405
1720230 405
1720240 405
1720250 405
1720260 405
1720270 405
1720280 405
1720290 405
1720300 405
1720310 405
1720320 405
1720330 405
1720340 405
1720350 405
1720360 405
1720370 405
1720380 405
1720390 405
1720400 405
1720410 405
1720420 405
1720430 406
1720440 406
1720450 405
1720460 405
1720470 404
1720480 404
1720490 403
1720500 403
1720510 403
1720520 403
1720530 404
1720540 404
1720550 404
1720560 404
1720570 404
1720580 404
1720590 404
1720600 404
1720610 404
1720620 405
1720630 405
1720640 406
1720650 406
1720660 406
1720670 407
1720680 407
1720690 407
1720700 407
1720710 407
1720720 408
1720730 408
1720740 408
1720750 408
1720760 408
1720770 409
1720780 409
1720790 409
1720800 410
1720810 410
1720820 411
1720830 411
1720840 412
1720850 412
1720860 413
1720870 413
1720880 414
1720890 414
1720900 415
1720910 415
1720920 416
1720930 416
1720940 417
1720950 417
1720960 417
1720970 418
1720980 418
1720990 419
1721000 419
1721010 419
1721020 419
1721030 419
1721040 419
1721050 420
1721060 420
1721070 420
1721080 420
1721090 421
1721100 421
1721110 421
1721120 422
1721130 422
1721140 422
1721150 422
1721160 422
1721170 422
1721180 422
1721190 423
1721200 424
1721210 425
1721220 425
1721230 426
1721240 426
1721250 427
1721260 427
1721270 428
1721280 428
1721290 429
1721300 429
1721310 430
1721320 430
1721330 431
1721340 432
1721350 432
1721360 433
1721370 433
1721380 434
1721390 434
1721400 435
1721410 435
1721420 436
1721430 436
1721440 437
1721450 437
1721460 438
1721470 438
1721480 439
1721490 439
1721500 440
1721510 440
1721520 441
1721530 441
1721540 441
1721550 442
1721560 442
1721570 442
1721580 442
1721590 443
1721600 444
1721610 445
1721620 446
1721630 447
1721640 447
1721650 448
1721660 449
1721670 449
1721680 450
1721690 450
1721700 451
1721710 451
1721720 452
1721730 452
1721740 453
1721750 454
1721760 455
1721770 455
1721780 456
1721790 457
1721800 457
1721810 458
1721820 458
1721830 459
1721840 460
1721850 460
1721860 461
1721870 462
1721880 462
1721890 463
1721900 463
1721910 464
1721920 464
1721930 465
1721940 466
1721950 467
1721960 468
1721970 469
1721980 470
1721990 471
1722000 472
1722010 473
1722020 474
1722030 475
1722040 475
1722050 476
1722060 476
1722070 476
1722080 476
1722090 476
1722100 477
1722110 477
1722120 477
1722130 477
1722140 477
1722150 478
1722160 478
1722170 478
1722180 478
1722190 479
1722200 479
1722210 479
1722220 479
1722230 479
1722240 478
1722250 478
1722260 477
1722270 477
1722280 477
1722290 476
1722300 476
1722310 476
1722320 475
1722330 475
1722340 474
1722350 474
1722360 473
1722370 473
1722380 473
1722390 472
1722400 472
1722410 472
1722420 471
1722430 470
1722440 470
1722450 469
1722460 468
1722470 468
1722480 467
1722490 467
1722500 466
1722510 466
1722520 465
1722530 464
1722540 464
1722550 463
1722560 462
1722570 461
1722580 460
1722590 459
1722600 458
1722610 457
1722620 456
1722630 456
1722640 454
1722650 453
1722660 452
1722670 451
1722680 450
1722690 449
1722700 448
1722710 447
1722720 445
1722730 443
1722740 442
1722750 440
1722760 438
1722770 436
1722780 434
1722790 432
1722800 430
1722810 429
1722820 427
1722830 424
1722840 422
1722850 419
1722860 416
1722870 414
1722880 412
1722890 411
1722900 409
1722910 407
1722920 405
1722930 404
1722940 402
1722950 400
1722960 399
1722970 398
1722980 397
1722990 396
1723000 395
1723010 394
1723020 393
1723030 392
1723040 391
1723050 389
1723060 387
1723070 385
1723080 383
1723090 382
1723100 381
1723110 380
1723120 380
1723130 379
1723140 379
1723150 377
1723160 376
1723170 375
1723180 375
1723190 374
1723200 374
1723210 373
1723220 373
1723230 372
1723240 372
1723250 373
1723260 374
1723270 376
1723280 378
1723290 379
1723300 379
1723310 379
1723320 379
1723330 378
1723340 378
1723350 377
1723360 378
1723370 378
1723380 379
1723390 379
1723400 380
1723410 382
1723420 382
1723430 381
1723440 380
1723450 379
1723460 378
1723470 378
1723480 378
1723490 378
1723500 379
1723510 379
1723520 380
1723530 380
1723540 380
1723550 380
1723560 381
1723570 381
1723580 381
1723590 381
1723600 381
1723610 381
1723620 381
1723630 381
1723640 381
1723650 381
1723660 381
1723670 381
1723680 382
1723690 383
1723700 383
1723710 384
1723720 384
1723730 385
1723740 385
1723750 385
1723760 385
1723770 385
1723780 384
1723790 384
1723800 384
1723810 384
1723820 384
1723830 384
1723840 384
1723850 384
1723860 385
1723870 385
1723880 385
1723890 385
1723900 384
1723910 384
1723920 383
1723930 382
1723940 381
1723950 380
1723960 378
1723970 376
1723980 374
1723990 373
1724000 372
1724010 372
1724020 372
1724030 372
1724040 371
1724050 371
1724060 371
1724070 370
1724080 371
1724090 371
1724100 372
1724110 372
1724120 373
1724130 373
1724140 373
1724150 373
1724160 373
1724170 373
1724180 373
1724190 372
1724200 372
1724210 371
1724220 370
1724230 369
1724240 368
1724250 367
1724260 367
1724270 366
1724280 364
1724290 362
1724300 361
1724310 361
1724320 361
1724330 363
1724340 364
1724350 366
1724360 367
1724370 368
1724380 368
1724390 368
1724400 368
1724410 367
1724420 366
1724430 365
1724440 364
1724450 363
1724460 362
1724470 362
1724480 362
1724490 362
1724500 362
1724510 363
1724520 363
1724530 363
1724540 363
1724550 362
1724560 360
1724570 359
1724580 358
1724590 357
1724600 355
1724610 354
1724620 353
1724630 352
1724640 351
1724650 351
1724660 351
1724670 351
1724680 350
1724690 348
1724700 347
1724710 345
1724720 344
1724730 342
1724740 341
1724750 339
1724760 338
1724770 337
1724780 336
1724790 334
1724800 333
1724810 331
1724820 330
1724830 329
1724840 330
1724850 330
1724860 330
1724870 331
1724880 332
1724890 334
1724900 335
1724910 337
1724920 339
1724930 341
1724940 343
1724950 344
1724960 344
1724970 344
1724980 344
1724990 343
1725000 342
1725010 341
1725020 341
1725030 340
1725040 340
1725050 340
1725060 340
1725070 339
1725080 339
1725090 339
1725100 338
1725110 338
1725120 337
1725130 336
1725140 335
1725150 334
1725160 333
1725170 332
1725180 331
1725190 330
1725200 329
1725210 328
1725220 327
1725230 326
1725240 325
1725250 324
1725260 324
1725270 323
1725280 323
1725290 323
1725300 323
1725310 323
1725320 323
1725330 323
1725340 323
1725350 323
1725360 323
1725370 322
1725380 322
1725390 322
1725400 322
1725410 322
1725420 322
1725430 322
1725440 322
1725450 322
1725460 322
1725470 321
1725480 321
1725490 321
1725500 321
1725510 321
1725520 321
1725530 321
1725540 321
1725550 321
1725560 321
1725570 321
1725580 321
1725590 321
1725600 321
1725610 321
1725620 321
1725630 321
1725640 321
1725650 320
1725660 319
1725670 319
1725680 319
1725690 320
1725700 321
1725710 321
1725720 322
1725730 323
1725740 324
1725750 326
1725760 329
1725770 332
1725780 335
1725790 337
1725800 340
1725810 342
1725820 344
1725830 346
1725840 348
1725850 350
1725860 352
1725870 354
1725880 357
1725890 359
1725900 361
1725910 363
1725920 365
1725930 367
1725940 369
1725950 371
1725960 373
1725970 375
1725980 377
1725990 379
1726000 381
1726010 383
1726020 385
1726030 387
1726040 389
1726050 391
1726060 393
1726070 395
1726080 396
1726090 398
1726100 400
1726110 401
1726120 403
1726130 404
1726140 405
1726150 406
1726160 407
1726170 409
1726180 410
1726190 411
1726200 411
1726210 412
1726220 413
1726230 414
1726240 414
1726250 415
1726260 415
1726270 415
1726280 415
1726290 415
1726300 415
1726310 415
1726320 415
1726330 415
1726340 415
1726350 415
1726360 414
1726370 414
1726380 414
1726390 413
1726400 413
1726410 413
1726420 413
1726430 413
1726440 412
1726450 412
1726460 412
1726470 412
1726480 412
1726490 411
1726500 411
1726510 410
1726520 410
1726530 409
1726540 409
1726550 408
1726560 408
1726570 407
1726580 407
1726590 406
1726600 406
1726610 405
1726620 405
1726630 404
1726640 404
1726650 403
1726660 402
1726670 401
1726680 400
1726690 399
1726700 397
1726710 395
1726720 392
1726730 389
1726740 387
1726750 384
1726760 381
1726770 379
1726780 377
1726790 376
1726800 376
1726810 375
1726820 374
1726830 373
1726840 372
1726850 371
1726860 375
1726870 378
1726880 381
1726890 383
1726900 384
1726910 385
1726920 386
1726930 386
1726940 386
1726950 386
1726960 386
1726970 386
1726980 385
1726990 385
1727000 385
1727010 384
1727020 384
1727030 383
1727040 383
1727050 383
1727060 383
1727070 382
1727080 382
1727090 382
1727100 382
1727110 382
1727120 382
1727130 381
1727140 381
1727150 380
1727160 380
1727170 380
1727180 381
1727190 381
1727200 381
1727210 381
1727220 382
1727230 382
1727240 382
1727250 382
1727260 382
1727270 381
1727280 381
1727290 380
1727300 379
1727310 377
1727320 376
1727330 373
1727340 371
1727350 371
1727360 372
1727370 375
1727380 377
1727390 379
1727400 381
1727410 383
1727420 385
1727430 387
1727440 388
1727450 390
1727460 391
1727470 393
1727480 394
1727490 396
1727500 397
1727510 398
1727520 399
1727530 400
1727540 401
1727550 402
1727560 404
1727570 405
1727580 406
1727590 408
1727600 409
1727610 411
1727620 412
1727630 414
1727640 415
1727650 417
1727660 418
1727670 420
1727680 421
1727690 422
1727700 424
1727710 425
1727720 427
1727730 429
1727740 431
1727750 433
1727760 435
1727770 437
1727780 439
1727790 441
1727800 443
1727810 444
1727820 446
1727830 447
1727840 448
1727850 448
1727860 449
1727870 450
1727880 451
1727890 452
1727900 453
1727910 454
1727920 456
1727930 457
1727940 459
1727950 461
1727960 462
1727970 464
1727980 465
1727990 467
1728000 468
1728010 470
1728020 471
1728030 473
1728040 474
1728050 476
1728060 477
1728070 479
1728080 480
1728090 481
1728100 482
1728110 483
1728120 484
1728130 485
1728140 487
1728150 488
1728160 489
1728170 489
1728180 490
1728190 491
1728200 492
1728210 492
1728220 493
1728230 494
1728240 494
1728250 495
1728260 495
1728270 495
1728280 495
1728290 496
1728300 496
1728310 496
1728320 497
1728330 497
1728340 497
1728350 497
1728360 497
1728370 496
1728380 496
1728390 496
1728400 495
1728410 495
1728420 495
1728430 495
1728440 494
1728450 494
1728460 493
1728470 492
1728480 492
1728490 491
1728500 490
1728510 490
1728520 489
1728530 488
1728540 487
1728550 486
1728560 485
1728570 484
1728580 483
1728590 482
1728600 481
1728610 480
1728620 479
1728630 478
1728640 476
1728650 473
1728660 470
1728670 468
1728680 465
1728690 462
1728700 460
1728710 459
1728720 457
1728730 456
1728740 455
1728750 454
1728760 453
1728770 453
1728780 452
1728790 452
1728800 453
1728810 453
1728820 454
1728830 455
1728840 455
1728850 456
1728860 456
1728870 457
1728880 457
1728890 457
1728900 458
1728910 457
1728920 457
1728930 457
1728940 457
1728950 456
1728960 456
1728970 455
1728980 454
1728990 453
1729000 452
1729010 451
1729020 450
1729030 449
1729040 447
1729050 446
1729060 445
1729070 444
1729080 442
1729090 441
1729100 439
1729110 437
1729120 436
1729130 434
1729140 433
1729150 431
1729160 429
1729170 428
1729180 426
1729190 424
1729200 421
1729210 419
1729220 416
1729230 414
1729240 411
1729250 409
1729260 407
1729270 406
1729280 403
1729290 400
1729300 401
1729310 403
1729320 404
1729330 405
1729340 407
1729350 409
1729360 410
1729370 411
1729380 411
1729390 412
1729400 413
1729410 414
1729420 415
1729430 416
1729440 416
1729450 416
1729460 416
1729470 416
1729480 415
1729490 415
1729500 415
1729510 414
1729520 414
1729530 413
1729540 413
1729550 412
1729560 411
1729570 410
1729580 410
1729590 409
1729600 409
1729610 410
1729620 411
1729630 413
1729640 415
1729650 417
1729660 419
1729670 421
1729680 422
1729690 424
1729700 425
1729710 427
1729720 429
1729730 431
1729740 433
1729750 434
1729760 436
1729770 437
1729780 439
1729790 441
1729800 443
1729810 445
1729820 447
1729830 448
1729840 450
1729850 453
1729860 455
1729870 457
1729880 459
1729890 461
1729900 463
1729910 465
1729920 466
1729930 468
1729940 469
1729950 470
1729960 471
1729970 472
1729980 473
1729990 474
1730000 474
1730010 475
1730020 475
1730030 475
1730040 476
1730050 476
1730060 475
1730070 475
1730080 475
1730090 475
1730100 474
1730110 473
1730120 473
1730130 472
1730140 471
1730150 470
1730160 470
1730170 469
1730180 468
1730190 467
1730200 466
1730210 466
1730220 465
1730230 464
1730240 463
1730250 463
1730260 462
1730270 461
1730280 460
1730290 459
1730300 457
1730310 456
1730320 455
1730330 455
1730340 455
1730350 455
1730360 454
1730370 453
1730380 453
1730390 451
1730400 450
1730410 449
1730420 448
1730430 447
1730440 446
1730450 445
1730460 444
1730470 442
1730480 440
1730490 438
1730500 435
1730510 432
1730520 430
1730530 428
1730540 426
1730550 423
1730560 421
1730570 417
1730580 414
1730590 411
1730600 411
1730610 412
1730620 414
1730630 416
1730640 417
1730650 418
1730660 418
1730670 419
1730680 419
1730690 419
1730700 420
1730710 420
1730720 421
1730730 421
1730740 422
1730750 422
1730760 423
1730770 423
1730780 424
1730790 423
1730800 423
1730810 422
1730820 421
1730830 421
1730840 422
1730850 425
1730860 428
1730870 431
1730880 433
1730890 435
1730900 436
1730910 438
1730920 440
1730930 441
1730940 443
1730950 445
1730960 447
1730970 449
1730980 451
1730990 452
1731000 454
1731010 456
1731020 457
1731030 459
1731040 460
1731050 462
1731060 463
1731070 464
1731080 466
1731090 466
1731100 467
1731110 467
1731120 468
1731130 469
1731140 469
1731150 470
1731160 471
1731170 471
1731180 471
1731190 472
1731200 472
1731210 472
1731220 472
1731230 473
1731240 473
1731250 473
1731260 474
1731270 474
1731280 474
1731290 474
1731300 475
1731310 475
1731320 475
1731330 475
1731340 475
1731350 475
1731360 476
1731370 476
1731380 476
1731390 477
1731400 477
1731410 477
1731420 478
1731430 478
1731440 479
1731450 479
1731460 479
1731470 478
1731480 479
1731490 480
1731500 482
1731510 483
1731520 484
1731530 485
1731540 486
1731550 487
1731560 488
1731570 489
1731580 490
1731590 492
1731600 493
1731610 494
1731620 495
1731630 496
1731640 497
1731650 498
1731660 499
1731670 500
1731680 501
1731690 501
1731700 502
1731710 503
1731720 504
1731730 505
1731740 505
1731750 506
1731760 507
1731770 508
1731780 509
1731790 510
1731800 511
1731810 511
1731820 510
1731830 510
1731840 510
1731850 510
1731860 510
1731870 509
1731880 509
1731890 509
1731900 509
1731910 508
1731920 508
1731930 507
1731940 507
1731950 506
1731960 506
1731970 505
1731980 505
1731990 504
1732000 504
1732010 503
1732020 503
1732030 502
1732040 501
1732050 501
1732060 500
1732070 500
1732080 499
1732090 498
1732100 498
1732110 497
1732120 497
1732130 496
1732140 496
1732150 495
1732160 495
1732170 495
1732180 494
1732190 494
1732200 494
1732210 494
1732220 493
1732230 493
1732240 493
1732250 492
1732260 491
1732270 491
1732280 490
1732290 490
1732300 490
1732310 490
1732320 490
1732330 490
1732340 490
1732350 490
1732360 490
1732370 491
1732380 491
1732390 491
1732400 491
1732410 492
1732420 492
1732430 492
1732440 492
1732450 493
1732460 493
1732470 493
1732480 493
1732490 493
1732500 493
1732510 494
1732520 494
1732530 495
1732540 495
1732550 496
1732560 496
1732570 496
1732580 497
1732590 497
1732600 498
1732610 498
1732620 499
1732630 499
1732640 499
1732650 500
1732660 500
1732670 501
1732680 501
1732690 502
1732700 502
1732710 503
1732720 503
1732730 504
1732740 505
1732750 505
1732760 506
1732770 506
1732780 507
1732790 508
1732800 508
1732810 509
1732820 509
1732830 509
1732840 509
1732850 510
1732860 510
1732870 510
1732880 511
1732890 511
1732900 511
1732910 511
1732920 511
1732930 511
1732940 511
1732950 511
1732960 511
1732970 512
1732980 512
1732990 512
1733000 512
1733010 513
1733020 513
1733030 513
1733040 513
1733050 513
1733060 514
1733070 514
1733080 515
1733090 515
1733100 515
1733110 516
1733120 516
1733130 517
1733140 517
1733150 517
1733160 517
1733170 518
1733180 518
1733190 518
1733200 519
1733210 519
1733220 519
1733230 519
1733240 519
1733250 520
1733260 520
1733270 520
1733280 521
1733290 521
1733300 521
1733310 522
1733320 522
1733330 522
1733340 522
1733350 522
1733360 522
1733370 521
1733380 522
1733390 522
1733400 522
1733410 522
1733420 522
1733430 521
1733440 521
1733450 521
1733460 520
1733470 520
1733480 519
1733490 519
1733500 519
1733510 519
1733520 519
1733530 518
1733540 518
1733550 518
1733560 518
1733570 518
1733580 518
1733590 517
1733600 517
1733610 517
1733620 516
1733630 516
1733640 516
1733650 516
1733660 516
1733670 516
1733680 515
1733690 515
1733700 515
1733710 515
1733720 515
1733730 515
1733740 515
1733750 515
1733760 515
1733770 515
1733780 515
1733790 515
1733800 515
1733810 515
1733820 515
1733830 515
1733840 515
1733850 515
1733860 515
1733870 515
1733880 515
1733890 516
1733900 516
1733910 516
1733920 516
1733930 516
1733940 516
1733950 517
1733960 517
1733970 517
1733980 518
1733990 518
1734000 518
1734010 519
1734020 520
1734030 520
1734040 521
1734050 523
1734060 524
1734070 524
1734080 525
1734090 526
1734100 526
1734110 526
1734120 525
1734130 524
1734140 524
1734150 523
1734160 522
1734170 521
1734180 520
1734190 519
1734200 518
1734210 517
1734220 516
1734230 515
1734240 514
1734250 513
1734260 512
1734270 511
1734280 509
1734290 508
1734300 507
1734310 505
1734320 504
1734330 503
1734340 501
1734350 500
1734360 498
1734370 494
1734380 490
1734390 485
1734400 482
1734410 479
1734420 478
1734430 476
1734440 475
1734450 473
1734460 473
1734470 473
1734480 472
1734490 471
1734500 469
1734510 467
1734520 465
1734530 463
1734540 462
1734550 461
1734560 460
1734570 459
1734580 458
1734590 457
1734600 456
1734610 454
1734620 452
1734630 450
1734640 449
1734650 447
1734660 446
1734670 444
1734680 443
1734690 441
1734700 440
1734710 439
1734720 437
1734730 435
1734740 433
1734750 431
1734760 429
1734770 427
1734780 425
1734790 422
1734800 419
1734810 417
1734820 415
1734830 415
1734840 415
1734850 415
1734860 415
1734870 414
1734880 413
1734890 413
1734900 412
1734910 411
1734920 410
1734930 408
1734940 407
1734950 406
1734960 404
1734970 402
1734980 400
1734990 399
1735000 399
1735010 398
1735020 397
1735030 396
1735040 395
1735050 395
1735060 394
1735070 393
1735080 393
1735090 392
1735100 392
1735110 391
1735120 391
1735130 390
1735140 390
1735150 389
1735160 389
1735170 388
1735180 387
1735190 387
1735200 387
1735210 387
1735220 387
1735230 388
1735240 388
1735250 388
1735260 388
1735270 388
1735280 387
1735290 387
1735300 387
1735310 387
1735320 387
1735330 387
1735340 387
1735350 386
1735360 386
1735370 385
1735380 385
1735390 385
1735400 384
1735410 384
1735420 384
1735430 383
1735440 382
1735450 381
1735460 380
1735470 379
1735480 378
1735490 377
1735500 376
1735510 375
1735520 374
1735530 373
1735540 372
1735550 372
1735560 371
1735570 370
1735580 369
1735590 369
1735600 368
1735610 368
1735620 366
1735630 365
1735640 363
1735650 362
1735660 361
1735670 359
1735680 357
1735690 355
1735700 353
1735710 350
1735720 347
1735730 344
1735740 341
1735750 338
1735760 336
1735770 334
1735780 332
1735790 331
1735800 330
1735810 330
1735820 329
1735830 329
1735840 328
1735850 328
1735860 328
1735870 329
1735880 329
1735890 328
1735900 328
1735910 328
1735920 329
1735930 329
1735940 329
1735950 329
1735960 329
1735970 329
1735980 328
1735990 328
1736000 328
1736010 328
1736020 328
1736030 328
1736040 328
1736050 328
1736060 329
1736070 329
1736080 329
1736090 329
1736100 329
1736110 328
1736120 326
1736130 325
1736140 323
1736150 322
1736160 322
1736170 322
1736180 322
1736190 323
1736200 324
1736210 326
1736220 326
1736230 327
1736240 327
1736250 328
1736260 328
1736270 328
1736280 328
1736290 328
1736300 328
1736310 328
1736320 328
1736330 328
1736340 328
1736350 328
1736360 328
1736370 329
1736380 329
1736390 330
1736400 330
1736410 330
1736420 330
1736430 330
1736440 330
1736450 330
1736460 330
1736470 330
1736480 330
1736490 330
1736500 330
1736510 330
1736520 330
1736530 330
1736540 330
1736550 330
1736560 330
1736570 330
1736580 330
1736590 330
1736600 330
1736610 330
1736620 330
1736630 330
1736640 330
1736650 330
1736660 330
1736670 330
1736680 330
1736690 330
1736700 331
1736710 332
1736720 333
1736730 334
1736740 335
1736750 337
1736760 338
1736770 340
1736780 342
1736790 344
1736800 345
1736810 347
1736820 348
1736830 350
1736840 351
1736850 353
1736860 354
1736870 355
1736880 356
1736890 357
1736900 358
1736910 359
1736920 361
1736930 362
1736940 363
1736950 365
1736960 366
1736970 367
1736980 368
1736990 369
1737000 370
1737010 371
1737020 372
1737030 373
1737040 373
1737050 374
1737060 374
1737070 375
1737080 375
1737090 375
1737100 374
1737110 374
1737120 375
1737130 376
1737140 378
1737150 378
1737160 379
1737170 380
1737180 380
1737190 381
1737200 382
1737210 383
1737220 385
1737230 386
1737240 387
1737250 388
1737260 389
1737270 390
1737280 391
1737290 392
1737300 393
1737310 394
1737320 394
1737330 395
1737340 396
1737350 396
1737360 396
1737370 397
1737380 397
1737390 397
1737400 398
1737410 398
1737420 398
1737430 398
1737440 399
1737450 399
1737460 399
1737470 399
1737480 400
1737490 400
1737500 400
1737510 400
1737520 400
1737530 400
1737540 401
1737550 401
1737560 401
1737570 401
1737580 400
1737590 400
1737600 400
1737610 400
1737620 399
1737630 398
1737640 397
1737650 396
1737660 395
1737670 395
1737680 394
1737690 393
1737700 393
1737710 392
1737720 391
1737730 390
1737740 389
1737750 389
1737760 388
1737770 388
1737780 387
1737790 387
1737800 386
1737810 385
1737820 384
1737830 384
1737840 383
1737850 381
1737860 378
1737870 374
1737880 376
1737890 378
1737900 380
1737910 383
1737920 385
1737930 387
1737940 389
1737950 390
1737960 392
1737970 393
1737980 395
1737990 396
1738000 396
1738010 397
1738020 398
1738030 400
1738040 402
1738050 403
1738060 403
1738070 404
1738080 405
1738090 407
1738100 408
1738110 410
1738120 411
1738130 413
1738140 414
1738150 416
1738160 418
1738170 420
1738180 422
1738190 423
1738200 424
1738210 425
1738220 426
1738230 427
1738240 427
1738250 428
1738260 429
1738270 429
1738280 429
1738290 430
1738300 430
1738310 431
1738320 431
1738330 432
1738340 432
1738350 433
1738360 433
1738370 433
1738380 433
1738390 433
1738400 433
1738410 433
1738420 433
1738430 433
1738440 433
1738450 434
1738460 435
1738470 436
1738480 437
1738490 438
1738500 438
1738510 439
1738520 441
1738530 443
1738540 445
1738550 448
1738560 451
1738570 454
1738580 455
1738590 456
1738600 457
1738610 458
1738620 459
1738630 461
1738640 462
1738650 463
1738660 464
1738670 465
1738680 466
1738690 467
1738700 468
1738710 469
1738720 470
1738730 471
1738740 472
1738750 474
1738760 475
1738770 476
1738780 477
1738790 478
1738800 479
1738810 480
1738820 481
1738830 482
1738840 483
1738850 484
1738860 485
1738870 486
1738880 488
1738890 489
1738900 490
1738910 491
1738920 492
1738930 493
1738940 494
1738950 495
1738960 495
1738970 496
1738980 497
1738990 498
1739000 498
1739010 499
1739020 499
1739030 500
1739040 500
1739050 500
1739060 500
1739070 500
1739080 500
1739090 500
1739100 499
1739110 499
1739120 498
1739130 497
1739140 497
1739150 496
1739160 495
1739170 494
1739180 494
1739190 493
1739200 492
1739210 491
1739220 490
1739230 489
1739240 488
1739250 486
1739260 485
1739270 484
1739280 482
1739290 481
1739300 479
1739310 478
1739320 476
1739330 475
1739340 474
1739350 472
1739360 471
1739370 470
1739380 468
1739390 467
1739400 466
1739410 464
1739420 463
1739430 462
1739440 460
1739450 458
1739460 457
1739470 456
1739480 455
1739490 453
1739500 452
1739510 451
1739520 449
1739530 448
1739540 447
1739550 446
1739560 445
1739570 444
1739580 442
1739590 441
1739600 440
1739610 439
1739620 438
1739630 436
1739640 435
1739650 433
1739660 432
1739670 431
1739680 429
1739690 428
1739700 427
1739710 425
1739720 424
1739730 422
1739740 421
1739750 419
1739760 418
1739770 416
1739780 415
1739790 413
1739800 412
1739810 411
1739820 410
1739830 409
1739840 407
1739850 406
1739860 405
1739870 403
1739880 401
1739890 399
1739900 398
1739910 396
1739920 395
1739930 394
1739940 393
1739950 391
1739960 390
1739970 389
1739980 387
1739990 386
