1720000 359
1720010 360
1720020 360
1720030 360
1720040 361
1720050 363
1720060 365
1720070 366
1720080 368
1720090 370
1720100 371
1720110 373
1720120 375
1720130 378
1720140 380
1720150 382
1720160 383
1720170 385
1720180 387
1720190 388
1720200 389
1720210 390
1720220 391
1720230 392
1720240 393
1720250 393
1720260 394
1720270 394
1720280 395
1720290 395
1720300 396
1720310 396
1720320 396
1720330 397
1720340 397
1720350 396
1720360 396
1720370 396
1720380 395
1720390 395
1720400 394
1720410 394
1720420 394
1720430 393
1720440 393
1720450 392
1720460 391
1720470 390
1720480 390
1720490 389
1720500 388
1720510 387
1720520 387
1720530 386
1720540 385
1720550 384
1720560 384
1720570 383
1720580 382
1720590 381
1720600 381
1720610 380
1720620 379
1720630 378
1720640 378
1720650 377
1720660 377
1720670 376
1720680 375
1720690 375
1720700 374
1720710 374
1720720 373
1720730 373
1720740 372
1720750 372
1720760 372
1720770 371
1720780 371
1720790 371
1720800 370
1720810 370
1720820 370
1720830 370
1720840 369
1720850 369
1720860 369
1720870 369
1720880 368
1720890 368
1720900 368
1720910 368
1720920 368
1720930 367
1720940 367
1720950 367
1720960 367
1720970 367
1720980 366
1720990 366
1721000 366
1721010 366
1721020 365
1721030 365
1721040 365
1721050 365
1721060 364
1721070 364
1721080 364
1721090 363
1721100 363
1721110 362
1721120 362
1721130 361
1721140 360
1721150 359
1721160 357
1721170 356
1721180 356
1721190 355
1721200 355
1721210 354
1721220 353
1721230 351
1721240 351
1721250 350
1721260 350
1721270 351
1721280 353
1721290 355
1721300 356
1721310 357
1721320 358
1721330 359
1721340 360
1721350 362
1721360 362
1721370 364
1721380 365
1721390 366
1721400 367
1721410 368
1721420 370
1721430 371
1721440 372
1721450 373
1721460 374
1721470 375
1721480 376
1721490 377
1721500 378
1721510 379
1721520 380
1721530 381
1721540 382
1721550 384
1721560 385
1721570 386
1721580 386
1721590 387
1721600 387
1721610 387
1721620 388
1721630 388
1721640 389
1721650 389
1721660 389
1721670 389
1721680 389
1721690 390
1721700 390
1721710 390
1721720 390
1721730 390
1721740 390
1721750 390
1721760 389
1721770 389
1721780 389
1721790 389
1721800 388
1721810 388
1721820 387
1721830 387
1721840 387
1721850 387
1721860 386
1721870 385
1721880 384
1721890 384
1721900 383
1721910 383
1721920 382
1721930 381
1721940 380
1721950 379
1721960 378
1721970 377
1721980 376
1721990 375
1722000 374
1722010 373
1722020 372
1722030 371
1722040 369
1722050 368
1722060 367
1722070 366
1722080 365
1722090 364
1722100 364
1722110 363
1722120 362
1722130 361
1722140 360
1722150 358
1722160 357
1722170 357
1722180 359
1722190 361
1722200 362
1722210 363
1722220 364
1722230 365
1722240 366
1722250 367
1722260 368
1722270 368
1722280 369
1722290 370
1722300 370
1722310 371
1722320 371
1722330 371
1722340 371
1722350 371
1722360 372
1722370 372
1722380 372
1722390 371
1722400 371
1722410 371
1722420 371
1722430 370
1722440 370
1722450 369
1722460 369
1722470 368
1722480 368
1722490 368
1722500 367
1722510 366
1722520 365
1722530 364
1722540 363
1722550 362
1722560 362
1722570 361
1722580 360
1722590 359
1722600 357
1722610 355
1722620 354
1722630 354
1722640 353
1722650 353
1722660 354
1722670 355
1722680 357
1722690 358
1722700 359
1722710 360
1722720 362
1722730 363
1722740 365
1722750 366
1722760 367
1722770 368
1722780 369
1722790 370
1722800 371
1722810 372
1722820 373
1722830 374
1722840 375
1722850 375
1722860 376
1722870 377
1722880 377
1722890 378
1722900 378
1722910 379
1722920 379
1722930 379
1722940 379
1722950 379
1722960 379
1722970 379
1722980 379
1722990 379
1723000 379
1723010 379
1723020 379
1723030 378
1723040 378
1723050 378
1723060 377
1723070 377
1723080 377
1723090 376
1723100 376
1723110 376
1723120 375
1723130 375
1723140 375
1723150 374
1723160 374
1723170 373
1723180 373
1723190 373
1723200 372
1723210 372
1723220 371
1723230 371
1723240 370
1723250 370
1723260 370
1723270 369
1723280 369
1723290 368
1723300 368
1723310 368
1723320 368
1723330 368
1723340 368
1723350 367
1723360 367
1723370 367
1723380 367
1723390 366
1723400 366
1723410 366
1723420 365
1723430 365
1723440 366
1723450 366
1723460 365
1723470 364
1723480 365
1723490 365
1723500 365
1723510 365
1723520 364
1723530 364
1723540 363
1723550 363
1723560 363
1723570 362
1723580 362
1723590 362
1723600 362
1723610 361
1723620 361
1723630 361
1723640 360
1723650 360
1723660 358
1723670 357
1723680 358
1723690 358
1723700 358
1723710 359
1723720 360
1723730 360
1723740 361
1723750 361
1723760 361
1723770 361
1723780 361
1723790 361
1723800 362
1723810 362
1723820 363
1723830 363
1723840 364
1723850 364
1723860 364
1723870 365
1723880 365
1723890 365
1723900 365
1723910 366
1723920 366
1723930 366
1723940 366
1723950 366
1723960 366
1723970 366
1723980 366
1723990 365
1724000 365
1724010 365
1724020 365
1724030 365
1724040 365
1724050 364
1724060 364
1724070 364
1724080 363
1724090 363
1724100 363
1724110 362
1724120 362
1724130 361
1724140 361
1724150 361
1724160 361
1724170 361
1724180 361
1724190 361
1724200 361
1724210 361
1724220 360
1724230 360
1724240 360
1724250 360
1724260 360
1724270 360
1724280 360
1724290 359
1724300 359
1724310 359
1724320 359
1724330 359
1724340 359
1724350 358
1724360 358
1724370 358
1724380 358
1724390 358
1724400 358
1724410 357
1724420 357
1724430 357
1724440 356
1724450 356
1724460 355
1724470 355
1724480 354
1724490 354
1724500 353
1724510 353
1724520 353
1724530 353
1724540 352
1724550 352
1724560 352
1724570 352
1724580 352
1724590 352
1724600 352
1724610 352
1724620 352
1724630 352
1724640 352
1724650 352
1724660 352
1724670 352
1724680 352
1724690 352
1724700 352
1724710 352
1724720 352
1724730 352
1724740 352
1724750 351
1724760 351
1724770 351
1724780 351
1724790 351
1724800 351
1724810 351
1724820 351
1724830 351
1724840 351
1724850 351
1724860 351
1724870 350
1724880 350
1724890 351
1724900 350
1724910 350
1724920 349
1724930 349
1724940 349
1724950 349
1724960 349
1724970 349
1724980 349
1724990 348
1725000 348
1725010 348
1725020 348
1725030 347
1725040 347
1725050 347
1725060 346
1725070 346
1725080 346
1725090 345
1725100 345
1725110 344
1725120 344
1725130 343
1725140 343
1725150 342
1725160 341
1725170 341
1725180 340
1725190 339
1725200 337
1725210 336
1725220 334
1725230 333
1725240 332
1725250 331
1725260 330
1725270 330
1725280 330
1725290 329
1725300 329
1725310 329
1725320 328
1725330 328
1725340 328
1725350 327
1725360 327
1725370 326
1725380 325
1725390 325
1725400 326
1725410 325
1725420 325
1725430 324
1725440 323
1725450 323
1725460 322
1725470 322
1725480 322
1725490 322
1725500 321
1725510 321
1725520 321
1725530 320
1725540 320
1725550 321
1725560 321
1725570 321
1725580 322
1725590 322
1725600 321
1725610 321
1725620 320
1725630 320
1725640 320
1725650 321
1725660 321
1725670 320
1725680 320
1725690 320
1725700 320
1725710 321
1725720 321
1725730 322
1725740 322
1725750 322
1725760 321
1725770 321
1725780 321
1725790 321
1725800 321
1725810 321
1725820 321
1725830 321
1725840 321
1725850 320
1725860 320
1725870 320
1725880 320
1725890 320
1725900 320
1725910 320
1725920 320
1725930 319
1725940 319
1725950 319
1725960 318
1725970 318
1725980 318
1725990 318
1726000 318
1726010 318
1726020 318
1726030 318
1726040 318
1726050 318
1726060 318
1726070 318
1726080 318
1726090 318
1726100 318
1726110 318
1726120 318
1726130 318
1726140 318
1726150 318
1726160 318
1726170 318
1726180 317
1726190 317
1726200 317
1726210 317
1726220 317
1726230 317
1726240 317
1726250 317
1726260 317
1726270 317
1726280 317
1726290 317
1726300 317
1726310 317
1726320 317
1726330 317
1726340 317
1726350 316
1726360 315
1726370 314
1726380 314
1726390 315
1726400 316
1726410 316
1726420 317
1726430 317
1726440 319
1726450 322
1726460 325
1726470 328
1726480 331
1726490 334
1726500 336
1726510 338
1726520 340
1726530 341
1726540 343
1726550 344
1726560 346
1726570 347
1726580 348
1726590 350
1726600 351
1726610 353
1726620 354
1726630 356
1726640 357
1726650 358
1726660 360
1726670 360
1726680 362
1726690 363
1726700 364
1726710 366
1726720 367
1726730 368
1726740 370
1726750 371
1726760 372
1726770 374
1726780 375
1726790 376
1726800 377
1726810 379
1726820 380
1726830 381
1726840 382
1726850 383
1726860 384
1726870 385
1726880 386
1726890 387
1726900 387
1726910 388
1726920 388
1726930 389
1726940 390
1726950 390
1726960 390
1726970 391
1726980 391
1726990 391
1727000 392
1727010 392
1727020 392
1727030 392
1727040 392
1727050 392
1727060 392
1727070 393
1727080 393
1727090 393
1727100 393
1727110 393
1727120 393
1727130 393
1727140 393
1727150 393
1727160 393
1727170 393
1727180 393
1727190 393
1727200 393
1727210 393
1727220 393
1727230 393
1727240 393
1727250 393
1727260 393
1727270 393
1727280 393
1727290 393
1727300 393
1727310 393
1727320 393
1727330 393
1727340 393
1727350 393
1727360 393
1727370 393
1727380 393
1727390 394
1727400 394
1727410 394
1727420 394
1727430 394
1727440 394
1727450 394
1727460 395
1727470 395
1727480 395
1727490 395
1727500 395
1727510 395
1727520 395
1727530 395
1727540 396
1727550 396
1727560 396
1727570 396
1727580 396
1727590 397
1727600 397
1727610 397
1727620 398
1727630 398
1727640 399
1727650 399
1727660 399
1727670 399
1727680 399
1727690 399
1727700 399
1727710 400
1727720 400
1727730 400
1727740 400
1727750 401
1727760 401
1727770 402
1727780 402
1727790 403
1727800 403
1727810 404
1727820 404
1727830 405
1727840 406
1727850 406
1727860 407
1727870 408
1727880 409
1727890 410
1727900 410
1727910 411
1727920 412
1727930 412
1727940 413
1727950 414
1727960 414
1727970 415
1727980 415
1727990 416
1728000 416
1728010 417
1728020 417
1728030 417
1728040 418
1728050 418
1728060 418
1728070 419
1728080 419
1728090 419
1728100 420
1728110 420
1728120 420
1728130 420
1728140 420
1728150 420
1728160 420
1728170 420
1728180 420
1728190 421
1728200 421
1728210 421
1728220 421
1728230 421
1728240 421
1728250 422
1728260 422
1728270 422
1728280 422
1728290 422
1728300 422
1728310 422
1728320 422
1728330 421
1728340 421
1728350 420
1728360 420
1728370 419
1728380 418
1728390 417
1728400 415
1728410 412
1728420 408
1728430 405
1728440 403
1728450 400
1728460 398
1728470 395
1728480 393
1728490 391
1728500 389
1728510 387
1728520 386
1728530 384
1728540 382
1728550 380
1728560 376
1728570 372
1728580 375
1728590 376
1728600 377
1728610 377
1728620 377
1728630 377
1728640 378
1728650 379
1728660 380
1728670 381
1728680 382
1728690 383
1728700 384
1728710 384
1728720 385
1728730 386
1728740 387
1728750 389
1728760 390
1728770 391
1728780 392
1728790 393
1728800 394
1728810 394
1728820 395
1728830 396
1728840 396
1728850 397
1728860 397
1728870 398
1728880 398
1728890 398
1728900 399
1728910 400
1728920 400
1728930 401
1728940 401
1728950 402
1728960 403
1728970 403
1728980 404
1728990 405
1729000 405
1729010 406
1729020 407
1729030 408
1729040 409
1729050 410
1729060 411
1729070 411
1729080 412
1729090 412
1729100 413
1729110 413
1729120 413
1729130 413
1729140 412
1729150 412
1729160 411
1729170 411
1729180 410
1729190 409
1729200 408
1729210 407
1729220 406
1729230 405
1729240 404
1729250 403
1729260 402
1729270 401
1729280 400
1729290 398
1729300 397
1729310 396
1729320 394
1729330 393
1729340 392
1729350 391
1729360 389
1729370 387
1729380 385
1729390 383
1729400 380
1729410 377
1729420 375
1729430 372
1729440 369
1729450 367
1729460 365
1729470 364
1729480 363
1729490 361
1729500 360
1729510 358
1729520 357
1729530 356
1729540 354
1729550 353
1729560 352
1729570 351
1729580 349
1729590 348
1729600 347
1729610 346
1729620 346
1729630 345
1729640 345
1729650 343
1729660 342
1729670 342
1729680 342
1729690 342
1729700 341
1729710 341
1729720 341
1729730 340
1729740 340
1729750 340
1729760 342
1729770 342
1729780 343
1729790 344
1729800 345
1729810 347
1729820 349
1729830 351
1729840 353
1729850 355
1729860 356
1729870 358
1729880 359
1729890 361
1729900 362
1729910 364
1729920 365
1729930 367
1729940 368
1729950 369
1729960 370
1729970 371
1729980 372
1729990 373
1730000 374
1730010 376
1730020 377
1730030 378
1730040 378
1730050 379
1730060 380
1730070 380
1730080 381
1730090 382
1730100 382
1730110 383
1730120 384
1730130 385
1730140 386
1730150 387
1730160 388
1730170 389
1730180 390
1730190 390
1730200 391
1730210 392
1730220 392
1730230 393
1730240 393
1730250 393
1730260 394
1730270 394
1730280 396
1730290 397
1730300 398
1730310 398
1730320 398
1730330 397
1730340 397
1730350 398
1730360 398
1730370 398
1730380 399
1730390 399
1730400 399
1730410 400
1730420 400
1730430 401
1730440 401
1730450 402
1730460 402
1730470 403
1730480 404
1730490 405
1730500 406
1730510 406
1730520 407
1730530 408
1730540 408
1730550 409
1730560 410
1730570 410
1730580 410
1730590 410
1730600 411
1730610 411
1730620 411
1730630 412
1730640 412
1730650 413
1730660 414
1730670 414
1730680 414
1730690 414
1730700 413
1730710 413
1730720 413
1730730 413
1730740 413
1730750 413
1730760 413
1730770 412
1730780 412
1730790 412
1730800 411
1730810 411
1730820 411
1730830 411
1730840 410
1730850 410
1730860 410
1730870 410
1730880 410
1730890 410
1730900 409
1730910 409
1730920 409
1730930 409
1730940 409
1730950 409
1730960 409
1730970 409
1730980 409
1730990 409
1731000 409
1731010 409
1731020 409
1731030 409
1731040 409
1731050 410
1731060 410
1731070 410
1731080 410
1731090 410
1731100 410
1731110 410
1731120 410
1731130 410
1731140 410
1731150 410
1731160 409
1731170 408
1731180 408
1731190 406
1731200 404
1731210 404
1731220 406
1731230 408
1731240 411
1731250 413
1731260 415
1731270 418
1731280 420
1731290 422
1731300 423
1731310 425
1731320 426
1731330 427
1731340 428
1731350 429
1731360 431
1731370 432
1731380 433
1731390 434
1731400 435
1731410 436
1731420 438
1731430 439
1731440 440
1731450 441
1731460 442
1731470 442
1731480 443
1731490 444
1731500 444
1731510 445
1731520 446
1731530 446
1731540 447
1731550 447
1731560 448
1731570 449
1731580 449
1731590 450
1731600 450
1731610 451
1731620 452
1731630 452
1731640 453
1731650 453
1731660 453
1731670 453
1731680 453
1731690 454
1731700 454
1731710 454
1731720 454
1731730 454
1731740 454
1731750 454
1731760 454
1731770 453
1731780 453
1731790 453
1731800 452
1731810 452
1731820 451
1731830 450
1731840 447
1731850 447
1731860 449
1731870 450
1731880 451
1731890 452
1731900 453
1731910 455
1731920 456
1731930 457
1731940 458
1731950 459
1731960 460
1731970 461
1731980 462
1731990 463
1732000 463
1732010 464
1732020 465
1732030 466
1732040 467
1732050 467
1732060 468
1732070 468
1732080 468
1732090 467
1732100 467
1732110 467
1732120 467
1732130 466
1732140 466
1732150 466
1732160 465
1732170 465
1732180 464
1732190 463
1732200 462
1732210 462
1732220 461
1732230 460
1732240 459
1732250 459
1732260 458
1732270 457
1732280 457
1732290 455
1732300 454
1732310 453
1732320 451
1732330 449
1732340 447
1732350 446
1732360 444
1732370 443
1732380 443
1732390 444
1732400 446
1732410 449
1732420 451
1732430 453
1732440 455
1732450 457
1732460 458
1732470 460
1732480 461
1732490 462
1732500 464
1732510 465
1732520 467
1732530 468
1732540 469
1732550 471
1732560 472
1732570 473
1732580 474
1732590 475
1732600 476
1732610 477
1732620 479
1732630 480
1732640 481
1732650 483
1732660 484
1732670 484
1732680 485
1732690 486
1732700 486
1732710 487
1732720 488
1732730 488
1732740 489
1732750 489
1732760 489
1732770 490
1732780 489
1732790 489
1732800 489
1732810 488
1732820 488
1732830 487
1732840 486
1732850 486
1732860 485
1732870 484
1732880 483
1732890 482
1732900 480
1732910 479
1732920 478
1732930 477
1732940 476
1732950 474
1732960 473
1732970 472
1732980 471
1732990 470
1733000 468
1733010 465
1733020 462
1733030 459
1733040 456
1733050 453
1733060 451
1733070 450
1733080 451
1733090 452
1733100 452
1733110 452
1733120 452
1733130 451
1733140 452
1733150 452
1733160 452
1733170 450
1733180 450
1733190 452
1733200 454
1733210 455
1733220 457
1733230 458
1733240 459
1733250 460
1733260 461
1733270 462
1733280 463
1733290 463
1733300 464
1733310 464
1733320 464
1733330 464
1733340 464
1733350 464
1733360 464
1733370 464
1733380 463
1733390 463
1733400 462
1733410 462
1733420 461
1733430 460
1733440 459
1733450 459
1733460 458
1733470 457
1733480 456
1733490 455
1733500 454
1733510 452
1733520 451
1733530 450
1733540 448
1733550 446
1733560 444
1733570 442
1733580 440
1733590 437
1733600 435
1733610 433
1733620 431
1733630 430
1733640 429
1733650 429
1733660 428
1733670 427
1733680 428
1733690 431
1733700 433
1733710 434
1733720 436
1733730 437
1733740 439
1733750 440
1733760 441
1733770 443
1733780 444
1733790 444
1733800 445
1733810 446
1733820 447
1733830 447
1733840 448
1733850 448
1733860 448
1733870 448
1733880 448
1733890 448
1733900 447
1733910 447
1733920 447
1733930 446
1733940 445
1733950 444
1733960 444
1733970 443
1733980 442
1733990 441
1734000 441
1734010 440
1734020 440
1734030 439
1734040 438
1734050 438
1734060 437
1734070 436
1734080 436
1734090 436
1734100 438
1734110 439
1734120 439
1734130 440
1734140 441
1734150 442
1734160 443
1734170 444
1734180 445
1734190 446
1734200 446
1734210 447
1734220 447
1734230 448
1734240 448
1734250 448
1734260 448
1734270 449
1734280 449
1734290 449
1734300 449
1734310 449
1734320 449
1734330 448
1734340 448
1734350 448
1734360 447
1734370 446
1734380 446
1734390 445
1734400 444
1734410 443
1734420 442
1734430 441
1734440 440
1734450 440
1734460 439
1734470 438
1734480 437
1734490 436
1734500 435
1734510 434
1734520 433
1734530 433
1734540 432
1734550 431
1734560 430
1734570 429
1734580 428
1734590 426
1734600 426
1734610 427
1734620 426
1734630 426
1734640 425
1734650 425
1734660 425
1734670 424
1734680 424
1734690 424
1734700 424
1734710 424
1734720 423
1734730 423
1734740 424
1734750 424
1734760 424
1734770 424
1734780 424
1734790 424
1734800 424
1734810 424
1734820 425
1734830 425
1734840 425
1734850 426
1734860 426
1734870 426
1734880 427
1734890 427
1734900 427
1734910 428
1734920 429
1734930 429
1734940 430
1734950 430
1734960 430
1734970 431
1734980 431
1734990 431
1735000 431
1735010 431
1735020 432
1735030 432
1735040 432
1735050 432
1735060 432
1735070 433
1735080 433
1735090 434
1735100 434
1735110 434
1735120 434
1735130 434
1735140 433
1735150 433
1735160 432
1735170 431
1735180 431
1735190 430
1735200 429
1735210 428
1735220 427
1735230 426
1735240 425
1735250 424
1735260 422
1735270 421
1735280 420
1735290 419
1735300 418
1735310 417
1735320 415
1735330 414
1735340 413
1735350 412
1735360 410
1735370 409
1735380 407
1735390 406
1735400 405
1735410 403
1735420 402
1735430 401
1735440 399
1735450 397
1735460 395
1735470 393
1735480 392
1735490 390
1735500 388
1735510 386
1735520 384
1735530 382
1735540 380
1735550 378
1735560 376
1735570 374
1735580 372
1735590 370
1735600 368
1735610 368
1735620 367
1735630 366
1735640 365
1735650 363
1735660 362
1735670 362
1735680 361
1735690 361
1735700 360
1735710 359
1735720 358
1735730 357
1735740 356
1735750 355
1735760 354
1735770 353
1735780 351
1735790 350
1735800 348
1735810 346
1735820 344
1735830 343
1735840 341
1735850 339
1735860 338
1735870 336
1735880 335
1735890 333
1735900 330
1735910 328
1735920 327
1735930 326
1735940 326
1735950 325
1735960 325
1735970 326
1735980 326
1735990 326
1736000 326
1736010 326
1736020 325
1736030 325
1736040 325
1736050 325
1736060 326
1736070 325
1736080 325
1736090 325
1736100 325
1736110 325
1736120 325
1736130 325
1736140 325
1736150 325
1736160 325
1736170 325
1736180 325
1736190 325
1736200 325
1736210 325
1736220 325
1736230 325
1736240 325
1736250 325
1736260 325
1736270 325
1736280 325
1736290 325
1736300 325
1736310 325
1736320 324
1736330 322
1736340 323
1736350 324
1736360 325
1736370 325
1736380 326
1736390 325
1736400 325
1736410 324
1736420 324
1736430 323
1736440 322
1736450 322
1736460 322
1736470 322
1736480 322
1736490 322
1736500 322
1736510 322
1736520 322
1736530 323
1736540 323
1736550 324
1736560 324
1736570 323
1736580 323
1736590 322
1736600 322
1736610 322
1736620 322
1736630 322
1736640 322
1736650 322
1736660 322
1736670 322
1736680 322
1736690 322
1736700 322
1736710 322
1736720 322
1736730 322
1736740 322
1736750 322
1736760 322
1736770 322
1736780 322
1736790 322
1736800 322
1736810 322
1736820 322
1736830 322
1736840 322
1736850 322
1736860 322
1736870 322
1736880 322
1736890 322
1736900 323
1736910 325
1736920 326
1736930 327
1736940 327
1736950 327
1736960 327
1736970 328
1736980 328
1736990 328
1737000 328
1737010 328
1737020 328
1737030 328
1737040 328
1737050 329
1737060 330
1737070 333
1737080 335
1737090 339
1737100 342
1737110 346
1737120 348
1737130 350
1737140 352
1737150 353
1737160 354
1737170 355
1737180 356
1737190 357
1737200 358
1737210 359
1737220 360
1737230 362
1737240 363
1737250 364
1737260 365
1737270 367
1737280 368
1737290 369
1737300 370
1737310 372
1737320 373
1737330 374
1737340 375
1737350 376
1737360 377
1737370 378
1737380 380
1737390 381
1737400 382
1737410 383
1737420 384
1737430 385
1737440 386
1737450 387
1737460 388
1737470 389
1737480 390
1737490 391
1737500 392
1737510 393
1737520 393
1737530 394
1737540 395
1737550 396
1737560 397
1737570 397
1737580 398
1737590 399
1737600 400
1737610 400
1737620 401
1737630 402
1737640 402
1737650 403
1737660 404
1737670 405
1737680 405
1737690 406
1737700 406
1737710 407
1737720 408
1737730 408
1737740 409
1737750 409
1737760 410
1737770 410
1737780 411
1737790 411
1737800 412
1737810 413
1737820 413
1737830 413
1737840 414
1737850 414
1737860 415
1737870 415
1737880 415
1737890 416
1737900 416
1737910 416
1737920 417
1737930 417
1737940 417
1737950 417
1737960 418
1737970 418
1737980 418
1737990 419
1738000 419
1738010 419
1738020 419
1738030 420
1738040 420
1738050 420
1738060 420
1738070 420
1738080 420
1738090 421
1738100 421
1738110 421
1738120 421
1738130 421
1738140 420
1738150 420
1738160 420
1738170 420
1738180 420
1738190 420
1738200 420
1738210 420
1738220 420
1738230 419
1738240 419
1738250 419
1738260 418
1738270 418
1738280 417
1738290 417
1738300 416
1738310 415
1738320 415
1738330 414
1738340 414
1738350 413
1738360 412
1738370 411
1738380 410
1738390 410
1738400 410
1738410 410
1738420 409
1738430 409
1738440 408
1738450 408
1738460 407
1738470 406
1738480 406
1738490 406
1738500 406
1738510 406
1738520 406
1738530 406
1738540 406
1738550 406
1738560 406
1738570 405
1738580 405
1738590 405
1738600 405
1738610 405
1738620 405
1738630 404
1738640 404
1738650 404
1738660 403
1738670 403
1738680 402
1738690 402
1738700 402
1738710 401
1738720 401
1738730 400
1738740 400
1738750 399
1738760 399
1738770 398
1738780 398
1738790 398
1738800 397
1738810 397
1738820 396
1738830 396
1738840 395
1738850 395
1738860 395
1738870 395
1738880 394
1738890 394
1738900 394
1738910 393
1738920 393
1738930 392
1738940 392
1738950 391
1738960 391
1738970 390
1738980 390
1738990 389
1739000 389
1739010 388
1739020 387
1739030 386
1739040 385
1739050 385
1739060 384
1739070 384
1739080 383
1739090 382
1739100 382
1739110 381
1739120 380
1739130 380
1739140 379
1739150 379
1739160 378
1739170 378
1739180 377
1739190 376
1739200 374
1739210 374
1739220 373
1739230 373
1739240 372
1739250 371
1739260 370
1739270 369
1739280 367
1739290 365
1739300 362
1739310 360
1739320 359
1739330 358
1739340 357
1739350 357
1739360 357
1739370 356
1739380 356
1739390 355
1739400 355
1739410 354
1739420 354
1739430 354
1739440 354
1739450 354
1739460 354
1739470 354
1739480 354
1739490 354
1739500 354
1739510 354
1739520 353
1739530 353
1739540 352
1739550 352
1739560 352
1739570 352
1739580 352
1739590 352
1739600 352
1739610 352
1739620 353
1739630 354
1739640 354
1739650 354
1739660 354
1739670 354
1739680 354
1739690 355
1739700 355
1739710 355
1739720 356
1739730 356
1739740 356
1739750 356
1739760 356
1739770 356
1739780 356
1739790 356
1739800 356
1739810 356
1739820 356
1739830 356
1739840 357
1739850 358
1739860 358
1739870 358
1739880 359
1739890 359
1739900 359
1739910 359
1739920 359
1739930 359
1739940 359
1739950 357
1739960 355
1739970 353
1739980 351
1739990 351
