1720000 371
1720010 371
1720020 372
1720030 372
1720040 372
1720050 372
1720060 372
1720070 371
1720080 371
1720090 371
1720100 370
1720110 370
1720120 370
1720130 370
1720140 370
1720150 370
1720160 370
1720170 370
1720180 370
1720190 370
1720200 370
1720210 370
1720220 370
1720230 371
1720240 371
1720250 372
1720260 372
1720270 373
1720280 373
1720290 374
1720300 374
1720310 374
1720320 375
1720330 375
1720340 375
1720350 375
1720360 376
1720370 377
1720380 378
1720390 379
1720400 379
1720410 380
1720420 381
1720430 382
1720440 382
1720450 382
1720460 382
1720470 381
1720480 381
1720490 381
1720500 381
1720510 381
1720520 382
1720530 383
1720540 383
1720550 383
1720560 383
1720570 383
1720580 382
1720590 381
1720600 381
1720610 382
1720620 384
1720630 386
1720640 388
1720650 390
1720660 391
1720670 392
1720680 393
1720690 394
1720700 394
1720710 394
1720720 395
1720730 395
1720740 394
1720750 394
1720760 394
1720770 394
1720780 395
1720790 397
1720800 397
1720810 398
1720820 398
1720830 399
1720840 400
1720850 402
1720860 403
1720870 404
1720880 404
1720890 404
1720900 405
1720910 405
1720920 406
1720930 406
1720940 406
1720950 407
1720960 409
1720970 410
1720980 412
1720990 415
1721000 418
1721010 420
1721020 422
1721030 424
1721040 425
1721050 426
1721060 427
1721070 427
1721080 428
1721090 429
1721100 430
1721110 432
1721120 433
1721130 434
1721140 435
1721150 436
1721160 436
1721170 437
1721180 437
1721190 438
1721200 438
1721210 439
1721220 439
1721230 440
1721240 440
1721250 441
1721260 441
1721270 441
1721280 442
1721290 442
1721300 442
1721310 442
1721320 442
1721330 443
1721340 443
1721350 443
1721360 443
1721370 443
1721380 443
1721390 443
1721400 443
1721410 443
1721420 443
1721430 443
1721440 443
1721450 443
1721460 444
1721470 444
1721480 444
1721490 444
1721500 444
1721510 444
1721520 444
1721530 444
1721540 444
1721550 444
1721560 444
1721570 444
1721580 444
1721590 444
1721600 444
1721610 444
1721620 444
1721630 444
1721640 444
1721650 444
1721660 444
1721670 443
1721680 443
1721690 443
1721700 443
1721710 443
1721720 442
1721730 442
1721740 442
1721750 442
1721760 442
1721770 442
1721780 441
1721790 441
1721800 441
1721810 440
1721820 440
1721830 439
1721840 439
1721850 438
1721860 438
1721870 437
1721880 436
1721890 435
1721900 434
1721910 433
1721920 432
1721930 431
1721940 430
1721950 428
1721960 427
1721970 425
1721980 424
1721990 422
1722000 421
1722010 420
1722020 419
1722030 418
1722040 417
1722050 415
1722060 413
1722070 413
1722080 414
1722090 415
1722100 415
1722110 416
1722120 417
1722130 418
1722140 420
1722150 421
1722160 422
1722170 424
1722180 425
1722190 426
1722200 427
1722210 427
1722220 428
1722230 429
1722240 429
1722250 430
1722260 430
1722270 431
1722280 431
1722290 431
1722300 432
1722310 432
1722320 432
1722330 433
1722340 433
1722350 433
1722360 433
1722370 433
1722380 434
1722390 434
1722400 434
1722410 434
1722420 434
1722430 434
1722440 434
1722450 434
1722460 434
1722470 434
1722480 434
1722490 434
1722500 434
1722510 433
1722520 433
1722530 433
1722540 433
1722550 433
1722560 433
1722570 432
1722580 432
1722590 432
1722600 432
1722610 432
1722620 432
1722630 431
1722640 431
1722650 431
1722660 430
1722670 430
1722680 430
1722690 430
1722700 430
1722710 429
1722720 429
1722730 429
1722740 429
1722750 428
1722760 428
1722770 428
1722780 427
1722790 427
1722800 427
1722810 427
1722820 427
1722830 426
1722840 426
1722850 426
1722860 426
1722870 426
1722880 425
1722890 425
1722900 425
1722910 424
1722920 424
1722930 424
1722940 423
1722950 423
1722960 422
1722970 422
1722980 421
1722990 421
1723000 421
1723010 420
1723020 420
1723030 419
1723040 419
1723050 418
1723060 417
1723070 416
1723080 415
1723090 415
1723100 414
1723110 414
1723120 413
1723130 413
1723140 412
1723150 412
1723160 412
1723170 411
1723180 411
1723190 410
1723200 410
1723210 409
1723220 409
1723230 409
1723240 408
1723250 408
1723260 408
1723270 408
1723280 407
1723290 407
1723300 407
1723310 406
1723320 406
1723330 406
1723340 405
1723350 405
1723360 404
1723370 404
1723380 404
1723390 403
1723400 403
1723410 402
1723420 402
1723430 401
1723440 401
1723450 400
1723460 400
1723470 400
1723480 399
1723490 398
1723500 398
1723510 397
1723520 397
1723530 396
1723540 396
1723550 395
1723560 394
1723570 393
1723580 392
1723590 391
1723600 390
1723610 388
1723620 387
1723630 386
1723640 385
1723650 383
1723660 383
1723670 382
1723680 381
1723690 381
1723700 380
1723710 380
1723720 379
1723730 379
1723740 378
1723750 378
1723760 377
1723770 377
1723780 376
1723790 376
1723800 375
1723810 375
1723820 374
1723830 374
1723840 373
1723850 373
1723860 372
1723870 371
1723880 371
1723890 370
1723900 370
1723910 369
1723920 368
1723930 367
1723940 366
1723950 364
1723960 362
1723970 359
1723980 356
1723990 355
1724000 354
1724010 354
1724020 355
1724030 356
1724040 356
1724050 356
1724060 358
1724070 359
1724080 361
1724090 362
1724100 364
1724110 366
1724120 368
1724130 369
1724140 371
1724150 373
1724160 374
1724170 376
1724180 378
1724190 379
1724200 381
1724210 383
1724220 384
1724230 386
1724240 387
1724250 388
1724260 389
1724270 390
1724280 391
1724290 392
1724300 393
1724310 394
1724320 395
1724330 396
1724340 396
1724350 397
1724360 397
1724370 398
1724380 398
1724390 398
1724400 398
1724410 398
1724420 398
1724430 398
1724440 398
1724450 398
1724460 398
1724470 398
1724480 398
1724490 398
1724500 398
1724510 397
1724520 397
1724530 396
1724540 396
1724550 395
1724560 395
1724570 395
1724580 394
1724590 394
1724600 394
1724610 394
1724620 394
1724630 394
1724640 394
1724650 394
1724660 394
1724670 394
1724680 394
1724690 394
1724700 394
1724710 395
1724720 395
1724730 395
1724740 395
1724750 395
1724760 396
1724770 396
1724780 396
1724790 397
1724800 397
1724810 397
1724820 397
1724830 398
1724840 398
1724850 398
1724860 399
1724870 399
1724880 399
1724890 400
1724900 400
1724910 400
1724920 401
1724930 401
1724940 401
1724950 401
1724960 401
1724970 402
1724980 402
1724990 402
1725000 402
1725010 402
1725020 402
1725030 402
1725040 402
1725050 402
1725060 402
1725070 402
1725080 402
1725090 402
1725100 402
1725110 402
1725120 402
1725130 402
1725140 402
1725150 402
1725160 402
1725170 401
1725180 401
1725190 401
1725200 401
1725210 401
1725220 401
1725230 401
1725240 401
1725250 401
1725260 401
1725270 401
1725280 400
1725290 400
1725300 400
1725310 400
1725320 400
1725330 400
1725340 400
1725350 400
1725360 400
1725370 401
1725380 400
1725390 400
1725400 400
1725410 400
1725420 400
1725430 400
1725440 400
1725450 400
1725460 400
1725470 400
1725480 400
1725490 400
1725500 400
1725510 400
1725520 399
1725530 399
1725540 398
1725550 398
1725560 397
1725570 397
1725580 397
1725590 396
1725600 396
1725610 395
1725620 395
1725630 394
1725640 393
1725650 393
1725660 392
1725670 391
1725680 391
1725690 390
1725700 390
1725710 389
1725720 389
1725730 388
1725740 387
1725750 387
1725760 386
1725770 385
1725780 384
1725790 383
1725800 382
1725810 381
1725820 380
1725830 380
1725840 379
1725850 379
1725860 379
1725870 378
1725880 378
1725890 377
1725900 377
1725910 376
1725920 376
1725930 375
1725940 375
1725950 375
1725960 375
1725970 374
1725980 374
1725990 374
1726000 374
1726010 374
1726020 374
1726030 373
1726040 373
1726050 373
1726060 373
1726070 373
1726080 373
1726090 373
1726100 373
1726110 373
1726120 373
1726130 373
1726140 373
1726150 373
1726160 372
1726170 372
1726180 372
1726190 372
1726200 372
1726210 372
1726220 372
1726230 372
1726240 372
1726250 371
1726260 371
1726270 371
1726280 371
1726290 370
1726300 370
1726310 370
1726320 370
1726330 370
1726340 369
1726350 369
1726360 369
1726370 368
1726380 367
1726390 367
1726400 367
1726410 366
1726420 366
1726430 366
1726440 365
1726450 365
1726460 364
1726470 364
1726480 364
1726490 363
1726500 363
1726510 362
1726520 362
1726530 362
1726540 361
1726550 361
1726560 361
1726570 360
1726580 360
1726590 359
1726600 359
1726610 359
1726620 358
1726630 358
1726640 358
1726650 357
1726660 357
1726670 356
1726680 356
1726690 355
1726700 355
1726710 354
1726720 354
1726730 353
1726740 353
1726750 352
1726760 352
1726770 351
1726780 350
1726790 349
1726800 349
1726810 348
1726820 347
1726830 346
1726840 344
1726850 342
1726860 341
1726870 340
1726880 339
1726890 338
1726900 337
1726910 336
1726920 335
1726930 334
1726940 333
1726950 331
1726960 329
1726970 329
1726980 328
1726990 327
1727000 327
1727010 327
1727020 327
1727030 327
1727040 326
1727050 326
1727060 326
1727070 326
1727080 325
1727090 324
1727100 324
1727110 324
1727120 325
1727130 324
1727140 323
1727150 323
1727160 322
1727170 322
1727180 323
1727190 323
1727200 323
1727210 323
1727220 323
1727230 322
1727240 322
1727250 321
1727260 320
1727270 319
1727280 320
1727290 320
1727300 321
1727310 322
1727320 324
1727330 326
1727340 328
1727350 329
1727360 331
1727370 332
1727380 332
1727390 333
1727400 334
1727410 335
1727420 336
1727430 338
1727440 339
1727450 340
1727460 342
1727470 343
1727480 343
1727490 344
1727500 345
1727510 345
1727520 346
1727530 346
1727540 347
1727550 348
1727560 349
1727570 349
1727580 350
1727590 350
1727600 351
1727610 351
1727620 352
1727630 352
1727640 352
1727650 353
1727660 353
1727670 353
1727680 353
1727690 353
1727700 353
1727710 353
1727720 353
1727730 353
1727740 353
1727750 353
1727760 353
1727770 352
1727780 352
1727790 352
1727800 352
1727810 351
1727820 351
1727830 351
1727840 350
1727850 350
1727860 349
1727870 348
1727880 348
1727890 348
1727900 348
1727910 347
1727920 347
1727930 347
1727940 347
1727950 347
1727960 347
1727970 347
1727980 346
1727990 346
1728000 346
1728010 345
1728020 345
1728030 344
1728040 343
1728050 343
1728060 342
1728070 341
1728080 340
1728090 339
1728100 338
1728110 337
1728120 337
1728130 336
1728140 336
1728150 336
1728160 336
1728170 336
1728180 335
1728190 335
1728200 335
1728210 335
1728220 334
1728230 334
1728240 334
1728250 334
1728260 333
1728270 333
1728280 333
1728290 332
1728300 332
1728310 331
1728320 331
1728330 331
1728340 331
1728350 330
1728360 330
1728370 330
1728380 330
1728390 330
1728400 329
1728410 329
1728420 329
1728430 329
1728440 328
1728450 328
1728460 328
1728470 328
1728480 328
1728490 328
1728500 327
1728510 327
1728520 327
1728530 327
1728540 326
1728550 326
1728560 326
1728570 325
1728580 325
1728590 325
1728600 324
1728610 324
1728620 323
1728630 323
1728640 323
1728650 322
1728660 322
1728670 321
1728680 321
1728690 320
1728700 320
1728710 319
1728720 318
1728730 318
1728740 317
1728750 316
1728760 316
1728770 315
1728780 314
1728790 313
1728800 312
1728810 311
1728820 310
1728830 309
1728840 308
1728850 308
1728860 308
1728870 307
1728880 306
1728890 306
1728900 306
1728910 306
1728920 306
1728930 306
1728940 306
1728950 306
1728960 306
1728970 306
1728980 306
1728990 306
1729000 306
1729010 306
1729020 306
1729030 306
1729040 306
1729050 306
1729060 306
1729070 305
1729080 305
1729090 305
1729100 306
1729110 306
1729120 306
1729130 306
1729140 306
1729150 306
1729160 305
1729170 305
1729180 305
1729190 305
1729200 305
1729210 305
1729220 305
1729230 305
1729240 305
1729250 305
1729260 305
1729270 305
1729280 305
1729290 305
1729300 305
1729310 305
1729320 305
1729330 305
1729340 305
1729350 305
1729360 305
1729370 305
1729380 305
1729390 305
1729400 305
1729410 305
1729420 305
1729430 305
1729440 305
1729450 305
1729460 305
1729470 305
1729480 305
1729490 305
1729500 305
1729510 305
1729520 305
1729530 305
1729540 305
1729550 304
1729560 304
1729570 304
1729580 304
1729590 304
1729600 304
1729610 304
1729620 304
1729630 304
1729640 304
1729650 304
1729660 304
1729670 304
1729680 304
1729690 304
1729700 304
1729710 304
1729720 303
1729730 303
1729740 303
1729750 303
1729760 303
1729770 303
1729780 302
1729790 302
1729800 302
1729810 302
1729820 302
1729830 302
1729840 302
1729850 303
1729860 303
1729870 305
1729880 307
1729890 308
1729900 309
1729910 310
1729920 311
1729930 313
1729940 314
1729950 316
1729960 319
1729970 320
1729980 322
1729990 324
1730000 326
1730010 327
1730020 329
1730030 331
1730040 332
1730050 334
1730060 336
1730070 337
1730080 338
1730090 340
1730100 341
1730110 342
1730120 343
1730130 344
1730140 345
1730150 346
1730160 347
1730170 348
1730180 349
1730190 350
1730200 350
1730210 351
1730220 352
1730230 353
1730240 354
1730250 354
1730260 355
1730270 355
1730280 356
1730290 356
1730300 357
1730310 357
1730320 357
1730330 357
1730340 357
1730350 357
1730360 357
1730370 357
1730380 357
1730390 356
1730400 356
1730410 355
1730420 355
1730430 354
1730440 354
1730450 354
1730460 354
1730470 354
1730480 352
1730490 351
1730500 350
1730510 350
1730520 352
1730530 355
1730540 357
1730550 359
1730560 360
1730570 362
1730580 363
1730590 365
1730600 367
1730610 368
1730620 369
1730630 370
1730640 372
1730650 372
1730660 373
1730670 374
1730680 375
1730690 376
1730700 376
1730710 377
1730720 378
1730730 378
1730740 379
1730750 379
1730760 380
1730770 380
1730780 381
1730790 381
1730800 382
1730810 382
1730820 382
1730830 383
1730840 383
1730850 383
1730860 384
1730870 384
1730880 384
1730890 384
1730900 385
1730910 385
1730920 385
1730930 385
1730940 385
1730950 385
1730960 385
1730970 385
1730980 384
1730990 384
1731000 384
1731010 383
1731020 382
1731030 382
1731040 381
1731050 380
1731060 378
1731070 376
1731080 374
1731090 372
1731100 370
1731110 369
1731120 368
1731130 367
1731140 366
1731150 366
1731160 366
1731170 366
1731180 366
1731190 366
1731200 365
1731210 364
1731220 364
1731230 363
1731240 362
1731250 362
1731260 361
1731270 361
1731280 360
1731290 360
1731300 362
1731310 363
1731320 363
1731330 363
1731340 362
1731350 362
1731360 362
1731370 363
1731380 366
1731390 367
1731400 369
1731410 370
1731420 371
1731430 373
1731440 374
1731450 375
1731460 376
1731470 378
1731480 379
1731490 380
1731500 381
1731510 382
1731520 383
1731530 384
1731540 385
1731550 386
1731560 387
1731570 388
1731580 389
1731590 390
1731600 391
1731610 392
1731620 393
1731630 393
1731640 393
1731650 393
1731660 393
1731670 394
1731680 395
1731690 396
1731700 397
1731710 398
1731720 401
1731730 403
1731740 405
1731750 408
1731760 410
1731770 412
1731780 414
1731790 416
1731800 418
1731810 420
1731820 421
1731830 423
1731840 425
1731850 426
1731860 427
1731870 429
1731880 430
1731890 431
1731900 433
1731910 434
1731920 435
1731930 436
1731940 437
1731950 439
1731960 440
1731970 441
1731980 443
1731990 444
1732000 445
1732010 446
1732020 447
1732030 448
1732040 448
1732050 449
1732060 450
1732070 450
1732080 450
1732090 450
1732100 451
1732110 451
1732120 452
1732130 452
1732140 453
1732150 453
1732160 453
1732170 453
1732180 454
1732190 454
1732200 454
1732210 453
1732220 453
1732230 453
1732240 453
1732250 453
1732260 453
1732270 452
1732280 451
1732290 450
1732300 450
1732310 449
1732320 449
1732330 450
1732340 450
1732350 450
1732360 449
1732370 449
1732380 449
1732390 449
1732400 448
1732410 448
1732420 447
1732430 446
1732440 444
1732450 443
1732460 443
1732470 444
1732480 445
1732490 446
1732500 447
1732510 449
1732520 449
1732530 449
1732540 450
1732550 450
1732560 451
1732570 451
1732580 452
1732590 452
1732600 453
1732610 453
1732620 454
1732630 454
1732640 455
1732650 456
1732660 456
1732670 457
1732680 457
1732690 458
1732700 458
1732710 459
1732720 459
1732730 460
1732740 460
1732750 461
1732760 461
1732770 462
1732780 462
1732790 463
1732800 463
1732810 464
1732820 465
1732830 465
1732840 465
1732850 466
1732860 467
1732870 467
1732880 468
1732890 468
1732900 469
1732910 469
1732920 470
1732930 471
1732940 472
1732950 473
1732960 473
1732970 473
1732980 474
1732990 474
1733000 474
1733010 475
1733020 475
1733030 475
1733040 476
1733050 476
1733060 476
1733070 476
1733080 476
1733090 476
1733100 476
1733110 476
1733120 476
1733130 476
1733140 476
1733150 476
1733160 476
1733170 476
1733180 476
1733190 475
1733200 475
1733210 475
1733220 475
1733230 475
1733240 475
1733250 475
1733260 475
1733270 475
1733280 475
1733290 475
1733300 475
1733310 476
1733320 476
1733330 476
1733340 476
1733350 476
1733360 476
1733370 476
1733380 477
1733390 477
1733400 477
1733410 477
1733420 477
1733430 477
1733440 477
1733450 477
1733460 477
1733470 477
1733480 477
1733490 477
1733500 476
1733510 476
1733520 476
1733530 476
1733540 476
1733550 475
1733560 475
1733570 475
1733580 475
1733590 475
1733600 475
1733610 475
1733620 475
1733630 475
1733640 475
1733650 475
1733660 475
1733670 475
1733680 475
1733690 475
1733700 475
1733710 475
1733720 475
1733730 475
1733740 475
1733750 475
1733760 475
1733770 475
1733780 475
1733790 475
1733800 475
1733810 475
1733820 475
1733830 475
1733840 475
1733850 475
1733860 475
1733870 475
1733880 475
1733890 475
1733900 475
1733910 475
1733920 475
1733930 475
1733940 475
1733950 475
1733960 475
1733970 475
1733980 475
1733990 475
1734000 475
1734010 475
1734020 475
1734030 475
1734040 475
1734050 475
1734060 475
1734070 475
1734080 475
1734090 475
1734100 475
1734110 475
1734120 476
1734130 475
1734140 475
1734150 475
1734160 475
1734170 475
1734180 475
1734190 475
1734200 475
1734210 475
1734220 474
1734230 474
1734240 474
1734250 474
1734260 473
1734270 473
1734280 472
1734290 472
1734300 472
1734310 471
1734320 471
1734330 470
1734340 470
1734350 469
1734360 469
1734370 468
1734380 468
1734390 467
1734400 467
1734410 466
1734420 465
1734430 464
1734440 463
1734450 462
1734460 461
1734470 460
1734480 459
1734490 457
1734500 456
1734510 454
1734520 453
1734530 451
1734540 449
1734550 447
1734560 445
1734570 444
1734580 442
1734590 441
1734600 439
1734610 438
1734620 437
1734630 436
1734640 437
1734650 437
1734660 437
1734670 437
1734680 437
1734690 437
1734700 437
1734710 436
1734720 436
1734730 436
1734740 436
1734750 436
1734760 436
1734770 435
1734780 435
1734790 435
1734800 435
1734810 435
1734820 435
1734830 435
1734840 435
1734850 435
1734860 436
1734870 436
1734880 436
1734890 436
1734900 436
1734910 436
1734920 436
1734930 436
1734940 436
1734950 437
1734960 437
1734970 437
1734980 438
1734990 438
1735000 438
1735010 438
1735020 438
1735030 438
1735040 438
1735050 439
1735060 439
1735070 439
1735080 440
1735090 440
1735100 440
1735110 441
1735120 441
1735130 441
1735140 441
1735150 441
1735160 441
1735170 441
1735180 441
1735190 441
1735200 441
1735210 441
1735220 441
1735230 440
1735240 440
1735250 440
1735260 440
1735270 440
1735280 440
1735290 439
1735300 439
1735310 439
1735320 438
1735330 438
1735340 437
1735350 437
1735360 436
1735370 436
1735380 435
1735390 435
1735400 435
1735410 434
1735420 434
1735430 433
1735440 433
1735450 432
1735460 432
1735470 431
1735480 431
1735490 430
1735500 430
1735510 429
1735520 428
1735530 428
1735540 427
1735550 425
1735560 424
1735570 424
1735580 424
1735590 424
1735600 423
1735610 422
1735620 421
1735630 421
1735640 420
1735650 419
1735660 418
1735670 417
1735680 417
1735690 416
1735700 415
1735710 414
1735720 413
1735730 412
1735740 412
1735750 411
1735760 410
1735770 409
1735780 408
1735790 407
1735800 406
1735810 405
1735820 404
1735830 403
1735840 402
1735850 401
1735860 400
1735870 399
1735880 396
1735890 394
1735900 391
1735910 390
1735920 388
1735930 388
1735940 388
1735950 388
1735960 388
1735970 388
1735980 387
1735990 387
1736000 387
1736010 386
1736020 385
1736030 385
1736040 384
1736050 384
1736060 383
1736070 382
1736080 381
1736090 381
1736100 380
1736110 379
1736120 378
1736130 377
1736140 376
1736150 375
1736160 374
1736170 372
1736180 371
1736190 369
1736200 368
1736210 366
1736220 365
1736230 363
1736240 362
1736250 360
1736260 358
1736270 357
1736280 355
1736290 353
1736300 350
1736310 347
1736320 345
1736330 343
1736340 341
1736350 340
1736360 339
1736370 339
1736380 339
1736390 338
1736400 338
1736410 337
1736420 336
1736430 336
1736440 335
1736450 334
1736460 333
1736470 332
1736480 331
1736490 330
1736500 329
1736510 328
1736520 327
1736530 327
1736540 327
1736550 326
1736560 326
1736570 326
1736580 326
1736590 325
1736600 325
1736610 325
1736620 325
1736630 325
1736640 325
1736650 325
1736660 325
1736670 325
1736680 324
1736690 324
1736700 324
1736710 323
1736720 323
1736730 323
1736740 323
1736750 323
1736760 322
1736770 322
1736780 322
1736790 322
1736800 322
1736810 322
1736820 322
1736830 322
1736840 322
1736850 322
1736860 322
1736870 322
1736880 322
1736890 322
1736900 321
1736910 321
1736920 321
1736930 321
1736940 321
1736950 321
1736960 321
1736970 321
1736980 321
1736990 321
1737000 321
1737010 321
1737020 321
1737030 321
1737040 321
1737050 321
1737060 321
1737070 321
1737080 321
1737090 321
1737100 321
1737110 321
1737120 321
1737130 321
1737140 321
1737150 321
1737160 321
1737170 321
1737180 321
1737190 321
1737200 321
1737210 321
1737220 321
1737230 321
1737240 321
1737250 320
1737260 320
1737270 320
1737280 320
1737290 320
1737300 320
1737310 320
1737320 320
1737330 320
1737340 320
1737350 320
1737360 320
1737370 320
1737380 320
1737390 320
1737400 320
1737410 320
1737420 320
1737430 320
1737440 320
1737450 320
1737460 319
1737470 318
1737480 317
1737490 318
1737500 318
1737510 318
1737520 319
1737530 319
1737540 318
1737550 319
1737560 319
1737570 318
1737580 318
1737590 319
1737600 320
1737610 320
1737620 319
1737630 318
1737640 317
1737650 316
1737660 316
1737670 315
1737680 315
1737690 315
1737700 315
1737710 315
1737720 316
1737730 317
1737740 317
1737750 318
1737760 318
1737770 318
1737780 317
1737790 317
1737800 317
1737810 317
1737820 318
1737830 318
1737840 317
1737850 317
1737860 317
1737870 317
1737880 317
1737890 317
1737900 317
1737910 317
1737920 317
1737930 317
1737940 317
1737950 317
1737960 317
1737970 317
1737980 317
1737990 317
1738000 317
1738010 317
1738020 317
1738030 317
1738040 317
1738050 317
1738060 317
1738070 317
1738080 317
1738090 318
1738100 320
1738110 322
1738120 324
1738130 326
1738140 328
1738150 330
1738160 331
1738170 332
1738180 333
1738190 334
1738200 335
1738210 336
1738220 337
1738230 338
1738240 339
1738250 339
1738260 340
1738270 340
1738280 341
1738290 341
1738300 342
1738310 343
1738320 344
1738330 346
1738340 347
1738350 348
1738360 349
1738370 350
1738380 352
1738390 353
1738400 354
1738410 354
1738420 355
1738430 357
1738440 358
1738450 359
1738460 361
1738470 362
1738480 363
1738490 365
1738500 367
1738510 369
1738520 371
1738530 373
1738540 374
1738550 376
1738560 377
1738570 379
1738580 381
1738590 383
1738600 385
1738610 387
1738620 389
1738630 391
1738640 393
1738650 395
1738660 397
1738670 399
1738680 401
1738690 402
1738700 404
1738710 405
1738720 406
1738730 407
1738740 408
1738750 410
1738760 411
1738770 412
1738780 413
1738790 415
1738800 416
1738810 417
1738820 418
1738830 419
1738840 420
1738850 421
1738860 423
1738870 424
1738880 425
1738890 426
1738900 427
1738910 429
1738920 430
1738930 431
1738940 432
1738950 434
1738960 435
1738970 437
1738980 438
1738990 439
1739000 440
1739010 442
1739020 443
1739030 444
1739040 445
1739050 447
1739060 448
1739070 450
1739080 451
1739090 453
1739100 454
1739110 456
1739120 457
1739130 459
1739140 460
1739150 462
1739160 463
1739170 465
1739180 467
1739190 469
1739200 470
1739210 471
1739220 473
1739230 474
1739240 476
1739250 477
1739260 478
1739270 480
1739280 481
1739290 483
1739300 484
1739310 486
1739320 488
1739330 490
1739340 492
1739350 493
1739360 495
1739370 496
1739380 498
1739390 499
1739400 501
1739410 502
1739420 503
1739430 505
1739440 507
1739450 509
1739460 510
1739470 512
1739480 513
1739490 515
1739500 516
1739510 517
1739520 517
1739530 518
1739540 519
1739550 520
1739560 520
1739570 521
1739580 521
1739590 521
1739600 522
1739610 522
1739620 522
1739630 522
1739640 522
1739650 522
1739660 522
1739670 522
1739680 522
1739690 522
1739700 522
1739710 522
1739720 522
1739730 521
1739740 521
1739750 521
1739760 520
1739770 520
1739780 520
1739790 519
1739800 519
1739810 518
1739820 518
1739830 517
1739840 517
1739850 516
1739860 516
1739870 515
1739880 515
1739890 514
1739900 514
1739910 514
1739920 514
1739930 514
1739940 514
1739950 513
1739960 513
1739970 513
1739980 513
1739990 512
