1720000 273
1720010 273
1720020 273
1720030 273
1720040 273
1720050 273
1720060 273
1720070 272
1720080 272
1720090 272
1720100 272
1720110 271
1720120 272
1720130 272
1720140 272
1720150 272
1720160 272
1720170 272
1720180 272
1720190 272
1720200 272
1720210 271
1720220 271
1720230 271
1720240 271
1720250 271
1720260 271
1720270 270
1720280 270
1720290 270
1720300 270
1720310 270
1720320 269
1720330 269
1720340 269
1720350 269
1720360 269
1720370 269
1720380 269
1720390 268
1720400 268
1720410 269
1720420 269
1720430 269
1720440 269
1720450 269
1720460 269
1720470 269
1720480 269
1720490 269
1720500 269
1720510 269
1720520 269
1720530 269
1720540 270
1720550 270
1720560 270
1720570 270
1720580 270
1720590 270
1720600 270
1720610 270
1720620 270
1720630 270
1720640 270
1720650 270
1720660 270
1720670 270
1720680 270
1720690 270
1720700 270
1720710 271
1720720 271
1720730 271
1720740 271
1720750 271
1720760 271
1720770 271
1720780 271
1720790 271
1720800 271
1720810 272
1720820 272
1720830 272
1720840 272
1720850 272
1720860 272
1720870 273
1720880 273
1720890 273
1720900 273
1720910 273
1720920 273
1720930 274
1720940 274
1720950 274
1720960 274
1720970 274
1720980 274
1720990 275
1721000 275
1721010 275
1721020 275
1721030 275
1721040 275
1721050 276
1721060 276
1721070 276
1721080 276
1721090 277
1721100 277
1721110 277
1721120 277
1721130 277
1721140 278
1721150 278
1721160 278
1721170 278
1721180 278
1721190 278
1721200 278
1721210 278
1721220 278
1721230 278
1721240 277
1721250 277
1721260 277
1721270 277
1721280 276
1721290 276
1721300 275
1721310 275
1721320 274
1721330 274
1721340 273
1721350 273
1721360 273
1721370 272
1721380 271
1721390 271
1721400 272
1721410 272
1721420 272
1721430 273
1721440 273
1721450 274
1721460 274
1721470 274
1721480 274
1721490 275
1721500 275
1721510 275
1721520 275
1721530 276
1721540 276
1721550 276
1721560 276
1721570 277
1721580 277
1721590 278
1721600 279
1721610 279
1721620 280
1721630 280
1721640 281
1721650 281
1721660 281
1721670 282
1721680 282
1721690 283
1721700 283
1721710 284
1721720 285
1721730 285
1721740 286
1721750 287
1721760 287
1721770 288
1721780 289
1721790 289
1721800 290
1721810 290
1721820 291
1721830 291
1721840 292
1721850 292
1721860 293
1721870 293
1721880 294
1721890 294
1721900 295
1721910 295
1721920 296
1721930 296
1721940 297
1721950 297
1721960 298
1721970 298
1721980 299
1721990 299
1722000 300
1722010 300
1722020 301
1722030 301
1722040 302
1722050 302
1722060 303
1722070 303
1722080 303
1722090 304
1722100 304
1722110 304
1722120 305
1722130 305
1722140 305
1722150 305
1722160 305
1722170 305
1722180 305
1722190 305
1722200 305
1722210 305
1722220 304
1722230 304
1722240 304
1722250 303
1722260 303
1722270 303
1722280 302
1722290 302
1722300 301
1722310 300
1722320 300
1722330 299
1722340 298
1722350 298
1722360 297
1722370 297
1722380 296
1722390 296
1722400 295
1722410 295
1722420 294
1722430 294
1722440 294
1722450 293
1722460 293
1722470 292
1722480 292
1722490 293
1722500 293
1722510 294
1722520 294
1722530 295
1722540 295
1722550 296
1722560 297
1722570 298
1722580 298
1722590 299
1722600 300
1722610 300
1722620 301
1722630 302
1722640 302
1722650 303
1722660 303
1722670 304
1722680 304
1722690 304
1722700 305
1722710 305
1722720 305
1722730 305
1722740 306
1722750 306
1722760 306
1722770 306
1722780 306
1722790 306
1722800 307
1722810 307
1722820 307
1722830 307
1722840 307
1722850 307
1722860 307
1722870 306
1722880 306
1722890 306
1722900 305
1722910 305
1722920 305
1722930 304
1722940 303
1722950 302
1722960 302
1722970 301
1722980 301
1722990 301
1723000 300
1723010 300
1723020 300
1723030 300
1723040 299
1723050 299
1723060 299
1723070 298
1723080 297
1723090 297
1723100 298
1723110 300
1723120 301
1723130 303
1723140 304
1723150 305
1723160 307
1723170 308
1723180 310
1723190 311
1723200 313
1723210 314
1723220 315
1723230 316
1723240 317
1723250 318
1723260 318
1723270 319
1723280 320
1723290 320
1723300 321
1723310 321
1723320 322
1723330 322
1723340 322
1723350 323
1723360 323
1723370 323
1723380 323
1723390 323
1723400 323
1723410 324
1723420 324
1723430 325
1723440 325
1723450 326
1723460 326
1723470 326
1723480 327
1723490 327
1723500 328
1723510 328
1723520 329
1723530 329
1723540 329
1723550 330
1723560 330
1723570 331
1723580 331
1723590 331
1723600 332
1723610 332
1723620 332
1723630 332
1723640 332
1723650 332
1723660 332
1723670 332
1723680 332
1723690 332
1723700 331
1723710 331
1723720 330
1723730 329
1723740 328
1723750 327
1723760 326
1723770 326
1723780 325
1723790 325
1723800 324
1723810 323
1723820 322
1723830 322
1723840 320
1723850 319
1723860 317
1723870 314
1723880 312
1723890 312
1723900 312
1723910 314
1723920 316
1723930 318
1723940 320
1723950 322
1723960 323
1723970 324
1723980 325
1723990 326
1724000 327
1724010 328
1724020 330
1724030 330
1724040 331
1724050 332
1724060 333
1724070 334
1724080 336
1724090 337
1724100 337
1724110 338
1724120 339
1724130 340
1724140 342
1724150 345
1724160 347
1724170 349
1724180 351
1724190 353
1724200 355
1724210 358
1724220 360
1724230 363
1724240 365
1724250 366
1724260 368
1724270 370
1724280 372
1724290 374
1724300 376
1724310 379
1724320 381
1724330 383
1724340 384
1724350 385
1724360 386
1724370 387
1724380 388
1724390 389
1724400 389
1724410 390
1724420 391
1724430 391
1724440 392
1724450 393
1724460 394
1724470 394
1724480 395
1724490 396
1724500 396
1724510 397
1724520 397
1724530 397
1724540 398
1724550 398
1724560 398
1724570 398
1724580 399
1724590 399
1724600 400
1724610 400
1724620 400
1724630 401
1724640 402
1724650 402
1724660 403
1724670 404
1724680 404
1724690 404
1724700 405
1724710 405
1724720 406
1724730 406
1724740 407
1724750 407
1724760 408
1724770 408
1724780 409
1724790 409
1724800 409
1724810 410
1724820 410
1724830 411
1724840 411
1724850 411
1724860 412
1724870 412
1724880 412
1724890 413
1724900 413
1724910 413
1724920 414
1724930 414
1724940 414
1724950 415
1724960 415
1724970 415
1724980 415
1724990 415
1725000 415
1725010 415
1725020 415
1725030 415
1725040 415
1725050 414
1725060 414
1725070 414
1725080 414
1725090 414
1725100 414
1725110 414
1725120 414
1725130 414
1725140 414
1725150 414
1725160 414
1725170 414
1725180 414
1725190 414
1725200 414
1725210 414
1725220 414
1725230 414
1725240 414
1725250 414
1725260 413
1725270 413
1725280 413
1725290 413
1725300 413
1725310 413
1725320 413
1725330 413
1725340 412
1725350 412
1725360 412
1725370 412
1725380 412
1725390 412
1725400 412
1725410 412
1725420 412
1725430 412
1725440 411
1725450 411
1725460 411
1725470 410
1725480 410
1725490 410
1725500 410
1725510 410
1725520 409
1725530 409
1725540 409
1725550 409
1725560 409
1725570 409
1725580 408
1725590 408
1725600 408
1725610 408
1725620 408
1725630 408
1725640 408
1725650 408
1725660 407
1725670 407
1725680 407
1725690 407
1725700 407
1725710 407
1725720 407
1725730 407
1725740 407
1725750 407
1725760 406
1725770 406
1725780 406
1725790 406
1725800 406
1725810 406
1725820 406
1725830 406
1725840 406
1725850 406
1725860 406
1725870 406
1725880 406
1725890 406
1725900 406
1725910 406
1725920 407
1725930 407
1725940 407
1725950 407
1725960 407
1725970 407
1725980 407
1725990 407
1726000 407
1726010 407
1726020 407
1726030 407
1726040 408
1726050 408
1726060 408
1726070 408
1726080 407
1726090 407
1726100 407
1726110 407
1726120 407
1726130 407
1726140 406
1726150 406
1726160 406
1726170 406
1726180 405
1726190 405
1726200 405
1726210 405
1726220 404
1726230 404
1726240 404
1726250 403
1726260 403
1726270 402
1726280 402
1726290 401
1726300 401
1726310 401
1726320 400
1726330 400
1726340 399
1726350 399
1726360 399
1726370 398
1726380 398
1726390 397
1726400 397
1726410 397
1726420 396
1726430 396
1726440 396
1726450 396
1726460 396
1726470 395
1726480 395
1726490 395
1726500 395
1726510 394
1726520 394
1726530 393
1726540 393
1726550 392
1726560 392
1726570 392
1726580 391
1726590 391
1726600 390
1726610 390
1726620 389
1726630 389
1726640 389
1726650 388
1726660 388
1726670 387
1726680 387
1726690 386
1726700 385
1726710 385
1726720 384
1726730 383
1726740 382
1726750 382
1726760 383
1726770 384
1726780 384
1726790 385
1726800 385
1726810 385
1726820 385
1726830 385
1726840 385
1726850 385
1726860 385
1726870 385
1726880 385
1726890 385
1726900 385
1726910 385
1726920 385
1726930 385
1726940 385
1726950 385
1726960 385
1726970 385
1726980 385
1726990 385
1727000 385
1727010 385
1727020 385
1727030 385
1727040 385
1727050 385
1727060 384
1727070 384
1727080 384
1727090 384
1727100 384
1727110 383
1727120 383
1727130 383
1727140 383
1727150 383
1727160 383
1727170 383
1727180 383
1727190 382
1727200 382
1727210 382
1727220 382
1727230 382
1727240 382
1727250 382
1727260 382
1727270 381
1727280 381
1727290 381
1727300 380
1727310 380
1727320 380
1727330 380
1727340 379
1727350 379
1727360 379
1727370 378
1727380 378
1727390 378
1727400 377
1727410 377
1727420 376
1727430 376
1727440 376
1727450 375
1727460 375
1727470 374
1727480 374
1727490 374
1727500 373
1727510 373
1727520 372
1727530 371
1727540 371
1727550 370
1727560 370
1727570 369
1727580 369
1727590 369
1727600 368
1727610 368
1727620 367
1727630 367
1727640 366
1727650 366
1727660 365
1727670 365
1727680 364
1727690 364
1727700 363
1727710 362
1727720 362
1727730 361
1727740 360
1727750 360
1727760 360
1727770 359
1727780 359
1727790 358
1727800 357
1727810 357
1727820 356
1727830 356
1727840 355
1727850 354
1727860 353
1727870 353
1727880 352
1727890 352
1727900 352
1727910 352
1727920 351
1727930 351
1727940 350
1727950 350
1727960 349
1727970 349
1727980 348
1727990 347
1728000 346
1728010 345
1728020 344
1728030 343
1728040 341
1728050 340
1728060 339
1728070 338
1728080 336
1728090 335
1728100 336
1728110 337
1728120 337
1728130 338
1728140 338
1728150 339
1728160 339
1728170 339
1728180 338
1728190 338
1728200 339
1728210 339
1728220 339
1728230 339
1728240 339
1728250 339
1728260 339
1728270 339
1728280 339
1728290 340
1728300 340
1728310 340
1728320 340
1728330 341
1728340 341
1728350 342
1728360 342
1728370 343
1728380 343
1728390 344
1728400 344
1728410 345
1728420 345
1728430 345
1728440 345
1728450 345
1728460 346
1728470 346
1728480 346
1728490 346
1728500 346
1728510 347
1728520 347
1728530 347
1728540 347
1728550 347
1728560 347
1728570 346
1728580 346
1728590 345
1728600 345
1728610 344
1728620 343
1728630 343
1728640 342
1728650 342
1728660 342
1728670 342
1728680 343
1728690 343
1728700 344
1728710 345
1728720 345
1728730 346
1728740 346
1728750 346
1728760 348
1728770 350
1728780 351
1728790 351
1728800 352
1728810 353
1728820 353
1728830 354
1728840 354
1728850 354
1728860 355
1728870 355
1728880 356
1728890 357
1728900 358
1728910 358
1728920 358
1728930 359
1728940 359
1728950 360
1728960 360
1728970 360
1728980 360
1728990 360
1729000 360
1729010 359
1729020 359
1729030 359
1729040 359
1729050 359
1729060 359
1729070 359
1729080 358
1729090 358
1729100 357
1729110 357
1729120 356
1729130 356
1729140 355
1729150 355
1729160 354
1729170 353
1729180 352
1729190 351
1729200 349
1729210 347
1729220 345
1729230 342
1729240 339
1729250 336
1729260 333
1729270 329
1729280 326
1729290 323
1729300 320
1729310 317
1729320 315
1729330 314
1729340 313
1729350 311
1729360 310
1729370 309
1729380 309
1729390 309
1729400 308
1729410 306
1729420 304
1729430 303
1729440 302
1729450 302
1729460 301
1729470 301
1729480 301
1729490 301
1729500 301
1729510 300
1729520 300
1729530 300
1729540 300
1729550 300
1729560 300
1729570 300
1729580 300
1729590 300
1729600 300
1729610 300
1729620 300
1729630 300
1729640 300
1729650 300
1729660 300
1729670 300
1729680 300
1729690 300
1729700 299
1729710 299
1729720 299
1729730 299
1729740 299
1729750 299
1729760 299
1729770 299
1729780 299
1729790 299
1729800 299
1729810 299
1729820 299
1729830 299
1729840 299
1729850 299
1729860 299
1729870 299
1729880 299
1729890 299
1729900 299
1729910 299
1729920 299
1729930 298
1729940 298
1729950 298
1729960 298
1729970 297
1729980 298
1729990 298
1730000 298
1730010 298
1730020 298
1730030 298
1730040 298
1730050 298
1730060 297
1730070 297
1730080 297
1730090 297
1730100 297
1730110 297
1730120 297
1730130 297
1730140 298
1730150 298
1730160 298
1730170 298
1730180 298
1730190 298
1730200 298
1730210 298
1730220 298
1730230 297
1730240 296
1730250 296
1730260 296
1730270 296
1730280 296
1730290 296
1730300 296
1730310 296
1730320 294
1730330 293
1730340 292
1730350 292
1730360 293
1730370 295
1730380 295
1730390 295
1730400 295
1730410 295
1730420 296
1730430 296
1730440 296
1730450 296
1730460 296
1730470 296
1730480 296
1730490 296
1730500 296
1730510 297
1730520 297
1730530 297
1730540 298
1730550 299
1730560 300
1730570 301
1730580 302
1730590 303
1730600 304
1730610 304
1730620 305
1730630 306
1730640 306
1730650 307
1730660 307
1730670 308
1730680 308
1730690 308
1730700 307
1730710 306
1730720 304
1730730 303
1730740 303
1730750 303
1730760 304
1730770 305
1730780 306
1730790 307
1730800 308
1730810 310
1730820 311
1730830 312
1730840 313
1730850 314
1730860 316
1730870 317
1730880 318
1730890 319
1730900 320
1730910 321
1730920 321
1730930 322
1730940 323
1730950 324
1730960 324
1730970 325
1730980 326
1730990 327
1731000 328
1731010 328
1731020 329
1731030 330
1731040 331
1731050 331
1731060 331
1731070 332
1731080 332
1731090 333
1731100 333
1731110 333
1731120 334
1731130 334
1731140 334
1731150 334
1731160 334
1731170 335
1731180 335
1731190 336
1731200 336
1731210 336
1731220 336
1731230 336
1731240 336
1731250 337
1731260 337
1731270 337
1731280 337
1731290 338
1731300 338
1731310 338
1731320 339
1731330 339
1731340 339
1731350 340
1731360 340
1731370 341
1731380 341
1731390 341
1731400 341
1731410 342
1731420 342
1731430 342
1731440 342
1731450 342
1731460 342
1731470 342
1731480 342
1731490 342
1731500 342
1731510 342
1731520 342
1731530 342
1731540 341
1731550 342
1731560 341
1731570 341
1731580 341
1731590 341
1731600 341
1731610 341
1731620 341
1731630 341
1731640 340
1731650 340
1731660 340
1731670 339
1731680 339
1731690 338
1731700 338
1731710 337
1731720 337
1731730 336
1731740 336
1731750 336
1731760 335
1731770 335
1731780 334
1731790 334
1731800 333
1731810 333
1731820 332
1731830 331
1731840 331
1731850 330
1731860 330
1731870 330
1731880 330
1731890 330
1731900 329
1731910 328
1731920 328
1731930 327
1731940 326
1731950 326
1731960 325
1731970 324
1731980 323
1731990 322
1732000 320
1732010 319
1732020 319
1732030 319
1732040 319
1732050 319
1732060 318
1732070 319
1732080 320
1732090 320
1732100 321
1732110 321
1732120 322
1732130 322
1732140 323
1732150 324
1732160 326
1732170 327
1732180 327
1732190 328
1732200 328
1732210 329
1732220 330
1732230 330
1732240 331
1732250 332
1732260 332
1732270 333
1732280 334
1732290 335
1732300 335
1732310 336
1732320 337
1732330 338
1732340 338
1732350 339
1732360 340
1732370 340
1732380 341
1732390 341
1732400 342
1732410 342
1732420 343
1732430 343
1732440 344
1732450 344
1732460 344
1732470 345
1732480 345
1732490 345
1732500 346
1732510 346
1732520 346
1732530 346
1732540 345
1732550 345
1732560 345
1732570 344
1732580 344
1732590 344
1732600 343
1732610 343
1732620 343
1732630 343
1732640 343
1732650 343
1732660 343
1732670 343
1732680 343
1732690 343
1732700 344
1732710 344
1732720 343
1732730 343
1732740 343
1732750 343
1732760 342
1732770 342
1732780 342
1732790 341
1732800 341
1732810 340
1732820 340
1732830 339
1732840 339
1732850 338
1732860 338
1732870 337
1732880 337
1732890 336
1732900 336
1732910 336
1732920 335
1732930 335
1732940 334
1732950 333
1732960 332
1732970 331
1732980 331
1732990 330
1733000 329
1733010 329
1733020 328
1733030 328
1733040 327
1733050 327
1733060 327
1733070 326
1733080 325
1733090 324
1733100 323
1733110 322
1733120 321
1733130 321
1733140 320
1733150 321
1733160 321
1733170 322
1733180 322
1733190 322
1733200 322
1733210 323
1733220 323
1733230 324
1733240 325
1733250 326
1733260 327
1733270 328
1733280 329
1733290 330
1733300 331
1733310 332
1733320 333
1733330 334
1733340 335
1733350 336
1733360 337
1733370 338
1733380 339
1733390 340
1733400 341
1733410 342
1733420 343
1733430 344
1733440 345
1733450 346
1733460 346
1733470 347
1733480 348
1733490 348
1733500 349
1733510 350
1733520 350
1733530 351
1733540 351
1733550 352
1733560 353
1733570 353
1733580 354
1733590 354
1733600 355
1733610 355
1733620 356
1733630 356
1733640 357
1733650 357
1733660 357
1733670 358
1733680 358
1733690 359
1733700 359
1733710 360
1733720 360
1733730 360
1733740 360
1733750 361
1733760 361
1733770 362
1733780 362
1733790 362
1733800 362
1733810 362
1733820 363
1733830 363
1733840 363
1733850 363
1733860 364
1733870 364
1733880 364
1733890 364
1733900 365
1733910 365
1733920 365
1733930 365
1733940 365
1733950 365
1733960 366
1733970 366
1733980 366
1733990 366
1734000 366
1734010 367
1734020 367
1734030 367
1734040 367
1734050 368
1734060 368
1734070 368
1734080 368
1734090 368
1734100 368
1734110 369
1734120 369
1734130 369
1734140 370
1734150 370
1734160 370
1734170 370
1734180 370
1734190 370
1734200 371
1734210 371
1734220 371
1734230 371
1734240 371
1734250 372
1734260 372
1734270 372
1734280 372
1734290 373
1734300 373
1734310 373
1734320 373
1734330 373
1734340 373
1734350 374
1734360 374
1734370 374
1734380 374
1734390 374
1734400 374
1734410 374
1734420 374
1734430 374
1734440 374
1734450 374
1734460 374
1734470 374
1734480 374
1734490 374
1734500 373
1734510 373
1734520 373
1734530 373
1734540 373
1734550 373
1734560 373
1734570 373
1734580 372
1734590 372
1734600 372
1734610 372
1734620 372
1734630 372
1734640 372
1734650 372
1734660 372
1734670 372
1734680 372
1734690 372
1734700 372
1734710 372
1734720 372
1734730 372
1734740 371
1734750 371
1734760 371
1734770 370
1734780 370
1734790 370
1734800 369
1734810 369
1734820 369
1734830 369
1734840 369
1734850 369
1734860 368
1734870 368
1734880 368
1734890 368
1734900 367
1734910 367
1734920 367
1734930 367
1734940 367
1734950 367
1734960 366
1734970 366
1734980 366
1734990 366
1735000 366
1735010 366
1735020 366
1735030 366
1735040 366
1735050 366
1735060 365
1735070 365
1735080 365
1735090 365
1735100 365
1735110 365
1735120 365
1735130 365
1735140 365
1735150 364
1735160 364
1735170 364
1735180 364
1735190 364
1735200 364
1735210 364
1735220 364
1735230 364
1735240 364
1735250 365
1735260 365
1735270 364
1735280 364
1735290 364
1735300 364
1735310 363
1735320 363
1735330 363
1735340 363
1735350 363
1735360 363
1735370 362
1735380 362
1735390 362
1735400 362
1735410 362
1735420 362
1735430 361
1735440 361
1735450 361
1735460 361
1735470 360
1735480 360
1735490 360
1735500 360
1735510 359
1735520 359
1735530 359
1735540 359
1735550 358
1735560 358
1735570 358
1735580 358
1735590 358
1735600 357
1735610 357
1735620 357
1735630 356
1735640 356
1735650 355
1735660 355
1735670 354
1735680 354
1735690 353
1735700 352
1735710 352
1735720 351
1735730 351
1735740 350
1735750 350
1735760 349
1735770 349
1735780 348
1735790 348
1735800 347
1735810 347
1735820 346
1735830 346
1735840 346
1735850 345
1735860 345
1735870 344
1735880 344
1735890 343
1735900 343
1735910 343
1735920 342
1735930 342
1735940 342
1735950 341
1735960 341
1735970 340
1735980 339
1735990 338
1736000 338
1736010 337
1736020 336
1736030 336
1736040 336
1736050 335
1736060 335
1736070 335
1736080 335
1736090 335
1736100 335
1736110 334
1736120 334
1736130 334
1736140 334
1736150 334
1736160 333
1736170 333
1736180 333
1736190 333
1736200 333
1736210 333
1736220 334
1736230 335
1736240 336
1736250 336
1736260 335
1736270 335
1736280 335
1736290 335
1736300 335
1736310 335
1736320 335
1736330 335
1736340 335
1736350 334
1736360 335
1736370 335
1736380 335
1736390 335
1736400 335
1736410 334
1736420 334
1736430 334
1736440 334
1736450 333
1736460 333
1736470 333
1736480 333
1736490 333
1736500 333
1736510 333
1736520 332
1736530 332
1736540 332
1736550 331
1736560 331
1736570 331
1736580 330
1736590 328
1736600 327
1736610 326
1736620 326
1736630 326
1736640 326
1736650 326
1736660 326
1736670 326
1736680 325
1736690 325
1736700 325
1736710 325
1736720 324
1736730 324
1736740 324
1736750 324
1736760 324
1736770 324
1736780 324
1736790 324
1736800 324
1736810 324
1736820 323
1736830 323
1736840 323
1736850 323
1736860 323
1736870 323
1736880 323
1736890 323
1736900 323
1736910 323
1736920 323
1736930 323
1736940 323
1736950 322
1736960 322
1736970 322
1736980 322
1736990 322
1737000 322
1737010 322
1737020 323
1737030 323
1737040 323
1737050 324
1737060 324
1737070 324
1737080 324
1737090 324
1737100 324
1737110 324
1737120 324
1737130 324
1737140 324
1737150 324
1737160 324
1737170 324
1737180 324
1737190 324
1737200 324
1737210 324
1737220 324
1737230 324
1737240 324
1737250 324
1737260 324
1737270 324
1737280 324
1737290 324
1737300 324
1737310 324
1737320 324
1737330 324
1737340 324
1737350 324
1737360 324
1737370 324
1737380 324
1737390 324
1737400 324
1737410 324
1737420 324
1737430 323
1737440 323
1737450 323
1737460 323
1737470 323
1737480 322
1737490 322
1737500 322
1737510 321
1737520 321
1737530 320
1737540 320
1737550 319
1737560 319
1737570 319
1737580 318
1737590 318
1737600 318
1737610 317
1737620 317
1737630 317
1737640 317
1737650 317
1737660 316
1737670 316
1737680 316
1737690 316
1737700 316
1737710 316
1737720 316
1737730 316
1737740 316
1737750 316
1737760 316
1737770 316
1737780 316
1737790 315
1737800 316
1737810 316
1737820 316
1737830 316
1737840 316
1737850 316
1737860 316
1737870 316
1737880 316
1737890 316
1737900 316
1737910 316
1737920 316
1737930 316
1737940 316
1737950 316
1737960 315
1737970 315
1737980 315
1737990 315
1738000 315
1738010 315
1738020 315
1738030 315
1738040 315
1738050 315
1738060 315
1738070 315
1738080 314
1738090 314
1738100 314
1738110 315
1738120 315
1738130 315
1738140 315
1738150 315
1738160 314
1738170 314
1738180 314
1738190 315
1738200 316
1738210 315
1738220 315
1738230 314
1738240 314
1738250 314
1738260 314
1738270 314
1738280 314
1738290 314
1738300 314
1738310 314
1738320 314
1738330 314
1738340 313
1738350 313
1738360 313
1738370 313
1738380 313
1738390 313
1738400 313
1738410 313
1738420 313
1738430 313
1738440 313
1738450 313
1738460 313
1738470 313
1738480 313
1738490 313
1738500 313
1738510 313
1738520 313
1738530 312
1738540 312
1738550 312
1738560 312
1738570 312
1738580 312
1738590 312
1738600 312
1738610 312
1738620 312
1738630 312
1738640 313
1738650 313
1738660 313
1738670 313
1738680 313
1738690 312
1738700 312
1738710 312
1738720 312
1738730 312
1738740 313
1738750 313
1738760 313
1738770 313
1738780 313
1738790 313
1738800 313
1738810 313
1738820 313
1738830 313
1738840 313
1738850 313
1738860 312
1738870 312
1738880 312
1738890 312
1738900 312
1738910 312
1738920 312
1738930 312
1738940 311
1738950 311
1738960 311
1738970 311
1738980 311
1738990 311
1739000 310
1739010 309
1739020 308
1739030 307
1739040 307
1739050 307
1739060 307
1739070 307
1739080 308
1739090 309
1739100 310
1739110 311
1739120 311
1739130 312
1739140 311
1739150 311
1739160 311
1739170 311
1739180 311
1739190 311
1739200 311
1739210 311
1739220 311
1739230 311
1739240 311
1739250 311
1739260 311
1739270 311
1739280 311
1739290 311
1739300 311
1739310 311
1739320 311
1739330 311
1739340 311
1739350 311
1739360 311
1739370 310
1739380 310
1739390 310
1739400 310
1739410 310
1739420 310
1739430 310
1739440 310
1739450 310
1739460 310
1739470 310
1739480 310
1739490 310
1739500 311
1739510 311
1739520 311
1739530 311
1739540 311
1739550 311
1739560 311
1739570 311
1739580 311
1739590 311
1739600 311
1739610 311
1739620 311
1739630 310
1739640 310
1739650 310
1739660 310
1739670 310
1739680 310
1739690 310
1739700 310
1739710 310
1739720 310
1739730 310
1739740 310
1739750 311
1739760 311
1739770 311
1739780 311
1739790 312
1739800 313
1739810 313
1739820 314
1739830 315
1739840 316
1739850 318
1739860 319
1739870 321
1739880 322
1739890 323
1739900 324
1739910 325
1739920 325
1739930 326
1739940 326
1739950 327
1739960 327
1739970 327
1739980 328
1739990 328
