1720000 266
1720010 266
1720020 266
1720030 266
1720040 266
1720050 266
1720060 266
1720070 266
1720080 266
1720090 266
1720100 266
1720110 266
1720120 266
1720130 266
1720140 266
1720150 266
1720160 267
1720170 266
1720180 266
1720190 266
1720200 266
1720210 266
1720220 266
1720230 266
1720240 266
1720250 266
1720260 266
1720270 265
1720280 265
1720290 265
1720300 265
1720310 265
1720320 265
1720330 265
1720340 265
1720350 265
1720360 265
1720370 265
1720380 264
1720390 264
1720400 264
1720410 264
1720420 264
1720430 264
1720440 264
1720450 264
1720460 264
1720470 264
1720480 264
1720490 264
1720500 264
1720510 264
1720520 264
1720530 264
1720540 264
1720550 264
1720560 264
1720570 264
1720580 264
1720590 264
1720600 264
1720610 264
1720620 264
1720630 264
1720640 264
1720650 264
1720660 264
1720670 264
1720680 264
1720690 264
1720700 264
1720710 264
1720720 264
1720730 264
1720740 264
1720750 264
1720760 264
1720770 264
1720780 264
1720790 264
1720800 264
1720810 264
1720820 264
1720830 264
1720840 264
1720850 264
1720860 264
1720870 264
1720880 264
1720890 263
1720900 263
1720910 263
1720920 263
1720930 263
1720940 263
1720950 263
1720960 263
1720970 263
1720980 263
1720990 263
1721000 263
1721010 263
1721020 263
1721030 263
1721040 263
1721050 263
1721060 263
1721070 263
1721080 263
1721090 263
1721100 263
1721110 263
1721120 263
1721130 263
1721140 263
1721150 263
1721160 263
1721170 263
1721180 263
1721190 263
1721200 263
1721210 263
1721220 263
1721230 263
1721240 263
1721250 263
1721260 263
1721270 263
1721280 263
1721290 263
1721300 263
1721310 263
1721320 263
1721330 263
1721340 263
1721350 263
1721360 263
1721370 263
1721380 263
1721390 263
1721400 263
1721410 263
1721420 263
1721430 263
1721440 263
1721450 263
1721460 263
1721470 263
1721480 263
1721490 263
1721500 263
1721510 263
1721520 263
1721530 263
1721540 263
1721550 263
1721560 263
1721570 263
1721580 262
1721590 262
1721600 262
1721610 262
1721620 263
1721630 263
1721640 263
1721650 263
1721660 263
1721670 263
1721680 263
1721690 263
1721700 263
1721710 263
1721720 263
1721730 262
1721740 261
1721750 262
1721760 264
1721770 264
1721780 263
1721790 263
1721800 263
1721810 263
1721820 264
1721830 263
1721840 263
1721850 262
1721860 262
1721870 262
1721880 262
1721890 262
1721900 262
1721910 262
1721920 262
1721930 262
1721940 262
1721950 262
1721960 262
1721970 263
1721980 264
1721990 264
1722000 265
1722010 265
1722020 265
1722030 266
1722040 266
1722050 267
1722060 268
1722070 269
1722080 269
1722090 270
1722100 270
1722110 271
1722120 272
1722130 273
1722140 273
1722150 273
1722160 273
1722170 274
1722180 274
1722190 274
1722200 274
1722210 274
1722220 275
1722230 275
1722240 275
1722250 276
1722260 276
1722270 276
1722280 277
1722290 277
1722300 277
1722310 277
1722320 277
1722330 278
1722340 278
1722350 278
1722360 279
1722370 279
1722380 279
1722390 279
1722400 279
1722410 279
1722420 279
1722430 280
1722440 280
1722450 280
1722460 280
1722470 280
1722480 280
1722490 280
1722500 280
1722510 280
1722520 280
1722530 281
1722540 281
1722550 281
1722560 281
1722570 282
1722580 282
1722590 282
1722600 283
1722610 284
1722620 284
1722630 285
1722640 286
1722650 286
1722660 287
1722670 288
1722680 288
1722690 289
1722700 290
1722710 290
1722720 291
1722730 291
1722740 292
1722750 293
1722760 293
1722770 294
1722780 294
1722790 295
1722800 296
1722810 296
1722820 297
1722830 297
1722840 298
1722850 299
1722860 299
1722870 300
1722880 301
1722890 301
1722900 302
1722910 302
1722920 303
1722930 303
1722940 303
1722950 303
1722960 303
1722970 303
1722980 302
1722990 302
1723000 301
1723010 300
1723020 300
1723030 299
1723040 298
1723050 297
1723060 296
1723070 296
1723080 295
1723090 295
1723100 295
1723110 295
1723120 295
1723130 295
1723140 295
1723150 295
1723160 296
1723170 296
1723180 297
1723190 297
1723200 297
1723210 297
1723220 298
1723230 298
1723240 298
1723250 298
1723260 298
1723270 297
1723280 297
1723290 297
1723300 296
1723310 296
1723320 296
1723330 296
1723340 296
1723350 296
1723360 296
1723370 296
1723380 297
1723390 297
1723400 297
1723410 297
1723420 298
1723430 298
1723440 298
1723450 298
1723460 298
1723470 298
1723480 298
1723490 298
1723500 299
1723510 299
1723520 299
1723530 300
1723540 301
1723550 302
1723560 302
1723570 303
1723580 305
1723590 306
1723600 308
1723610 309
1723620 311
1723630 312
1723640 314
1723650 316
1723660 317
1723670 319
1723680 320
1723690 321
1723700 322
1723710 323
1723720 324
1723730 325
1723740 326
1723750 327
1723760 328
1723770 329
1723780 330
1723790 330
1723800 331
1723810 331
1723820 332
1723830 332
1723840 333
1723850 333
1723860 334
1723870 334
1723880 334
1723890 334
1723900 334
1723910 334
1723920 334
1723930 334
1723940 333
1723950 332
1723960 332
1723970 331
1723980 330
1723990 329
1724000 329
1724010 329
1724020 328
1724030 328
1724040 328
1724050 329
1724060 329
1724070 330
1724080 331
1724090 332
1724100 333
1724110 333
1724120 334
1724130 334
1724140 335
1724150 335
1724160 335
1724170 336
1724180 336
1724190 336
1724200 336
1724210 336
1724220 336
1724230 336
1724240 336
1724250 336
1724260 336
1724270 336
1724280 336
1724290 336
1724300 336
1724310 337
1724320 337
1724330 337
1724340 337
1724350 337
1724360 337
1724370 336
1724380 336
1724390 336
1724400 336
1724410 336
1724420 336
1724430 336
1724440 336
1724450 336
1724460 335
1724470 335
1724480 335
1724490 335
1724500 335
1724510 335
1724520 335
1724530 335
1724540 335
1724550 334
1724560 334
1724570 334
1724580 333
1724590 333
1724600 333
1724610 333
1724620 333
1724630 333
1724640 333
1724650 333
1724660 333
1724670 332
1724680 332
1724690 332
1724700 331
1724710 331
1724720 331
1724730 331
1724740 330
1724750 330
1724760 330
1724770 329
1724780 329
1724790 328
1724800 328
1724810 327
1724820 327
1724830 326
1724840 326
1724850 325
1724860 325
1724870 324
1724880 324
1724890 324
1724900 323
1724910 323
1724920 323
1724930 323
1724940 322
1724950 322
1724960 321
1724970 321
1724980 321
1724990 320
1725000 320
1725010 319
1725020 319
1725030 318
1725040 317
1725050 317
1725060 317
1725070 317
1725080 317
1725090 316
1725100 316
1725110 316
1725120 316
1725130 315
1725140 315
1725150 314
1725160 314
1725170 313
1725180 313
1725190 312
1725200 312
1725210 312
1725220 312
1725230 312
1725240 312
1725250 311
1725260 311
1725270 311
1725280 311
1725290 311
1725300 310
1725310 310
1725320 310
1725330 310
1725340 310
1725350 310
1725360 310
1725370 309
1725380 309
1725390 308
1725400 308
1725410 308
1725420 308
1725430 308
1725440 307
1725450 308
1725460 308
1725470 308
1725480 308
1725490 308
1725500 308
1725510 307
1725520 307
1725530 307
1725540 307
1725550 307
1725560 307
1725570 307
1725580 307
1725590 307
1725600 307
1725610 307
1725620 307
1725630 307
1725640 307
1725650 307
1725660 307
1725670 307
1725680 307
1725690 307
1725700 307
1725710 307
1725720 307
1725730 307
1725740 307
1725750 308
1725760 308
1725770 308
1725780 308
1725790 308
1725800 308
1725810 308
1725820 308
1725830 309
1725840 309
1725850 309
1725860 309
1725870 309
1725880 309
1725890 309
1725900 309
1725910 309
1725920 309
1725930 309
1725940 309
1725950 310
1725960 310
1725970 310
1725980 310
1725990 310
1726000 311
1726010 311
1726020 311
1726030 312
1726040 312
1726050 312
1726060 312
1726070 312
1726080 312
1726090 312
1726100 311
1726110 311
1726120 312
1726130 312
1726140 312
1726150 313
1726160 313
1726170 313
1726180 312
1726190 312
1726200 312
1726210 312
1726220 312
1726230 312
1726240 312
1726250 313
1726260 313
1726270 314
1726280 314
1726290 314
1726300 315
1726310 315
1726320 315
1726330 315
1726340 315
1726350 315
1726360 315
1726370 315
1726380 315
1726390 314
1726400 314
1726410 314
1726420 314
1726430 315
1726440 315
1726450 315
1726460 315
1726470 315
1726480 315
1726490 316
1726500 316
1726510 316
1726520 316
1726530 316
1726540 316
1726550 316
1726560 317
1726570 317
1726580 317
1726590 316
1726600 316
1726610 316
1726620 317
1726630 317
1726640 317
1726650 317
1726660 317
1726670 317
1726680 318
1726690 318
1726700 318
1726710 318
1726720 318
1726730 318
1726740 318
1726750 317
1726760 317
1726770 316
1726780 316
1726790 315
1726800 315
1726810 316
1726820 317
1726830 319
1726840 320
1726850 321
1726860 322
1726870 322
1726880 323
1726890 324
1726900 325
1726910 326
1726920 326
1726930 327
1726940 328
1726950 328
1726960 329
1726970 329
1726980 330
1726990 330
1727000 331
1727010 331
1727020 332
1727030 332
1727040 332
1727050 332
1727060 333
1727070 333
1727080 333
1727090 333
1727100 333
1727110 333
1727120 334
1727130 334
1727140 334
1727150 334
1727160 334
1727170 334
1727180 334
1727190 334
1727200 334
1727210 334
1727220 334
1727230 334
1727240 334
1727250 334
1727260 335
1727270 335
1727280 335
1727290 335
1727300 335
1727310 335
1727320 335
1727330 335
1727340 335
1727350 334
1727360 334
1727370 334
1727380 334
1727390 334
1727400 334
1727410 334
1727420 334
1727430 334
1727440 334
1727450 334
1727460 334
1727470 334
1727480 334
1727490 334
1727500 334
1727510 334
1727520 334
1727530 334
1727540 334
1727550 334
1727560 333
1727570 333
1727580 333
1727590 333
1727600 333
1727610 333
1727620 333
1727630 333
1727640 333
1727650 332
1727660 332
1727670 332
1727680 332
1727690 332
1727700 332
1727710 332
1727720 332
1727730 332
1727740 332
1727750 331
1727760 331
1727770 331
1727780 330
1727790 330
1727800 330
1727810 329
1727820 329
1727830 329
1727840 328
1727850 328
1727860 327
1727870 327
1727880 326
1727890 326
1727900 325
1727910 325
1727920 324
1727930 324
1727940 323
1727950 323
1727960 322
1727970 321
1727980 320
1727990 320
1728000 319
1728010 318
1728020 318
1728030 317
1728040 317
1728050 316
1728060 316
1728070 316
1728080 316
1728090 316
1728100 315
1728110 315
1728120 315
1728130 315
1728140 315
1728150 315
1728160 315
1728170 315
1728180 315
1728190 315
1728200 314
1728210 314
1728220 314
1728230 314
1728240 314
1728250 314
1728260 314
1728270 314
1728280 314
1728290 314
1728300 314
1728310 314
1728320 314
1728330 314
1728340 314
1728350 314
1728360 314
1728370 314
1728380 313
1728390 313
1728400 313
1728410 313
1728420 313
1728430 313
1728440 313
1728450 313
1728460 313
1728470 312
1728480 312
1728490 313
1728500 313
1728510 313
1728520 313
1728530 313
1728540 313
1728550 312
1728560 312
1728570 312
1728580 312
1728590 312
1728600 312
1728610 312
1728620 312
1728630 311
1728640 311
1728650 311
1728660 311
1728670 311
1728680 311
1728690 311
1728700 311
1728710 311
1728720 311
1728730 311
1728740 311
1728750 311
1728760 311
1728770 311
1728780 311
1728790 311
1728800 311
1728810 311
1728820 311
1728830 311
1728840 311
1728850 311
1728860 311
1728870 311
1728880 311
1728890 311
1728900 311
1728910 311
1728920 311
1728930 311
1728940 311
1728950 311
1728960 311
1728970 311
1728980 311
1728990 310
1729000 310
1729010 310
1729020 310
1729030 310
1729040 309
1729050 309
1729060 309
1729070 309
1729080 308
1729090 308
1729100 307
1729110 307
1729120 306
1729130 306
1729140 305
1729150 305
1729160 304
1729170 304
1729180 303
1729190 303
1729200 302
1729210 302
1729220 302
1729230 301
1729240 301
1729250 301
1729260 301
1729270 301
1729280 301
1729290 301
1729300 300
1729310 300
1729320 300
1729330 300
1729340 300
1729350 300
1729360 300
1729370 300
1729380 300
1729390 300
1729400 299
1729410 299
1729420 299
1729430 298
1729440 298
1729450 298
1729460 298
1729470 298
1729480 298
1729490 298
1729500 298
1729510 298
1729520 298
1729530 298
1729540 298
1729550 298
1729560 297
1729570 297
1729580 297
1729590 297
1729600 297
1729610 297
1729620 297
1729630 297
1729640 297
1729650 297
1729660 297
1729670 297
1729680 297
1729690 296
1729700 296
1729710 296
1729720 296
1729730 296
1729740 296
1729750 296
1729760 296
1729770 296
1729780 296
1729790 296
1729800 296
1729810 296
1729820 296
1729830 296
1729840 296
1729850 296
1729860 296
1729870 296
1729880 296
1729890 295
1729900 295
1729910 295
1729920 295
1729930 295
1729940 295
1729950 295
1729960 295
1729970 295
1729980 295
1729990 295
1730000 295
1730010 295
1730020 295
1730030 295
1730040 295
1730050 295
1730060 295
1730070 295
1730080 295
1730090 295
1730100 295
1730110 295
1730120 295
1730130 295
1730140 295
1730150 295
1730160 295
1730170 295
1730180 295
1730190 295
1730200 294
1730210 294
1730220 294
1730230 294
1730240 294
1730250 294
1730260 294
1730270 294
1730280 294
1730290 295
1730300 295
1730310 295
1730320 295
1730330 294
1730340 295
1730350 295
1730360 294
1730370 294
1730380 294
1730390 294
1730400 294
1730410 293
1730420 293
1730430 293
1730440 293
1730450 293
1730460 294
1730470 294
1730480 295
1730490 294
1730500 294
1730510 294
1730520 294
1730530 293
1730540 293
1730550 293
1730560 293
1730570 293
1730580 293
1730590 293
1730600 293
1730610 293
1730620 293
1730630 293
1730640 293
1730650 293
1730660 293
1730670 293
1730680 293
1730690 293
1730700 293
1730710 293
1730720 293
1730730 293
1730740 293
1730750 293
1730760 293
1730770 293
1730780 293
1730790 293
1730800 293
1730810 293
1730820 293
1730830 293
1730840 293
1730850 292
1730860 292
1730870 291
1730880 290
1730890 290
1730900 289
1730910 288
1730920 288
1730930 288
1730940 288
1730950 290
1730960 292
1730970 292
1730980 293
1730990 293
1731000 293
1731010 293
1731020 293
1731030 293
1731040 294
1731050 294
1731060 293
1731070 293
1731080 293
1731090 293
1731100 293
1731110 293
1731120 293
1731130 293
1731140 293
1731150 293
1731160 293
1731170 293
1731180 293
1731190 293
1731200 292
1731210 292
1731220 292
1731230 292
1731240 292
1731250 292
1731260 292
1731270 292
1731280 292
1731290 292
1731300 293
1731310 293
1731320 293
1731330 294
1731340 294
1731350 294
1731360 295
1731370 295
1731380 295
1731390 296
1731400 296
1731410 295
1731420 294
1731430 294
1731440 294
1731450 295
1731460 295
1731470 296
1731480 295
1731490 295
1731500 295
1731510 295
1731520 296
1731530 296
1731540 296
1731550 296
1731560 297
1731570 297
1731580 296
1731590 296
1731600 296
1731610 296
1731620 296
1731630 297
1731640 297
1731650 297
1731660 297
1731670 297
1731680 297
1731690 297
1731700 297
1731710 297
1731720 297
1731730 298
1731740 299
1731750 300
1731760 301
1731770 301
1731780 302
1731790 303
1731800 304
1731810 306
1731820 307
1731830 308
1731840 309
1731850 309
1731860 310
1731870 310
1731880 311
1731890 312
1731900 312
1731910 313
1731920 314
1731930 315
1731940 315
1731950 316
1731960 317
1731970 318
1731980 318
1731990 319
1732000 320
1732010 320
1732020 321
1732030 322
1732040 322
1732050 323
1732060 323
1732070 324
1732080 324
1732090 325
1732100 325
1732110 325
1732120 326
1732130 326
1732140 326
1732150 327
1732160 327
1732170 327
1732180 327
1732190 328
1732200 328
1732210 328
1732220 328
1732230 329
1732240 329
1732250 329
1732260 330
1732270 330
1732280 330
1732290 330
1732300 330
1732310 331
1732320 331
1732330 331
1732340 331
1732350 331
1732360 331
1732370 332
1732380 332
1732390 332
1732400 332
1732410 332
1732420 333
1732430 333
1732440 333
1732450 333
1732460 334
1732470 334
1732480 334
1732490 334
1732500 335
1732510 335
1732520 335
1732530 335
1732540 335
1732550 335
1732560 335
1732570 335
1732580 335
1732590 335
1732600 336
1732610 336
1732620 336
1732630 336
1732640 336
1732650 336
1732660 337
1732670 337
1732680 337
1732690 337
1732700 338
1732710 338
1732720 338
1732730 339
1732740 339
1732750 339
1732760 339
1732770 339
1732780 340
1732790 340
1732800 340
1732810 341
1732820 341
1732830 341
1732840 341
1732850 341
1732860 342
1732870 342
1732880 342
1732890 342
1732900 342
1732910 343
1732920 343
1732930 343
1732940 343
1732950 343
1732960 344
1732970 344
1732980 344
1732990 344
1733000 344
1733010 344
1733020 345
1733030 345
1733040 345
1733050 345
1733060 345
1733070 345
1733080 346
1733090 346
1733100 346
1733110 346
1733120 346
1733130 347
1733140 347
1733150 347
1733160 347
1733170 348
1733180 348
1733190 348
1733200 348
1733210 348
1733220 348
1733230 349
1733240 349
1733250 349
1733260 349
1733270 349
1733280 350
1733290 350
1733300 350
1733310 350
1733320 350
1733330 350
1733340 351
1733350 351
1733360 351
1733370 351
1733380 351
1733390 351
1733400 352
1733410 352
1733420 352
1733430 352
1733440 352
1733450 352
1733460 352
1733470 352
1733480 353
1733490 353
1733500 353
1733510 353
1733520 353
1733530 353
1733540 353
1733550 353
1733560 353
1733570 353
1733580 353
1733590 353
1733600 353
1733610 353
1733620 353
1733630 354
1733640 354
1733650 354
1733660 354
1733670 354
1733680 354
1733690 354
1733700 354
1733710 354
1733720 354
1733730 354
1733740 354
1733750 354
1733760 354
1733770 354
1733780 354
1733790 354
1733800 354
1733810 354
1733820 354
1733830 354
1733840 354
1733850 354
1733860 354
1733870 354
1733880 355
1733890 355
1733900 355
1733910 355
1733920 355
1733930 355
1733940 356
1733950 356
1733960 356
1733970 356
1733980 357
1733990 357
1734000 357
1734010 357
1734020 357
1734030 358
1734040 358
1734050 358
1734060 358
1734070 359
1734080 359
1734090 359
1734100 359
1734110 359
1734120 360
1734130 360
1734140 360
1734150 360
1734160 360
1734170 361
1734180 361
1734190 361
1734200 361
1734210 362
1734220 362
1734230 362
1734240 362
1734250 362
1734260 362
1734270 363
1734280 363
1734290 363
1734300 364
1734310 364
1734320 364
1734330 365
1734340 365
1734350 366
1734360 366
1734370 366
1734380 367
1734390 367
1734400 367
1734410 368
1734420 368
1734430 369
1734440 369
1734450 369
1734460 369
1734470 368
1734480 369
1734490 369
1734500 369
1734510 369
1734520 369
1734530 370
1734540 370
1734550 371
1734560 371
1734570 371
1734580 372
1734590 372
1734600 373
1734610 373
1734620 374
1734630 374
1734640 374
1734650 374
1734660 375
1734670 376
1734680 376
1734690 377
1734700 378
1734710 378
1734720 379
1734730 379
1734740 380
1734750 381
1734760 381
1734770 381
1734780 381
1734790 382
1734800 382
1734810 382
1734820 383
1734830 383
1734840 384
1734850 384
1734860 384
1734870 384
1734880 385
1734890 385
1734900 385
1734910 385
1734920 386
1734930 386
1734940 386
1734950 386
1734960 387
1734970 388
1734980 388
1734990 388
1735000 388
1735010 388
1735020 388
1735030 388
1735040 389
1735050 389
1735060 389
1735070 389
1735080 389
1735090 389
1735100 389
1735110 389
1735120 389
1735130 389
1735140 389
1735150 389
1735160 389
1735170 389
1735180 389
1735190 388
1735200 388
1735210 388
1735220 388
1735230 388
1735240 388
1735250 388
1735260 388
1735270 388
1735280 388
1735290 388
1735300 387
1735310 387
1735320 387
1735330 387
1735340 387
1735350 387
1735360 387
1735370 387
1735380 387
1735390 387
1735400 386
1735410 386
1735420 386
1735430 386
1735440 385
1735450 385
1735460 385
1735470 385
1735480 384
1735490 384
1735500 383
1735510 383
1735520 382
1735530 382
1735540 382
1735550 381
1735560 380
1735570 379
1735580 378
1735590 377
1735600 376
1735610 375
1735620 373
1735630 372
1735640 371
1735650 370
1735660 369
1735670 369
1735680 368
1735690 368
1735700 367
1735710 367
1735720 366
1735730 366
1735740 365
1735750 365
1735760 365
1735770 365
1735780 365
1735790 365
1735800 365
1735810 365
1735820 365
1735830 365
1735840 365
1735850 365
1735860 365
1735870 365
1735880 365
1735890 365
1735900 365
1735910 365
1735920 365
1735930 365
1735940 366
1735950 366
1735960 366
1735970 366
1735980 367
1735990 367
1736000 367
1736010 367
1736020 367
1736030 368
1736040 368
1736050 368
1736060 368
1736070 369
1736080 369
1736090 369
1736100 369
1736110 369
1736120 370
1736130 370
1736140 370
1736150 370
1736160 371
1736170 371
1736180 371
1736190 371
1736200 372
1736210 372
1736220 372
1736230 372
1736240 372
1736250 372
1736260 373
1736270 373
1736280 373
1736290 373
1736300 373
1736310 373
1736320 373
1736330 373
1736340 373
1736350 373
1736360 373
1736370 373
1736380 373
1736390 373
1736400 374
1736410 374
1736420 374
1736430 374
1736440 374
1736450 374
1736460 374
1736470 373
1736480 373
1736490 373
1736500 373
1736510 373
1736520 373
1736530 372
1736540 372
1736550 372
1736560 371
1736570 371
1736580 371
1736590 370
1736600 370
1736610 369
1736620 369
1736630 369
1736640 368
1736650 368
1736660 368
1736670 367
1736680 367
1736690 366
1736700 366
1736710 365
1736720 365
1736730 364
1736740 364
1736750 364
1736760 363
1736770 363
1736780 362
1736790 362
1736800 361
1736810 361
1736820 361
1736830 360
1736840 360
1736850 359
1736860 359
1736870 358
1736880 358
1736890 358
1736900 357
1736910 357
1736920 356
1736930 356
1736940 355
1736950 355
1736960 354
1736970 353
1736980 353
1736990 352
1737000 352
1737010 351
1737020 351
1737030 350
1737040 350
1737050 349
1737060 349
1737070 348
1737080 348
1737090 347
1737100 347
1737110 346
1737120 346
1737130 345
1737140 345
1737150 344
1737160 343
1737170 343
1737180 342
1737190 341
1737200 341
1737210 340
1737220 340
1737230 339
1737240 339
1737250 338
1737260 337
1737270 336
1737280 336
1737290 335
1737300 335
1737310 334
1737320 333
1737330 332
1737340 331
1737350 331
1737360 330
1737370 330
1737380 329
1737390 329
1737400 328
1737410 328
1737420 327
1737430 326
1737440 325
1737450 323
1737460 322
1737470 320
1737480 318
1737490 317
1737500 316
1737510 316
1737520 316
1737530 316
1737540 315
1737550 315
1737560 315
1737570 315
1737580 314
1737590 314
1737600 314
1737610 314
1737620 314
1737630 314
1737640 313
1737650 313
1737660 313
1737670 313
1737680 313
1737690 313
1737700 313
1737710 313
1737720 313
1737730 313
1737740 313
1737750 313
1737760 313
1737770 313
1737780 313
1737790 313
1737800 313
1737810 313
1737820 313
1737830 313
1737840 313
1737850 313
1737860 313
1737870 313
1737880 313
1737890 313
1737900 313
1737910 313
1737920 313
1737930 312
1737940 312
1737950 312
1737960 312
1737970 312
1737980 313
1737990 313
1738000 313
1738010 312
1738020 312
1738030 311
1738040 311
1738050 310
1738060 310
1738070 310
1738080 310
1738090 310
1738100 310
1738110 310
1738120 310
1738130 310
1738140 310
1738150 310
1738160 310
1738170 310
1738180 310
1738190 310
1738200 310
1738210 310
1738220 310
1738230 310
1738240 310
1738250 310
1738260 310
1738270 310
1738280 310
1738290 310
1738300 310
1738310 310
1738320 311
1738330 311
1738340 310
1738350 310
1738360 310
1738370 310
1738380 310
1738390 310
1738400 310
1738410 310
1738420 310
1738430 310
1738440 310
1738450 310
1738460 310
1738470 310
1738480 310
1738490 310
1738500 310
1738510 310
1738520 310
1738530 310
1738540 310
1738550 310
1738560 310
1738570 310
1738580 310
1738590 310
1738600 310
1738610 310
1738620 310
1738630 309
1738640 309
1738650 309
1738660 309
1738670 309
1738680 309
1738690 309
1738700 309
1738710 309
1738720 309
1738730 309
1738740 309
1738750 309
1738760 309
1738770 309
1738780 309
1738790 309
1738800 309
1738810 310
1738820 310
1738830 309
1738840 309
1738850 309
1738860 309
1738870 309
1738880 309
1738890 309
1738900 309
1738910 309
1738920 309
1738930 309
1738940 309
1738950 309
1738960 309
1738970 309
1738980 309
1738990 309
1739000 309
1739010 309
1739020 309
1739030 309
1739040 309
1739050 309
1739060 309
1739070 309
1739080 309
1739090 309
1739100 309
1739110 308
1739120 308
1739130 308
1739140 308
1739150 308
1739160 308
1739170 308
1739180 308
1739190 308
1739200 308
1739210 308
1739220 308
1739230 308
1739240 308
1739250 308
1739260 308
1739270 308
1739280 308
1739290 308
1739300 308
1739310 308
1739320 308
1739330 308
1739340 308
1739350 308
1739360 308
1739370 308
1739380 308
1739390 308
1739400 308
1739410 308
1739420 308
1739430 307
1739440 307
1739450 307
1739460 307
1739470 306
1739480 306
1739490 306
1739500 306
1739510 306
1739520 306
1739530 306
1739540 306
1739550 306
1739560 306
1739570 307
1739580 307
1739590 308
1739600 307
1739610 306
1739620 305
1739630 304
1739640 304
1739650 304
1739660 304
1739670 304
1739680 306
1739690 306
1739700 305
1739710 306
1739720 306
1739730 307
1739740 306
1739750 306
1739760 307
1739770 307
1739780 307
1739790 307
1739800 307
1739810 307
1739820 307
1739830 307
1739840 307
1739850 307
1739860 307
1739870 307
1739880 307
1739890 307
1739900 307
1739910 307
1739920 307
1739930 307
1739940 308
1739950 308
1739960 308
1739970 307
1739980 306
1739990 305
