1720000 287
1720010 287
1720020 287
1720030 286
1720040 286
1720050 286
1720060 286
1720070 286
1720080 286
1720090 286
1720100 286
1720110 286
1720120 286
1720130 286
1720140 286
1720150 285
1720160 285
1720170 285
1720180 285
1720190 285
1720200 285
1720210 285
1720220 285
1720230 285
1720240 285
1720250 285
1720260 285
1720270 285
1720280 285
1720290 285
1720300 285
1720310 285
1720320 285
1720330 285
1720340 285
1720350 285
1720360 284
1720370 285
1720380 285
1720390 285
1720400 284
1720410 284
1720420 284
1720430 284
1720440 284
1720450 284
1720460 284
1720470 284
1720480 284
1720490 284
1720500 284
1720510 284
1720520 284
1720530 284
1720540 284
1720550 284
1720560 284
1720570 284
1720580 284
1720590 284
1720600 284
1720610 284
1720620 284
1720630 284
1720640 284
1720650 284
1720660 284
1720670 284
1720680 284
1720690 284
1720700 284
1720710 284
1720720 284
1720730 284
1720740 284
1720750 284
1720760 284
1720770 284
1720780 284
1720790 284
1720800 284
1720810 284
1720820 284
1720830 284
1720840 284
1720850 283
1720860 283
1720870 283
1720880 283
1720890 283
1720900 283
1720910 283
1720920 283
1720930 283
1720940 283
1720950 282
1720960 282
1720970 282
1720980 282
1720990 282
1721000 282
1721010 282
1721020 282
1721030 281
1721040 281
1721050 281
1721060 280
1721070 280
1721080 280
1721090 280
1721100 280
1721110 279
1721120 279
1721130 279
1721140 279
1721150 278
1721160 278
1721170 278
1721180 277
1721190 277
1721200 277
1721210 277
1721220 277
1721230 277
1721240 276
1721250 276
1721260 276
1721270 275
1721280 275
1721290 275
1721300 275
1721310 274
1721320 274
1721330 274
1721340 274
1721350 274
1721360 273
1721370 273
1721380 273
1721390 273
1721400 273
1721410 273
1721420 272
1721430 272
1721440 272
1721450 272
1721460 272
1721470 271
1721480 271
1721490 271
1721500 271
1721510 270
1721520 270
1721530 269
1721540 267
1721550 266
1721560 265
1721570 265
1721580 264
1721590 264
1721600 264
1721610 264
1721620 264
1721630 264
1721640 264
1721650 264
1721660 264
1721670 265
1721680 265
1721690 265
1721700 264
1721710 264
1721720 263
1721730 263
1721740 263
1721750 263
1721760 262
1721770 262
1721780 262
1721790 261
1721800 261
1721810 261
1721820 261
1721830 260
1721840 260
1721850 260
1721860 260
1721870 259
1721880 259
1721890 259
1721900 259
1721910 258
1721920 258
1721930 258
1721940 258
1721950 257
1721960 257
1721970 257
1721980 257
1721990 256
1722000 256
1722010 256
1722020 256
1722030 255
1722040 255
1722050 255
1722060 255
1722070 254
1722080 254
1722090 254
1722100 254
1722110 253
1722120 253
1722130 253
1722140 253
1722150 253
1722160 253
1722170 253
1722180 253
1722190 253
1722200 253
1722210 253
1722220 253
1722230 253
1722240 253
1722250 253
1722260 253
1722270 253
1722280 252
1722290 252
1722300 252
1722310 252
1722320 251
1722330 251
1722340 251
1722350 251
1722360 251
1722370 251
1722380 250
1722390 250
1722400 250
1722410 250
1722420 249
1722430 249
1722440 249
1722450 248
1722460 248
1722470 248
1722480 248
1722490 247
1722500 247
1722510 247
1722520 247
1722530 247
1722540 246
1722550 246
1722560 245
1722570 245
1722580 244
1722590 244
1722600 244
1722610 244
1722620 244
1722630 244
1722640 244
1722650 244
1722660 243
1722670 243
1722680 242
1722690 242
1722700 242
1722710 243
1722720 244
1722730 244
1722740 244
1722750 244
1722760 244
1722770 245
1722780 245
1722790 245
1722800 245
1722810 246
1722820 246
1722830 246
1722840 247
1722850 247
1722860 247
1722870 247
1722880 248
1722890 248
1722900 248
1722910 249
1722920 249
1722930 249
1722940 250
1722950 250
1722960 250
1722970 251
1722980 251
1722990 251
1723000 251
1723010 252
1723020 252
1723030 252
1723040 252
1723050 252
1723060 252
1723070 252
1723080 253
1723090 253
1723100 253
1723110 253
1723120 253
1723130 253
1723140 253
1723150 253
1723160 253
1723170 253
1723180 253
1723190 253
1723200 253
1723210 253
1723220 253
1723230 253
1723240 253
1723250 253
1723260 253
1723270 253
1723280 253
1723290 253
1723300 253
1723310 253
1723320 253
1723330 253
1723340 253
1723350 253
1723360 253
1723370 253
1723380 253
1723390 253
1723400 253
1723410 253
1723420 253
1723430 253
1723440 253
1723450 253
1723460 254
1723470 254
1723480 254
1723490 254
1723500 254
1723510 254
1723520 254
1723530 254
1723540 254
1723550 255
1723560 255
1723570 255
1723580 255
1723590 255
1723600 256
1723610 256
1723620 256
1723630 256
1723640 256
1723650 256
1723660 256
1723670 256
1723680 256
1723690 256
1723700 256
1723710 256
1723720 256
1723730 256
1723740 256
1723750 256
1723760 256
1723770 256
1723780 256
1723790 256
1723800 256
1723810 256
1723820 256
1723830 256
1723840 256
1723850 256
1723860 256
1723870 256
1723880 256
1723890 256
1723900 256
1723910 256
1723920 256
1723930 256
1723940 256
1723950 256
1723960 256
1723970 256
1723980 256
1723990 257
1724000 257
1724010 257
1724020 257
1724030 257
1724040 257
1724050 257
1724060 257
1724070 257
1724080 257
1724090 257
1724100 257
1724110 258
1724120 258
1724130 258
1724140 258
1724150 258
1724160 258
1724170 259
1724180 259
1724190 259
1724200 259
1724210 259
1724220 259
1724230 259
1724240 259
1724250 259
1724260 259
1724270 259
1724280 259
1724290 259
1724300 259
1724310 259
1724320 259
1724330 259
1724340 259
1724350 259
1724360 259
1724370 259
1724380 259
1724390 259
1724400 259
1724410 259
1724420 259
1724430 259
1724440 259
1724450 259
1724460 259
1724470 259
1724480 259
1724490 259
1724500 259
1724510 259
1724520 260
1724530 260
1724540 260
1724550 260
1724560 260
1724570 260
1724580 260
1724590 260
1724600 260
1724610 260
1724620 260
1724630 260
1724640 260
1724650 260
1724660 260
1724670 260
1724680 260
1724690 260
1724700 260
1724710 260
1724720 260
1724730 260
1724740 260
1724750 260
1724760 261
1724770 261
1724780 261
1724790 261
1724800 261
1724810 261
1724820 261
1724830 261
1724840 261
1724850 261
1724860 261
1724870 261
1724880 261
1724890 261
1724900 261
1724910 261
1724920 261
1724930 261
1724940 261
1724950 261
1724960 261
1724970 261
1724980 261
1724990 261
1725000 262
1725010 262
1725020 262
1725030 262
1725040 262
1725050 262
1725060 262
1725070 262
1725080 262
1725090 262
1725100 262
1725110 262
1725120 262
1725130 262
1725140 262
1725150 262
1725160 262
1725170 262
1725180 262
1725190 262
1725200 262
1725210 262
1725220 262
1725230 262
1725240 262
1725250 262
1725260 262
1725270 262
1725280 262
1725290 262
1725300 262
1725310 262
1725320 262
1725330 262
1725340 262
1725350 262
1725360 262
1725370 262
1725380 262
1725390 262
1725400 262
1725410 262
1725420 262
1725430 262
1725440 262
1725450 262
1725460 262
1725470 262
1725480 262
1725490 262
1725500 262
1725510 262
1725520 261
1725530 261
1725540 261
1725550 261
1725560 261
1725570 261
1725580 261
1725590 261
1725600 261
1725610 261
1725620 261
1725630 261
1725640 261
1725650 261
1725660 261
1725670 261
1725680 261
1725690 261
1725700 261
1725710 261
1725720 262
1725730 262
1725740 262
1725750 262
1725760 262
1725770 262
1725780 262
1725790 262
1725800 262
1725810 262
1725820 262
1725830 262
1725840 262
1725850 262
1725860 262
1725870 262
1725880 262
1725890 262
1725900 262
1725910 262
1725920 262
1725930 262
1725940 262
1725950 262
1725960 262
1725970 263
1725980 263
1725990 263
1726000 263
1726010 263
1726020 263
1726030 263
1726040 263
1726050 263
1726060 263
1726070 263
1726080 263
1726090 263
1726100 263
1726110 263
1726120 264
1726130 264
1726140 264
1726150 264
1726160 264
1726170 264
1726180 264
1726190 264
1726200 264
1726210 264
1726220 265
1726230 265
1726240 265
1726250 265
1726260 265
1726270 265
1726280 265
1726290 265
1726300 265
1726310 265
1726320 265
1726330 265
1726340 265
1726350 265
1726360 265
1726370 265
1726380 265
1726390 266
1726400 266
1726410 266
1726420 266
1726430 266
1726440 266
1726450 266
1726460 266
1726470 266
1726480 266
1726490 266
1726500 266
1726510 266
1726520 266
1726530 266
1726540 266
1726550 266
1726560 266
1726570 266
1726580 266
1726590 266
1726600 266
1726610 266
1726620 266
1726630 266
1726640 266
1726650 266
1726660 266
1726670 266
1726680 266
1726690 266
1726700 265
1726710 265
1726720 265
1726730 265
1726740 265
1726750 265
1726760 265
1726770 265
1726780 265
1726790 265
1726800 265
1726810 265
1726820 265
1726830 265
1726840 264
1726850 264
1726860 264
1726870 264
1726880 264
1726890 264
1726900 264
1726910 264
1726920 265
1726930 265
1726940 264
1726950 264
1726960 264
1726970 264
1726980 264
1726990 264
1727000 264
1727010 264
1727020 264
1727030 264
1727040 264
1727050 264
1727060 264
1727070 264
1727080 265
1727090 265
1727100 265
1727110 265
1727120 265
1727130 265
1727140 265
1727150 265
1727160 265
1727170 265
1727180 265
1727190 265
1727200 265
1727210 265
1727220 265
1727230 265
1727240 265
1727250 265
1727260 265
1727270 265
1727280 265
1727290 265
1727300 265
1727310 265
1727320 265
1727330 265
1727340 265
1727350 265
1727360 265
1727370 265
1727380 265
1727390 265
1727400 265
1727410 265
1727420 265
1727430 265
1727440 265
1727450 265
1727460 265
1727470 265
1727480 265
1727490 264
1727500 264
1727510 264
1727520 264
1727530 264
1727540 264
1727550 264
1727560 264
1727570 264
1727580 264
1727590 264
1727600 264
1727610 264
1727620 264
1727630 264
1727640 264
1727650 264
1727660 264
1727670 264
1727680 264
1727690 264
1727700 264
1727710 264
1727720 264
1727730 264
1727740 264
1727750 264
1727760 264
1727770 264
1727780 264
1727790 264
1727800 264
1727810 264
1727820 264
1727830 264
1727840 264
1727850 264
1727860 264
1727870 264
1727880 264
1727890 263
1727900 263
1727910 263
1727920 263
1727930 263
1727940 263
1727950 263
1727960 263
1727970 263
1727980 263
1727990 263
1728000 263
1728010 263
1728020 263
1728030 263
1728040 263
1728050 263
1728060 263
1728070 263
1728080 263
1728090 263
1728100 263
1728110 263
1728120 263
1728130 263
1728140 263
1728150 263
1728160 263
1728170 263
1728180 263
1728190 263
1728200 263
1728210 263
1728220 263
1728230 263
1728240 263
1728250 265
1728260 267
1728270 270
1728280 270
1728290 268
1728300 265
1728310 264
1728320 263
1728330 263
1728340 263
1728350 263
1728360 263
1728370 263
1728380 263
1728390 263
1728400 263
1728410 263
1728420 263
1728430 263
1728440 263
1728450 263
1728460 263
1728470 263
1728480 263
1728490 263
1728500 263
1728510 263
1728520 262
1728530 262
1728540 261
1728550 261
1728560 261
1728570 261
1728580 261
1728590 261
1728600 261
1728610 261
1728620 261
1728630 261
1728640 261
1728650 261
1728660 261
1728670 261
1728680 261
1728690 262
1728700 263
1728710 263
1728720 263
1728730 263
1728740 263
1728750 263
1728760 263
1728770 263
1728780 263
1728790 263
1728800 263
1728810 263
1728820 263
1728830 263
1728840 263
1728850 263
1728860 263
1728870 263
1728880 263
1728890 263
1728900 264
1728910 264
1728920 264
1728930 264
1728940 264
1728950 264
1728960 264
1728970 264
1728980 264
1728990 264
1729000 264
1729010 264
1729020 265
1729030 265
1729040 265
1729050 265
1729060 265
1729070 265
1729080 265
1729090 265
1729100 265
1729110 265
1729120 265
1729130 265
1729140 265
1729150 265
1729160 265
1729170 265
1729180 265
1729190 265
1729200 265
1729210 265
1729220 265
1729230 265
1729240 265
1729250 265
1729260 265
1729270 265
1729280 265
1729290 265
1729300 265
1729310 265
1729320 265
1729330 267
1729340 269
1729350 271
1729360 270
1729370 268
1729380 266
1729390 266
1729400 266
1729410 266
1729420 266
1729430 265
1729440 265
1729450 265
1729460 265
1729470 265
1729480 265
1729490 265
1729500 265
1729510 265
1729520 265
1729530 265
1729540 265
1729550 265
1729560 265
1729570 265
1729580 265
1729590 265
1729600 265
1729610 265
1729620 265
1729630 265
1729640 265
1729650 265
1729660 265
1729670 265
1729680 266
1729690 266
1729700 266
1729710 266
1729720 266
1729730 266
1729740 265
1729750 265
1729760 265
1729770 265
1729780 265
1729790 265
1729800 265
1729810 265
1729820 265
1729830 266
1729840 266
1729850 266
1729860 266
1729870 266
1729880 266
1729890 266
1729900 265
1729910 265
1729920 265
1729930 265
1729940 265
1729950 266
1729960 266
1729970 266
1729980 266
1729990 266
1730000 266
1730010 266
1730020 266
1730030 266
1730040 265
1730050 266
1730060 266
1730070 266
1730080 266
1730090 266
1730100 266
1730110 266
1730120 266
1730130 266
1730140 266
1730150 266
1730160 266
1730170 266
1730180 266
1730190 266
1730200 266
1730210 266
1730220 266
1730230 265
1730240 265
1730250 265
1730260 265
1730270 265
1730280 265
1730290 265
1730300 266
1730310 266
1730320 266
1730330 266
1730340 266
1730350 266
1730360 266
1730370 266
1730380 266
1730390 266
1730400 266
1730410 266
1730420 266
1730430 266
1730440 267
1730450 267
1730460 267
1730470 267
1730480 267
1730490 267
1730500 267
1730510 267
1730520 267
1730530 267
1730540 267
1730550 267
1730560 267
1730570 267
1730580 267
1730590 267
1730600 267
1730610 267
1730620 267
1730630 267
1730640 267
1730650 267
1730660 267
1730670 267
1730680 267
1730690 267
1730700 267
1730710 267
1730720 266
1730730 265
1730740 263
1730750 263
1730760 263
1730770 263
1730780 264
1730790 266
1730800 266
1730810 266
1730820 266
1730830 266
1730840 266
1730850 267
1730860 268
1730870 268
1730880 268
1730890 267
1730900 267
1730910 267
1730920 267
1730930 267
1730940 267
1730950 268
1730960 268
1730970 268
1730980 268
1730990 268
1731000 269
1731010 269
1731020 269
1731030 269
1731040 269
1731050 269
1731060 269
1731070 269
1731080 269
1731090 269
1731100 269
1731110 269
1731120 269
1731130 269
1731140 270
1731150 270
1731160 270
1731170 270
1731180 270
1731190 270
1731200 270
1731210 270
1731220 270
1731230 270
1731240 270
1731250 270
1731260 270
1731270 270
1731280 270
1731290 270
1731300 270
1731310 270
1731320 270
1731330 270
1731340 270
1731350 271
1731360 271
1731370 272
1731380 273
1731390 273
1731400 274
1731410 274
1731420 275
1731430 275
1731440 275
1731450 276
1731460 277
1731470 278
1731480 278
1731490 279
1731500 279
1731510 280
1731520 280
1731530 280
1731540 281
1731550 281
1731560 282
1731570 283
1731580 283
1731590 284
1731600 285
1731610 286
1731620 286
1731630 287
1731640 287
1731650 287
1731660 288
1731670 288
1731680 288
1731690 288
1731700 287
1731710 289
1731720 291
1731730 293
1731740 293
1731750 293
1731760 292
1731770 292
1731780 292
1731790 291
1731800 291
1731810 290
1731820 289
1731830 288
1731840 288
1731850 287
1731860 287
1731870 287
1731880 286
1731890 286
1731900 286
1731910 286
1731920 286
1731930 286
1731940 286
1731950 286
1731960 287
1731970 287
1731980 287
1731990 287
1732000 288
1732010 288
1732020 288
1732030 289
1732040 289
1732050 289
1732060 289
1732070 289
1732080 290
1732090 290
1732100 290
1732110 290
1732120 291
1732130 291
1732140 291
1732150 291
1732160 292
1732170 292
1732180 292
1732190 293
1732200 293
1732210 294
1732220 295
1732230 295
1732240 296
1732250 297
1732260 298
1732270 298
1732280 299
1732290 300
1732300 300
1732310 301
1732320 301
1732330 301
1732340 302
1732350 302
1732360 302
1732370 302
1732380 302
1732390 302
1732400 303
1732410 303
1732420 303
1732430 303
1732440 304
1732450 304
1732460 304
1732470 304
1732480 304
1732490 304
1732500 305
1732510 305
1732520 305
1732530 305
1732540 305
1732550 305
1732560 305
1732570 305
1732580 305
1732590 305
1732600 306
1732610 306
1732620 306
1732630 306
1732640 306
1732650 306
1732660 306
1732670 306
1732680 306
1732690 306
1732700 306
1732710 306
1732720 306
1732730 306
1732740 306
1732750 306
1732760 306
1732770 306
1732780 306
1732790 306
1732800 306
1732810 306
1732820 306
1732830 306
1732840 306
1732850 307
1732860 307
1732870 307
1732880 307
1732890 307
1732900 307
1732910 307
1732920 307
1732930 307
1732940 307
1732950 307
1732960 307
1732970 307
1732980 307
1732990 307
1733000 307
1733010 307
1733020 307
1733030 307
1733040 308
1733050 308
1733060 308
1733070 308
1733080 308
1733090 308
1733100 308
1733110 308
1733120 308
1733130 308
1733140 308
1733150 308
1733160 308
1733170 308
1733180 308
1733190 308
1733200 308
1733210 308
1733220 308
1733230 308
1733240 308
1733250 308
1733260 308
1733270 308
1733280 308
1733290 308
1733300 308
1733310 308
1733320 308
1733330 308
1733340 308
1733350 309
1733360 309
1733370 308
1733380 308
1733390 308
1733400 309
1733410 309
1733420 309
1733430 309
1733440 309
1733450 308
1733460 308
1733470 308
1733480 308
1733490 308
1733500 308
1733510 308
1733520 308
1733530 308
1733540 308
1733550 308
1733560 308
1733570 308
1733580 307
1733590 307
1733600 307
1733610 307
1733620 307
1733630 307
1733640 307
1733650 307
1733660 307
1733670 307
1733680 307
1733690 307
1733700 307
1733710 307
1733720 307
1733730 307
1733740 307
1733750 307
1733760 307
1733770 307
1733780 307
1733790 307
1733800 307
1733810 307
1733820 307
1733830 307
1733840 307
1733850 308
1733860 308
1733870 308
1733880 308
1733890 308
1733900 308
1733910 309
1733920 309
1733930 309
1733940 309
1733950 310
1733960 310
1733970 310
1733980 310
1733990 310
1734000 310
1734010 310
1734020 310
1734030 311
1734040 311
1734050 311
1734060 311
1734070 311
1734080 311
1734090 312
1734100 312
1734110 312
1734120 312
1734130 312
1734140 312
1734150 312
1734160 312
1734170 312
1734180 312
1734190 313
1734200 313
1734210 313
1734220 313
1734230 313
1734240 313
1734250 313
1734260 313
1734270 313
1734280 313
1734290 313
1734300 313
1734310 314
1734320 313
1734330 313
1734340 313
1734350 314
1734360 314
1734370 314
1734380 314
1734390 314
1734400 314
1734410 314
1734420 314
1734430 314
1734440 314
1734450 314
1734460 314
1734470 314
1734480 314
1734490 314
1734500 314
1734510 314
1734520 314
1734530 314
1734540 314
1734550 314
1734560 314
1734570 314
1734580 314
1734590 314
1734600 314
1734610 314
1734620 314
1734630 314
1734640 314
1734650 313
1734660 313
1734670 313
1734680 313
1734690 313
1734700 313
1734710 313
1734720 312
1734730 312
1734740 312
1734750 312
1734760 312
1734770 313
1734780 313
1734790 313
1734800 313
1734810 313
1734820 314
1734830 314
1734840 314
1734850 314
1734860 314
1734870 314
1734880 315
1734890 315
1734900 315
1734910 315
1734920 315
1734930 315
1734940 315
1734950 315
1734960 315
1734970 315
1734980 315
1734990 315
1735000 315
1735010 316
1735020 316
1735030 316
1735040 315
1735050 315
1735060 315
1735070 315
1735080 315
1735090 315
1735100 315
1735110 315
1735120 315
1735130 315
1735140 315
1735150 315
1735160 315
1735170 315
1735180 315
1735190 315
1735200 315
1735210 315
1735220 315
1735230 315
1735240 315
1735250 315
1735260 315
1735270 315
1735280 315
1735290 315
1735300 315
1735310 315
1735320 315
1735330 315
1735340 315
1735350 316
1735360 316
1735370 316
1735380 316
1735390 316
1735400 316
1735410 316
1735420 316
1735430 316
1735440 316
1735450 316
1735460 316
1735470 316
1735480 316
1735490 316
1735500 316
1735510 316
1735520 316
1735530 316
1735540 316
1735550 316
1735560 316
1735570 316
1735580 316
1735590 316
1735600 316
1735610 316
1735620 316
1735630 316
1735640 316
1735650 316
1735660 316
1735670 316
1735680 316
1735690 316
1735700 316
1735710 316
1735720 316
1735730 316
1735740 316
1735750 316
1735760 316
1735770 316
1735780 316
1735790 316
1735800 316
1735810 316
1735820 316
1735830 316
1735840 316
1735850 316
1735860 316
1735870 316
1735880 316
1735890 316
1735900 316
1735910 316
1735920 315
1735930 315
1735940 315
1735950 315
1735960 315
1735970 315
1735980 315
1735990 315
1736000 315
1736010 315
1736020 315
1736030 315
1736040 314
1736050 314
1736060 314
1736070 314
1736080 314
1736090 314
1736100 314
1736110 314
1736120 313
1736130 313
1736140 312
1736150 312
1736160 312
1736170 311
1736180 311
1736190 311
1736200 310
1736210 310
1736220 310
1736230 310
1736240 310
1736250 311
1736260 311
1736270 311
1736280 311
1736290 311
1736300 311
1736310 311
1736320 311
1736330 311
1736340 311
1736350 311
1736360 311
1736370 311
1736380 311
1736390 311
1736400 311
1736410 311
1736420 311
1736430 311
1736440 311
1736450 311
1736460 311
1736470 311
1736480 311
1736490 311
1736500 311
1736510 311
1736520 311
1736530 312
1736540 312
1736550 312
1736560 312
1736570 312
1736580 312
1736590 312
1736600 312
1736610 313
1736620 313
1736630 313
1736640 314
1736650 314
1736660 314
1736670 314
1736680 314
1736690 314
1736700 314
1736710 314
1736720 314
1736730 314
1736740 314
1736750 314
1736760 314
1736770 314
1736780 314
1736790 314
1736800 314
1736810 314
1736820 314
1736830 314
1736840 314
1736850 314
1736860 314
1736870 314
1736880 314
1736890 314
1736900 313
1736910 313
1736920 313
1736930 313
1736940 312
1736950 312
1736960 311
1736970 311
1736980 311
1736990 311
1737000 310
1737010 310
1737020 310
1737030 309
1737040 309
1737050 309
1737060 309
1737070 308
1737080 308
1737090 308
1737100 308
1737110 308
1737120 308
1737130 308
1737140 308
1737150 307
1737160 307
1737170 307
1737180 307
1737190 306
1737200 306
1737210 306
1737220 305
1737230 305
1737240 304
1737250 303
1737260 302
1737270 302
1737280 300
1737290 299
1737300 297
1737310 294
1737320 291
1737330 289
1737340 288
1737350 287
1737360 286
1737370 286
1737380 285
1737390 285
1737400 285
1737410 285
1737420 284
1737430 284
1737440 284
1737450 284
1737460 284
1737470 284
1737480 284
1737490 284
1737500 284
1737510 284
1737520 284
1737530 284
1737540 284
1737550 284
1737560 284
1737570 284
1737580 284
1737590 284
1737600 284
1737610 284
1737620 284
1737630 284
1737640 284
1737650 284
1737660 284
1737670 284
1737680 284
1737690 284
1737700 284
1737710 284
1737720 284
1737730 284
1737740 284
1737750 284
1737760 284
1737770 284
1737780 284
1737790 284
1737800 284
1737810 284
1737820 284
1737830 284
1737840 284
1737850 284
1737860 284
1737870 284
1737880 284
1737890 284
1737900 284
1737910 284
1737920 284
1737930 284
1737940 284
1737950 284
1737960 284
1737970 284
1737980 284
1737990 284
1738000 284
1738010 284
1738020 284
1738030 284
1738040 284
1738050 284
1738060 284
1738070 284
1738080 284
1738090 284
1738100 284
1738110 284
1738120 284
1738130 284
1738140 284
1738150 284
1738160 285
1738170 285
1738180 284
1738190 284
1738200 284
1738210 284
1738220 284
1738230 284
1738240 284
1738250 284
1738260 284
1738270 284
1738280 284
1738290 284
1738300 284
1738310 285
1738320 285
1738330 285
1738340 285
1738350 285
1738360 285
1738370 285
1738380 284
1738390 284
1738400 284
1738410 284
1738420 284
1738430 284
1738440 284
1738450 284
1738460 284
1738470 284
1738480 284
1738490 284
1738500 284
1738510 284
1738520 284
1738530 283
1738540 283
1738550 283
1738560 283
1738570 283
1738580 283
1738590 283
1738600 283
1738610 283
1738620 283
1738630 283
1738640 283
1738650 283
1738660 283
1738670 283
1738680 283
1738690 283
1738700 283
1738710 283
1738720 283
1738730 283
1738740 283
1738750 283
1738760 283
1738770 283
1738780 283
1738790 283
1738800 283
1738810 283
1738820 283
1738830 283
1738840 283
1738850 283
1738860 283
1738870 283
1738880 283
1738890 283
1738900 283
1738910 283
1738920 283
1738930 283
1738940 283
1738950 283
1738960 283
1738970 283
1738980 283
1738990 283
1739000 283
1739010 283
1739020 283
1739030 282
1739040 282
1739050 282
1739060 282
1739070 283
1739080 283
1739090 283
1739100 283
1739110 283
1739120 283
1739130 283
1739140 282
1739150 282
1739160 282
1739170 282
1739180 282
1739190 282
1739200 282
1739210 282
1739220 282
1739230 282
1739240 282
1739250 282
1739260 283
1739270 283
1739280 283
1739290 283
1739300 283
1739310 283
1739320 283
1739330 283
1739340 283
1739350 283
1739360 283
1739370 283
1739380 283
1739390 283
1739400 283
1739410 283
1739420 283
1739430 283
1739440 283
1739450 283
1739460 283
1739470 282
1739480 282
1739490 282
1739500 282
1739510 281
1739520 281
1739530 281
1739540 281
1739550 281
1739560 281
1739570 281
1739580 281
1739590 281
1739600 281
1739610 281
1739620 282
1739630 282
1739640 282
1739650 282
1739660 282
1739670 282
1739680 282
1739690 282
1739700 282
1739710 282
1739720 282
1739730 282
1739740 281
1739750 281
1739760 281
1739770 281
1739780 281
1739790 281
1739800 281
1739810 281
1739820 282
1739830 282
1739840 282
1739850 282
1739860 281
1739870 281
1739880 281
1739890 281
1739900 281
1739910 281
1739920 281
1739930 281
1739940 281
1739950 281
1739960 280
1739970 279
1739980 278
1739990 278
