1720000 270
1720010 269
1720020 269
1720030 268
1720040 268
1720050 268
1720060 267
1720070 267
1720080 266
1720090 266
1720100 266
1720110 265
1720120 265
1720130 264
1720140 264
1720150 264
1720160 263
1720170 263
1720180 262
1720190 262
1720200 262
1720210 261
1720220 261
1720230 261
1720240 260
1720250 260
1720260 260
1720270 260
1720280 259
1720290 259
1720300 259
1720310 259
1720320 258
1720330 258
1720340 258
1720350 258
1720360 259
1720370 259
1720380 260
1720390 261
1720400 262
1720410 263
1720420 264
1720430 264
1720440 265
1720450 266
1720460 266
1720470 266
1720480 266
1720490 266
1720500 266
1720510 266
1720520 266
1720530 266
1720540 266
1720550 267
1720560 267
1720570 269
1720580 270
1720590 272
1720600 273
1720610 273
1720620 274
1720630 274
1720640 274
1720650 274
1720660 274
1720670 274
1720680 274
1720690 274
1720700 275
1720710 275
1720720 275
1720730 275
1720740 275
1720750 275
1720760 275
1720770 275
1720780 275
1720790 275
1720800 275
1720810 275
1720820 275
1720830 275
1720840 275
1720850 275
1720860 275
1720870 275
1720880 274
1720890 274
1720900 274
1720910 273
1720920 273
1720930 272
1720940 272
1720950 272
1720960 271
1720970 271
1720980 271
1720990 270
1721000 270
1721010 269
1721020 269
1721030 268
1721040 268
1721050 267
1721060 267
1721070 266
1721080 266
1721090 265
1721100 265
1721110 264
1721120 264
1721130 263
1721140 262
1721150 262
1721160 261
1721170 261
1721180 260
1721190 260
1721200 260
1721210 259
1721220 259
1721230 259
1721240 259
1721250 259
1721260 259
1721270 258
1721280 258
1721290 258
1721300 257
1721310 257
1721320 256
1721330 256
1721340 256
1721350 256
1721360 255
1721370 255
1721380 255
1721390 255
1721400 254
1721410 254
1721420 254
1721430 254
1721440 253
1721450 253
1721460 253
1721470 253
1721480 252
1721490 252
1721500 252
1721510 252
1721520 251
1721530 251
1721540 251
1721550 250
1721560 250
1721570 250
1721580 249
1721590 249
1721600 248
1721610 248
1721620 247
1721630 247
1721640 247
1721650 246
1721660 246
1721670 246
1721680 245
1721690 245
1721700 245
1721710 245
1721720 245
1721730 245
1721740 245
1721750 244
1721760 244
1721770 244
1721780 244
1721790 244
1721800 244
1721810 244
1721820 244
1721830 243
1721840 243
1721850 243
1721860 243
1721870 243
1721880 243
1721890 243
1721900 243
1721910 243
1721920 243
1721930 243
1721940 243
1721950 242
1721960 242
1721970 242
1721980 242
1721990 242
1722000 241
1722010 240
1722020 240
1722030 241
1722040 241
1722050 242
1722060 242
1722070 242
1722080 242
1722090 243
1722100 243
1722110 243
1722120 243
1722130 243
1722140 243
1722150 243
1722160 243
1722170 243
1722180 243
1722190 243
1722200 243
1722210 243
1722220 243
1722230 243
1722240 243
1722250 243
1722260 243
1722270 243
1722280 243
1722290 243
1722300 243
1722310 243
1722320 244
1722330 245
1722340 245
1722350 246
1722360 246
1722370 247
1722380 247
1722390 247
1722400 247
1722410 247
1722420 248
1722430 248
1722440 249
1722450 249
1722460 250
1722470 250
1722480 251
1722490 251
1722500 252
1722510 252
1722520 252
1722530 252
1722540 253
1722550 253
1722560 253
1722570 254
1722580 254
1722590 255
1722600 255
1722610 255
1722620 256
1722630 256
1722640 256
1722650 256
1722660 256
1722670 256
1722680 256
1722690 256
1722700 256
1722710 256
1722720 256
1722730 256
1722740 256
1722750 256
1722760 256
1722770 256
1722780 256
1722790 257
1722800 257
1722810 257
1722820 257
1722830 257
1722840 257
1722850 257
1722860 257
1722870 257
1722880 257
1722890 257
1722900 257
1722910 257
1722920 257
1722930 257
1722940 257
1722950 256
1722960 256
1722970 256
1722980 256
1722990 256
1723000 256
1723010 256
1723020 256
1723030 256
1723040 256
1723050 256
1723060 256
1723070 255
1723080 255
1723090 255
1723100 255
1723110 255
1723120 256
1723130 256
1723140 256
1723150 256
1723160 256
1723170 255
1723180 255
1723190 255
1723200 255
1723210 255
1723220 255
1723230 255
1723240 255
1723250 255
1723260 255
1723270 255
1723280 254
1723290 254
1723300 254
1723310 254
1723320 254
1723330 254
1723340 254
1723350 254
1723360 254
1723370 254
1723380 254
1723390 254
1723400 254
1723410 254
1723420 254
1723430 254
1723440 254
1723450 254
1723460 254
1723470 254
1723480 254
1723490 254
1723500 254
1723510 254
1723520 254
1723530 254
1723540 254
1723550 254
1723560 254
1723570 254
1723580 254
1723590 254
1723600 254
1723610 254
1723620 254
1723630 254
1723640 254
1723650 254
1723660 254
1723670 254
1723680 254
1723690 254
1723700 254
1723710 254
1723720 254
1723730 254
1723740 254
1723750 254
1723760 254
1723770 254
1723780 254
1723790 254
1723800 254
1723810 254
1723820 254
1723830 254
1723840 254
1723850 254
1723860 254
1723870 254
1723880 254
1723890 254
1723900 254
1723910 254
1723920 254
1723930 254
1723940 254
1723950 254
1723960 254
1723970 254
1723980 254
1723990 254
1724000 254
1724010 254
1724020 254
1724030 254
1724040 254
1724050 254
1724060 254
1724070 254
1724080 254
1724090 254
1724100 254
1724110 254
1724120 254
1724130 254
1724140 254
1724150 254
1724160 254
1724170 254
1724180 254
1724190 254
1724200 254
1724210 254
1724220 254
1724230 254
1724240 254
1724250 254
1724260 255
1724270 255
1724280 255
1724290 255
1724300 255
1724310 255
1724320 255
1724330 255
1724340 255
1724350 255
1724360 255
1724370 255
1724380 255
1724390 255
1724400 255
1724410 255
1724420 255
1724430 255
1724440 255
1724450 255
1724460 255
1724470 255
1724480 255
1724490 255
1724500 255
1724510 255
1724520 255
1724530 255
1724540 255
1724550 255
1724560 255
1724570 255
1724580 255
1724590 255
1724600 256
1724610 256
1724620 256
1724630 256
1724640 256
1724650 256
1724660 256
1724670 256
1724680 256
1724690 256
1724700 256
1724710 256
1724720 256
1724730 256
1724740 256
1724750 256
1724760 256
1724770 256
1724780 256
1724790 256
1724800 256
1724810 256
1724820 256
1724830 256
1724840 256
1724850 256
1724860 256
1724870 256
1724880 256
1724890 256
1724900 256
1724910 256
1724920 256
1724930 256
1724940 256
1724950 256
1724960 256
1724970 256
1724980 256
1724990 256
1725000 256
1725010 256
1725020 256
1725030 256
1725040 256
1725050 256
1725060 256
1725070 256
1725080 256
1725090 256
1725100 256
1725110 256
1725120 256
1725130 256
1725140 256
1725150 256
1725160 256
1725170 256
1725180 256
1725190 256
1725200 256
1725210 256
1725220 256
1725230 256
1725240 256
1725250 256
1725260 256
1725270 256
1725280 256
1725290 256
1725300 256
1725310 256
1725320 257
1725330 257
1725340 256
1725350 256
1725360 256
1725370 257
1725380 257
1725390 257
1725400 257
1725410 257
1725420 257
1725430 257
1725440 257
1725450 257
1725460 257
1725470 257
1725480 257
1725490 257
1725500 257
1725510 257
1725520 257
1725530 257
1725540 257
1725550 257
1725560 257
1725570 257
1725580 257
1725590 257
1725600 257
1725610 257
1725620 257
1725630 257
1725640 257
1725650 257
1725660 257
1725670 257
1725680 257
1725690 257
1725700 257
1725710 257
1725720 257
1725730 257
1725740 257
1725750 257
1725760 257
1725770 257
1725780 257
1725790 257
1725800 258
1725810 258
1725820 258
1725830 258
1725840 258
1725850 258
1725860 258
1725870 258
1725880 258
1725890 258
1725900 258
1725910 258
1725920 258
1725930 258
1725940 258
1725950 258
1725960 258
1725970 258
1725980 258
1725990 258
1726000 258
1726010 258
1726020 258
1726030 258
1726040 258
1726050 258
1726060 258
1726070 258
1726080 258
1726090 258
1726100 258
1726110 258
1726120 258
1726130 259
1726140 259
1726150 259
1726160 259
1726170 259
1726180 259
1726190 259
1726200 259
1726210 259
1726220 259
1726230 259
1726240 259
1726250 259
1726260 259
1726270 259
1726280 259
1726290 259
1726300 259
1726310 259
1726320 259
1726330 259
1726340 259
1726350 259
1726360 259
1726370 259
1726380 259
1726390 259
1726400 259
1726410 259
1726420 259
1726430 259
1726440 259
1726450 259
1726460 259
1726470 259
1726480 259
1726490 259
1726500 259
1726510 259
1726520 259
1726530 259
1726540 259
1726550 259
1726560 259
1726570 259
1726580 259
1726590 259
1726600 259
1726610 259
1726620 259
1726630 259
1726640 259
1726650 259
1726660 259
1726670 259
1726680 258
1726690 258
1726700 258
1726710 259
1726720 259
1726730 259
1726740 258
1726750 258
1726760 258
1726770 258
1726780 259
1726790 259
1726800 259
1726810 259
1726820 259
1726830 260
1726840 260
1726850 260
1726860 260
1726870 260
1726880 260
1726890 260
1726900 260
1726910 260
1726920 260
1726930 260
1726940 260
1726950 261
1726960 261
1726970 261
1726980 261
1726990 261
1727000 261
1727010 261
1727020 261
1727030 261
1727040 261
1727050 261
1727060 261
1727070 261
1727080 261
1727090 261
1727100 261
1727110 261
1727120 260
1727130 260
1727140 260
1727150 260
1727160 260
1727170 261
1727180 261
1727190 261
1727200 261
1727210 261
1727220 261
1727230 261
1727240 261
1727250 261
1727260 261
1727270 261
1727280 260
1727290 260
1727300 260
1727310 260
1727320 260
1727330 260
1727340 260
1727350 260
1727360 260
1727370 260
1727380 260
1727390 260
1727400 259
1727410 259
1727420 259
1727430 259
1727440 260
1727450 260
1727460 260
1727470 260
1727480 260
1727490 259
1727500 259
1727510 260
1727520 260
1727530 259
1727540 259
1727550 259
1727560 259
1727570 259
1727580 259
1727590 259
1727600 259
1727610 259
1727620 259
1727630 259
1727640 259
1727650 259
1727660 259
1727670 259
1727680 259
1727690 259
1727700 259
1727710 259
1727720 259
1727730 259
1727740 259
1727750 260
1727760 260
1727770 260
1727780 259
1727790 259
1727800 259
1727810 259
1727820 259
1727830 259
1727840 259
1727850 259
1727860 259
1727870 259
1727880 260
1727890 260
1727900 260
1727910 260
1727920 260
1727930 260
1727940 260
1727950 260
1727960 260
1727970 260
1727980 260
1727990 261
1728000 261
1728010 261
1728020 261
1728030 261
1728040 261
1728050 261
1728060 261
1728070 261
1728080 261
1728090 261
1728100 261
1728110 261
1728120 261
1728130 261
1728140 261
1728150 261
1728160 261
1728170 261
1728180 261
1728190 261
1728200 261
1728210 260
1728220 260
1728230 260
1728240 260
1728250 260
1728260 260
1728270 260
1728280 260
1728290 260
1728300 261
1728310 261
1728320 261
1728330 261
1728340 261
1728350 261
1728360 261
1728370 261
1728380 261
1728390 261
1728400 262
1728410 262
1728420 262
1728430 262
1728440 262
1728450 262
1728460 262
1728470 262
1728480 262
1728490 262
1728500 261
1728510 261
1728520 261
1728530 261
1728540 261
1728550 261
1728560 261
1728570 261
1728580 261
1728590 262
1728600 262
1728610 262
1728620 262
1728630 262
1728640 262
1728650 262
1728660 262
1728670 262
1728680 262
1728690 262
1728700 262
1728710 262
1728720 262
1728730 262
1728740 262
1728750 262
1728760 262
1728770 262
1728780 262
1728790 262
1728800 262
1728810 262
1728820 262
1728830 262
1728840 262
1728850 262
1728860 262
1728870 262
1728880 262
1728890 262
1728900 262
1728910 262
1728920 263
1728930 263
1728940 263
1728950 263
1728960 263
1728970 263
1728980 263
1728990 263
1729000 263
1729010 263
1729020 263
1729030 263
1729040 263
1729050 263
1729060 263
1729070 263
1729080 263
1729090 263
1729100 263
1729110 263
1729120 263
1729130 263
1729140 263
1729150 263
1729160 263
1729170 263
1729180 263
1729190 263
1729200 263
1729210 263
1729220 263
1729230 263
1729240 263
1729250 263
1729260 263
1729270 263
1729280 263
1729290 263
1729300 263
1729310 263
1729320 263
1729330 263
1729340 263
1729350 263
1729360 263
1729370 263
1729380 263
1729390 263
1729400 262
1729410 262
1729420 262
1729430 262
1729440 262
1729450 262
1729460 262
1729470 262
1729480 262
1729490 262
1729500 262
1729510 262
1729520 262
1729530 262
1729540 262
1729550 262
1729560 262
1729570 262
1729580 262
1729590 262
1729600 262
1729610 262
1729620 262
1729630 262
1729640 262
1729650 262
1729660 262
1729670 262
1729680 262
1729690 262
1729700 262
1729710 262
1729720 262
1729730 263
1729740 263
1729750 263
1729760 263
1729770 263
1729780 263
1729790 263
1729800 263
1729810 263
1729820 262
1729830 262
1729840 262
1729850 262
1729860 262
1729870 263
1729880 263
1729890 263
1729900 263
1729910 263
1729920 263
1729930 263
1729940 263
1729950 263
1729960 263
1729970 263
1729980 263
1729990 263
1730000 263
1730010 263
1730020 263
1730030 263
1730040 263
1730050 263
1730060 263
1730070 263
1730080 263
1730090 263
1730100 263
1730110 263
1730120 263
1730130 263
1730140 263
1730150 264
1730160 264
1730170 264
1730180 264
1730190 264
1730200 264
1730210 264
1730220 264
1730230 264
1730240 264
1730250 264
1730260 264
1730270 264
1730280 264
1730290 264
1730300 264
1730310 264
1730320 264
1730330 265
1730340 265
1730350 264
1730360 264
1730370 262
1730380 261
1730390 261
1730400 261
1730410 261
1730420 262
1730430 263
1730440 264
1730450 265
1730460 265
1730470 265
1730480 265
1730490 264
1730500 265
1730510 265
1730520 265
1730530 265
1730540 264
1730550 264
1730560 264
1730570 264
1730580 265
1730590 265
1730600 265
1730610 265
1730620 265
1730630 265
1730640 266
1730650 267
1730660 269
1730670 272
1730680 274
1730690 276
1730700 277
1730710 278
1730720 279
1730730 279
1730740 279
1730750 279
1730760 279
1730770 279
1730780 280
1730790 280
1730800 280
1730810 280
1730820 280
1730830 279
1730840 279
1730850 279
1730860 279
1730870 278
1730880 278
1730890 278
1730900 278
1730910 278
1730920 277
1730930 277
1730940 277
1730950 277
1730960 277
1730970 277
1730980 277
1730990 277
1731000 277
1731010 277
1731020 277
1731030 277
1731040 277
1731050 277
1731060 277
1731070 277
1731080 277
1731090 277
1731100 277
1731110 276
1731120 276
1731130 276
1731140 276
1731150 276
1731160 277
1731170 277
1731180 277
1731190 277
1731200 277
1731210 278
1731220 278
1731230 278
1731240 278
1731250 278
1731260 278
1731270 278
1731280 279
1731290 279
1731300 279
1731310 279
1731320 279
1731330 279
1731340 280
1731350 280
1731360 280
1731370 280
1731380 280
1731390 280
1731400 280
1731410 280
1731420 280
1731430 281
1731440 281
1731450 281
1731460 281
1731470 281
1731480 281
1731490 282
1731500 282
1731510 282
1731520 282
1731530 282
1731540 283
1731550 283
1731560 283
1731570 284
1731580 284
1731590 284
1731600 285
1731610 285
1731620 285
1731630 285
1731640 286
1731650 286
1731660 286
1731670 286
1731680 286
1731690 286
1731700 286
1731710 285
1731720 285
1731730 285
1731740 285
1731750 284
1731760 284
1731770 284
1731780 284
1731790 284
1731800 284
1731810 284
1731820 284
1731830 284
1731840 285
1731850 285
1731860 285
1731870 286
1731880 286
1731890 286
1731900 286
1731910 287
1731920 287
1731930 287
1731940 288
1731950 289
1731960 289
1731970 290
1731980 290
1731990 291
1732000 292
1732010 292
1732020 293
1732030 293
1732040 293
1732050 293
1732060 293
1732070 293
1732080 294
1732090 294
1732100 293
1732110 293
1732120 293
1732130 293
1732140 293
1732150 292
1732160 292
1732170 292
1732180 291
1732190 291
1732200 291
1732210 291
1732220 291
1732230 291
1732240 290
1732250 290
1732260 290
1732270 290
1732280 291
1732290 291
1732300 291
1732310 291
1732320 291
1732330 291
1732340 291
1732350 291
1732360 291
1732370 291
1732380 292
1732390 292
1732400 292
1732410 293
1732420 293
1732430 294
1732440 294
1732450 294
1732460 295
1732470 295
1732480 295
1732490 296
1732500 296
1732510 296
1732520 296
1732530 297
1732540 297
1732550 297
1732560 297
1732570 298
1732580 298
1732590 299
1732600 299
1732610 300
1732620 300
1732630 300
1732640 301
1732650 301
1732660 301
1732670 301
1732680 301
1732690 301
1732700 302
1732710 302
1732720 302
1732730 302
1732740 301
1732750 301
1732760 301
1732770 301
1732780 301
1732790 300
1732800 300
1732810 300
1732820 300
1732830 300
1732840 300
1732850 300
1732860 299
1732870 299
1732880 300
1732890 300
1732900 300
1732910 300
1732920 300
1732930 301
1732940 301
1732950 302
1732960 302
1732970 302
1732980 303
1732990 303
1733000 303
1733010 304
1733020 304
1733030 304
1733040 304
1733050 305
1733060 305
1733070 305
1733080 306
1733090 306
1733100 306
1733110 306
1733120 306
1733130 306
1733140 306
1733150 306
1733160 306
1733170 306
1733180 306
1733190 306
1733200 306
1733210 306
1733220 306
1733230 306
1733240 306
1733250 306
1733260 307
1733270 308
1733280 308
1733290 308
1733300 308
1733310 308
1733320 309
1733330 309
1733340 309
1733350 309
1733360 309
1733370 309
1733380 310
1733390 310
1733400 310
1733410 310
1733420 310
1733430 310
1733440 310
1733450 310
1733460 310
1733470 310
1733480 310
1733490 310
1733500 310
1733510 310
1733520 310
1733530 310
1733540 311
1733550 311
1733560 311
1733570 311
1733580 311
1733590 311
1733600 311
1733610 311
1733620 311
1733630 311
1733640 312
1733650 312
1733660 312
1733670 312
1733680 312
1733690 312
1733700 312
1733710 312
1733720 312
1733730 312
1733740 312
1733750 312
1733760 312
1733770 312
1733780 312
1733790 312
1733800 312
1733810 312
1733820 312
1733830 312
1733840 312
1733850 312
1733860 312
1733870 312
1733880 312
1733890 312
1733900 312
1733910 312
1733920 312
1733930 312
1733940 312
1733950 312
1733960 312
1733970 312
1733980 312
1733990 312
1734000 312
1734010 312
1734020 312
1734030 312
1734040 312
1734050 312
1734060 312
1734070 312
1734080 312
1734090 312
1734100 312
1734110 312
1734120 312
1734130 312
1734140 312
1734150 312
1734160 312
1734170 312
1734180 312
1734190 312
1734200 312
1734210 312
1734220 312
1734230 312
1734240 312
1734250 312
1734260 312
1734270 312
1734280 312
1734290 312
1734300 312
1734310 312
1734320 312
1734330 312
1734340 312
1734350 312
1734360 312
1734370 312
1734380 312
1734390 312
1734400 312
1734410 312
1734420 312
1734430 312
1734440 312
1734450 312
1734460 312
1734470 312
1734480 311
1734490 311
1734500 311
1734510 311
1734520 311
1734530 311
1734540 311
1734550 311
1734560 311
1734570 311
1734580 311
1734590 311
1734600 311
1734610 311
1734620 311
1734630 311
1734640 311
1734650 311
1734660 310
1734670 310
1734680 310
1734690 309
1734700 309
1734710 309
1734720 309
1734730 309
1734740 309
1734750 309
1734760 308
1734770 308
1734780 308
1734790 308
1734800 308
1734810 308
1734820 308
1734830 308
1734840 308
1734850 308
1734860 309
1734870 309
1734880 309
1734890 309
1734900 309
1734910 310
1734920 310
1734930 310
1734940 310
1734950 310
1734960 311
1734970 311
1734980 311
1734990 311
1735000 311
1735010 311
1735020 312
1735030 312
1735040 312
1735050 312
1735060 312
1735070 312
1735080 312
1735090 313
1735100 313
1735110 313
1735120 313
1735130 313
1735140 313
1735150 313
1735160 314
1735170 314
1735180 314
1735190 314
1735200 314
1735210 314
1735220 314
1735230 315
1735240 315
1735250 315
1735260 315
1735270 315
1735280 315
1735290 315
1735300 315
1735310 315
1735320 316
1735330 316
1735340 316
1735350 316
1735360 316
1735370 316
1735380 316
1735390 316
1735400 316
1735410 317
1735420 317
1735430 317
1735440 317
1735450 317
1735460 317
1735470 317
1735480 317
1735490 317
1735500 317
1735510 317
1735520 317
1735530 317
1735540 317
1735550 317
1735560 317
1735570 317
1735580 317
1735590 317
1735600 317
1735610 317
1735620 317
1735630 317
1735640 318
1735650 318
1735660 318
1735670 318
1735680 318
1735690 318
1735700 318
1735710 318
1735720 318
1735730 318
1735740 318
1735750 318
1735760 318
1735770 318
1735780 318
1735790 318
1735800 318
1735810 318
1735820 318
1735830 318
1735840 318
1735850 318
1735860 318
1735870 318
1735880 318
1735890 318
1735900 317
1735910 317
1735920 317
1735930 317
1735940 317
1735950 317
1735960 317
1735970 317
1735980 317
1735990 317
1736000 317
1736010 317
1736020 316
1736030 316
1736040 316
1736050 316
1736060 316
1736070 315
1736080 315
1736090 315
1736100 315
1736110 314
1736120 314
1736130 313
1736140 313
1736150 313
1736160 312
1736170 312
1736180 312
1736190 311
1736200 311
1736210 311
1736220 311
1736230 311
1736240 311
1736250 311
1736260 311
1736270 311
1736280 311
1736290 311
1736300 311
1736310 311
1736320 311
1736330 311
1736340 311
1736350 311
1736360 311
1736370 311
1736380 311
1736390 311
1736400 311
1736410 311
1736420 311
1736430 311
1736440 311
1736450 311
1736460 311
1736470 311
1736480 311
1736490 311
1736500 311
1736510 311
1736520 311
1736530 311
1736540 312
1736550 312
1736560 312
1736570 312
1736580 312
1736590 312
1736600 312
1736610 312
1736620 312
1736630 312
1736640 312
1736650 312
1736660 312
1736670 313
1736680 313
1736690 313
1736700 313
1736710 313
1736720 313
1736730 313
1736740 313
1736750 313
1736760 313
1736770 313
1736780 313
1736790 313
1736800 313
1736810 313
1736820 313
1736830 313
1736840 313
1736850 313
1736860 313
1736870 313
1736880 313
1736890 313
1736900 313
1736910 313
1736920 312
1736930 312
1736940 312
1736950 312
1736960 312
1736970 312
1736980 312
1736990 312
1737000 312
1737010 312
1737020 312
1737030 312
1737040 312
1737050 312
1737060 311
1737070 311
1737080 311
1737090 311
1737100 311
1737110 311
1737120 311
1737130 311
1737140 311
1737150 311
1737160 310
1737170 310
1737180 310
1737190 310
1737200 309
1737210 309
1737220 309
1737230 308
1737240 308
1737250 307
1737260 307
1737270 307
1737280 306
1737290 306
1737300 305
1737310 305
1737320 305
1737330 304
1737340 304
1737350 303
1737360 302
1737370 301
1737380 300
1737390 298
1737400 295
1737410 291
1737420 288
1737430 286
1737440 284
1737450 283
1737460 282
1737470 282
1737480 282
1737490 282
1737500 282
1737510 282
1737520 282
1737530 282
1737540 282
1737550 282
1737560 282
1737570 282
1737580 282
1737590 282
1737600 282
1737610 282
1737620 282
1737630 282
1737640 282
1737650 282
1737660 282
1737670 282
1737680 282
1737690 282
1737700 282
1737710 282
1737720 282
1737730 283
1737740 283
1737750 283
1737760 283
1737770 283
1737780 283
1737790 283
1737800 283
1737810 283
1737820 283
1737830 283
1737840 283
1737850 283
1737860 283
1737870 283
1737880 283
1737890 282
1737900 282
1737910 282
1737920 282
1737930 282
1737940 282
1737950 282
1737960 282
1737970 282
1737980 282
1737990 282
1738000 282
1738010 282
1738020 282
1738030 282
1738040 282
1738050 282
1738060 282
1738070 282
1738080 282
1738090 282
1738100 282
1738110 282
1738120 282
1738130 282
1738140 282
1738150 282
1738160 282
1738170 282
1738180 282
1738190 282
1738200 282
1738210 282
1738220 282
1738230 282
1738240 282
1738250 282
1738260 282
1738270 282
1738280 282
1738290 282
1738300 282
1738310 282
1738320 282
1738330 282
1738340 282
1738350 282
1738360 283
1738370 283
1738380 283
1738390 283
1738400 283
1738410 282
1738420 282
1738430 282
1738440 282
1738450 282
1738460 283
1738470 283
1738480 283
1738490 283
1738500 283
1738510 283
1738520 283
1738530 283
1738540 283
1738550 282
1738560 282
1738570 282
1738580 282
1738590 282
1738600 282
1738610 282
1738620 282
1738630 281
1738640 281
1738650 281
1738660 281
1738670 281
1738680 281
1738690 281
1738700 282
1738710 281
1738720 281
1738730 282
1738740 281
1738750 281
1738760 281
1738770 281
1738780 281
1738790 282
1738800 282
1738810 282
1738820 282
1738830 282
1738840 282
1738850 282
1738860 282
1738870 282
1738880 282
1738890 282
1738900 281
1738910 281
1738920 281
1738930 281
1738940 281
1738950 281
1738960 281
1738970 281
1738980 282
1738990 282
1739000 282
1739010 282
1739020 281
1739030 281
1739040 281
1739050 281
1739060 281
1739070 281
1739080 281
1739090 281
1739100 281
1739110 281
1739120 281
1739130 281
1739140 281
1739150 281
1739160 280
1739170 280
1739180 280
1739190 280
1739200 280
1739210 280
1739220 280
1739230 280
1739240 280
1739250 280
1739260 280
1739270 280
1739280 280
1739290 280
1739300 280
1739310 280
1739320 280
1739330 280
1739340 280
1739350 280
1739360 280
1739370 280
1739380 280
1739390 280
1739400 280
1739410 280
1739420 280
1739430 280
1739440 280
1739450 280
1739460 279
1739470 279
1739480 279
1739490 279
1739500 279
1739510 279
1739520 279
1739530 279
1739540 279
1739550 279
1739560 279
1739570 279
1739580 279
1739590 279
1739600 279
1739610 279
1739620 279
1739630 279
1739640 279
1739650 279
1739660 279
1739670 279
1739680 279
1739690 279
1739700 279
1739710 279
1739720 279
1739730 279
1739740 279
1739750 279
1739760 279
1739770 279
1739780 279
1739790 279
1739800 279
1739810 279
1739820 279
1739830 279
1739840 279
1739850 279
1739860 279
1739870 279
1739880 279
1739890 279
1739900 279
1739910 279
1739920 279
1739930 279
1739940 279
1739950 279
1739960 279
1739970 278
1739980 277
1739990 277
