1720000 289
1720010 288
1720020 288
1720030 287
1720040 285
1720050 284
1720060 283
1720070 282
1720080 281
1720090 279
1720100 278
1720110 277
1720120 276
1720130 276
1720140 275
1720150 274
1720160 273
1720170 272
1720180 271
1720190 271
1720200 270
1720210 269
1720220 268
1720230 267
1720240 266
1720250 266
1720260 266
1720270 266
1720280 265
1720290 264
1720300 264
1720310 263
1720320 262
1720330 261
1720340 259
1720350 258
1720360 257
1720370 256
1720380 255
1720390 254
1720400 254
1720410 253
1720420 252
1720430 251
1720440 251
1720450 252
1720460 252
1720470 253
1720480 253
1720490 254
1720500 254
1720510 256
1720520 257
1720530 257
1720540 258
1720550 259
1720560 259
1720570 261
1720580 262
1720590 263
1720600 263
1720610 264
1720620 265
1720630 265
1720640 265
1720650 265
1720660 265
1720670 265
1720680 266
1720690 266
1720700 266
1720710 266
1720720 266
1720730 266
1720740 266
1720750 266
1720760 265
1720770 265
1720780 264
1720790 264
1720800 263
1720810 262
1720820 261
1720830 260
1720840 259
1720850 259
1720860 258
1720870 257
1720880 256
1720890 255
1720900 254
1720910 254
1720920 253
1720930 252
1720940 251
1720950 249
1720960 248
1720970 247
1720980 246
1720990 246
1721000 246
1721010 245
1721020 245
1721030 244
1721040 243
1721050 242
1721060 242
1721070 241
1721080 241
1721090 240
1721100 240
1721110 239
1721120 239
1721130 238
1721140 238
1721150 237
1721160 236
1721170 235
1721180 235
1721190 235
1721200 235
1721210 235
1721220 236
1721230 236
1721240 236
1721250 237
1721260 237
1721270 237
1721280 238
1721290 237
1721300 237
1721310 238
1721320 238
1721330 238
1721340 238
1721350 238
1721360 238
1721370 237
1721380 237
1721390 237
1721400 237
1721410 237
1721420 237
1721430 237
1721440 237
1721450 237
1721460 237
1721470 237
1721480 237
1721490 237
1721500 238
1721510 238
1721520 237
1721530 237
1721540 237
1721550 237
1721560 237
1721570 237
1721580 237
1721590 237
1721600 237
1721610 237
1721620 237
1721630 237
1721640 238
1721650 237
1721660 237
1721670 238
1721680 238
1721690 238
1721700 238
1721710 238
1721720 238
1721730 238
1721740 238
1721750 238
1721760 238
1721770 238
1721780 238
1721790 238
1721800 238
1721810 238
1721820 238
1721830 238
1721840 238
1721850 238
1721860 238
1721870 238
1721880 238
1721890 238
1721900 238
1721910 238
1721920 238
1721930 238
1721940 238
1721950 238
1721960 238
1721970 238
1721980 238
1721990 238
1722000 238
1722010 238
1722020 238
1722030 238
1722040 238
1722050 238
1722060 238
1722070 238
1722080 238
1722090 238
1722100 238
1722110 238
1722120 238
1722130 238
1722140 238
1722150 239
1722160 239
1722170 239
1722180 238
1722190 238
1722200 238
1722210 239
1722220 239
1722230 239
1722240 239
1722250 239
1722260 239
1722270 239
1722280 239
1722290 239
1722300 239
1722310 239
1722320 239
1722330 239
1722340 239
1722350 239
1722360 239
1722370 239
1722380 239
1722390 239
1722400 239
1722410 239
1722420 239
1722430 239
1722440 239
1722450 240
1722460 239
1722470 239
1722480 239
1722490 239
1722500 239
1722510 239
1722520 239
1722530 239
1722540 239
1722550 239
1722560 239
1722570 239
1722580 239
1722590 239
1722600 239
1722610 239
1722620 239
1722630 239
1722640 239
1722650 239
1722660 240
1722670 240
1722680 240
1722690 240
1722700 240
1722710 240
1722720 240
1722730 240
1722740 240
1722750 240
1722760 240
1722770 240
1722780 240
1722790 240
1722800 240
1722810 240
1722820 240
1722830 240
1722840 240
1722850 240
1722860 240
1722870 240
1722880 240
1722890 240
1722900 240
1722910 240
1722920 240
1722930 240
1722940 240
1722950 240
1722960 240
1722970 240
1722980 240
1722990 240
1723000 240
1723010 240
1723020 240
1723030 240
1723040 240
1723050 240
1723060 241
1723070 241
1723080 241
1723090 241
1723100 241
1723110 240
1723120 240
1723130 240
1723140 241
1723150 241
1723160 241
1723170 241
1723180 241
1723190 241
1723200 241
1723210 241
1723220 241
1723230 241
1723240 241
1723250 241
1723260 241
1723270 241
1723280 241
1723290 241
1723300 241
1723310 241
1723320 241
1723330 241
1723340 241
1723350 241
1723360 241
1723370 241
1723380 241
1723390 241
1723400 242
1723410 242
1723420 242
1723430 242
1723440 242
1723450 242
1723460 242
1723470 242
1723480 242
1723490 242
1723500 242
1723510 242
1723520 242
1723530 242
1723540 242
1723550 242
1723560 242
1723570 242
1723580 242
1723590 242
1723600 242
1723610 242
1723620 242
1723630 242
1723640 242
1723650 242
1723660 242
1723670 242
1723680 242
1723690 242
1723700 242
1723710 242
1723720 242
1723730 242
1723740 242
1723750 242
1723760 243
1723770 242
1723780 242
1723790 242
1723800 242
1723810 242
1723820 242
1723830 242
1723840 242
1723850 242
1723860 242
1723870 242
1723880 242
1723890 241
1723900 241
1723910 240
1723920 241
1723930 241
1723940 242
1723950 242
1723960 242
1723970 242
1723980 242
1723990 242
1724000 242
1724010 242
1724020 242
1724030 242
1724040 242
1724050 242
1724060 242
1724070 242
1724080 242
1724090 242
1724100 243
1724110 243
1724120 243
1724130 243
1724140 243
1724150 243
1724160 243
1724170 243
1724180 243
1724190 243
1724200 243
1724210 243
1724220 243
1724230 243
1724240 243
1724250 243
1724260 243
1724270 243
1724280 242
1724290 242
1724300 241
1724310 241
1724320 241
1724330 242
1724340 243
1724350 244
1724360 244
1724370 244
1724380 244
1724390 244
1724400 244
1724410 244
1724420 244
1724430 244
1724440 244
1724450 244
1724460 244
1724470 244
1724480 244
1724490 244
1724500 244
1724510 244
1724520 244
1724530 244
1724540 244
1724550 244
1724560 244
1724570 244
1724580 244
1724590 244
1724600 244
1724610 244
1724620 244
1724630 244
1724640 244
1724650 244
1724660 244
1724670 245
1724680 245
1724690 245
1724700 245
1724710 245
1724720 245
1724730 245
1724740 245
1724750 245
1724760 245
1724770 245
1724780 245
1724790 245
1724800 245
1724810 245
1724820 245
1724830 245
1724840 245
1724850 246
1724860 246
1724870 246
1724880 246
1724890 245
1724900 246
1724910 246
1724920 246
1724930 246
1724940 246
1724950 246
1724960 246
1724970 246
1724980 246
1724990 246
1725000 246
1725010 246
1725020 246
1725030 246
1725040 246
1725050 246
1725060 246
1725070 246
1725080 246
1725090 246
1725100 246
1725110 246
1725120 246
1725130 246
1725140 246
1725150 246
1725160 246
1725170 246
1725180 246
1725190 246
1725200 246
1725210 246
1725220 246
1725230 247
1725240 247
1725250 247
1725260 247
1725270 247
1725280 247
1725290 247
1725300 247
1725310 247
1725320 247
1725330 247
1725340 247
1725350 247
1725360 247
1725370 247
1725380 247
1725390 247
1725400 247
1725410 247
1725420 247
1725430 247
1725440 247
1725450 247
1725460 247
1725470 247
1725480 247
1725490 247
1725500 247
1725510 247
1725520 247
1725530 247
1725540 247
1725550 247
1725560 247
1725570 247
1725580 247
1725590 247
1725600 247
1725610 247
1725620 247
1725630 247
1725640 247
1725650 247
1725660 247
1725670 248
1725680 248
1725690 248
1725700 248
1725710 248
1725720 248
1725730 248
1725740 248
1725750 248
1725760 248
1725770 248
1725780 248
1725790 248
1725800 248
1725810 248
1725820 248
1725830 248
1725840 248
1725850 248
1725860 247
1725870 247
1725880 246
1725890 247
1725900 247
1725910 248
1725920 248
1725930 248
1725940 248
1725950 248
1725960 248
1725970 249
1725980 249
1725990 250
1726000 250
1726010 251
1726020 251
1726030 251
1726040 251
1726050 251
1726060 251
1726070 251
1726080 251
1726090 251
1726100 251
1726110 250
1726120 250
1726130 250
1726140 250
1726150 250
1726160 250
1726170 250
1726180 250
1726190 250
1726200 250
1726210 250
1726220 250
1726230 250
1726240 250
1726250 250
1726260 250
1726270 249
1726280 249
1726290 249
1726300 249
1726310 249
1726320 249
1726330 249
1726340 249
1726350 249
1726360 249
1726370 249
1726380 249
1726390 249
1726400 249
1726410 249
1726420 249
1726430 249
1726440 249
1726450 249
1726460 249
1726470 249
1726480 249
1726490 249
1726500 249
1726510 249
1726520 249
1726530 249
1726540 249
1726550 249
1726560 249
1726570 249
1726580 249
1726590 249
1726600 249
1726610 249
1726620 250
1726630 250
1726640 250
1726650 249
1726660 249
1726670 249
1726680 249
1726690 249
1726700 249
1726710 249
1726720 249
1726730 249
1726740 249
1726750 249
1726760 249
1726770 249
1726780 249
1726790 249
1726800 249
1726810 249
1726820 249
1726830 249
1726840 249
1726850 249
1726860 249
1726870 249
1726880 249
1726890 249
1726900 249
1726910 249
1726920 249
1726930 249
1726940 248
1726950 248
1726960 248
1726970 248
1726980 248
1726990 248
1727000 248
1727010 248
1727020 248
1727030 248
1727040 248
1727050 248
1727060 248
1727070 248
1727080 248
1727090 248
1727100 249
1727110 249
1727120 249
1727130 249
1727140 249
1727150 249
1727160 249
1727170 249
1727180 249
1727190 249
1727200 249
1727210 249
1727220 249
1727230 249
1727240 249
1727250 249
1727260 249
1727270 249
1727280 249
1727290 249
1727300 249
1727310 249
1727320 250
1727330 249
1727340 249
1727350 249
1727360 249
1727370 249
1727380 249
1727390 249
1727400 249
1727410 249
1727420 249
1727430 249
1727440 249
1727450 249
1727460 249
1727470 249
1727480 249
1727490 249
1727500 249
1727510 249
1727520 249
1727530 250
1727540 250
1727550 250
1727560 250
1727570 249
1727580 249
1727590 249
1727600 249
1727610 249
1727620 249
1727630 249
1727640 249
1727650 249
1727660 249
1727670 249
1727680 249
1727690 249
1727700 249
1727710 249
1727720 249
1727730 249
1727740 249
1727750 249
1727760 249
1727770 249
1727780 249
1727790 249
1727800 249
1727810 249
1727820 250
1727830 250
1727840 250
1727850 250
1727860 250
1727870 250
1727880 250
1727890 250
1727900 250
1727910 250
1727920 250
1727930 250
1727940 250
1727950 250
1727960 250
1727970 250
1727980 250
1727990 250
1728000 250
1728010 250
1728020 251
1728030 251
1728040 251
1728050 251
1728060 251
1728070 251
1728080 250
1728090 250
1728100 251
1728110 251
1728120 251
1728130 251
1728140 251
1728150 251
1728160 251
1728170 251
1728180 251
1728190 251
1728200 251
1728210 251
1728220 251
1728230 251
1728240 251
1728250 251
1728260 251
1728270 251
1728280 251
1728290 251
1728300 251
1728310 251
1728320 251
1728330 252
1728340 252
1728350 252
1728360 252
1728370 252
1728380 252
1728390 252
1728400 252
1728410 252
1728420 252
1728430 252
1728440 252
1728450 252
1728460 252
1728470 252
1728480 252
1728490 252
1728500 252
1728510 253
1728520 253
1728530 253
1728540 253
1728550 253
1728560 253
1728570 253
1728580 253
1728590 253
1728600 253
1728610 253
1728620 253
1728630 253
1728640 253
1728650 253
1728660 253
1728670 253
1728680 253
1728690 253
1728700 253
1728710 253
1728720 253
1728730 253
1728740 253
1728750 253
1728760 253
1728770 253
1728780 253
1728790 254
1728800 254
1728810 254
1728820 254
1728830 254
1728840 254
1728850 254
1728860 254
1728870 254
1728880 254
1728890 254
1728900 254
1728910 254
1728920 254
1728930 254
1728940 254
1728950 254
1728960 254
1728970 254
1728980 254
1728990 254
1729000 254
1729010 254
1729020 254
1729030 254
1729040 255
1729050 255
1729060 255
1729070 255
1729080 255
1729090 255
1729100 255
1729110 255
1729120 255
1729130 255
1729140 255
1729150 255
1729160 255
1729170 255
1729180 255
1729190 255
1729200 255
1729210 255
1729220 255
1729230 255
1729240 255
1729250 256
1729260 256
1729270 256
1729280 256
1729290 256
1729300 256
1729310 256
1729320 256
1729330 256
1729340 256
1729350 255
1729360 255
1729370 255
1729380 256
1729390 256
1729400 255
1729410 254
1729420 254
1729430 254
1729440 254
1729450 255
1729460 256
1729470 257
1729480 257
1729490 258
1729500 259
1729510 260
1729520 261
1729530 261
1729540 261
1729550 261
1729560 261
1729570 261
1729580 261
1729590 261
1729600 261
1729610 261
1729620 260
1729630 260
1729640 260
1729650 259
1729660 259
1729670 259
1729680 258
1729690 257
1729700 257
1729710 257
1729720 257
1729730 257
1729740 259
1729750 259
1729760 260
1729770 260
1729780 261
1729790 261
1729800 262
1729810 262
1729820 262
1729830 263
1729840 263
1729850 264
1729860 264
1729870 265
1729880 265
1729890 265
1729900 266
1729910 266
1729920 267
1729930 267
1729940 268
1729950 268
1729960 268
1729970 269
1729980 269
1729990 269
1730000 269
1730010 270
1730020 270
1730030 270
1730040 271
1730050 271
1730060 271
1730070 272
1730080 272
1730090 273
1730100 273
1730110 273
1730120 274
1730130 274
1730140 274
1730150 275
1730160 275
1730170 275
1730180 276
1730190 276
1730200 276
1730210 276
1730220 277
1730230 277
1730240 277
1730250 277
1730260 277
1730270 278
1730280 278
1730290 278
1730300 278
1730310 278
1730320 278
1730330 279
1730340 279
1730350 279
1730360 279
1730370 279
1730380 279
1730390 280
1730400 280
1730410 280
1730420 280
1730430 280
1730440 280
1730450 281
1730460 281
1730470 281
1730480 281
1730490 281
1730500 281
1730510 282
1730520 282
1730530 282
1730540 282
1730550 282
1730560 282
1730570 282
1730580 282
1730590 282
1730600 283
1730610 283
1730620 283
1730630 283
1730640 283
1730650 283
1730660 283
1730670 283
1730680 284
1730690 284
1730700 284
1730710 284
1730720 284
1730730 284
1730740 284
1730750 285
1730760 285
1730770 285
1730780 285
1730790 285
1730800 285
1730810 285
1730820 286
1730830 286
1730840 286
1730850 286
1730860 286
1730870 286
1730880 286
1730890 287
1730900 287
1730910 287
1730920 287
1730930 287
1730940 287
1730950 288
1730960 288
1730970 288
1730980 288
1730990 288
1731000 289
1731010 289
1731020 289
1731030 289
1731040 289
1731050 289
1731060 290
1731070 290
1731080 290
1731090 290
1731100 290
1731110 290
1731120 291
1731130 291
1731140 291
1731150 291
1731160 291
1731170 291
1731180 291
1731190 291
1731200 292
1731210 292
1731220 292
1731230 292
1731240 292
1731250 292
1731260 292
1731270 292
1731280 292
1731290 292
1731300 292
1731310 293
1731320 293
1731330 293
1731340 293
1731350 293
1731360 293
1731370 293
1731380 293
1731390 293
1731400 293
1731410 293
1731420 293
1731430 293
1731440 293
1731450 293
1731460 293
1731470 293
1731480 293
1731490 293
1731500 293
1731510 293
1731520 293
1731530 292
1731540 292
1731550 292
1731560 292
1731570 292
1731580 292
1731590 292
1731600 292
1731610 292
1731620 292
1731630 292
1731640 292
1731650 292
1731660 292
1731670 292
1731680 292
1731690 292
1731700 292
1731710 292
1731720 292
1731730 292
1731740 291
1731750 291
1731760 291
1731770 291
1731780 291
1731790 291
1731800 291
1731810 291
1731820 291
1731830 291
1731840 291
1731850 291
1731860 291
1731870 291
1731880 291
1731890 291
1731900 291
1731910 291
1731920 291
1731930 290
1731940 290
1731950 290
1731960 290
1731970 290
1731980 290
1731990 290
1732000 290
1732010 290
1732020 290
1732030 290
1732040 290
1732050 290
1732060 290
1732070 290
1732080 289
1732090 289
1732100 289
1732110 289
1732120 289
1732130 289
1732140 289
1732150 289
1732160 289
1732170 289
1732180 289
1732190 289
1732200 289
1732210 289
1732220 289
1732230 289
1732240 289
1732250 288
1732260 288
1732270 288
1732280 288
1732290 288
1732300 288
1732310 288
1732320 288
1732330 288
1732340 288
1732350 288
1732360 288
1732370 288
1732380 288
1732390 288
1732400 288
1732410 288
1732420 288
1732430 288
1732440 288
1732450 288
1732460 287
1732470 287
1732480 287
1732490 287
1732500 287
1732510 287
1732520 287
1732530 287
1732540 287
1732550 287
1732560 287
1732570 287
1732580 287
1732590 287
1732600 287
1732610 287
1732620 287
1732630 287
1732640 287
1732650 287
1732660 287
1732670 287
1732680 287
1732690 287
1732700 287
1732710 287
1732720 286
1732730 286
1732740 286
1732750 286
1732760 286
1732770 286
1732780 286
1732790 286
1732800 286
1732810 286
1732820 286
1732830 286
1732840 286
1732850 286
1732860 286
1732870 286
1732880 286
1732890 286
1732900 286
1732910 286
1732920 286
1732930 286
1732940 287
1732950 287
1732960 287
1732970 287
1732980 287
1732990 287
1733000 287
1733010 287
1733020 287
1733030 287
1733040 287
1733050 287
1733060 287
1733070 287
1733080 287
1733090 287
1733100 287
1733110 287
1733120 287
1733130 287
1733140 287
1733150 287
1733160 288
1733170 288
1733180 288
1733190 288
1733200 288
1733210 288
1733220 288
1733230 288
1733240 288
1733250 288
1733260 288
1733270 288
1733280 288
1733290 288
1733300 288
1733310 288
1733320 288
1733330 288
1733340 288
1733350 288
1733360 288
1733370 288
1733380 288
1733390 289
1733400 289
1733410 289
1733420 289
1733430 289
1733440 289
1733450 289
1733460 289
1733470 289
1733480 289
1733490 289
1733500 290
1733510 290
1733520 290
1733530 290
1733540 290
1733550 290
1733560 290
1733570 290
1733580 290
1733590 290
1733600 290
1733610 290
1733620 290
1733630 290
1733640 291
1733650 291
1733660 291
1733670 291
1733680 291
1733690 291
1733700 291
1733710 291
1733720 290
1733730 290
1733740 290
1733750 291
1733760 291
1733770 291
1733780 291
1733790 291
1733800 291
1733810 292
1733820 292
1733830 292
1733840 292
1733850 293
1733860 293
1733870 293
1733880 293
1733890 294
1733900 294
1733910 294
1733920 294
1733930 294
1733940 295
1733950 295
1733960 295
1733970 295
1733980 295
1733990 295
1734000 296
1734010 296
1734020 296
1734030 296
1734040 296
1734050 296
1734060 296
1734070 297
1734080 297
1734090 297
1734100 297
1734110 297
1734120 297
1734130 297
1734140 297
1734150 298
1734160 298
1734170 298
1734180 298
1734190 298
1734200 298
1734210 298
1734220 298
1734230 298
1734240 298
1734250 298
1734260 299
1734270 299
1734280 299
1734290 299
1734300 299
1734310 299
1734320 299
1734330 299
1734340 299
1734350 299
1734360 299
1734370 299
1734380 299
1734390 299
1734400 298
1734410 298
1734420 298
1734430 298
1734440 297
1734450 297
1734460 296
1734470 295
1734480 294
1734490 294
1734500 293
1734510 292
1734520 291
1734530 291
1734540 290
1734550 290
1734560 289
1734570 289
1734580 288
1734590 288
1734600 287
1734610 287
1734620 287
1734630 287
1734640 286
1734650 286
1734660 286
1734670 286
1734680 287
1734690 288
1734700 288
1734710 289
1734720 290
1734730 290
1734740 291
1734750 292
1734760 292
1734770 293
1734780 294
1734790 294
1734800 294
1734810 294
1734820 294
1734830 294
1734840 294
1734850 293
1734860 293
1734870 292
1734880 292
1734890 291
1734900 291
1734910 290
1734920 290
1734930 290
1734940 289
1734950 289
1734960 288
1734970 288
1734980 288
1734990 287
1735000 287
1735010 286
1735020 286
1735030 286
1735040 285
1735050 284
1735060 284
1735070 283
1735080 283
1735090 283
1735100 282
1735110 282
1735120 281
1735130 281
1735140 281
1735150 281
1735160 281
1735170 281
1735180 281
1735190 281
1735200 281
1735210 281
1735220 281
1735230 282
1735240 282
1735250 283
1735260 285
1735270 287
1735280 289
1735290 292
1735300 293
1735310 294
1735320 294
1735330 295
1735340 295
1735350 296
1735360 296
1735370 297
1735380 297
1735390 297
1735400 297
1735410 297
1735420 297
1735430 297
1735440 297
1735450 297
1735460 297
1735470 297
1735480 297
1735490 297
1735500 297
1735510 297
1735520 298
1735530 298
1735540 298
1735550 298
1735560 298
1735570 298
1735580 298
1735590 298
1735600 298
1735610 297
1735620 297
1735630 297
1735640 297
1735650 297
1735660 297
1735670 297
1735680 297
1735690 297
1735700 297
1735710 297
1735720 297
1735730 297
1735740 297
1735750 297
1735760 297
1735770 297
1735780 297
1735790 297
1735800 297
1735810 297
1735820 297
1735830 297
1735840 297
1735850 297
1735860 297
1735870 297
1735880 297
1735890 297
1735900 297
1735910 297
1735920 297
1735930 297
1735940 297
1735950 297
1735960 297
1735970 297
1735980 297
1735990 297
1736000 297
1736010 296
1736020 296
1736030 296
1736040 296
1736050 296
1736060 296
1736070 296
1736080 296
1736090 296
1736100 296
1736110 296
1736120 296
1736130 296
1736140 296
1736150 296
1736160 296
1736170 296
1736180 296
1736190 296
1736200 296
1736210 296
1736220 296
1736230 295
1736240 295
1736250 295
1736260 295
1736270 295
1736280 295
1736290 295
1736300 295
1736310 295
1736320 295
1736330 295
1736340 295
1736350 295
1736360 295
1736370 295
1736380 295
1736390 295
1736400 295
1736410 295
1736420 295
1736430 295
1736440 295
1736450 295
1736460 295
1736470 295
1736480 295
1736490 295
1736500 295
1736510 295
1736520 295
1736530 295
1736540 295
1736550 294
1736560 294
1736570 294
1736580 294
1736590 294
1736600 294
1736610 294
1736620 294
1736630 294
1736640 294
1736650 294
1736660 294
1736670 294
1736680 294
1736690 294
1736700 294
1736710 294
1736720 294
1736730 294
1736740 294
1736750 294
1736760 294
1736770 294
1736780 294
1736790 293
1736800 293
1736810 293
1736820 293
1736830 293
1736840 293
1736850 293
1736860 293
1736870 293
1736880 292
1736890 292
1736900 292
1736910 292
1736920 292
1736930 292
1736940 292
1736950 291
1736960 291
1736970 291
1736980 291
1736990 291
1737000 291
1737010 291
1737020 291
1737030 291
1737040 291
1737050 292
1737060 292
1737070 292
1737080 292
1737090 292
1737100 291
1737110 291
1737120 291
1737130 291
1737140 291
1737150 291
1737160 291
1737170 291
1737180 291
1737190 291
1737200 291
1737210 291
1737220 291
1737230 291
1737240 291
1737250 292
1737260 292
1737270 292
1737280 292
1737290 292
1737300 292
1737310 292
1737320 292
1737330 292
1737340 292
1737350 292
1737360 292
1737370 292
1737380 292
1737390 292
1737400 292
1737410 292
1737420 292
1737430 292
1737440 292
1737450 292
1737460 292
1737470 292
1737480 292
1737490 292
1737500 292
1737510 292
1737520 292
1737530 292
1737540 292
1737550 292
1737560 292
1737570 292
1737580 292
1737590 291
1737600 291
1737610 291
1737620 291
1737630 291
1737640 291
1737650 291
1737660 291
1737670 291
1737680 291
1737690 290
1737700 290
1737710 290
1737720 290
1737730 289
1737740 289
1737750 289
1737760 289
1737770 289
1737780 288
1737790 288
1737800 287
1737810 287
1737820 286
1737830 286
1737840 286
1737850 286
1737860 286
1737870 286
1737880 286
1737890 286
1737900 286
1737910 285
1737920 285
1737930 285
1737940 284
1737950 284
1737960 283
1737970 283
1737980 283
1737990 282
1738000 282
1738010 282
1738020 282
1738030 282
1738040 281
1738050 281
1738060 281
1738070 281
1738080 280
1738090 279
1738100 279
1738110 279
1738120 278
1738130 278
1738140 277
1738150 277
1738160 277
1738170 276
1738180 276
1738190 276
1738200 276
1738210 277
1738220 278
1738230 278
1738240 275
1738250 274
1738260 273
1738270 273
1738280 273
1738290 273
1738300 273
1738310 272
1738320 272
1738330 272
1738340 272
1738350 272
1738360 272
1738370 271
1738380 271
1738390 271
1738400 271
1738410 271
1738420 271
1738430 271
1738440 271
1738450 270
1738460 270
1738470 270
1738480 270
1738490 270
1738500 270
1738510 270
1738520 270
1738530 270
1738540 270
1738550 270
1738560 270
1738570 270
1738580 270
1738590 270
1738600 270
1738610 270
1738620 270
1738630 270
1738640 270
1738650 270
1738660 270
1738670 270
1738680 270
1738690 270
1738700 270
1738710 270
1738720 270
1738730 270
1738740 270
1738750 270
1738760 270
1738770 270
1738780 270
1738790 270
1738800 270
1738810 270
1738820 271
1738830 271
1738840 271
1738850 271
1738860 270
1738870 270
1738880 270
1738890 270
1738900 270
1738910 270
1738920 270
1738930 270
1738940 270
1738950 270
1738960 270
1738970 270
1738980 270
1738990 270
1739000 270
1739010 270
1739020 270
1739030 270
1739040 270
1739050 270
1739060 270
1739070 270
1739080 270
1739090 270
1739100 270
1739110 270
1739120 270
1739130 270
1739140 270
1739150 270
1739160 270
1739170 270
1739180 270
1739190 270
1739200 270
1739210 270
1739220 270
1739230 270
1739240 270
1739250 270
1739260 270
1739270 270
1739280 270
1739290 270
1739300 270
1739310 270
1739320 270
1739330 270
1739340 270
1739350 270
1739360 270
1739370 271
1739380 271
1739390 271
1739400 271
1739410 271
1739420 271
1739430 271
1739440 271
1739450 271
1739460 271
1739470 271
1739480 271
1739490 271
1739500 271
1739510 271
1739520 271
1739530 271
1739540 271
1739550 271
1739560 271
1739570 271
1739580 271
1739590 271
1739600 271
1739610 271
1739620 271
1739630 271
1739640 271
1739650 271
1739660 271
1739670 271
1739680 271
1739690 271
1739700 271
1739710 271
1739720 271
1739730 271
1739740 271
1739750 271
1739760 270
1739770 270
1739780 270
1739790 270
1739800 270
1739810 269
1739820 269
1739830 269
1739840 269
1739850 269
1739860 269
1739870 268
1739880 268
1739890 268
1739900 268
1739910 268
1739920 268
1739930 268
1739940 268
1739950 268
1739960 268
1739970 268
1739980 268
1739990 268
