1720000 351
1720010 350
1720020 349
1720030 348
1720040 347
1720050 346
1720060 345
1720070 344
1720080 344
1720090 345
1720100 346
1720110 348
1720120 349
1720130 349
1720140 348
1720150 347
1720160 346
1720170 345
1720180 345
1720190 345
1720200 345
1720210 346
1720220 346
1720230 345
1720240 345
1720250 344
1720260 343
1720270 343
1720280 342
1720290 342
1720300 341
1720310 341
1720320 340
1720330 339
1720340 338
1720350 337
1720360 336
1720370 336
1720380 337
1720390 338
1720400 339
1720410 339
1720420 340
1720430 341
1720440 343
1720450 346
1720460 348
1720470 350
1720480 352
1720490 354
1720500 356
1720510 358
1720520 358
1720530 359
1720540 360
1720550 360
1720560 361
1720570 361
1720580 361
1720590 360
1720600 359
1720610 361
1720620 361
1720630 362
1720640 362
1720650 362
1720660 362
1720670 362
1720680 362
1720690 362
1720700 362
1720710 362
1720720 362
1720730 363
1720740 363
1720750 363
1720760 363
1720770 363
1720780 363
1720790 363
1720800 363
1720810 363
1720820 363
1720830 363
1720840 363
1720850 363
1720860 363
1720870 363
1720880 363
1720890 363
1720900 363
1720910 363
1720920 363
1720930 363
1720940 363
1720950 363
1720960 363
1720970 363
1720980 363
1720990 363
1721000 363
1721010 363
1721020 364
1721030 364
1721040 364
1721050 364
1721060 364
1721070 364
1721080 363
1721090 363
1721100 363
1721110 363
1721120 363
1721130 363
1721140 363
1721150 363
1721160 363
1721170 363
1721180 362
1721190 362
1721200 362
1721210 362
1721220 361
1721230 361
1721240 361
1721250 360
1721260 360
1721270 360
1721280 359
1721290 359
1721300 359
1721310 359
1721320 358
1721330 358
1721340 357
1721350 357
1721360 357
1721370 356
1721380 356
1721390 355
1721400 354
1721410 354
1721420 353
1721430 353
1721440 353
1721450 352
1721460 352
1721470 352
1721480 353
1721490 353
1721500 353
1721510 353
1721520 353
1721530 353
1721540 353
1721550 352
1721560 352
1721570 352
1721580 352
1721590 352
1721600 351
1721610 351
1721620 351
1721630 351
1721640 351
1721650 351
1721660 351
1721670 351
1721680 351
1721690 351
1721700 351
1721710 350
1721720 350
1721730 350
1721740 350
1721750 350
1721760 350
1721770 350
1721780 349
1721790 349
1721800 349
1721810 349
1721820 349
1721830 349
1721840 349
1721850 349
1721860 348
1721870 348
1721880 348
1721890 348
1721900 347
1721910 347
1721920 347
1721930 347
1721940 347
1721950 346
1721960 346
1721970 346
1721980 345
1721990 345
1722000 345
1722010 344
1722020 344
1722030 344
1722040 343
1722050 343
1722060 343
1722070 342
1722080 342
1722090 342
1722100 341
1722110 341
1722120 340
1722130 340
1722140 340
1722150 339
1722160 339
1722170 338
1722180 338
1722190 338
1722200 337
1722210 337
1722220 336
1722230 336
1722240 335
1722250 335
1722260 335
1722270 334
1722280 334
1722290 333
1722300 333
1722310 332
1722320 332
1722330 331
1722340 330
1722350 330
1722360 329
1722370 328
1722380 328
1722390 327
1722400 326
1722410 325
1722420 325
1722430 324
1722440 324
1722450 323
1722460 323
1722470 322
1722480 321
1722490 320
1722500 320
1722510 320
1722520 319
1722530 319
1722540 319
1722550 319
1722560 318
1722570 318
1722580 318
1722590 317
1722600 317
1722610 316
1722620 316
1722630 315
1722640 314
1722650 314
1722660 313
1722670 313
1722680 312
1722690 312
1722700 311
1722710 311
1722720 310
1722730 310
1722740 309
1722750 308
1722760 307
1722770 307
1722780 306
1722790 306
1722800 305
1722810 305
1722820 304
1722830 304
1722840 303
1722850 303
1722860 302
1722870 302
1722880 301
1722890 301
1722900 300
1722910 300
1722920 299
1722930 298
1722940 298
1722950 297
1722960 296
1722970 295
1722980 295
1722990 294
1723000 294
1723010 293
1723020 292
1723030 291
1723040 291
1723050 290
1723060 289
1723070 288
1723080 287
1723090 287
1723100 286
1723110 285
1723120 285
1723130 284
1723140 283
1723150 282
1723160 282
1723170 281
1723180 281
1723190 280
1723200 279
1723210 277
1723220 275
1723230 274
1723240 273
1723250 273
1723260 273
1723270 273
1723280 273
1723290 273
1723300 273
1723310 273
1723320 273
1723330 274
1723340 274
1723350 275
1723360 276
1723370 277
1723380 279
1723390 280
1723400 281
1723410 281
1723420 281
1723430 281
1723440 281
1723450 281
1723460 281
1723470 281
1723480 281
1723490 281
1723500 281
1723510 281
1723520 281
1723530 281
1723540 281
1723550 281
1723560 281
1723570 282
1723580 282
1723590 282
1723600 282
1723610 282
1723620 282
1723630 282
1723640 282
1723650 282
1723660 282
1723670 282
1723680 282
1723690 282
1723700 282
1723710 282
1723720 282
1723730 282
1723740 281
1723750 281
1723760 281
1723770 281
1723780 281
1723790 281
1723800 281
1723810 281
1723820 281
1723830 280
1723840 280
1723850 280
1723860 280
1723870 280
1723880 280
1723890 280
1723900 279
1723910 279
1723920 279
1723930 279
1723940 279
1723950 279
1723960 279
1723970 279
1723980 279
1723990 279
1724000 279
1724010 278
1724020 278
1724030 278
1724040 278
1724050 278
1724060 278
1724070 278
1724080 278
1724090 278
1724100 278
1724110 278
1724120 278
1724130 277
1724140 277
1724150 277
1724160 276
1724170 276
1724180 275
1724190 274
1724200 274
1724210 273
1724220 272
1724230 272
1724240 271
1724250 270
1724260 270
1724270 270
1724280 270
1724290 270
1724300 270
1724310 270
1724320 270
1724330 270
1724340 270
1724350 270
1724360 270
1724370 270
1724380 270
1724390 270
1724400 270
1724410 270
1724420 270
1724430 271
1724440 271
1724450 271
1724460 271
1724470 272
1724480 272
1724490 272
1724500 273
1724510 273
1724520 273
1724530 273
1724540 274
1724550 274
1724560 275
1724570 275
1724580 276
1724590 276
1724600 277
1724610 277
1724620 278
1724630 278
1724640 279
1724650 279
1724660 280
1724670 280
1724680 281
1724690 281
1724700 282
1724710 283
1724720 283
1724730 284
1724740 284
1724750 285
1724760 285
1724770 286
1724780 286
1724790 286
1724800 287
1724810 287
1724820 288
1724830 288
1724840 288
1724850 288
1724860 287
1724870 285
1724880 285
1724890 285
1724900 286
1724910 287
1724920 288
1724930 288
1724940 288
1724950 288
1724960 288
1724970 288
1724980 288
1724990 288
1725000 287
1725010 287
1725020 287
1725030 287
1725040 287
1725050 287
1725060 287
1725070 286
1725080 286
1725090 286
1725100 286
1725110 288
1725120 288
1725130 289
1725140 289
1725150 290
1725160 290
1725170 291
1725180 291
1725190 291
1725200 292
1725210 292
1725220 292
1725230 292
1725240 293
1725250 293
1725260 293
1725270 293
1725280 294
1725290 294
1725300 294
1725310 294
1725320 295
1725330 295
1725340 296
1725350 296
1725360 296
1725370 297
1725380 297
1725390 297
1725400 297
1725410 297
1725420 297
1725430 297
1725440 298
1725450 298
1725460 299
1725470 299
1725480 299
1725490 300
1725500 300
1725510 301
1725520 301
1725530 302
1725540 302
1725550 303
1725560 304
1725570 305
1725580 306
1725590 306
1725600 307
1725610 307
1725620 308
1725630 309
1725640 309
1725650 309
1725660 310
1725670 310
1725680 311
1725690 311
1725700 312
1725710 313
1725720 313
1725730 313
1725740 314
1725750 314
1725760 315
1725770 315
1725780 315
1725790 315
1725800 315
1725810 315
1725820 316
1725830 316
1725840 317
1725850 317
1725860 317
1725870 318
1725880 318
1725890 318
1725900 319
1725910 319
1725920 320
1725930 320
1725940 320
1725950 321
1725960 321
1725970 322
1725980 322
1725990 323
1726000 323
1726010 324
1726020 324
1726030 325
1726040 325
1726050 326
1726060 326
1726070 326
1726080 327
1726090 327
1726100 328
1726110 328
1726120 329
1726130 329
1726140 329
1726150 329
1726160 330
1726170 330
1726180 330
1726190 330
1726200 330
1726210 331
1726220 331
1726230 331
1726240 331
1726250 331
1726260 331
1726270 332
1726280 332
1726290 332
1726300 332
1726310 332
1726320 333
1726330 333
1726340 333
1726350 333
1726360 333
1726370 333
1726380 333
1726390 332
1726400 332
1726410 332
1726420 331
1726430 331
1726440 331
1726450 331
1726460 331
1726470 331
1726480 331
1726490 331
1726500 330
1726510 330
1726520 330
1726530 330
1726540 329
1726550 329
1726560 328
1726570 327
1726580 325
1726590 323
1726600 321
1726610 320
1726620 319
1726630 319
1726640 319
1726650 318
1726660 318
1726670 318
1726680 317
1726690 317
1726700 317
1726710 317
1726720 317
1726730 317
1726740 317
1726750 317
1726760 317
1726770 317
1726780 317
1726790 318
1726800 318
1726810 318
1726820 318
1726830 318
1726840 318
1726850 318
1726860 318
1726870 318
1726880 318
1726890 319
1726900 319
1726910 319
1726920 320
1726930 321
1726940 321
1726950 320
1726960 320
1726970 320
1726980 321
1726990 321
1727000 322
1727010 322
1727020 323
1727030 323
1727040 323
1727050 323
1727060 324
1727070 324
1727080 324
1727090 324
1727100 324
1727110 324
1727120 325
1727130 325
1727140 324
1727150 324
1727160 324
1727170 324
1727180 324
1727190 324
1727200 324
1727210 324
1727220 324
1727230 324
1727240 324
1727250 324
1727260 323
1727270 323
1727280 323
1727290 323
1727300 322
1727310 322
1727320 321
1727330 321
1727340 321
1727350 321
1727360 321
1727370 320
1727380 320
1727390 319
1727400 318
1727410 318
1727420 317
1727430 317
1727440 317
1727450 316
1727460 316
1727470 316
1727480 316
1727490 316
1727500 315
1727510 315
1727520 315
1727530 315
1727540 315
1727550 315
1727560 315
1727570 315
1727580 316
1727590 316
1727600 316
1727610 316
1727620 316
1727630 316
1727640 316
1727650 316
1727660 316
1727670 317
1727680 317
1727690 317
1727700 317
1727710 318
1727720 318
1727730 318
1727740 318
1727750 318
1727760 319
1727770 319
1727780 319
1727790 319
1727800 318
1727810 317
1727820 317
1727830 316
1727840 315
1727850 315
1727860 314
1727870 314
1727880 314
1727890 313
1727900 312
1727910 312
1727920 312
1727930 311
1727940 311
1727950 310
1727960 310
1727970 309
1727980 309
1727990 309
1728000 309
1728010 308
1728020 308
1728030 307
1728040 307
1728050 306
1728060 306
1728070 305
1728080 305
1728090 304
1728100 304
1728110 303
1728120 303
1728130 302
1728140 302
1728150 302
1728160 301
1728170 301
1728180 300
1728190 300
1728200 300
1728210 299
1728220 299
1728230 299
1728240 299
1728250 298
1728260 298
1728270 298
1728280 298
1728290 298
1728300 298
1728310 298
1728320 298
1728330 298
1728340 298
1728350 298
1728360 297
1728370 297
1728380 297
1728390 297
1728400 296
1728410 296
1728420 296
1728430 296
1728440 296
1728450 296
1728460 296
1728470 296
1728480 295
1728490 295
1728500 295
1728510 295
1728520 295
1728530 296
1728540 296
1728550 296
1728560 296
1728570 296
1728580 296
1728590 296
1728600 296
1728610 296
1728620 296
1728630 297
1728640 297
1728650 297
1728660 297
1728670 297
1728680 297
1728690 296
1728700 296
1728710 296
1728720 296
1728730 296
1728740 296
1728750 296
1728760 296
1728770 296
1728780 296
1728790 296
1728800 296
1728810 296
1728820 296
1728830 296
1728840 295
1728850 295
1728860 295
1728870 294
1728880 294
1728890 294
1728900 293
1728910 293
1728920 293
1728930 292
1728940 292
1728950 291
1728960 291
1728970 290
1728980 290
1728990 290
1729000 289
1729010 289
1729020 288
1729030 287
1729040 286
1729050 285
1729060 284
1729070 282
1729080 281
1729090 280
1729100 279
1729110 278
1729120 277
1729130 276
1729140 276
1729150 276
1729160 276
1729170 276
1729180 276
1729190 276
1729200 276
1729210 276
1729220 276
1729230 276
1729240 276
1729250 275
1729260 275
1729270 275
1729280 275
1729290 275
1729300 275
1729310 275
1729320 275
1729330 274
1729340 274
1729350 274
1729360 274
1729370 274
1729380 274
1729390 274
1729400 274
1729410 274
1729420 274
1729430 274
1729440 274
1729450 275
1729460 275
1729470 275
1729480 275
1729490 275
1729500 275
1729510 275
1729520 275
1729530 275
1729540 275
1729550 275
1729560 275
1729570 276
1729580 276
1729590 276
1729600 276
1729610 276
1729620 276
1729630 276
1729640 275
1729650 275
1729660 275
1729670 275
1729680 275
1729690 275
1729700 275
1729710 275
1729720 275
1729730 275
1729740 275
1729750 275
1729760 276
1729770 276
1729780 276
1729790 276
1729800 276
1729810 276
1729820 276
1729830 276
1729840 276
1729850 277
1729860 277
1729870 277
1729880 277
1729890 277
1729900 277
1729910 278
1729920 278
1729930 278
1729940 279
1729950 279
1729960 280
1729970 280
1729980 280
1729990 280
1730000 280
1730010 281
1730020 281
1730030 281
1730040 281
1730050 281
1730060 282
1730070 282
1730080 282
1730090 282
1730100 282
1730110 282
1730120 282
1730130 283
1730140 283
1730150 283
1730160 283
1730170 283
1730180 283
1730190 283
1730200 283
1730210 283
1730220 284
1730230 284
1730240 284
1730250 284
1730260 284
1730270 284
1730280 284
1730290 284
1730300 284
1730310 284
1730320 284
1730330 284
1730340 284
1730350 285
1730360 285
1730370 285
1730380 285
1730390 285
1730400 285
1730410 285
1730420 285
1730430 285
1730440 286
1730450 286
1730460 286
1730470 286
1730480 286
1730490 286
1730500 286
1730510 286
1730520 286
1730530 287
1730540 287
1730550 287
1730560 287
1730570 287
1730580 287
1730590 287
1730600 287
1730610 288
1730620 288
1730630 288
1730640 288
1730650 288
1730660 288
1730670 288
1730680 288
1730690 289
1730700 289
1730710 289
1730720 289
1730730 289
1730740 289
1730750 289
1730760 289
1730770 289
1730780 289
1730790 289
1730800 289
1730810 289
1730820 289
1730830 289
1730840 289
1730850 289
1730860 289
1730870 289
1730880 289
1730890 289
1730900 289
1730910 289
1730920 289
1730930 289
1730940 289
1730950 289
1730960 289
1730970 289
1730980 289
1730990 289
1731000 289
1731010 289
1731020 289
1731030 289
1731040 289
1731050 289
1731060 289
1731070 289
1731080 289
1731090 289
1731100 289
1731110 289
1731120 289
1731130 289
1731140 289
1731150 289
1731160 289
1731170 289
1731180 289
1731190 289
1731200 289
1731210 289
1731220 289
1731230 289
1731240 289
1731250 289
1731260 289
1731270 289
1731280 289
1731290 289
1731300 289
1731310 289
1731320 289
1731330 289
1731340 289
1731350 289
1731360 289
1731370 289
1731380 289
1731390 289
1731400 289
1731410 289
1731420 289
1731430 289
1731440 289
1731450 289
1731460 289
1731470 289
1731480 289
1731490 289
1731500 289
1731510 290
1731520 290
1731530 290
1731540 290
1731550 290
1731560 290
1731570 290
1731580 290
1731590 290
1731600 290
1731610 290
1731620 290
1731630 290
1731640 290
1731650 290
1731660 290
1731670 290
1731680 290
1731690 290
1731700 290
1731710 290
1731720 289
1731730 289
1731740 289
1731750 289
1731760 289
1731770 289
1731780 289
1731790 289
1731800 289
1731810 289
1731820 288
1731830 288
1731840 288
1731850 288
1731860 288
1731870 288
1731880 287
1731890 287
1731900 287
1731910 287
1731920 287
1731930 287
1731940 286
1731950 286
1731960 286
1731970 286
1731980 286
1731990 286
1732000 285
1732010 285
1732020 285
1732030 285
1732040 285
1732050 285
1732060 284
1732070 284
1732080 284
1732090 284
1732100 284
1732110 283
1732120 283
1732130 283
1732140 283
1732150 283
1732160 282
1732170 282
1732180 282
1732190 282
1732200 282
1732210 281
1732220 281
1732230 281
1732240 281
1732250 281
1732260 280
1732270 280
1732280 280
1732290 280
1732300 280
1732310 280
1732320 280
1732330 279
1732340 279
1732350 279
1732360 279
1732370 279
1732380 279
1732390 278
1732400 278
1732410 278
1732420 278
1732430 278
1732440 277
1732450 277
1732460 277
1732470 277
1732480 277
1732490 276
1732500 276
1732510 276
1732520 276
1732530 276
1732540 276
1732550 276
1732560 275
1732570 275
1732580 275
1732590 275
1732600 275
1732610 275
1732620 275
1732630 274
1732640 274
1732650 274
1732660 274
1732670 274
1732680 274
1732690 274
1732700 274
1732710 273
1732720 273
1732730 273
1732740 273
1732750 273
1732760 273
1732770 273
1732780 273
1732790 273
1732800 273
1732810 273
1732820 273
1732830 272
1732840 272
1732850 272
1732860 272
1732870 272
1732880 271
1732890 271
1732900 270
1732910 270
1732920 271
1732930 271
1732940 271
1732950 270
1732960 270
1732970 270
1732980 270
1732990 270
1733000 270
1733010 270
1733020 270
1733030 270
1733040 270
1733050 270
1733060 270
1733070 270
1733080 270
1733090 269
1733100 269
1733110 269
1733120 269
1733130 270
1733140 270
1733150 270
1733160 269
1733170 269
1733180 270
1733190 270
1733200 270
1733210 270
1733220 270
1733230 270
1733240 270
1733250 270
1733260 270
1733270 271
1733280 271
1733290 271
1733300 271
1733310 272
1733320 272
1733330 272
1733340 273
1733350 273
1733360 274
1733370 275
1733380 276
1733390 277
1733400 278
1733410 278
1733420 279
1733430 280
1733440 280
1733450 281
1733460 281
1733470 282
1733480 282
1733490 282
1733500 283
1733510 283
1733520 283
1733530 284
1733540 284
1733550 285
1733560 285
1733570 285
1733580 286
1733590 286
1733600 286
1733610 287
1733620 287
1733630 287
1733640 288
1733650 288
1733660 288
1733670 289
1733680 289
1733690 289
1733700 290
1733710 290
1733720 290
1733730 291
1733740 291
1733750 291
1733760 292
1733770 292
1733780 292
1733790 293
1733800 293
1733810 293
1733820 293
1733830 293
1733840 293
1733850 293
1733860 294
1733870 294
1733880 294
1733890 294
1733900 294
1733910 294
1733920 294
1733930 294
1733940 294
1733950 294
1733960 294
1733970 294
1733980 295
1733990 295
1734000 295
1734010 295
1734020 295
1734030 295
1734040 295
1734050 295
1734060 295
1734070 295
1734080 295
1734090 295
1734100 295
1734110 295
1734120 295
1734130 295
1734140 295
1734150 295
1734160 295
1734170 295
1734180 295
1734190 295
1734200 295
1734210 295
1734220 295
1734230 295
1734240 295
1734250 295
1734260 295
1734270 294
1734280 294
1734290 294
1734300 294
1734310 293
1734320 293
1734330 293
1734340 292
1734350 292
1734360 292
1734370 291
1734380 291
1734390 290
1734400 290
1734410 289
1734420 289
1734430 288
1734440 288
1734450 287
1734460 287
1734470 286
1734480 286
1734490 285
1734500 285
1734510 284
1734520 284
1734530 283
1734540 283
1734550 282
1734560 282
1734570 281
1734580 281
1734590 281
1734600 280
1734610 280
1734620 280
1734630 280
1734640 280
1734650 280
1734660 280
1734670 280
1734680 280
1734690 280
1734700 280
1734710 280
1734720 280
1734730 280
1734740 281
1734750 281
1734760 281
1734770 281
1734780 280
1734790 280
1734800 280
1734810 280
1734820 280
1734830 280
1734840 280
1734850 281
1734860 281
1734870 282
1734880 282
1734890 283
1734900 283
1734910 284
1734920 284
1734930 285
1734940 285
1734950 285
1734960 285
1734970 285
1734980 286
1734990 286
1735000 286
1735010 286
1735020 286
1735030 287
1735040 287
1735050 287
1735060 287
1735070 287
1735080 287
1735090 287
1735100 288
1735110 288
1735120 288
1735130 288
1735140 288
1735150 288
1735160 288
1735170 288
1735180 288
1735190 289
1735200 289
1735210 289
1735220 289
1735230 289
1735240 289
1735250 289
1735260 289
1735270 289
1735280 289
1735290 289
1735300 289
1735310 289
1735320 289
1735330 289
1735340 289
1735350 289
1735360 289
1735370 289
1735380 289
1735390 289
1735400 289
1735410 289
1735420 289
1735430 289
1735440 289
1735450 289
1735460 289
1735470 288
1735480 288
1735490 288
1735500 288
1735510 288
1735520 288
1735530 288
1735540 287
1735550 287
1735560 287
1735570 286
1735580 286
1735590 286
1735600 286
1735610 286
1735620 285
1735630 285
1735640 285
1735650 285
1735660 284
1735670 284
1735680 284
1735690 283
1735700 283
1735710 283
1735720 282
1735730 282
1735740 282
1735750 281
1735760 281
1735770 280
1735780 280
1735790 279
1735800 279
1735810 278
1735820 278
1735830 277
1735840 277
1735850 276
1735860 276
1735870 275
1735880 275
1735890 274
1735900 274
1735910 274
1735920 273
1735930 273
1735940 273
1735950 273
1735960 273
1735970 272
1735980 272
1735990 272
1736000 272
1736010 272
1736020 272
1736030 272
1736040 272
1736050 272
1736060 272
1736070 272
1736080 273
1736090 273
1736100 273
1736110 273
1736120 274
1736130 274
1736140 274
1736150 274
1736160 274
1736170 275
1736180 275
1736190 276
1736200 277
1736210 278
1736220 278
1736230 279
1736240 280
1736250 280
1736260 281
1736270 281
1736280 282
1736290 282
1736300 283
1736310 283
1736320 284
1736330 284
1736340 285
1736350 285
1736360 285
1736370 286
1736380 286
1736390 287
1736400 287
1736410 287
1736420 288
1736430 288
1736440 288
1736450 289
1736460 289
1736470 289
1736480 290
1736490 290
1736500 290
1736510 290
1736520 290
1736530 291
1736540 291
1736550 291
1736560 291
1736570 291
1736580 291
1736590 291
1736600 291
1736610 291
1736620 292
1736630 292
1736640 292
1736650 292
1736660 292
1736670 291
1736680 291
1736690 292
1736700 292
1736710 292
1736720 292
1736730 292
1736740 292
1736750 292
1736760 292
1736770 292
1736780 292
1736790 292
1736800 292
1736810 292
1736820 292
1736830 292
1736840 292
1736850 292
1736860 291
1736870 291
1736880 291
1736890 291
1736900 292
1736910 292
1736920 292
1736930 292
1736940 292
1736950 291
1736960 291
1736970 291
1736980 291
1736990 291
1737000 291
1737010 291
1737020 291
1737030 291
1737040 291
1737050 291
1737060 291
1737070 291
1737080 291
1737090 291
1737100 291
1737110 291
1737120 291
1737130 291
1737140 291
1737150 291
1737160 291
1737170 291
1737180 291
1737190 291
1737200 291
1737210 291
1737220 291
1737230 291
1737240 291
1737250 291
1737260 291
1737270 291
1737280 291
1737290 291
1737300 291
1737310 290
1737320 290
1737330 290
1737340 290
1737350 290
1737360 290
1737370 290
1737380 290
1737390 290
1737400 290
1737410 290
1737420 290
1737430 290
1737440 290
1737450 290
1737460 290
1737470 289
1737480 289
1737490 289
1737500 289
1737510 289
1737520 289
1737530 289
1737540 289
1737550 289
1737560 289
1737570 289
1737580 289
1737590 289
1737600 289
1737610 289
1737620 289
1737630 289
1737640 289
1737650 289
1737660 289
1737670 289
1737680 289
1737690 289
1737700 289
1737710 289
1737720 289
1737730 289
1737740 289
1737750 289
1737760 289
1737770 289
1737780 289
1737790 289
1737800 288
1737810 288
1737820 288
1737830 288
1737840 288
1737850 288
1737860 288
1737870 288
1737880 288
1737890 289
1737900 289
1737910 288
1737920 288
1737930 288
1737940 288
1737950 288
1737960 288
1737970 288
1737980 288
1737990 288
1738000 288
1738010 288
1738020 288
1738030 288
1738040 288
1738050 288
1738060 288
1738070 287
1738080 287
1738090 287
1738100 287
1738110 287
1738120 287
1738130 287
1738140 287
1738150 287
1738160 287
1738170 287
1738180 287
1738190 287
1738200 287
1738210 287
1738220 286
1738230 286
1738240 286
1738250 286
1738260 286
1738270 286
1738280 286
1738290 286
1738300 286
1738310 286
1738320 286
1738330 286
1738340 286
1738350 286
1738360 286
1738370 285
1738380 285
1738390 285
1738400 285
1738410 285
1738420 285
1738430 285
1738440 285
1738450 285
1738460 285
1738470 285
1738480 285
1738490 284
1738500 284
1738510 284
1738520 284
1738530 284
1738540 284
1738550 284
1738560 284
1738570 284
1738580 284
1738590 284
1738600 284
1738610 284
1738620 284
1738630 284
1738640 284
1738650 284
1738660 284
1738670 284
1738680 284
1738690 284
1738700 284
1738710 284
1738720 284
1738730 284
1738740 284
1738750 285
1738760 285
1738770 285
1738780 285
1738790 285
1738800 285
1738810 285
1738820 285
1738830 285
1738840 285
1738850 285
1738860 285
1738870 286
1738880 286
1738890 286
1738900 286
1738910 286
1738920 287
1738930 287
1738940 287
1738950 287
1738960 287
1738970 287
1738980 288
1738990 288
1739000 288
1739010 288
1739020 288
1739030 288
1739040 288
1739050 289
1739060 289
1739070 289
1739080 289
1739090 289
1739100 289
1739110 289
1739120 289
1739130 289
1739140 290
1739150 290
1739160 290
1739170 290
1739180 290
1739190 290
1739200 290
1739210 290
1739220 290
1739230 291
1739240 291
1739250 291
1739260 291
1739270 291
1739280 291
1739290 291
1739300 291
1739310 292
1739320 292
1739330 292
1739340 292
1739350 292
1739360 292
1739370 292
1739380 292
1739390 292
1739400 292
1739410 292
1739420 292
1739430 292
1739440 292
1739450 292
1739460 293
1739470 293
1739480 293
1739490 293
1739500 293
1739510 293
1739520 293
1739530 293
1739540 293
1739550 292
1739560 292
1739570 292
1739580 292
1739590 292
1739600 292
1739610 292
1739620 292
1739630 292
1739640 292
1739650 292
1739660 291
1739670 291
1739680 289
1739690 287
1739700 284
1739710 281
1739720 279
1739730 277
1739740 277
1739750 279
1739760 281
1739770 283
1739780 285
1739790 285
1739800 287
1739810 288
1739820 289
1739830 289
1739840 290
1739850 290
1739860 291
1739870 291
1739880 291
1739890 291
1739900 291
1739910 291
1739920 289
1739930 287
1739940 285
1739950 282
1739960 280
1739970 279
1739980 278
1739990 277
