1720000 410
1720010 411
1720020 412
1720030 413
1720040 414
1720050 415
1720060 416
1720070 416
1720080 417
1720090 418
1720100 418
1720110 419
1720120 419
1720130 420
1720140 420
1720150 421
1720160 421
1720170 421
1720180 422
1720190 422
1720200 422
1720210 422
1720220 423
1720230 423
1720240 423
1720250 423
1720260 423
1720270 423
1720280 424
1720290 424
1720300 424
1720310 425
1720320 425
1720330 425
1720340 426
1720350 426
1720360 427
1720370 427
1720380 428
1720390 428
1720400 429
1720410 429
1720420 429
1720430 430
1720440 430
1720450 431
1720460 431
1720470 432
1720480 432
1720490 433
1720500 434
1720510 434
1720520 435
1720530 435
1720540 436
1720550 436
1720560 437
1720570 437
1720580 438
1720590 439
1720600 439
1720610 440
1720620 441
1720630 441
1720640 442
1720650 443
1720660 444
1720670 444
1720680 445
1720690 445
1720700 445
1720710 446
1720720 446
1720730 446
1720740 446
1720750 447
1720760 447
1720770 447
1720780 447
1720790 448
1720800 448
1720810 448
1720820 448
1720830 448
1720840 448
1720850 448
1720860 448
1720870 448
1720880 448
1720890 448
1720900 447
1720910 447
1720920 447
1720930 446
1720940 446
1720950 445
1720960 445
1720970 444
1720980 444
1720990 443
1721000 442
1721010 441
1721020 440
1721030 438
1721040 437
1721050 435
1721060 434
1721070 433
1721080 431
1721090 430
1721100 428
1721110 426
1721120 425
1721130 426
1721140 429
1721150 430
1721160 432
1721170 433
1721180 434
1721190 435
1721200 436
1721210 437
1721220 437
1721230 438
1721240 438
1721250 439
1721260 440
1721270 441
1721280 442
1721290 442
1721300 443
1721310 444
1721320 444
1721330 445
1721340 446
1721350 446
1721360 447
1721370 448
1721380 449
1721390 449
1721400 450
1721410 450
1721420 451
1721430 451
1721440 452
1721450 453
1721460 453
1721470 454
1721480 454
1721490 455
1721500 455
1721510 456
1721520 456
1721530 456
1721540 457
1721550 457
1721560 457
1721570 457
1721580 458
1721590 458
1721600 458
1721610 458
1721620 458
1721630 458
1721640 458
1721650 458
1721660 458
1721670 458
1721680 458
1721690 458
1721700 458
1721710 458
1721720 458
1721730 457
1721740 457
1721750 457
1721760 457
1721770 456
1721780 456
1721790 455
1721800 454
1721810 453
1721820 452
1721830 452
1721840 451
1721850 451
1721860 450
1721870 449
1721880 448
1721890 446
1721900 445
1721910 444
1721920 443
1721930 442
1721940 441
1721950 440
1721960 439
1721970 437
1721980 434
1721990 431
1722000 429
1722010 428
1722020 427
1722030 426
1722040 426
1722050 425
1722060 425
1722070 424
1722080 423
1722090 423
1722100 423
1722110 422
1722120 422
1722130 421
1722140 421
1722150 421
1722160 420
1722170 420
1722180 420
1722190 420
1722200 420
1722210 419
1722220 419
1722230 418
1722240 418
1722250 418
1722260 420
1722270 421
1722280 421
1722290 422
1722300 422
1722310 422
1722320 423
1722330 423
1722340 423
1722350 423
1722360 423
1722370 424
1722380 424
1722390 424
1722400 425
1722410 425
1722420 425
1722430 426
1722440 426
1722450 427
1722460 428
1722470 428
1722480 429
1722490 430
1722500 431
1722510 431
1722520 432
1722530 432
1722540 433
1722550 433
1722560 434
1722570 434
1722580 434
1722590 434
1722600 434
1722610 434
1722620 435
1722630 435
1722640 435
1722650 435
1722660 436
1722670 436
1722680 436
1722690 436
1722700 436
1722710 437
1722720 437
1722730 437
1722740 437
1722750 437
1722760 438
1722770 438
1722780 438
1722790 438
1722800 439
1722810 439
1722820 439
1722830 440
1722840 441
1722850 441
1722860 442
1722870 443
1722880 444
1722890 445
1722900 446
1722910 448
1722920 450
1722930 452
1722940 454
1722950 456
1722960 457
1722970 459
1722980 461
1722990 463
1723000 464
1723010 464
1723020 464
1723030 464
1723040 464
1723050 463
1723060 463
1723070 462
1723080 462
1723090 462
1723100 462
1723110 462
1723120 463
1723130 464
1723140 466
1723150 468
1723160 469
1723170 471
1723180 472
1723190 474
1723200 475
1723210 477
1723220 479
1723230 481
1723240 483
1723250 484
1723260 486
1723270 487
1723280 488
1723290 489
1723300 490
1723310 490
1723320 491
1723330 491
1723340 491
1723350 490
1723360 489
1723370 488
1723380 487
1723390 486
1723400 484
1723410 481
1723420 479
1723430 478
1723440 479
1723450 479
1723460 480
1723470 481
1723480 482
1723490 483
1723500 484
1723510 486
1723520 488
1723530 489
1723540 491
1723550 491
1723560 492
1723570 493
1723580 494
1723590 494
1723600 494
1723610 494
1723620 495
1723630 495
1723640 495
1723650 496
1723660 496
1723670 497
1723680 498
1723690 498
1723700 498
1723710 498
1723720 499
1723730 499
1723740 499
1723750 500
1723760 501
1723770 502
1723780 502
1723790 503
1723800 504
1723810 505
1723820 506
1723830 508
1723840 509
1723850 510
1723860 511
1723870 513
1723880 514
1723890 515
1723900 517
1723910 518
1723920 519
1723930 520
1723940 520
1723950 521
1723960 521
1723970 522
1723980 522
1723990 522
1724000 523
1724010 524
1724020 525
1724030 526
1724040 527
1724050 528
1724060 529
1724070 530
1724080 532
1724090 533
1724100 535
1724110 536
1724120 538
1724130 539
1724140 541
1724150 542
1724160 543
1724170 544
1724180 545
1724190 546
1724200 547
1724210 548
1724220 549
1724230 549
1724240 550
1724250 550
1724260 551
1724270 551
1724280 551
1724290 552
1724300 552
1724310 553
1724320 554
1724330 555
1724340 555
1724350 556
1724360 556
1724370 556
1724380 557
1724390 557
1724400 557
1724410 558
1724420 558
1724430 558
1724440 559
1724450 559
1724460 559
1724470 560
1724480 560
1724490 561
1724500 562
1724510 562
1724520 562
1724530 562
1724540 562
1724550 562
1724560 561
1724570 561
1724580 560
1724590 560
1724600 560
1724610 559
1724620 559
1724630 558
1724640 557
1724650 557
1724660 556
1724670 556
1724680 555
1724690 554
1724700 554
1724710 553
1724720 552
1724730 552
1724740 551
1724750 550
1724760 550
1724770 549
1724780 548
1724790 548
1724800 547
1724810 546
1724820 545
1724830 544
1724840 543
1724850 542
1724860 541
1724870 539
1724880 537
1724890 535
1724900 532
1724910 530
1724920 528
1724930 526
1724940 525
1724950 524
1724960 524
1724970 522
1724980 520
1724990 519
1725000 519
1725010 520
1725020 521
1725030 521
1725040 522
1725050 522
1725060 523
1725070 523
1725080 523
1725090 524
1725100 524
1725110 525
1725120 525
1725130 526
1725140 526
1725150 527
1725160 527
1725170 528
1725180 529
1725190 529
1725200 530
1725210 530
1725220 531
1725230 531
1725240 532
1725250 532
1725260 533
1725270 533
1725280 534
1725290 534
1725300 535
1725310 535
1725320 536
1725330 536
1725340 537
1725350 538
1725360 538
1725370 539
1725380 540
1725390 541
1725400 542
1725410 542
1725420 542
1725430 542
1725440 543
1725450 544
1725460 545
1725470 547
1725480 549
1725490 551
1725500 552
1725510 553
1725520 554
1725530 554
1725540 554
1725550 554
1725560 554
1725570 555
1725580 555
1725590 556
1725600 556
1725610 556
1725620 556
1725630 556
1725640 556
1725650 556
1725660 555
1725670 555
1725680 555
1725690 554
1725700 554
1725710 553
1725720 552
1725730 552
1725740 551
1725750 551
1725760 550
1725770 550
1725780 549
1725790 549
1725800 549
1725810 548
1725820 548
1725830 547
1725840 547
1725850 546
1725860 546
1725870 545
1725880 544
1725890 544
1725900 543
1725910 543
1725920 542
1725930 541
1725940 541
1725950 540
1725960 539
1725970 538
1725980 537
1725990 536
1726000 535
1726010 534
1726020 533
1726030 532
1726040 531
1726050 530
1726060 529
1726070 529
1726080 528
1726090 527
1726100 526
1726110 525
1726120 525
1726130 524
1726140 522
1726150 521
1726160 520
1726170 519
1726180 517
1726190 516
1726200 516
1726210 515
1726220 514
1726230 513
1726240 511
1726250 509
1726260 507
1726270 506
1726280 504
1726290 501
1726300 498
1726310 495
1726320 492
1726330 489
1726340 488
1726350 486
1726360 485
1726370 483
1726380 481
1726390 480
1726400 479
1726410 479
1726420 478
1726430 477
1726440 477
1726450 476
1726460 476
1726470 475
1726480 475
1726490 474
1726500 473
1726510 473
1726520 472
1726530 472
1726540 472
1726550 471
1726560 471
1726570 470
1726580 470
1726590 469
1726600 468
1726610 467
1726620 467
1726630 466
1726640 465
1726650 464
1726660 464
1726670 464
1726680 463
1726690 463
1726700 463
1726710 463
1726720 464
1726730 464
1726740 465
1726750 465
1726760 465
1726770 466
1726780 466
1726790 465
1726800 464
1726810 463
1726820 461
1726830 460
1726840 459
1726850 458
1726860 457
1726870 456
1726880 454
1726890 453
1726900 452
1726910 452
1726920 451
1726930 450
1726940 449
1726950 449
1726960 449
1726970 449
1726980 451
1726990 452
1727000 453
1727010 453
1727020 453
1727030 453
1727040 454
1727050 454
1727060 454
1727070 454
1727080 454
1727090 455
1727100 455
1727110 455
1727120 456
1727130 456
1727140 456
1727150 456
1727160 457
1727170 457
1727180 457
1727190 457
1727200 458
1727210 458
1727220 458
1727230 458
1727240 458
1727250 459
1727260 459
1727270 460
1727280 460
1727290 461
1727300 461
1727310 461
1727320 462
1727330 462
1727340 463
1727350 463
1727360 464
1727370 464
1727380 464
1727390 465
1727400 465
1727410 465
1727420 466
1727430 466
1727440 466
1727450 466
1727460 466
1727470 466
1727480 466
1727490 466
1727500 466
1727510 466
1727520 465
1727530 465
1727540 465
1727550 465
1727560 465
1727570 464
1727580 464
1727590 463
1727600 463
1727610 462
1727620 462
1727630 461
1727640 461
1727650 461
1727660 460
1727670 460
1727680 460
1727690 459
1727700 459
1727710 459
1727720 458
1727730 458
1727740 457
1727750 457
1727760 456
1727770 456
1727780 455
1727790 455
1727800 455
1727810 454
1727820 454
1727830 453
1727840 453
1727850 452
1727860 452
1727870 451
1727880 451
1727890 450
1727900 450
1727910 449
1727920 449
1727930 448
1727940 448
1727950 448
1727960 447
1727970 447
1727980 446
1727990 445
1728000 444
1728010 444
1728020 443
1728030 442
1728040 441
1728050 440
1728060 440
1728070 439
1728080 437
1728090 436
1728100 435
1728110 434
1728120 433
1728130 431
1728140 430
1728150 427
1728160 425
1728170 423
1728180 422
1728190 420
1728200 417
1728210 415
1728220 413
1728230 410
1728240 409
1728250 407
1728260 405
1728270 404
1728280 404
1728290 407
1728300 410
1728310 413
1728320 414
1728330 415
1728340 415
1728350 415
1728360 415
1728370 415
1728380 415
1728390 414
1728400 415
1728410 415
1728420 415
1728430 415
1728440 414
1728450 414
1728460 413
1728470 412
1728480 412
1728490 411
1728500 411
1728510 410
1728520 410
1728530 410
1728540 409
1728550 408
1728560 408
1728570 408
1728580 408
1728590 407
1728600 407
1728610 407
1728620 406
1728630 406
1728640 406
1728650 406
1728660 405
1728670 405
1728680 405
1728690 404
1728700 404
1728710 404
1728720 403
1728730 403
1728740 403
1728750 403
1728760 402
1728770 402
1728780 402
1728790 401
1728800 401
1728810 401
1728820 401
1728830 400
1728840 400
1728850 399
1728860 399
1728870 399
1728880 398
1728890 398
1728900 398
1728910 398
1728920 397
1728930 397
1728940 397
1728950 397
1728960 396
1728970 395
1728980 395
1728990 394
1729000 394
1729010 394
1729020 393
1729030 393
1729040 392
1729050 391
1729060 390
1729070 389
1729080 388
1729090 388
1729100 388
1729110 387
1729120 386
1729130 386
1729140 386
1729150 386
1729160 387
1729170 386
1729180 386
1729190 386
1729200 386
1729210 385
1729220 385
1729230 385
1729240 385
1729250 385
1729260 385
1729270 384
1729280 384
1729290 384
1729300 384
1729310 384
1729320 384
1729330 383
1729340 382
1729350 381
1729360 380
1729370 379
1729380 378
1729390 377
1729400 376
1729410 375
1729420 374
1729430 374
1729440 374
1729450 373
1729460 373
1729470 373
1729480 373
1729490 373
1729500 373
1729510 373
1729520 373
1729530 373
1729540 372
1729550 372
1729560 372
1729570 372
1729580 372
1729590 371
1729600 371
1729610 371
1729620 370
1729630 370
1729640 370
1729650 369
1729660 369
1729670 369
1729680 368
1729690 368
1729700 368
1729710 367
1729720 367
1729730 366
1729740 366
1729750 366
1729760 365
1729770 364
1729780 364
1729790 363
1729800 363
1729810 362
1729820 361
1729830 361
1729840 360
1729850 360
1729860 359
1729870 358
1729880 358
1729890 357
1729900 357
1729910 356
1729920 356
1729930 355
1729940 354
1729950 354
1729960 353
1729970 352
1729980 352
1729990 351
1730000 350
1730010 350
1730020 349
1730030 348
1730040 348
1730050 347
1730060 346
1730070 345
1730080 344
1730090 344
1730100 343
1730110 342
1730120 342
1730130 341
1730140 340
1730150 339
1730160 338
1730170 337
1730180 336
1730190 336
1730200 335
1730210 335
1730220 334
1730230 333
1730240 332
1730250 332
1730260 331
1730270 330
1730280 329
1730290 328
1730300 328
1730310 328
1730320 327
1730330 327
1730340 327
1730350 327
1730360 328
1730370 329
1730380 330
1730390 332
1730400 333
1730410 335
1730420 336
1730430 337
1730440 338
1730450 339
1730460 340
1730470 340
1730480 341
1730490 341
1730500 341
1730510 342
1730520 342
1730530 342
1730540 342
1730550 342
1730560 342
1730570 342
1730580 342
1730590 342
1730600 342
1730610 342
1730620 342
1730630 342
1730640 342
1730650 342
1730660 341
1730670 341
1730680 341
1730690 341
1730700 340
1730710 340
1730720 340
1730730 340
1730740 340
1730750 340
1730760 339
1730770 339
1730780 338
1730790 338
1730800 337
1730810 336
1730820 336
1730830 335
1730840 335
1730850 334
1730860 333
1730870 333
1730880 332
1730890 332
1730900 332
1730910 332
1730920 333
1730930 333
1730940 333
1730950 332
1730960 332
1730970 331
1730980 331
1730990 331
1731000 330
1731010 330
1731020 329
1731030 330
1731040 330
1731050 329
1731060 329
1731070 329
1731080 329
1731090 328
1731100 328
1731110 327
1731120 327
1731130 326
1731140 326
1731150 325
1731160 323
1731170 322
1731180 320
1731190 319
1731200 318
1731210 317
1731220 317
1731230 317
1731240 317
1731250 316
1731260 316
1731270 315
1731280 314
1731290 312
1731300 311
1731310 310
1731320 309
1731330 308
1731340 307
1731350 307
1731360 306
1731370 306
1731380 306
1731390 306
1731400 307
1731410 307
1731420 307
1731430 307
1731440 306
1731450 306
1731460 306
1731470 307
1731480 307
1731490 309
1731500 310
1731510 311
1731520 312
1731530 313
1731540 314
1731550 315
1731560 316
1731570 316
1731580 317
1731590 318
1731600 318
1731610 317
1731620 317
1731630 317
1731640 317
1731650 317
1731660 317
1731670 316
1731680 316
1731690 315
1731700 315
1731710 315
1731720 315
1731730 315
1731740 315
1731750 315
1731760 316
1731770 316
1731780 316
1731790 316
1731800 316
1731810 316
1731820 316
1731830 316
1731840 316
1731850 316
1731860 316
1731870 316
1731880 316
1731890 316
1731900 316
1731910 316
1731920 316
1731930 315
1731940 315
1731950 316
1731960 316
1731970 316
1731980 316
1731990 316
1732000 316
1732010 316
1732020 316
1732030 316
1732040 316
1732050 317
1732060 317
1732070 317
1732080 317
1732090 317
1732100 317
1732110 317
1732120 317
1732130 316
1732140 316
1732150 316
1732160 316
1732170 316
1732180 316
1732190 316
1732200 315
1732210 315
1732220 315
1732230 315
1732240 315
1732250 314
1732260 314
1732270 314
1732280 314
1732290 314
1732300 314
1732310 314
1732320 314
1732330 314
1732340 313
1732350 313
1732360 313
1732370 313
1732380 313
1732390 312
1732400 312
1732410 311
1732420 311
1732430 310
1732440 309
1732450 309
1732460 308
1732470 307
1732480 308
1732490 308
1732500 308
1732510 308
1732520 308
1732530 308
1732540 310
1732550 311
1732560 313
1732570 314
1732580 315
1732590 315
1732600 316
1732610 316
1732620 317
1732630 317
1732640 318
1732650 318
1732660 319
1732670 319
1732680 320
1732690 320
1732700 320
1732710 321
1732720 321
1732730 321
1732740 321
1732750 321
1732760 322
1732770 322
1732780 322
1732790 322
1732800 322
1732810 323
1732820 323
1732830 323
1732840 323
1732850 323
1732860 324
1732870 324
1732880 324
1732890 324
1732900 325
1732910 325
1732920 325
1732930 325
1732940 325
1732950 326
1732960 326
1732970 326
1732980 326
1732990 326
1733000 326
1733010 326
1733020 326
1733030 326
1733040 327
1733050 327
1733060 327
1733070 327
1733080 327
1733090 327
1733100 327
1733110 327
1733120 327
1733130 327
1733140 328
1733150 328
1733160 328
1733170 328
1733180 328
1733190 329
1733200 329
1733210 329
1733220 329
1733230 329
1733240 329
1733250 329
1733260 329
1733270 329
1733280 329
1733290 329
1733300 329
1733310 330
1733320 330
1733330 330
1733340 330
1733350 330
1733360 330
1733370 331
1733380 331
1733390 331
1733400 331
1733410 331
1733420 331
1733430 331
1733440 332
1733450 332
1733460 332
1733470 332
1733480 332
1733490 332
1733500 332
1733510 333
1733520 333
1733530 333
1733540 333
1733550 333
1733560 333
1733570 333
1733580 333
1733590 333
1733600 333
1733610 333
1733620 333
1733630 333
1733640 333
1733650 333
1733660 333
1733670 333
1733680 333
1733690 333
1733700 333
1733710 333
1733720 333
1733730 333
1733740 333
1733750 333
1733760 333
1733770 333
1733780 333
1733790 333
1733800 333
1733810 333
1733820 333
1733830 333
1733840 333
1733850 333
1733860 333
1733870 333
1733880 333
1733890 333
1733900 333
1733910 333
1733920 333
1733930 333
1733940 333
1733950 333
1733960 333
1733970 332
1733980 332
1733990 332
1734000 332
1734010 332
1734020 332
1734030 332
1734040 332
1734050 332
1734060 332
1734070 332
1734080 331
1734090 331
1734100 331
1734110 331
1734120 331
1734130 331
1734140 331
1734150 331
1734160 331
1734170 331
1734180 330
1734190 330
1734200 330
1734210 330
1734220 329
1734230 329
1734240 329
1734250 329
1734260 328
1734270 328
1734280 328
1734290 328
1734300 327
1734310 327
1734320 327
1734330 327
1734340 327
1734350 326
1734360 326
1734370 326
1734380 326
1734390 326
1734400 325
1734410 325
1734420 325
1734430 325
1734440 325
1734450 325
1734460 324
1734470 324
1734480 324
1734490 324
1734500 324
1734510 324
1734520 324
1734530 323
1734540 323
1734550 323
1734560 323
1734570 323
1734580 323
1734590 323
1734600 322
1734610 322
1734620 322
1734630 322
1734640 322
1734650 322
1734660 322
1734670 322
1734680 321
1734690 321
1734700 321
1734710 321
1734720 321
1734730 321
1734740 321
1734750 321
1734760 320
1734770 320
1734780 320
1734790 320
1734800 320
1734810 320
1734820 320
1734830 319
1734840 319
1734850 319
1734860 319
1734870 319
1734880 319
1734890 319
1734900 319
1734910 319
1734920 319
1734930 319
1734940 318
1734950 318
1734960 318
1734970 318
1734980 318
1734990 318
1735000 318
1735010 318
1735020 318
1735030 318
1735040 318
1735050 318
1735060 318
1735070 318
1735080 318
1735090 317
1735100 317
1735110 317
1735120 317
1735130 317
1735140 317
1735150 317
1735160 317
1735170 317
1735180 316
1735190 316
1735200 316
1735210 316
1735220 316
1735230 316
1735240 316
1735250 316
1735260 316
1735270 316
1735280 315
1735290 315
1735300 315
1735310 315
1735320 315
1735330 315
1735340 315
1735350 315
1735360 315
1735370 315
1735380 315
1735390 315
1735400 315
1735410 315
1735420 315
1735430 315
1735440 315
1735450 315
1735460 315
1735470 314
1735480 314
1735490 314
1735500 314
1735510 314
1735520 314
1735530 314
1735540 314
1735550 314
1735560 314
1735570 314
1735580 314
1735590 314
1735600 314
1735610 314
1735620 314
1735630 314
1735640 314
1735650 313
1735660 313
1735670 313
1735680 313
1735690 313
1735700 313
1735710 313
1735720 313
1735730 313
1735740 313
1735750 313
1735760 313
1735770 313
1735780 313
1735790 313
1735800 313
1735810 313
1735820 312
1735830 312
1735840 312
1735850 313
1735860 313
1735870 312
1735880 312
1735890 312
1735900 312
1735910 312
1735920 312
1735930 311
1735940 311
1735950 311
1735960 311
1735970 311
1735980 311
1735990 311
1736000 311
1736010 311
1736020 311
1736030 311
1736040 311
1736050 311
1736060 310
1736070 310
1736080 310
1736090 310
1736100 310
1736110 310
1736120 310
1736130 310
1736140 310
1736150 309
1736160 309
1736170 309
1736180 309
1736190 309
1736200 309
1736210 309
1736220 309
1736230 308
1736240 308
1736250 308
1736260 308
1736270 308
1736280 309
1736290 308
1736300 308
1736310 308
1736320 307
1736330 307
1736340 307
1736350 307
1736360 307
1736370 307
1736380 306
1736390 306
1736400 306
1736410 306
1736420 306
1736430 306
1736440 306
1736450 306
1736460 306
1736470 305
1736480 305
1736490 305
1736500 305
1736510 305
1736520 305
1736530 304
1736540 304
1736550 304
1736560 304
1736570 304
1736580 304
1736590 304
1736600 303
1736610 303
1736620 303
1736630 303
1736640 303
1736650 303
1736660 303
1736670 302
1736680 302
1736690 302
1736700 302
1736710 302
1736720 301
1736730 301
1736740 301
1736750 301
1736760 301
1736770 301
1736780 300
1736790 300
1736800 300
1736810 300
1736820 300
1736830 300
1736840 299
1736850 299
1736860 299
1736870 299
1736880 299
1736890 299
1736900 298
1736910 298
1736920 298
1736930 298
1736940 298
1736950 298
1736960 297
1736970 297
1736980 297
1736990 297
1737000 297
1737010 297
1737020 297
1737030 296
1737040 296
1737050 296
1737060 296
1737070 296
1737080 295
1737090 295
1737100 295
1737110 295
1737120 295
1737130 295
1737140 295
1737150 294
1737160 294
1737170 294
1737180 294
1737190 294
1737200 294
1737210 294
1737220 293
1737230 293
1737240 293
1737250 293
1737260 293
1737270 293
1737280 293
1737290 293
1737300 292
1737310 292
1737320 292
1737330 292
1737340 292
1737350 292
1737360 292
1737370 292
1737380 292
1737390 292
1737400 292
1737410 292
1737420 292
1737430 292
1737440 291
1737450 291
1737460 291
1737470 291
1737480 291
1737490 291
1737500 291
1737510 291
1737520 291
1737530 291
1737540 291
1737550 291
1737560 290
1737570 290
1737580 290
1737590 290
1737600 290
1737610 290
1737620 290
1737630 290
1737640 290
1737650 290
1737660 290
1737670 289
1737680 289
1737690 289
1737700 289
1737710 289
1737720 289
1737730 289
1737740 289
1737750 289
1737760 288
1737770 288
1737780 288
1737790 288
1737800 288
1737810 288
1737820 288
1737830 288
1737840 288
1737850 288
1737860 288
1737870 288
1737880 287
1737890 287
1737900 287
1737910 287
1737920 287
1737930 287
1737940 287
1737950 287
1737960 287
1737970 287
1737980 287
1737990 286
1738000 286
1738010 286
1738020 286
1738030 286
1738040 286
1738050 286
1738060 286
1738070 286
1738080 286
1738090 286
1738100 286
1738110 286
1738120 286
1738130 286
1738140 286
1738150 286
1738160 285
1738170 285
1738180 285
1738190 285
1738200 285
1738210 285
1738220 285
1738230 285
1738240 285
1738250 285
1738260 285
1738270 285
1738280 285
1738290 285
1738300 285
1738310 285
1738320 285
1738330 285
1738340 285
1738350 285
1738360 285
1738370 285
1738380 285
1738390 285
1738400 285
1738410 285
1738420 285
1738430 285
1738440 285
1738450 285
1738460 285
1738470 284
1738480 284
1738490 284
1738500 284
1738510 284
1738520 284
1738530 284
1738540 284
1738550 284
1738560 284
1738570 284
1738580 284
1738590 284
1738600 284
1738610 284
1738620 284
1738630 284
1738640 285
1738650 285
1738660 285
1738670 285
1738680 284
1738690 284
1738700 284
1738710 284
1738720 284
1738730 284
1738740 283
1738750 283
1738760 283
1738770 283
1738780 283
1738790 283
1738800 283
1738810 283
1738820 283
1738830 283
1738840 283
1738850 283
1738860 283
1738870 283
1738880 283
1738890 283
1738900 283
1738910 283
1738920 283
1738930 283
1738940 283
1738950 283
1738960 283
1738970 283
1738980 283
1738990 283
1739000 283
1739010 283
1739020 283
1739030 283
1739040 283
1739050 283
1739060 283
1739070 283
1739080 283
1739090 282
1739100 282
1739110 282
1739120 282
1739130 282
1739140 282
1739150 282
1739160 282
1739170 282
1739180 282
1739190 282
1739200 282
1739210 282
1739220 282
1739230 282
1739240 282
1739250 282
1739260 282
1739270 282
1739280 282
1739290 282
1739300 282
1739310 281
1739320 281
1739330 281
1739340 281
1739350 281
1739360 281
1739370 281
1739380 281
1739390 281
1739400 281
1739410 281
1739420 281
1739430 281
1739440 281
1739450 281
1739460 281
1739470 281
1739480 281
1739490 281
1739500 281
1739510 281
1739520 281
1739530 281
1739540 281
1739550 281
1739560 281
1739570 281
1739580 281
1739590 281
1739600 281
1739610 281
1739620 281
1739630 281
1739640 281
1739650 281
1739660 280
1739670 280
1739680 280
1739690 280
1739700 280
1739710 280
1739720 280
1739730 280
1739740 280
1739750 280
1739760 280
1739770 280
1739780 280
1739790 280
1739800 280
1739810 280
1739820 280
1739830 280
1739840 280
1739850 280
1739860 280
1739870 280
1739880 280
1739890 280
1739900 280
1739910 280
1739920 280
1739930 280
1739940 280
1739950 280
1739960 280
1739970 280
1739980 280
1739990 280
