1720000 420
1720010 421
1720020 422
1720030 423
1720040 425
1720050 425
1720060 427
1720070 428
1720080 429
1720090 430
1720100 431
1720110 432
1720120 433
1720130 435
1720140 436
1720150 437
1720160 438
1720170 439
1720180 441
1720190 442
1720200 443
1720210 444
1720220 446
1720230 447
1720240 449
1720250 450
1720260 452
1720270 454
1720280 455
1720290 457
1720300 459
1720310 461
1720320 463
1720330 464
1720340 465
1720350 467
1720360 468
1720370 470
1720380 471
1720390 472
1720400 473
1720410 475
1720420 476
1720430 476
1720440 477
1720450 477
1720460 477
1720470 476
1720480 476
1720490 477
1720500 477
1720510 478
1720520 478
1720530 478
1720540 479
1720550 481
1720560 482
1720570 483
1720580 484
1720590 485
1720600 486
1720610 488
1720620 489
1720630 490
1720640 491
1720650 493
1720660 494
1720670 495
1720680 496
1720690 498
1720700 499
1720710 500
1720720 501
1720730 502
1720740 503
1720750 504
1720760 506
1720770 507
1720780 508
1720790 509
1720800 510
1720810 512
1720820 513
1720830 514
1720840 515
1720850 517
1720860 518
1720870 519
1720880 520
1720890 522
1720900 523
1720910 524
1720920 526
1720930 527
1720940 529
1720950 530
1720960 531
1720970 532
1720980 533
1720990 535
1721000 536
1721010 538
1721020 539
1721030 540
1721040 541
1721050 542
1721060 542
1721070 543
1721080 544
1721090 544
1721100 545
1721110 546
1721120 547
1721130 549
1721140 551
1721150 553
1721160 554
1721170 555
1721180 557
1721190 559
1721200 560
1721210 560
1721220 560
1721230 560
1721240 560
1721250 560
1721260 561
1721270 561
1721280 562
1721290 562
1721300 562
1721310 563
1721320 563
1721330 564
1721340 564
1721350 565
1721360 565
1721370 565
1721380 564
1721390 564
1721400 563
1721410 563
1721420 562
1721430 562
1721440 562
1721450 562
1721460 561
1721470 561
1721480 561
1721490 561
1721500 560
1721510 560
1721520 560
1721530 560
1721540 560
1721550 559
1721560 559
1721570 559
1721580 558
1721590 558
1721600 558
1721610 558
1721620 557
1721630 557
1721640 557
1721650 556
1721660 556
1721670 556
1721680 555
1721690 555
1721700 554
1721710 554
1721720 554
1721730 553
1721740 553
1721750 552
1721760 552
1721770 552
1721780 551
1721790 551
1721800 550
1721810 550
1721820 549
1721830 549
1721840 549
1721850 548
1721860 548
1721870 547
1721880 547
1721890 546
1721900 546
1721910 545
1721920 545
1721930 544
1721940 544
1721950 543
1721960 542
1721970 542
1721980 541
1721990 541
1722000 540
1722010 539
1722020 538
1722030 536
1722040 534
1722050 532
1722060 530
1722070 528
1722080 526
1722090 524
1722100 523
1722110 522
1722120 520
1722130 519
1722140 519
1722150 518
1722160 517
1722170 516
1722180 515
1722190 514
1722200 513
1722210 512
1722220 511
1722230 510
1722240 509
1722250 509
1722260 508
1722270 507
1722280 506
1722290 505
1722300 504
1722310 504
1722320 503
1722330 502
1722340 501
1722350 501
1722360 501
1722370 500
1722380 500
1722390 499
1722400 499
1722410 498
1722420 498
1722430 497
1722440 497
1722450 497
1722460 497
1722470 497
1722480 498
1722490 498
1722500 498
1722510 498
1722520 499
1722530 501
1722540 501
1722550 501
1722560 502
1722570 502
1722580 503
1722590 504
1722600 504
1722610 504
1722620 505
1722630 505
1722640 505
1722650 505
1722660 506
1722670 506
1722680 506
1722690 506
1722700 506
1722710 506
1722720 505
1722730 504
1722740 503
1722750 503
1722760 504
1722770 504
1722780 504
1722790 503
1722800 503
1722810 503
1722820 503
1722830 504
1722840 504
1722850 505
1722860 505
1722870 507
1722880 508
1722890 509
1722900 510
1722910 510
1722920 511
1722930 512
1722940 512
1722950 513
1722960 514
1722970 515
1722980 516
1722990 517
1723000 518
1723010 519
1723020 520
1723030 521
1723040 522
1723050 523
1723060 523
1723070 524
1723080 525
1723090 526
1723100 527
1723110 528
1723120 529
1723130 530
1723140 531
1723150 533
1723160 534
1723170 535
1723180 536
1723190 537
1723200 538
1723210 539
1723220 540
1723230 542
1723240 543
1723250 544
1723260 546
1723270 547
1723280 548
1723290 549
1723300 550
1723310 552
1723320 553
1723330 554
1723340 556
1723350 557
1723360 558
1723370 560
1723380 561
1723390 563
1723400 564
1723410 566
1723420 567
1723430 569
1723440 570
1723450 572
1723460 573
1723470 574
1723480 576
1723490 577
1723500 578
1723510 579
1723520 580
1723530 581
1723540 583
1723550 584
1723560 586
1723570 587
1723580 588
1723590 590
1723600 591
1723610 593
1723620 594
1723630 596
1723640 598
1723650 599
1723660 601
1723670 602
1723680 604
1723690 607
1723700 609
1723710 611
1723720 612
1723730 614
1723740 615
1723750 616
1723760 616
1723770 615
1723780 613
1723790 611
1723800 608
1723810 606
1723820 604
1723830 603
1723840 603
1723850 602
1723860 601
1723870 601
1723880 600
1723890 600
1723900 599
1723910 598
1723920 598
1723930 598
1723940 597
1723950 597
1723960 596
1723970 596
1723980 595
1723990 595
1724000 594
1724010 594
1724020 593
1724030 593
1724040 592
1724050 592
1724060 591
1724070 591
1724080 591
1724090 590
1724100 590
1724110 590
1724120 590
1724130 589
1724140 589
1724150 589
1724160 589
1724170 589
1724180 589
1724190 589
1724200 589
1724210 588
1724220 588
1724230 588
1724240 588
1724250 588
1724260 589
1724270 589
1724280 589
1724290 589
1724300 589
1724310 589
1724320 589
1724330 589
1724340 589
1724350 590
1724360 590
1724370 590
1724380 589
1724390 588
1724400 586
1724410 586
1724420 585
1724430 585
1724440 584
1724450 583
1724460 583
1724470 582
1724480 582
1724490 581
1724500 581
1724510 580
1724520 580
1724530 579
1724540 579
1724550 578
1724560 577
1724570 577
1724580 576
1724590 576
1724600 576
1724610 575
1724620 575
1724630 574
1724640 574
1724650 574
1724660 573
1724670 573
1724680 572
1724690 572
1724700 572
1724710 571
1724720 571
1724730 570
1724740 570
1724750 570
1724760 569
1724770 569
1724780 569
1724790 568
1724800 568
1724810 567
1724820 567
1724830 566
1724840 566
1724850 565
1724860 565
1724870 564
1724880 564
1724890 563
1724900 563
1724910 562
1724920 562
1724930 562
1724940 562
1724950 561
1724960 561
1724970 561
1724980 561
1724990 560
1725000 560
1725010 559
1725020 559
1725030 558
1725040 558
1725050 558
1725060 558
1725070 557
1725080 557
1725090 556
1725100 556
1725110 556
1725120 555
1725130 555
1725140 555
1725150 554
1725160 554
1725170 554
1725180 553
1725190 553
1725200 552
1725210 552
1725220 552
1725230 551
1725240 551
1725250 550
1725260 550
1725270 550
1725280 549
1725290 549
1725300 548
1725310 548
1725320 547
1725330 547
1725340 546
1725350 545
1725360 543
1725370 542
1725380 542
1725390 543
1725400 544
1725410 545
1725420 545
1725430 546
1725440 546
1725450 546
1725460 546
1725470 546
1725480 546
1725490 546
1725500 546
1725510 546
1725520 546
1725530 545
1725540 546
1725550 546
1725560 546
1725570 546
1725580 545
1725590 545
1725600 545
1725610 545
1725620 545
1725630 545
1725640 545
1725650 545
1725660 545
1725670 545
1725680 545
1725690 545
1725700 545
1725710 545
1725720 545
1725730 544
1725740 544
1725750 543
1725760 543
1725770 542
1725780 542
1725790 541
1725800 541
1725810 541
1725820 540
1725830 540
1725840 539
1725850 539
1725860 538
1725870 538
1725880 538
1725890 537
1725900 536
1725910 536
1725920 535
1725930 534
1725940 533
1725950 533
1725960 532
1725970 532
1725980 531
1725990 531
1726000 530
1726010 529
1726020 529
1726030 528
1726040 527
1726050 526
1726060 525
1726070 525
1726080 524
1726090 523
1726100 522
1726110 522
1726120 521
1726130 521
1726140 520
1726150 519
1726160 518
1726170 517
1726180 516
1726190 515
1726200 514
1726210 513
1726220 512
1726230 511
1726240 511
1726250 510
1726260 509
1726270 508
1726280 508
1726290 507
1726300 506
1726310 505
1726320 505
1726330 504
1726340 504
1726350 503
1726360 502
1726370 502
1726380 501
1726390 501
1726400 500
1726410 499
1726420 499
1726430 498
1726440 498
1726450 497
1726460 496
1726470 496
1726480 495
1726490 495
1726500 495
1726510 494
1726520 494
1726530 494
1726540 494
1726550 494
1726560 494
1726570 494
1726580 494
1726590 494
1726600 493
1726610 493
1726620 492
1726630 491
1726640 489
1726650 487
1726660 485
1726670 483
1726680 481
1726690 479
1726700 478
1726710 478
1726720 477
1726730 476
1726740 475
1726750 475
1726760 474
1726770 476
1726780 478
1726790 480
1726800 483
1726810 486
1726820 489
1726830 492
1726840 495
1726850 498
1726860 501
1726870 504
1726880 506
1726890 508
1726900 510
1726910 511
1726920 512
1726930 512
1726940 512
1726950 512
1726960 512
1726970 512
1726980 512
1726990 512
1727000 512
1727010 512
1727020 512
1727030 511
1727040 511
1727050 511
1727060 511
1727070 511
1727080 511
1727090 511
1727100 511
1727110 511
1727120 512
1727130 512
1727140 513
1727150 513
1727160 514
1727170 514
1727180 514
1727190 514
1727200 514
1727210 514
1727220 514
1727230 514
1727240 514
1727250 514
1727260 514
1727270 514
1727280 514
1727290 515
1727300 515
1727310 516
1727320 517
1727330 518
1727340 518
1727350 519
1727360 519
1727370 519
1727380 519
1727390 519
1727400 518
1727410 518
1727420 517
1727430 517
1727440 517
1727450 517
1727460 517
1727470 517
1727480 517
1727490 517
1727500 517
1727510 517
1727520 518
1727530 518
1727540 518
1727550 519
1727560 520
1727570 520
1727580 521
1727590 521
1727600 522
1727610 522
1727620 521
1727630 521
1727640 521
1727650 520
1727660 520
1727670 520
1727680 519
1727690 518
1727700 518
1727710 517
1727720 517
1727730 516
1727740 516
1727750 515
1727760 514
1727770 513
1727780 512
1727790 510
1727800 509
1727810 508
1727820 507
1727830 506
1727840 504
1727850 503
1727860 502
1727870 501
1727880 500
1727890 499
1727900 498
1727910 498
1727920 497
1727930 496
1727940 496
1727950 495
1727960 494
1727970 493
1727980 493
1727990 492
1728000 492
1728010 492
1728020 492
1728030 491
1728040 491
1728050 492
1728060 492
1728070 492
1728080 493
1728090 493
1728100 494
1728110 494
1728120 494
1728130 494
1728140 493
1728150 493
1728160 493
1728170 493
1728180 492
1728190 492
1728200 491
1728210 491
1728220 490
1728230 489
1728240 487
1728250 486
1728260 484
1728270 482
1728280 481
1728290 479
1728300 477
1728310 475
1728320 474
1728330 471
1728340 469
1728350 466
1728360 464
1728370 462
1728380 461
1728390 460
1728400 458
1728410 457
1728420 457
1728430 456
1728440 456
1728450 456
1728460 456
1728470 455
1728480 455
1728490 454
1728500 454
1728510 454
1728520 454
1728530 454
1728540 454
1728550 454
1728560 454
1728570 454
1728580 455
1728590 455
1728600 455
1728610 455
1728620 455
1728630 455
1728640 455
1728650 455
1728660 455
1728670 455
1728680 454
1728690 454
1728700 453
1728710 453
1728720 452
1728730 452
1728740 451
1728750 450
1728760 449
1728770 448
1728780 447
1728790 446
1728800 444
1728810 443
1728820 441
1728830 439
1728840 438
1728850 436
1728860 435
1728870 433
1728880 430
1728890 428
1728900 427
1728910 426
1728920 425
1728930 425
1728940 424
1728950 423
1728960 422
1728970 421
1728980 421
1728990 420
1729000 420
1729010 419
1729020 418
1729030 417
1729040 416
1729050 415
1729060 414
1729070 414
1729080 413
1729090 412
1729100 411
1729110 411
1729120 410
1729130 410
1729140 411
1729150 412
1729160 412
1729170 413
1729180 414
1729190 415
1729200 415
1729210 416
1729220 417
1729230 418
1729240 419
1729250 419
1729260 419
1729270 420
1729280 420
1729290 420
1729300 420
1729310 420
1729320 419
1729330 418
1729340 417
1729350 416
1729360 415
1729370 415
1729380 414
1729390 414
1729400 413
1729410 412
1729420 412
1729430 411
1729440 410
1729450 410
1729460 409
1729470 409
1729480 409
1729490 409
1729500 408
1729510 408
1729520 407
1729530 407
1729540 406
1729550 405
1729560 404
1729570 404
1729580 404
1729590 404
1729600 404
1729610 404
1729620 403
1729630 403
1729640 403
1729650 403
1729660 403
1729670 403
1729680 402
1729690 402
1729700 402
1729710 401
1729720 401
1729730 400
1729740 400
1729750 399
1729760 398
1729770 396
1729780 395
1729790 394
1729800 393
1729810 391
1729820 389
1729830 388
1729840 387
1729850 386
1729860 385
1729870 384
1729880 383
1729890 382
1729900 381
1729910 381
1729920 380
1729930 379
1729940 377
1729950 376
1729960 373
1729970 371
1729980 369
1729990 367
1730000 364
1730010 362
1730020 360
1730030 359
1730040 358
1730050 357
1730060 356
1730070 356
1730080 356
1730090 356
1730100 356
1730110 356
1730120 356
1730130 356
1730140 356
1730150 356
1730160 356
1730170 356
1730180 356
1730190 355
1730200 355
1730210 355
1730220 355
1730230 355
1730240 355
1730250 355
1730260 355
1730270 357
1730280 360
1730290 364
1730300 369
1730310 374
1730320 377
1730330 380
1730340 383
1730350 385
1730360 387
1730370 390
1730380 392
1730390 394
1730400 396
1730410 398
1730420 400
1730430 401
1730440 400
1730450 399
1730460 396
1730470 394
1730480 391
1730490 389
1730500 387
1730510 385
1730520 383
1730530 381
1730540 379
1730550 377
1730560 376
1730570 374
1730580 373
1730590 371
1730600 369
1730610 368
1730620 365
1730630 363
1730640 362
1730650 360
1730660 358
1730670 357
1730680 356
1730690 354
1730700 353
1730710 352
1730720 351
1730730 350
1730740 349
1730750 349
1730760 348
1730770 348
1730780 348
1730790 348
1730800 348
1730810 348
1730820 349
1730830 349
1730840 349
1730850 350
1730860 351
1730870 352
1730880 352
1730890 352
1730900 353
1730910 353
1730920 354
1730930 355
1730940 355
1730950 356
1730960 357
1730970 358
1730980 359
1730990 360
1731000 361
1731010 362
1731020 363
1731030 364
1731040 365
1731050 367
1731060 368
1731070 369
1731080 371
1731090 372
1731100 373
1731110 374
1731120 375
1731130 376
1731140 377
1731150 378
1731160 379
1731170 380
1731180 381
1731190 383
1731200 384
1731210 385
1731220 386
1731230 387
1731240 388
1731250 389
1731260 390
1731270 391
1731280 391
1731290 392
1731300 392
1731310 392
1731320 392
1731330 392
1731340 392
1731350 391
1731360 391
1731370 391
1731380 391
1731390 391
1731400 391
1731410 391
1731420 391
1731430 391
1731440 391
1731450 391
1731460 391
1731470 391
1731480 391
1731490 391
1731500 391
1731510 390
1731520 390
1731530 390
1731540 390
1731550 390
1731560 390
1731570 390
1731580 390
1731590 391
1731600 391
1731610 391
1731620 391
1731630 391
1731640 391
1731650 391
1731660 391
1731670 391
1731680 391
1731690 391
1731700 392
1731710 392
1731720 392
1731730 392
1731740 392
1731750 392
1731760 392
1731770 392
1731780 392
1731790 391
1731800 391
1731810 391
1731820 391
1731830 391
1731840 390
1731850 390
1731860 390
1731870 390
1731880 390
1731890 390
1731900 389
1731910 389
1731920 389
1731930 389
1731940 389
1731950 388
1731960 388
1731970 388
1731980 388
1731990 387
1732000 387
1732010 386
1732020 386
1732030 385
1732040 385
1732050 385
1732060 384
1732070 384
1732080 384
1732090 383
1732100 383
1732110 383
1732120 382
1732130 382
1732140 382
1732150 382
1732160 382
1732170 382
1732180 381
1732190 381
1732200 380
1732210 380
1732220 379
1732230 379
1732240 379
1732250 378
1732260 378
1732270 377
1732280 377
1732290 377
1732300 376
1732310 376
1732320 376
1732330 376
1732340 375
1732350 375
1732360 374
1732370 374
1732380 374
1732390 373
1732400 373
1732410 372
1732420 372
1732430 371
1732440 370
1732450 370
1732460 370
1732470 369
1732480 368
1732490 367
1732500 367
1732510 366
1732520 365
1732530 365
1732540 364
1732550 363
1732560 362
1732570 362
1732580 361
1732590 360
1732600 360
1732610 359
1732620 359
1732630 359
1732640 358
1732650 358
1732660 358
1732670 358
1732680 358
1732690 358
1732700 358
1732710 358
1732720 357
1732730 357
1732740 357
1732750 357
1732760 357
1732770 356
1732780 356
1732790 356
1732800 356
1732810 356
1732820 355
1732830 355
1732840 355
1732850 354
1732860 354
1732870 353
1732880 353
1732890 353
1732900 353
1732910 352
1732920 352
1732930 351
1732940 351
1732950 351
1732960 350
1732970 350
1732980 350
1732990 350
1733000 349
1733010 349
1733020 349
1733030 348
1733040 348
1733050 347
1733060 347
1733070 347
1733080 346
1733090 346
1733100 345
1733110 345
1733120 345
1733130 345
1733140 344
1733150 344
1733160 344
1733170 344
1733180 343
1733190 343
1733200 343
1733210 343
1733220 343
1733230 343
1733240 343
1733250 343
1733260 343
1733270 343
1733280 343
1733290 343
1733300 343
1733310 343
1733320 343
1733330 343
1733340 342
1733350 342
1733360 341
1733370 341
1733380 340
1733390 340
1733400 339
1733410 339
1733420 339
1733430 338
1733440 338
1733450 338
1733460 338
1733470 338
1733480 338
1733490 338
1733500 338
1733510 337
1733520 337
1733530 337
1733540 337
1733550 337
1733560 337
1733570 337
1733580 337
1733590 337
1733600 337
1733610 337
1733620 337
1733630 336
1733640 336
1733650 336
1733660 336
1733670 336
1733680 336
1733690 336
1733700 336
1733710 336
1733720 336
1733730 336
1733740 336
1733750 336
1733760 336
1733770 336
1733780 336
1733790 336
1733800 336
1733810 336
1733820 336
1733830 336
1733840 336
1733850 336
1733860 336
1733870 336
1733880 335
1733890 335
1733900 335
1733910 335
1733920 335
1733930 335
1733940 335
1733950 334
1733960 334
1733970 334
1733980 334
1733990 334
1734000 334
1734010 334
1734020 334
1734030 334
1734040 333
1734050 333
1734060 333
1734070 333
1734080 333
1734090 333
1734100 333
1734110 333
1734120 333
1734130 332
1734140 332
1734150 332
1734160 332
1734170 332
1734180 332
1734190 332
1734200 331
1734210 331
1734220 331
1734230 331
1734240 331
1734250 331
1734260 331
1734270 331
1734280 331
1734290 331
1734300 331
1734310 331
1734320 331
1734330 330
1734340 330
1734350 330
1734360 330
1734370 330
1734380 330
1734390 330
1734400 330
1734410 330
1734420 330
1734430 330
1734440 330
1734450 330
1734460 330
1734470 330
1734480 330
1734490 330
1734500 330
1734510 331
1734520 331
1734530 331
1734540 331
1734550 331
1734560 331
1734570 331
1734580 331
1734590 331
1734600 331
1734610 332
1734620 332
1734630 333
1734640 333
1734650 333
1734660 334
1734670 334
1734680 335
1734690 335
1734700 336
1734710 336
1734720 337
1734730 338
1734740 338
1734750 339
1734760 339
1734770 339
1734780 340
1734790 340
1734800 341
1734810 341
1734820 341
1734830 342
1734840 342
1734850 342
1734860 343
1734870 343
1734880 343
1734890 343
1734900 343
1734910 343
1734920 344
1734930 344
1734940 344
1734950 344
1734960 344
1734970 344
1734980 344
1734990 344
1735000 344
1735010 344
1735020 344
1735030 344
1735040 344
1735050 345
1735060 345
1735070 345
1735080 345
1735090 346
1735100 346
1735110 346
1735120 346
1735130 346
1735140 346
1735150 346
1735160 346
1735170 346
1735180 346
1735190 345
1735200 345
1735210 345
1735220 345
1735230 345
1735240 345
1735250 345
1735260 345
1735270 345
1735280 345
1735290 344
1735300 344
1735310 344
1735320 343
1735330 343
1735340 343
1735350 343
1735360 343
1735370 343
1735380 343
1735390 342
1735400 342
1735410 342
1735420 342
1735430 342
1735440 342
1735450 342
1735460 342
1735470 342
1735480 342
1735490 342
1735500 341
1735510 341
1735520 341
1735530 341
1735540 341
1735550 341
1735560 341
1735570 340
1735580 340
1735590 340
1735600 340
1735610 340
1735620 340
1735630 339
1735640 339
1735650 339
1735660 339
1735670 339
1735680 339
1735690 339
1735700 338
1735710 338
1735720 338
1735730 338
1735740 338
1735750 338
1735760 338
1735770 337
1735780 337
1735790 337
1735800 337
1735810 336
1735820 336
1735830 336
1735840 336
1735850 336
1735860 335
1735870 335
1735880 335
1735890 334
1735900 334
1735910 333
1735920 333
1735930 332
1735940 332
1735950 331
1735960 330
1735970 330
1735980 329
1735990 329
1736000 328
1736010 328
1736020 327
1736030 327
1736040 326
1736050 326
1736060 325
1736070 325
1736080 324
1736090 324
1736100 323
1736110 323
1736120 323
1736130 322
1736140 322
1736150 322
1736160 322
1736170 321
1736180 321
1736190 321
1736200 320
1736210 320
1736220 320
1736230 319
1736240 319
1736250 319
1736260 319
1736270 318
1736280 318
1736290 318
1736300 317
1736310 317
1736320 317
1736330 317
1736340 316
1736350 316
1736360 316
1736370 315
1736380 315
1736390 315
1736400 314
1736410 314
1736420 314
1736430 313
1736440 313
1736450 313
1736460 313
1736470 312
1736480 312
1736490 312
1736500 312
1736510 311
1736520 311
1736530 311
1736540 311
1736550 310
1736560 310
1736570 310
1736580 310
1736590 310
1736600 309
1736610 309
1736620 309
1736630 309
1736640 308
1736650 308
1736660 308
1736670 308
1736680 307
1736690 307
1736700 307
1736710 307
1736720 306
1736730 306
1736740 306
1736750 305
1736760 305
1736770 305
1736780 304
1736790 304
1736800 304
1736810 303
1736820 303
1736830 303
1736840 303
1736850 302
1736860 302
1736870 302
1736880 302
1736890 302
1736900 301
1736910 301
1736920 301
1736930 301
1736940 300
1736950 300
1736960 300
1736970 300
1736980 300
1736990 300
1737000 300
1737010 299
1737020 299
1737030 299
1737040 299
1737050 299
1737060 299
1737070 299
1737080 299
1737090 299
1737100 298
1737110 298
1737120 298
1737130 298
1737140 298
1737150 299
1737160 299
1737170 299
1737180 300
1737190 300
1737200 301
1737210 301
1737220 302
1737230 302
1737240 303
1737250 304
1737260 304
1737270 305
1737280 306
1737290 306
1737300 306
1737310 307
1737320 307
1737330 308
1737340 308
1737350 309
1737360 309
1737370 309
1737380 310
1737390 310
1737400 311
1737410 311
1737420 312
1737430 313
1737440 313
1737450 314
1737460 314
1737470 314
1737480 315
1737490 315
1737500 315
1737510 315
1737520 315
1737530 316
1737540 316
1737550 316
1737560 317
1737570 317
1737580 317
1737590 318
1737600 318
1737610 318
1737620 318
1737630 318
1737640 318
1737650 319
1737660 319
1737670 319
1737680 319
1737690 319
1737700 319
1737710 319
1737720 320
1737730 320
1737740 320
1737750 320
1737760 321
1737770 321
1737780 321
1737790 321
1737800 321
1737810 321
1737820 321
1737830 321
1737840 321
1737850 321
1737860 321
1737870 321
1737880 321
1737890 321
1737900 320
1737910 320
1737920 320
1737930 320
1737940 320
1737950 320
1737960 319
1737970 319
1737980 318
1737990 318
1738000 317
1738010 317
1738020 316
1738030 316
1738040 315
1738050 315
1738060 314
1738070 314
1738080 314
1738090 313
1738100 313
1738110 312
1738120 312
1738130 311
1738140 311
1738150 311
1738160 310
1738170 310
1738180 310
1738190 309
1738200 309
1738210 309
1738220 308
1738230 308
1738240 308
1738250 307
1738260 307
1738270 307
1738280 306
1738290 306
1738300 306
1738310 305
1738320 305
1738330 304
1738340 303
1738350 303
1738360 303
1738370 303
1738380 303
1738390 304
1738400 304
1738410 303
1738420 303
1738430 303
1738440 303
1738450 302
1738460 302
1738470 302
1738480 302
1738490 301
1738500 301
1738510 301
1738520 301
1738530 301
1738540 300
1738550 300
1738560 300
1738570 299
1738580 299
1738590 299
1738600 298
1738610 298
1738620 298
1738630 298
1738640 297
1738650 297
1738660 297
1738670 297
1738680 296
1738690 296
1738700 296
1738710 296
1738720 295
1738730 295
1738740 295
1738750 295
1738760 294
1738770 294
1738780 294
1738790 294
1738800 294
1738810 293
1738820 293
1738830 293
1738840 293
1738850 292
1738860 292
1738870 292
1738880 292
1738890 292
1738900 292
1738910 292
1738920 291
1738930 291
1738940 291
1738950 291
1738960 291
1738970 291
1738980 290
1738990 290
1739000 290
1739010 290
1739020 290
1739030 290
1739040 289
1739050 289
1739060 289
1739070 289
1739080 289
1739090 288
1739100 288
1739110 288
1739120 288
1739130 288
1739140 288
1739150 287
1739160 287
1739170 287
1739180 287
1739190 287
1739200 287
1739210 286
1739220 286
1739230 286
1739240 286
1739250 286
1739260 286
1739270 285
1739280 285
1739290 285
1739300 285
1739310 285
1739320 285
1739330 285
1739340 284
1739350 284
1739360 284
1739370 284
1739380 284
1739390 284
1739400 284
1739410 284
1739420 284
1739430 284
1739440 284
1739450 284
1739460 284
1739470 283
1739480 283
1739490 283
1739500 283
1739510 283
1739520 283
1739530 283
1739540 283
1739550 283
1739560 283
1739570 283
1739580 283
1739590 283
1739600 283
1739610 283
1739620 282
1739630 282
1739640 282
1739650 282
1739660 282
1739670 282
1739680 282
1739690 282
1739700 282
1739710 282
1739720 282
1739730 282
1739740 282
1739750 282
1739760 282
1739770 282
1739780 282
1739790 282
1739800 282
1739810 282
1739820 282
1739830 282
1739840 281
1739850 281
1739860 281
1739870 281
1739880 281
1739890 281
1739900 281
1739910 281
1739920 281
1739930 281
1739940 281
1739950 281
1739960 281
1739970 281
1739980 281
1739990 281
