1720000 467
1720010 469
1720020 471
1720030 474
1720040 476
1720050 478
1720060 480
1720070 482
1720080 484
1720090 485
1720100 485
1720110 486
1720120 486
1720130 487
1720140 487
1720150 488
1720160 489
1720170 490
1720180 491
1720190 492
1720200 494
1720210 495
1720220 497
1720230 498
1720240 499
1720250 501
1720260 502
1720270 503
1720280 504
1720290 505
1720300 506
1720310 508
1720320 509
1720330 510
1720340 511
1720350 512
1720360 513
1720370 515
1720380 516
1720390 517
1720400 518
1720410 519
1720420 520
1720430 521
1720440 521
1720450 522
1720460 523
1720470 524
1720480 525
1720490 525
1720500 526
1720510 526
1720520 527
1720530 527
1720540 528
1720550 528
1720560 528
1720570 528
1720580 528
1720590 528
1720600 528
1720610 528
1720620 528
1720630 528
1720640 529
1720650 529
1720660 529
1720670 529
1720680 529
1720690 529
1720700 529
1720710 530
1720720 530
1720730 530
1720740 530
1720750 530
1720760 529
1720770 529
1720780 529
1720790 529
1720800 529
1720810 529
1720820 528
1720830 528
1720840 527
1720850 527
1720860 526
1720870 526
1720880 525
1720890 524
1720900 524
1720910 523
1720920 522
1720930 522
1720940 521
1720950 520
1720960 519
1720970 519
1720980 518
1720990 517
1721000 516
1721010 515
1721020 514
1721030 513
1721040 512
1721050 511
1721060 510
1721070 509
1721080 508
1721090 507
1721100 505
1721110 503
1721120 501
1721130 499
1721140 497
1721150 495
1721160 493
1721170 492
1721180 491
1721190 490
1721200 489
1721210 489
1721220 489
1721230 490
1721240 490
1721250 490
1721260 490
1721270 490
1721280 490
1721290 490
1721300 490
1721310 491
1721320 491
1721330 490
1721340 489
1721350 488
1721360 487
1721370 485
1721380 483
1721390 481
1721400 479
1721410 477
1721420 476
1721430 474
1721440 473
1721450 472
1721460 471
1721470 470
1721480 470
1721490 469
1721500 468
1721510 465
1721520 463
1721530 461
1721540 460
1721550 460
1721560 460
1721570 461
1721580 461
1721590 461
1721600 462
1721610 462
1721620 463
1721630 463
1721640 463
1721650 463
1721660 463
1721670 463
1721680 463
1721690 463
1721700 464
1721710 466
1721720 469
1721730 471
1721740 473
1721750 475
1721760 477
1721770 480
1721780 482
1721790 484
1721800 485
1721810 485
1721820 484
1721830 482
1721840 481
1721850 480
1721860 479
1721870 477
1721880 476
1721890 476
1721900 477
1721910 477
1721920 477
1721930 477
1721940 478
1721950 478
1721960 479
1721970 481
1721980 484
1721990 486
1722000 487
1722010 488
1722020 489
1722030 491
1722040 492
1722050 493
1722060 495
1722070 497
1722080 498
1722090 498
1722100 499
1722110 500
1722120 501
1722130 502
1722140 503
1722150 503
1722160 504
1722170 504
1722180 504
1722190 505
1722200 505
1722210 505
1722220 505
1722230 506
1722240 506
1722250 506
1722260 506
1722270 506
1722280 506
1722290 506
1722300 506
1722310 505
1722320 505
1722330 505
1722340 505
1722350 504
1722360 504
1722370 504
1722380 503
1722390 503
1722400 502
1722410 502
1722420 502
1722430 501
1722440 501
1722450 501
1722460 501
1722470 500
1722480 500
1722490 500
1722500 500
1722510 499
1722520 498
1722530 498
1722540 499
1722550 499
1722560 500
1722570 501
1722580 502
1722590 503
1722600 504
1722610 505
1722620 505
1722630 506
1722640 507
1722650 509
1722660 510
1722670 512
1722680 514
1722690 515
1722700 516
1722710 518
1722720 519
1722730 521
1722740 522
1722750 523
1722760 525
1722770 526
1722780 527
1722790 528
1722800 529
1722810 531
1722820 532
1722830 533
1722840 534
1722850 535
1722860 536
1722870 537
1722880 538
1722890 539
1722900 539
1722910 540
1722920 540
1722930 541
1722940 541
1722950 541
1722960 541
1722970 541
1722980 541
1722990 541
1723000 542
1723010 542
1723020 542
1723030 543
1723040 543
1723050 544
1723060 544
1723070 545
1723080 545
1723090 546
1723100 546
1723110 546
1723120 547
1723130 547
1723140 547
1723150 548
1723160 548
1723170 548
1723180 548
1723190 549
1723200 549
1723210 549
1723220 550
1723230 550
1723240 551
1723250 551
1723260 552
1723270 552
1723280 553
1723290 553
1723300 554
1723310 554
1723320 555
1723330 556
1723340 556
1723350 557
1723360 557
1723370 557
1723380 557
1723390 557
1723400 558
1723410 558
1723420 558
1723430 558
1723440 559
1723450 559
1723460 559
1723470 559
1723480 560
1723490 560
1723500 560
1723510 560
1723520 560
1723530 560
1723540 560
1723550 560
1723560 560
1723570 559
1723580 559
1723590 559
1723600 559
1723610 559
1723620 559
1723630 558
1723640 558
1723650 558
1723660 558
1723670 558
1723680 559
1723690 559
1723700 559
1723710 559
1723720 559
1723730 560
1723740 560
1723750 560
1723760 561
1723770 561
1723780 562
1723790 562
1723800 562
1723810 563
1723820 563
1723830 564
1723840 564
1723850 565
1723860 565
1723870 566
1723880 567
1723890 567
1723900 568
1723910 569
1723920 570
1723930 571
1723940 572
1723950 573
1723960 575
1723970 576
1723980 577
1723990 579
1724000 580
1724010 582
1724020 582
1724030 582
1724040 582
1724050 582
1724060 581
1724070 581
1724080 581
1724090 580
1724100 580
1724110 580
1724120 579
1724130 579
1724140 578
1724150 578
1724160 577
1724170 577
1724180 577
1724190 576
1724200 576
1724210 575
1724220 575
1724230 575
1724240 575
1724250 574
1724260 574
1724270 574
1724280 574
1724290 573
1724300 573
1724310 573
1724320 573
1724330 573
1724340 573
1724350 573
1724360 572
1724370 572
1724380 572
1724390 572
1724400 573
1724410 573
1724420 573
1724430 572
1724440 572
1724450 572
1724460 572
1724470 572
1724480 572
1724490 571
1724500 571
1724510 571
1724520 571
1724530 571
1724540 571
1724550 570
1724560 570
1724570 570
1724580 570
1724590 570
1724600 570
1724610 570
1724620 570
1724630 570
1724640 570
1724650 570
1724660 570
1724670 570
1724680 570
1724690 570
1724700 569
1724710 569
1724720 569
1724730 568
1724740 568
1724750 568
1724760 568
1724770 567
1724780 567
1724790 567
1724800 567
1724810 566
1724820 566
1724830 566
1724840 566
1724850 566
1724860 566
1724870 566
1724880 565
1724890 565
1724900 565
1724910 565
1724920 564
1724930 564
1724940 564
1724950 564
1724960 564
1724970 563
1724980 563
1724990 563
1725000 563
1725010 563
1725020 562
1725030 562
1725040 562
1725050 561
1725060 561
1725070 561
1725080 560
1725090 560
1725100 560
1725110 559
1725120 559
1725130 558
1725140 558
1725150 558
1725160 557
1725170 557
1725180 557
1725190 556
1725200 556
1725210 556
1725220 555
1725230 555
1725240 555
1725250 555
1725260 555
1725270 554
1725280 554
1725290 554
1725300 553
1725310 553
1725320 553
1725330 552
1725340 552
1725350 551
1725360 551
1725370 550
1725380 550
1725390 550
1725400 550
1725410 550
1725420 550
1725430 550
1725440 549
1725450 549
1725460 549
1725470 549
1725480 548
1725490 548
1725500 548
1725510 547
1725520 547
1725530 547
1725540 546
1725550 546
1725560 546
1725570 546
1725580 545
1725590 545
1725600 545
1725610 544
1725620 544
1725630 544
1725640 544
1725650 543
1725660 543
1725670 543
1725680 543
1725690 543
1725700 542
1725710 542
1725720 542
1725730 542
1725740 541
1725750 541
1725760 540
1725770 540
1725780 540
1725790 539
1725800 539
1725810 538
1725820 538
1725830 537
1725840 537
1725850 537
1725860 536
1725870 536
1725880 535
1725890 535
1725900 534
1725910 534
1725920 533
1725930 533
1725940 533
1725950 532
1725960 532
1725970 532
1725980 531
1725990 531
1726000 531
1726010 531
1726020 531
1726030 531
1726040 531
1726050 531
1726060 530
1726070 530
1726080 530
1726090 530
1726100 530
1726110 529
1726120 529
1726130 529
1726140 529
1726150 529
1726160 529
1726170 529
1726180 529
1726190 529
1726200 529
1726210 528
1726220 528
1726230 527
1726240 527
1726250 526
1726260 525
1726270 524
1726280 523
1726290 522
1726300 522
1726310 521
1726320 519
1726330 518
1726340 517
1726350 516
1726360 515
1726370 512
1726380 510
1726390 508
1726400 506
1726410 505
1726420 504
1726430 503
1726440 502
1726450 501
1726460 500
1726470 498
1726480 497
1726490 494
1726500 493
1726510 494
1726520 496
1726530 498
1726540 501
1726550 503
1726560 505
1726570 506
1726580 507
1726590 508
1726600 509
1726610 511
1726620 512
1726630 513
1726640 514
1726650 515
1726660 515
1726670 516
1726680 517
1726690 517
1726700 518
1726710 519
1726720 519
1726730 520
1726740 520
1726750 520
1726760 520
1726770 520
1726780 520
1726790 519
1726800 519
1726810 519
1726820 518
1726830 518
1726840 517
1726850 517
1726860 517
1726870 516
1726880 515
1726890 515
1726900 514
1726910 513
1726920 513
1726930 512
1726940 511
1726950 511
1726960 510
1726970 509
1726980 508
1726990 508
1727000 507
1727010 507
1727020 506
1727030 505
1727040 504
1727050 504
1727060 503
1727070 502
1727080 502
1727090 501
1727100 501
1727110 501
1727120 500
1727130 500
1727140 500
1727150 499
1727160 499
1727170 498
1727180 497
1727190 496
1727200 495
1727210 494
1727220 493
1727230 491
1727240 490
1727250 488
1727260 487
1727270 485
1727280 483
1727290 481
1727300 479
1727310 477
1727320 475
1727330 473
1727340 471
1727350 468
1727360 466
1727370 463
1727380 461
1727390 458
1727400 456
1727410 453
1727420 451
1727430 449
1727440 447
1727450 446
1727460 445
1727470 444
1727480 442
1727490 441
1727500 438
1727510 436
1727520 434
1727530 434
1727540 436
1727550 439
1727560 442
1727570 444
1727580 446
1727590 447
1727600 447
1727610 447
1727620 446
1727630 445
1727640 444
1727650 444
1727660 444
1727670 444
1727680 445
1727690 445
1727700 445
1727710 445
1727720 445
1727730 445
1727740 445
1727750 445
1727760 446
1727770 447
1727780 447
1727790 448
1727800 448
1727810 449
1727820 449
1727830 449
1727840 450
1727850 450
1727860 450
1727870 450
1727880 451
1727890 451
1727900 451
1727910 452
1727920 453
1727930 453
1727940 454
1727950 455
1727960 456
1727970 457
1727980 458
1727990 458
1728000 459
1728010 459
1728020 459
1728030 459
1728040 459
1728050 458
1728060 458
1728070 457
1728080 457
1728090 456
1728100 455
1728110 455
1728120 454
1728130 453
1728140 453
1728150 452
1728160 451
1728170 450
1728180 449
1728190 448
1728200 447
1728210 447
1728220 446
1728230 446
1728240 445
1728250 444
1728260 443
1728270 443
1728280 442
1728290 441
1728300 440
1728310 439
1728320 438
1728330 437
1728340 436
1728350 435
1728360 434
1728370 433
1728380 433
1728390 432
1728400 431
1728410 430
1728420 430
1728430 429
1728440 428
1728450 427
1728460 426
1728470 426
1728480 425
1728490 424
1728500 423
1728510 422
1728520 422
1728530 421
1728540 421
1728550 420
1728560 419
1728570 418
1728580 417
1728590 416
1728600 415
1728610 413
1728620 411
1728630 409
1728640 406
1728650 403
1728660 400
1728670 399
1728680 398
1728690 397
1728700 397
1728710 397
1728720 396
1728730 397
1728740 397
1728750 398
1728760 400
1728770 403
1728780 406
1728790 410
1728800 413
1728810 416
1728820 418
1728830 421
1728840 424
1728850 427
1728860 430
1728870 433
1728880 436
1728890 438
1728900 440
1728910 441
1728920 443
1728930 444
1728940 446
1728950 447
1728960 447
1728970 449
1728980 450
1728990 450
1729000 451
1729010 452
1729020 453
1729030 453
1729040 454
1729050 455
1729060 455
1729070 455
1729080 456
1729090 456
1729100 457
1729110 457
1729120 457
1729130 457
1729140 458
1729150 458
1729160 458
1729170 458
1729180 458
1729190 458
1729200 457
1729210 457
1729220 457
1729230 456
1729240 456
1729250 455
1729260 455
1729270 454
1729280 454
1729290 453
1729300 452
1729310 451
1729320 451
1729330 450
1729340 449
1729350 449
1729360 448
1729370 448
1729380 447
1729390 447
1729400 446
1729410 446
1729420 446
1729430 445
1729440 445
1729450 444
1729460 443
1729470 443
1729480 442
1729490 441
1729500 440
1729510 439
1729520 438
1729530 436
1729540 435
1729550 434
1729560 433
1729570 433
1729580 432
1729590 431
1729600 431
1729610 430
1729620 429
1729630 429
1729640 428
1729650 428
1729660 428
1729670 427
1729680 427
1729690 427
1729700 426
1729710 426
1729720 426
1729730 425
1729740 425
1729750 425
1729760 425
1729770 424
1729780 424
1729790 424
1729800 424
1729810 424
1729820 424
1729830 424
1729840 424
1729850 424
1729860 424
1729870 424
1729880 424
1729890 425
1729900 425
1729910 425
1729920 425
1729930 426
1729940 426
1729950 426
1729960 426
1729970 426
1729980 426
1729990 426
1730000 426
1730010 426
1730020 425
1730030 425
1730040 425
1730050 425
1730060 424
1730070 424
1730080 423
1730090 423
1730100 422
1730110 422
1730120 421
1730130 421
1730140 420
1730150 419
1730160 419
1730170 418
1730180 417
1730190 416
1730200 415
1730210 415
1730220 414
1730230 413
1730240 412
1730250 412
1730260 411
1730270 410
1730280 409
1730290 408
1730300 407
1730310 406
1730320 405
1730330 403
1730340 401
1730350 399
1730360 396
1730370 393
1730380 390
1730390 387
1730400 384
1730410 381
1730420 379
1730430 376
1730440 373
1730450 372
1730460 373
1730470 373
1730480 375
1730490 377
1730500 382
1730510 386
1730520 391
1730530 394
1730540 397
1730550 400
1730560 402
1730570 403
1730580 404
1730590 405
1730600 405
1730610 406
1730620 406
1730630 406
1730640 407
1730650 407
1730660 407
1730670 408
1730680 408
1730690 408
1730700 408
1730710 408
1730720 408
1730730 408
1730740 408
1730750 408
1730760 408
1730770 408
1730780 408
1730790 408
1730800 409
1730810 409
1730820 410
1730830 410
1730840 410
1730850 411
1730860 411
1730870 412
1730880 413
1730890 413
1730900 414
1730910 415
1730920 415
1730930 416
1730940 416
1730950 417
1730960 417
1730970 418
1730980 418
1730990 419
1731000 419
1731010 420
1731020 420
1731030 421
1731040 421
1731050 422
1731060 422
1731070 423
1731080 424
1731090 424
1731100 425
1731110 426
1731120 426
1731130 427
1731140 427
1731150 428
1731160 429
1731170 429
1731180 430
1731190 430
1731200 431
1731210 431
1731220 431
1731230 431
1731240 431
1731250 431
1731260 430
1731270 430
1731280 430
1731290 429
1731300 429
1731310 429
1731320 429
1731330 428
1731340 428
1731350 428
1731360 427
1731370 427
1731380 426
1731390 426
1731400 425
1731410 425
1731420 424
1731430 424
1731440 423
1731450 422
1731460 422
1731470 421
1731480 420
1731490 420
1731500 419
1731510 418
1731520 418
1731530 417
1731540 416
1731550 415
1731560 415
1731570 414
1731580 413
1731590 413
1731600 412
1731610 412
1731620 412
1731630 411
1731640 411
1731650 410
1731660 410
1731670 409
1731680 409
1731690 408
1731700 408
1731710 408
1731720 407
1731730 407
1731740 406
1731750 406
1731760 406
1731770 405
1731780 405
1731790 404
1731800 404
1731810 403
1731820 403
1731830 403
1731840 403
1731850 402
1731860 402
1731870 401
1731880 401
1731890 401
1731900 400
1731910 400
1731920 399
1731930 399
1731940 399
1731950 399
1731960 399
1731970 399
1731980 399
1731990 398
1732000 398
1732010 398
1732020 398
1732030 398
1732040 397
1732050 397
1732060 397
1732070 397
1732080 396
1732090 396
1732100 396
1732110 395
1732120 395
1732130 395
1732140 394
1732150 394
1732160 394
1732170 394
1732180 393
1732190 393
1732200 392
1732210 392
1732220 391
1732230 391
1732240 390
1732250 389
1732260 389
1732270 388
1732280 387
1732290 387
1732300 386
1732310 385
1732320 385
1732330 384
1732340 384
1732350 384
1732360 383
1732370 383
1732380 382
1732390 382
1732400 381
1732410 381
1732420 381
1732430 381
1732440 381
1732450 380
1732460 380
1732470 379
1732480 379
1732490 379
1732500 379
1732510 378
1732520 378
1732530 377
1732540 376
1732550 376
1732560 376
1732570 376
1732580 376
1732590 376
1732600 376
1732610 376
1732620 376
1732630 376
1732640 376
1732650 376
1732660 376
1732670 376
1732680 376
1732690 376
1732700 375
1732710 375
1732720 375
1732730 374
1732740 374
1732750 373
1732760 373
1732770 373
1732780 373
1732790 373
1732800 373
1732810 372
1732820 372
1732830 372
1732840 372
1732850 372
1732860 371
1732870 371
1732880 371
1732890 370
1732900 370
1732910 370
1732920 370
1732930 369
1732940 369
1732950 369
1732960 369
1732970 368
1732980 367
1732990 367
1733000 366
1733010 366
1733020 365
1733030 365
1733040 365
1733050 365
1733060 364
1733070 364
1733080 363
1733090 363
1733100 363
1733110 363
1733120 362
1733130 362
1733140 362
1733150 362
1733160 361
1733170 361
1733180 361
1733190 361
1733200 360
1733210 360
1733220 360
1733230 360
1733240 360
1733250 360
1733260 359
1733270 359
1733280 358
1733290 358
1733300 358
1733310 358
1733320 358
1733330 357
1733340 357
1733350 357
1733360 357
1733370 357
1733380 356
1733390 356
1733400 356
1733410 356
1733420 356
1733430 355
1733440 355
1733450 355
1733460 355
1733470 355
1733480 355
1733490 355
1733500 355
1733510 354
1733520 354
1733530 354
1733540 354
1733550 354
1733560 354
1733570 354
1733580 353
1733590 353
1733600 353
1733610 353
1733620 353
1733630 353
1733640 353
1733650 352
1733660 352
1733670 352
1733680 352
1733690 352
1733700 352
1733710 352
1733720 351
1733730 351
1733740 351
1733750 351
1733760 351
1733770 351
1733780 350
1733790 350
1733800 350
1733810 350
1733820 350
1733830 350
1733840 349
1733850 349
1733860 349
1733870 349
1733880 349
1733890 349
1733900 348
1733910 348
1733920 348
1733930 348
1733940 347
1733950 347
1733960 347
1733970 347
1733980 346
1733990 346
1734000 346
1734010 346
1734020 345
1734030 345
1734040 345
1734050 345
1734060 345
1734070 345
1734080 344
1734090 344
1734100 344
1734110 344
1734120 344
1734130 344
1734140 343
1734150 343
1734160 343
1734170 343
1734180 343
1734190 343
1734200 342
1734210 342
1734220 342
1734230 342
1734240 342
1734250 341
1734260 341
1734270 341
1734280 341
1734290 341
1734300 340
1734310 340
1734320 340
1734330 340
1734340 340
1734350 340
1734360 340
1734370 339
1734380 339
1734390 339
1734400 339
1734410 339
1734420 339
1734430 339
1734440 339
1734450 339
1734460 339
1734470 338
1734480 338
1734490 338
1734500 338
1734510 338
1734520 338
1734530 338
1734540 339
1734550 339
1734560 339
1734570 339
1734580 339
1734590 339
1734600 340
1734610 340
1734620 340
1734630 340
1734640 340
1734650 340
1734660 339
1734670 339
1734680 339
1734690 339
1734700 339
1734710 339
1734720 339
1734730 339
1734740 339
1734750 339
1734760 339
1734770 339
1734780 339
1734790 339
1734800 339
1734810 339
1734820 339
1734830 339
1734840 340
1734850 340
1734860 340
1734870 340
1734880 340
1734890 340
1734900 340
1734910 340
1734920 341
1734930 341
1734940 341
1734950 342
1734960 342
1734970 342
1734980 343
1734990 343
1735000 343
1735010 343
1735020 343
1735030 343
1735040 344
1735050 344
1735060 344
1735070 344
1735080 344
1735090 344
1735100 344
1735110 344
1735120 344
1735130 344
1735140 344
1735150 344
1735160 344
1735170 344
1735180 345
1735190 345
1735200 345
1735210 344
1735220 344
1735230 344
1735240 343
1735250 343
1735260 343
1735270 344
1735280 344
1735290 344
1735300 344
1735310 344
1735320 344
1735330 344
1735340 344
1735350 345
1735360 345
1735370 345
1735380 345
1735390 345
1735400 345
1735410 345
1735420 345
1735430 346
1735440 346
1735450 346
1735460 346
1735470 347
1735480 347
1735490 347
1735500 347
1735510 347
1735520 348
1735530 349
1735540 350
1735550 350
1735560 351
1735570 351
1735580 350
1735590 350
1735600 350
1735610 349
1735620 349
1735630 349
1735640 349
1735650 348
1735660 348
1735670 347
1735680 347
1735690 347
1735700 347
1735710 347
1735720 345
1735730 344
1735740 343
1735750 342
1735760 341
1735770 341
1735780 340
1735790 340
1735800 339
1735810 339
1735820 339
1735830 338
1735840 338
1735850 338
1735860 338
1735870 338
1735880 338
1735890 338
1735900 337
1735910 337
1735920 337
1735930 337
1735940 338
1735950 338
1735960 338
1735970 338
1735980 338
1735990 338
1736000 338
1736010 338
1736020 339
1736030 339
1736040 339
1736050 339
1736060 339
1736070 339
1736080 339
1736090 339
1736100 339
1736110 339
1736120 340
1736130 340
1736140 340
1736150 341
1736160 341
1736170 341
1736180 342
1736190 342
1736200 342
1736210 342
1736220 342
1736230 342
1736240 342
1736250 342
1736260 342
1736270 342
1736280 343
1736290 343
1736300 343
1736310 343
1736320 343
1736330 343
1736340 344
1736350 344
1736360 344
1736370 344
1736380 344
1736390 344
1736400 344
1736410 344
1736420 345
1736430 345
1736440 345
1736450 346
1736460 346
1736470 346
1736480 346
1736490 347
1736500 347
1736510 346
1736520 346
1736530 346
1736540 346
1736550 346
1736560 346
1736570 346
1736580 345
1736590 342
1736600 341
1736610 340
1736620 343
1736630 344
1736640 345
1736650 345
1736660 345
1736670 345
1736680 345
1736690 345
1736700 345
1736710 345
1736720 345
1736730 345
1736740 345
1736750 345
1736760 345
1736770 346
1736780 346
1736790 346
1736800 346
1736810 346
1736820 346
1736830 346
1736840 347
1736850 347
1736860 347
1736870 347
1736880 347
1736890 348
1736900 348
1736910 348
1736920 348
1736930 348
1736940 349
1736950 349
1736960 349
1736970 349
1736980 349
1736990 349
1737000 351
1737010 351
1737020 352
1737030 353
1737040 353
1737050 354
1737060 354
1737070 355
1737080 355
1737090 355
1737100 356
1737110 356
1737120 356
1737130 356
1737140 357
1737150 357
1737160 357
1737170 357
1737180 357
1737190 358
1737200 358
1737210 358
1737220 358
1737230 358
1737240 358
1737250 359
1737260 359
1737270 360
1737280 360
1737290 360
1737300 360
1737310 360
1737320 360
1737330 360
1737340 360
1737350 360
1737360 360
1737370 360
1737380 359
1737390 359
1737400 359
1737410 359
1737420 359
1737430 358
1737440 358
1737450 358
1737460 357
1737470 357
1737480 357
1737490 356
1737500 355
1737510 355
1737520 354
1737530 354
1737540 353
1737550 353
1737560 352
1737570 352
1737580 350
1737590 349
1737600 348
1737610 347
1737620 346
1737630 345
1737640 345
1737650 344
1737660 344
1737670 343
1737680 342
1737690 342
1737700 341
1737710 341
1737720 340
1737730 340
1737740 339
1737750 339
1737760 339
1737770 338
1737780 338
1737790 337
1737800 337
1737810 336
1737820 336
1737830 335
1737840 335
1737850 335
1737860 335
1737870 334
1737880 334
1737890 334
1737900 334
1737910 333
1737920 333
1737930 333
1737940 332
1737950 332
1737960 332
1737970 331
1737980 331
1737990 330
1738000 330
1738010 330
1738020 329
1738030 329
1738040 329
1738050 328
1738060 328
1738070 327
1738080 327
1738090 327
1738100 326
1738110 326
1738120 326
1738130 326
1738140 325
1738150 325
1738160 325
1738170 325
1738180 324
1738190 324
1738200 324
1738210 324
1738220 324
1738230 323
1738240 323
1738250 323
1738260 323
1738270 323
1738280 322
1738290 322
1738300 322
1738310 321
1738320 321
1738330 320
1738340 320
1738350 320
1738360 319
1738370 319
1738380 319
1738390 319
1738400 318
1738410 318
1738420 317
1738430 317
1738440 317
1738450 316
1738460 316
1738470 316
1738480 316
1738490 316
1738500 315
1738510 315
1738520 315
1738530 315
1738540 314
1738550 314
1738560 313
1738570 313
1738580 312
1738590 312
1738600 312
1738610 312
1738620 311
1738630 311
1738640 310
1738650 310
1738660 309
1738670 309
1738680 308
1738690 308
1738700 308
1738710 307
1738720 307
1738730 306
1738740 306
1738750 306
1738760 305
1738770 305
1738780 305
1738790 304
1738800 304
1738810 304
1738820 303
1738830 303
1738840 302
1738850 302
1738860 302
1738870 301
1738880 301
1738890 301
1738900 300
1738910 300
1738920 300
1738930 300
1738940 299
1738950 299
1738960 299
1738970 299
1738980 298
1738990 298
1739000 298
1739010 298
1739020 297
1739030 297
1739040 297
1739050 296
1739060 296
1739070 296
1739080 296
1739090 295
1739100 295
1739110 295
1739120 295
1739130 295
1739140 295
1739150 295
1739160 295
1739170 294
1739180 294
1739190 294
1739200 293
1739210 293
1739220 292
1739230 292
1739240 291
1739250 291
1739260 291
1739270 290
1739280 290
1739290 290
1739300 289
1739310 289
1739320 289
1739330 289
1739340 288
1739350 288
1739360 288
1739370 288
1739380 288
1739390 287
1739400 287
1739410 287
1739420 287
1739430 287
1739440 287
1739450 287
1739460 286
1739470 286
1739480 286
1739490 286
1739500 286
1739510 285
1739520 285
1739530 285
1739540 285
1739550 285
1739560 285
1739570 285
1739580 285
1739590 285
1739600 285
1739610 284
1739620 284
1739630 284
1739640 284
1739650 284
1739660 284
1739670 284
1739680 284
1739690 284
1739700 284
1739710 283
1739720 283
1739730 283
1739740 283
1739750 283
1739760 283
1739770 283
1739780 283
1739790 283
1739800 283
1739810 283
1739820 283
1739830 283
1739840 282
1739850 282
1739860 282
1739870 282
1739880 282
1739890 282
1739900 282
1739910 282
1739920 282
1739930 282
1739940 282
1739950 282
1739960 282
1739970 282
1739980 282
1739990 282
