1720000 468
1720010 470
1720020 472
1720030 474
1720040 476
1720050 478
1720060 481
1720070 483
1720080 485
1720090 487
1720100 489
1720110 491
1720120 492
1720130 493
1720140 494
1720150 495
1720160 495
1720170 496
1720180 497
1720190 498
1720200 499
1720210 500
1720220 501
1720230 502
1720240 503
1720250 504
1720260 506
1720270 507
1720280 508
1720290 509
1720300 510
1720310 510
1720320 511
1720330 512
1720340 513
1720350 514
1720360 515
1720370 517
1720380 518
1720390 519
1720400 520
1720410 521
1720420 521
1720430 522
1720440 523
1720450 523
1720460 524
1720470 525
1720480 526
1720490 526
1720500 527
1720510 528
1720520 528
1720530 529
1720540 529
1720550 529
1720560 529
1720570 529
1720580 529
1720590 530
1720600 530
1720610 530
1720620 530
1720630 530
1720640 531
1720650 531
1720660 531
1720670 532
1720680 532
1720690 532
1720700 532
1720710 532
1720720 531
1720730 531
1720740 531
1720750 531
1720760 530
1720770 530
1720780 530
1720790 529
1720800 529
1720810 528
1720820 528
1720830 528
1720840 527
1720850 527
1720860 526
1720870 526
1720880 525
1720890 524
1720900 524
1720910 523
1720920 522
1720930 522
1720940 521
1720950 520
1720960 520
1720970 519
1720980 518
1720990 517
1721000 516
1721010 515
1721020 514
1721030 513
1721040 512
1721050 511
1721060 510
1721070 509
1721080 507
1721090 505
1721100 503
1721110 501
1721120 499
1721130 497
1721140 495
1721150 494
1721160 492
1721170 490
1721180 489
1721190 488
1721200 486
1721210 485
1721220 483
1721230 482
1721240 481
1721250 481
1721260 480
1721270 480
1721280 479
1721290 479
1721300 478
1721310 478
1721320 477
1721330 476
1721340 476
1721350 475
1721360 474
1721370 473
1721380 471
1721390 470
1721400 469
1721410 468
1721420 467
1721430 466
1721440 465
1721450 464
1721460 462
1721470 460
1721480 459
1721490 459
1721500 459
1721510 459
1721520 459
1721530 459
1721540 459
1721550 459
1721560 459
1721570 459
1721580 460
1721590 460
1721600 460
1721610 461
1721620 462
1721630 463
1721640 464
1721650 465
1721660 466
1721670 468
1721680 469
1721690 471
1721700 472
1721710 473
1721720 475
1721730 477
1721740 480
1721750 482
1721760 485
1721770 488
1721780 491
1721790 493
1721800 493
1721810 492
1721820 491
1721830 489
1721840 487
1721850 486
1721860 485
1721870 484
1721880 483
1721890 482
1721900 481
1721910 480
1721920 480
1721930 479
1721940 479
1721950 479
1721960 479
1721970 479
1721980 480
1721990 480
1722000 481
1722010 483
1722020 485
1722030 487
1722040 488
1722050 490
1722060 491
1722070 493
1722080 494
1722090 496
1722100 498
1722110 499
1722120 501
1722130 502
1722140 503
1722150 504
1722160 505
1722170 506
1722180 507
1722190 508
1722200 509
1722210 509
1722220 510
1722230 510
1722240 511
1722250 511
1722260 511
1722270 511
1722280 512
1722290 512
1722300 512
1722310 511
1722320 511
1722330 511
1722340 511
1722350 511
1722360 510
1722370 510
1722380 509
1722390 509
1722400 509
1722410 508
1722420 508
1722430 507
1722440 507
1722450 506
1722460 506
1722470 505
1722480 505
1722490 505
1722500 505
1722510 504
1722520 504
1722530 504
1722540 504
1722550 503
1722560 503
1722570 502
1722580 501
1722590 501
1722600 502
1722610 502
1722620 503
1722630 504
1722640 504
1722650 505
1722660 507
1722670 508
1722680 510
1722690 511
1722700 512
1722710 513
1722720 514
1722730 516
1722740 517
1722750 518
1722760 519
1722770 519
1722780 520
1722790 521
1722800 522
1722810 523
1722820 524
1722830 525
1722840 526
1722850 527
1722860 528
1722870 529
1722880 530
1722890 531
1722900 532
1722910 532
1722920 533
1722930 533
1722940 533
1722950 533
1722960 533
1722970 533
1722980 534
1722990 534
1723000 535
1723010 535
1723020 535
1723030 536
1723040 536
1723050 536
1723060 537
1723070 537
1723080 538
1723090 538
1723100 538
1723110 539
1723120 539
1723130 540
1723140 540
1723150 540
1723160 541
1723170 541
1723180 542
1723190 542
1723200 542
1723210 542
1723220 543
1723230 543
1723240 544
1723250 544
1723260 545
1723270 545
1723280 545
1723290 545
1723300 545
1723310 546
1723320 546
1723330 546
1723340 547
1723350 548
1723360 548
1723370 549
1723380 550
1723390 550
1723400 550
1723410 551
1723420 551
1723430 552
1723440 552
1723450 552
1723460 553
1723470 553
1723480 553
1723490 553
1723500 554
1723510 554
1723520 554
1723530 554
1723540 554
1723550 554
1723560 554
1723570 554
1723580 554
1723590 554
1723600 555
1723610 555
1723620 555
1723630 555
1723640 555
1723650 555
1723660 555
1723670 556
1723680 556
1723690 557
1723700 557
1723710 557
1723720 558
1723730 558
1723740 559
1723750 559
1723760 560
1723770 560
1723780 561
1723790 561
1723800 562
1723810 562
1723820 563
1723830 563
1723840 564
1723850 565
1723860 565
1723870 566
1723880 566
1723890 567
1723900 568
1723910 568
1723920 569
1723930 570
1723940 572
1723950 573
1723960 575
1723970 576
1723980 578
1723990 579
1724000 580
1724010 580
1724020 579
1724030 579
1724040 579
1724050 579
1724060 579
1724070 578
1724080 578
1724090 578
1724100 578
1724110 577
1724120 577
1724130 577
1724140 577
1724150 577
1724160 577
1724170 576
1724180 576
1724190 576
1724200 575
1724210 575
1724220 575
1724230 574
1724240 574
1724250 574
1724260 574
1724270 574
1724280 573
1724290 573
1724300 573
1724310 572
1724320 572
1724330 572
1724340 572
1724350 572
1724360 571
1724370 571
1724380 571
1724390 571
1724400 571
1724410 571
1724420 571
1724430 571
1724440 571
1724450 571
1724460 571
1724470 571
1724480 570
1724490 570
1724500 570
1724510 570
1724520 570
1724530 570
1724540 570
1724550 569
1724560 569
1724570 569
1724580 569
1724590 569
1724600 569
1724610 569
1724620 569
1724630 569
1724640 569
1724650 569
1724660 568
1724670 568
1724680 568
1724690 568
1724700 568
1724710 568
1724720 567
1724730 567
1724740 567
1724750 567
1724760 567
1724770 566
1724780 566
1724790 566
1724800 565
1724810 565
1724820 565
1724830 564
1724840 564
1724850 564
1724860 564
1724870 564
1724880 563
1724890 563
1724900 563
1724910 563
1724920 562
1724930 562
1724940 562
1724950 562
1724960 561
1724970 561
1724980 561
1724990 561
1725000 561
1725010 561
1725020 560
1725030 560
1725040 559
1725050 559
1725060 559
1725070 558
1725080 558
1725090 558
1725100 557
1725110 557
1725120 556
1725130 556
1725140 555
1725150 555
1725160 555
1725170 554
1725180 554
1725190 554
1725200 554
1725210 553
1725220 553
1725230 553
1725240 552
1725250 552
1725260 552
1725270 552
1725280 551
1725290 551
1725300 551
1725310 550
1725320 549
1725330 548
1725340 548
1725350 547
1725360 547
1725370 546
1725380 546
1725390 546
1725400 547
1725410 547
1725420 547
1725430 547
1725440 547
1725450 547
1725460 547
1725470 547
1725480 547
1725490 547
1725500 546
1725510 546
1725520 545
1725530 545
1725540 544
1725550 544
1725560 543
1725570 543
1725580 543
1725590 543
1725600 543
1725610 543
1725620 542
1725630 542
1725640 542
1725650 542
1725660 542
1725670 541
1725680 541
1725690 541
1725700 541
1725710 541
1725720 541
1725730 541
1725740 540
1725750 540
1725760 539
1725770 539
1725780 539
1725790 538
1725800 538
1725810 538
1725820 537
1725830 537
1725840 537
1725850 537
1725860 536
1725870 536
1725880 536
1725890 535
1725900 535
1725910 534
1725920 534
1725930 533
1725940 533
1725950 533
1725960 533
1725970 533
1725980 533
1725990 533
1726000 533
1726010 533
1726020 533
1726030 533
1726040 533
1726050 533
1726060 533
1726070 533
1726080 533
1726090 533
1726100 533
1726110 533
1726120 533
1726130 533
1726140 533
1726150 533
1726160 534
1726170 534
1726180 534
1726190 533
1726200 533
1726210 532
1726220 531
1726230 530
1726240 529
1726250 528
1726260 527
1726270 526
1726280 524
1726290 522
1726300 519
1726310 517
1726320 514
1726330 513
1726340 512
1726350 510
1726360 509
1726370 508
1726380 507
1726390 506
1726400 505
1726410 504
1726420 503
1726430 500
1726440 498
1726450 497
1726460 497
1726470 497
1726480 498
1726490 499
1726500 501
1726510 503
1726520 506
1726530 508
1726540 511
1726550 513
1726560 514
1726570 516
1726580 517
1726590 518
1726600 519
1726610 520
1726620 520
1726630 520
1726640 521
1726650 521
1726660 521
1726670 521
1726680 521
1726690 522
1726700 522
1726710 522
1726720 522
1726730 523
1726740 523
1726750 523
1726760 523
1726770 523
1726780 523
1726790 522
1726800 522
1726810 521
1726820 520
1726830 520
1726840 519
1726850 518
1726860 518
1726870 517
1726880 515
1726890 514
1726900 513
1726910 512
1726920 511
1726930 510
1726940 509
1726950 508
1726960 507
1726970 506
1726980 505
1726990 505
1727000 504
1727010 503
1727020 502
1727030 501
1727040 500
1727050 499
1727060 498
1727070 497
1727080 496
1727090 496
1727100 495
1727110 494
1727120 494
1727130 494
1727140 493
1727150 492
1727160 492
1727170 491
1727180 490
1727190 489
1727200 487
1727210 486
1727220 484
1727230 483
1727240 482
1727250 481
1727260 479
1727270 478
1727280 477
1727290 475
1727300 473
1727310 472
1727320 470
1727330 468
1727340 466
1727350 464
1727360 462
1727370 460
1727380 458
1727390 456
1727400 454
1727410 452
1727420 450
1727430 448
1727440 446
1727450 445
1727460 443
1727470 442
1727480 441
1727490 440
1727500 438
1727510 437
1727520 436
1727530 437
1727540 439
1727550 442
1727560 444
1727570 446
1727580 449
1727590 450
1727600 451
1727610 452
1727620 453
1727630 453
1727640 454
1727650 454
1727660 455
1727670 455
1727680 456
1727690 456
1727700 457
1727710 457
1727720 457
1727730 457
1727740 457
1727750 458
1727760 458
1727770 458
1727780 458
1727790 458
1727800 458
1727810 459
1727820 459
1727830 459
1727840 459
1727850 459
1727860 459
1727870 458
1727880 458
1727890 458
1727900 457
1727910 457
1727920 457
1727930 457
1727940 457
1727950 457
1727960 456
1727970 456
1727980 456
1727990 456
1728000 456
1728010 455
1728020 455
1728030 455
1728040 455
1728050 454
1728060 454
1728070 454
1728080 454
1728090 453
1728100 453
1728110 453
1728120 452
1728130 452
1728140 452
1728150 451
1728160 451
1728170 450
1728180 450
1728190 450
1728200 449
1728210 449
1728220 449
1728230 448
1728240 448
1728250 448
1728260 448
1728270 447
1728280 447
1728290 446
1728300 445
1728310 444
1728320 443
1728330 442
1728340 441
1728350 440
1728360 439
1728370 439
1728380 438
1728390 437
1728400 437
1728410 436
1728420 435
1728430 435
1728440 434
1728450 434
1728460 433
1728470 432
1728480 432
1728490 431
1728500 431
1728510 430
1728520 430
1728530 430
1728540 429
1728550 429
1728560 428
1728570 427
1728580 426
1728590 425
1728600 423
1728610 421
1728620 419
1728630 417
1728640 414
1728650 411
1728660 408
1728670 405
1728680 402
1728690 400
1728700 399
1728710 399
1728720 398
1728730 398
1728740 398
1728750 398
1728760 398
1728770 399
1728780 399
1728790 401
1728800 403
1728810 405
1728820 407
1728830 410
1728840 413
1728850 416
1728860 419
1728870 422
1728880 425
1728890 428
1728900 431
1728910 434
1728920 436
1728930 439
1728940 441
1728950 443
1728960 445
1728970 446
1728980 447
1728990 449
1729000 450
1729010 451
1729020 452
1729030 453
1729040 454
1729050 454
1729060 455
1729070 455
1729080 456
1729090 456
1729100 456
1729110 457
1729120 457
1729130 457
1729140 457
1729150 457
1729160 457
1729170 457
1729180 457
1729190 457
1729200 457
1729210 457
1729220 456
1729230 456
1729240 455
1729250 455
1729260 455
1729270 455
1729280 455
1729290 454
1729300 454
1729310 454
1729320 453
1729330 453
1729340 452
1729350 452
1729360 451
1729370 451
1729380 450
1729390 450
1729400 449
1729410 449
1729420 448
1729430 448
1729440 447
1729450 447
1729460 446
1729470 446
1729480 445
1729490 444
1729500 443
1729510 442
1729520 441
1729530 440
1729540 440
1729550 439
1729560 438
1729570 437
1729580 436
1729590 435
1729600 435
1729610 435
1729620 434
1729630 434
1729640 434
1729650 434
1729660 433
1729670 433
1729680 432
1729690 432
1729700 432
1729710 431
1729720 431
1729730 431
1729740 430
1729750 430
1729760 430
1729770 430
1729780 430
1729790 429
1729800 429
1729810 429
1729820 429
1729830 429
1729840 429
1729850 429
1729860 429
1729870 429
1729880 429
1729890 429
1729900 429
1729910 429
1729920 429
1729930 429
1729940 429
1729950 429
1729960 429
1729970 429
1729980 428
1729990 428
1730000 428
1730010 428
1730020 428
1730030 428
1730040 427
1730050 427
1730060 427
1730070 427
1730080 427
1730090 426
1730100 426
1730110 425
1730120 425
1730130 424
1730140 423
1730150 422
1730160 421
1730170 420
1730180 419
1730190 418
1730200 417
1730210 417
1730220 416
1730230 415
1730240 414
1730250 413
1730260 413
1730270 412
1730280 411
1730290 410
1730300 409
1730310 408
1730320 407
1730330 405
1730340 403
1730350 401
1730360 399
1730370 396
1730380 394
1730390 390
1730400 387
1730410 383
1730420 381
1730430 379
1730440 377
1730450 376
1730460 374
1730470 374
1730480 374
1730490 374
1730500 375
1730510 377
1730520 380
1730530 383
1730540 387
1730550 389
1730560 392
1730570 394
1730580 397
1730590 398
1730600 400
1730610 402
1730620 403
1730630 405
1730640 406
1730650 406
1730660 407
1730670 408
1730680 408
1730690 409
1730700 409
1730710 410
1730720 410
1730730 410
1730740 411
1730750 411
1730760 411
1730770 411
1730780 412
1730790 412
1730800 412
1730810 412
1730820 412
1730830 412
1730840 412
1730850 413
1730860 413
1730870 414
1730880 414
1730890 414
1730900 415
1730910 415
1730920 416
1730930 416
1730940 417
1730950 418
1730960 418
1730970 418
1730980 419
1730990 419
1731000 420
1731010 420
1731020 421
1731030 421
1731040 422
1731050 422
1731060 422
1731070 423
1731080 424
1731090 424
1731100 424
1731110 425
1731120 425
1731130 426
1731140 426
1731150 427
1731160 427
1731170 428
1731180 428
1731190 429
1731200 429
1731210 429
1731220 430
1731230 430
1731240 430
1731250 430
1731260 430
1731270 430
1731280 429
1731290 429
1731300 429
1731310 429
1731320 429
1731330 428
1731340 428
1731350 428
1731360 428
1731370 427
1731380 427
1731390 426
1731400 426
1731410 425
1731420 425
1731430 424
1731440 424
1731450 423
1731460 423
1731470 422
1731480 421
1731490 421
1731500 420
1731510 419
1731520 418
1731530 417
1731540 417
1731550 416
1731560 415
1731570 415
1731580 414
1731590 414
1731600 414
1731610 413
1731620 413
1731630 412
1731640 411
1731650 411
1731660 410
1731670 410
1731680 409
1731690 409
1731700 408
1731710 408
1731720 407
1731730 407
1731740 406
1731750 406
1731760 406
1731770 405
1731780 405
1731790 404
1731800 404
1731810 404
1731820 403
1731830 403
1731840 403
1731850 402
1731860 401
1731870 401
1731880 401
1731890 400
1731900 400
1731910 400
1731920 400
1731930 399
1731940 399
1731950 399
1731960 399
1731970 398
1731980 398
1731990 397
1732000 397
1732010 397
1732020 396
1732030 396
1732040 395
1732050 395
1732060 394
1732070 394
1732080 394
1732090 394
1732100 393
1732110 393
1732120 393
1732130 392
1732140 392
1732150 392
1732160 391
1732170 391
1732180 391
1732190 390
1732200 390
1732210 390
1732220 389
1732230 389
1732240 388
1732250 387
1732260 387
1732270 386
1732280 386
1732290 385
1732300 385
1732310 384
1732320 384
1732330 383
1732340 383
1732350 382
1732360 382
1732370 381
1732380 380
1732390 380
1732400 379
1732410 379
1732420 379
1732430 379
1732440 379
1732450 379
1732460 378
1732470 377
1732480 377
1732490 377
1732500 377
1732510 377
1732520 377
1732530 376
1732540 376
1732550 376
1732560 376
1732570 376
1732580 376
1732590 376
1732600 376
1732610 376
1732620 376
1732630 376
1732640 376
1732650 376
1732660 376
1732670 376
1732680 376
1732690 376
1732700 376
1732710 375
1732720 375
1732730 375
1732740 375
1732750 375
1732760 375
1732770 374
1732780 374
1732790 373
1732800 373
1732810 373
1732820 373
1732830 372
1732840 372
1732850 372
1732860 372
1732870 372
1732880 371
1732890 371
1732900 371
1732910 371
1732920 370
1732930 370
1732940 369
1732950 368
1732960 368
1732970 368
1732980 368
1732990 367
1733000 366
1733010 366
1733020 366
1733030 366
1733040 366
1733050 366
1733060 365
1733070 365
1733080 364
1733090 364
1733100 363
1733110 363
1733120 362
1733130 362
1733140 362
1733150 362
1733160 362
1733170 362
1733180 361
1733190 361
1733200 361
1733210 361
1733220 360
1733230 360
1733240 360
1733250 360
1733260 360
1733270 359
1733280 359
1733290 359
1733300 359
1733310 359
1733320 359
1733330 358
1733340 358
1733350 358
1733360 358
1733370 357
1733380 357
1733390 357
1733400 357
1733410 357
1733420 356
1733430 356
1733440 356
1733450 356
1733460 356
1733470 355
1733480 355
1733490 355
1733500 355
1733510 355
1733520 355
1733530 354
1733540 354
1733550 354
1733560 354
1733570 354
1733580 354
1733590 353
1733600 353
1733610 353
1733620 353
1733630 353
1733640 352
1733650 352
1733660 352
1733670 352
1733680 352
1733690 352
1733700 351
1733710 351
1733720 351
1733730 351
1733740 351
1733750 351
1733760 350
1733770 350
1733780 350
1733790 350
1733800 350
1733810 350
1733820 349
1733830 349
1733840 349
1733850 349
1733860 348
1733870 348
1733880 348
1733890 347
1733900 347
1733910 347
1733920 347
1733930 347
1733940 346
1733950 346
1733960 346
1733970 345
1733980 345
1733990 345
1734000 345
1734010 345
1734020 344
1734030 344
1734040 344
1734050 344
1734060 344
1734070 343
1734080 343
1734090 343
1734100 343
1734110 343
1734120 343
1734130 343
1734140 343
1734150 343
1734160 342
1734170 342
1734180 342
1734190 342
1734200 342
1734210 342
1734220 342
1734230 342
1734240 341
1734250 341
1734260 341
1734270 341
1734280 341
1734290 341
1734300 341
1734310 341
1734320 340
1734330 340
1734340 340
1734350 340
1734360 340
1734370 340
1734380 340
1734390 340
1734400 340
1734410 340
1734420 340
1734430 340
1734440 340
1734450 340
1734460 340
1734470 340
1734480 340
1734490 340
1734500 340
1734510 340
1734520 340
1734530 340
1734540 340
1734550 340
1734560 340
1734570 340
1734580 340
1734590 341
1734600 341
1734610 341
1734620 341
1734630 340
1734640 340
1734650 340
1734660 340
1734670 340
1734680 340
1734690 340
1734700 340
1734710 340
1734720 340
1734730 340
1734740 340
1734750 340
1734760 340
1734770 340
1734780 340
1734790 340
1734800 341
1734810 341
1734820 341
1734830 342
1734840 342
1734850 342
1734860 343
1734870 343
1734880 343
1734890 343
1734900 343
1734910 344
1734920 344
1734930 344
1734940 345
1734950 345
1734960 345
1734970 345
1734980 346
1734990 346
1735000 346
1735010 347
1735020 347
1735030 347
1735040 347
1735050 348
1735060 348
1735070 348
1735080 348
1735090 348
1735100 348
1735110 348
1735120 348
1735130 348
1735140 349
1735150 349
1735160 349
1735170 349
1735180 348
1735190 348
1735200 348
1735210 348
1735220 348
1735230 348
1735240 348
1735250 348
1735260 348
1735270 348
1735280 348
1735290 348
1735300 348
1735310 348
1735320 348
1735330 347
1735340 347
1735350 347
1735360 346
1735370 346
1735380 346
1735390 346
1735400 346
1735410 346
1735420 346
1735430 346
1735440 346
1735450 347
1735460 347
1735470 347
1735480 347
1735490 347
1735500 347
1735510 347
1735520 347
1735530 348
1735540 348
1735550 348
1735560 349
1735570 349
1735580 350
1735590 350
1735600 350
1735610 350
1735620 350
1735630 350
1735640 349
1735650 349
1735660 349
1735670 348
1735680 348
1735690 348
1735700 348
1735710 348
1735720 347
1735730 347
1735740 345
1735750 344
1735760 344
1735770 343
1735780 343
1735790 343
1735800 342
1735810 342
1735820 342
1735830 342
1735840 342
1735850 342
1735860 341
1735870 341
1735880 341
1735890 341
1735900 341
1735910 341
1735920 341
1735930 341
1735940 341
1735950 341
1735960 342
1735970 342
1735980 343
1735990 343
1736000 343
1736010 344
1736020 344
1736030 344
1736040 344
1736050 344
1736060 344
1736070 344
1736080 344
1736090 345
1736100 345
1736110 345
1736120 345
1736130 345
1736140 345
1736150 345
1736160 346
1736170 346
1736180 346
1736190 346
1736200 346
1736210 346
1736220 346
1736230 346
1736240 346
1736250 346
1736260 346
1736270 346
1736280 346
1736290 347
1736300 347
1736310 347
1736320 347
1736330 347
1736340 347
1736350 347
1736360 347
1736370 347
1736380 348
1736390 348
1736400 348
1736410 348
1736420 348
1736430 348
1736440 348
1736450 348
1736460 349
1736470 349
1736480 349
1736490 349
1736500 349
1736510 349
1736520 349
1736530 348
1736540 348
1736550 348
1736560 348
1736570 347
1736580 346
1736590 347
1736600 348
1736610 348
1736620 348
1736630 349
1736640 349
1736650 349
1736660 349
1736670 349
1736680 349
1736690 349
1736700 349
1736710 349
1736720 350
1736730 350
1736740 350
1736750 350
1736760 350
1736770 350
1736780 350
1736790 351
1736800 351
1736810 351
1736820 351
1736830 352
1736840 352
1736850 352
1736860 353
1736870 353
1736880 353
1736890 354
1736900 354
1736910 354
1736920 354
1736930 354
1736940 355
1736950 355
1736960 355
1736970 355
1736980 356
1736990 356
1737000 357
1737010 357
1737020 357
1737030 358
1737040 358
1737050 358
1737060 359
1737070 359
1737080 359
1737090 360
1737100 360
1737110 360
1737120 360
1737130 361
1737140 361
1737150 361
1737160 361
1737170 362
1737180 362
1737190 362
1737200 362
1737210 362
1737220 362
1737230 362
1737240 362
1737250 362
1737260 362
1737270 362
1737280 362
1737290 362
1737300 363
1737310 363
1737320 363
1737330 362
1737340 362
1737350 362
1737360 361
1737370 361
1737380 361
1737390 361
1737400 361
1737410 360
1737420 360
1737430 360
1737440 360
1737450 359
1737460 359
1737470 358
1737480 358
1737490 357
1737500 357
1737510 356
1737520 355
1737530 355
1737540 354
1737550 354
1737560 353
1737570 352
1737580 351
1737590 351
1737600 350
1737610 349
1737620 348
1737630 348
1737640 347
1737650 346
1737660 345
1737670 344
1737680 343
1737690 342
1737700 341
1737710 340
1737720 339
1737730 338
1737740 338
1737750 337
1737760 336
1737770 336
1737780 335
1737790 334
1737800 334
1737810 333
1737820 332
1737830 331
1737840 331
1737850 330
1737860 330
1737870 329
1737880 329
1737890 329
1737900 328
1737910 328
1737920 328
1737930 327
1737940 327
1737950 327
1737960 327
1737970 326
1737980 326
1737990 326
1738000 326
1738010 325
1738020 325
1738030 325
1738040 324
1738050 324
1738060 324
1738070 323
1738080 323
1738090 323
1738100 322
1738110 322
1738120 322
1738130 321
1738140 321
1738150 321
1738160 321
1738170 321
1738180 320
1738190 320
1738200 320
1738210 320
1738220 320
1738230 320
1738240 319
1738250 319
1738260 319
1738270 319
1738280 319
1738290 319
1738300 319
1738310 319
1738320 319
1738330 319
1738340 319
1738350 319
1738360 318
1738370 318
1738380 318
1738390 318
1738400 318
1738410 317
1738420 317
1738430 317
1738440 316
1738450 316
1738460 316
1738470 315
1738480 315
1738490 315
1738500 314
1738510 314
1738520 314
1738530 313
1738540 313
1738550 313
1738560 312
1738570 312
1738580 313
1738590 312
1738600 312
1738610 311
1738620 311
1738630 310
1738640 310
1738650 310
1738660 309
1738670 309
1738680 308
1738690 308
1738700 307
1738710 307
1738720 307
1738730 306
1738740 306
1738750 306
1738760 305
1738770 305
1738780 304
1738790 304
1738800 304
1738810 304
1738820 303
1738830 303
1738840 302
1738850 302
1738860 302
1738870 301
1738880 301
1738890 301
1738900 301
1738910 300
1738920 300
1738930 300
1738940 299
1738950 299
1738960 299
1738970 299
1738980 298
1738990 298
1739000 298
1739010 298
1739020 298
1739030 297
1739040 297
1739050 297
1739060 297
1739070 297
1739080 296
1739090 296
1739100 296
1739110 296
1739120 296
1739130 296
1739140 295
1739150 295
1739160 295
1739170 295
1739180 294
1739190 294
1739200 294
1739210 293
1739220 293
1739230 292
1739240 292
1739250 292
1739260 291
1739270 291
1739280 291
1739290 290
1739300 290
1739310 290
1739320 289
1739330 289
1739340 289
1739350 289
1739360 289
1739370 288
1739380 288
1739390 288
1739400 288
1739410 288
1739420 288
1739430 288
1739440 288
1739450 288
1739460 287
1739470 287
1739480 287
1739490 286
1739500 286
1739510 286
1739520 286
1739530 286
1739540 286
1739550 285
1739560 285
1739570 285
1739580 285
1739590 285
1739600 285
1739610 285
1739620 285
1739630 285
1739640 285
1739650 285
1739660 285
1739670 284
1739680 284
1739690 284
1739700 284
1739710 284
1739720 284
1739730 284
1739740 284
1739750 284
1739760 283
1739770 283
1739780 283
1739790 283
1739800 283
1739810 283
1739820 283
1739830 283
1739840 283
1739850 283
1739860 283
1739870 283
1739880 283
1739890 283
1739900 283
1739910 282
1739920 282
1739930 282
1739940 282
1739950 282
1739960 282
1739970 282
1739980 282
1739990 282
