1720000 380
1720010 381
1720020 382
1720030 383
1720040 385
1720050 386
1720060 388
1720070 390
1720080 392
1720090 393
1720100 394
1720110 396
1720120 398
1720130 400
1720140 402
1720150 404
1720160 406
1720170 407
1720180 409
1720190 411
1720200 412
1720210 413
1720220 414
1720230 415
1720240 415
1720250 415
1720260 415
1720270 415
1720280 416
1720290 416
1720300 417
1720310 418
1720320 418
1720330 419
1720340 420
1720350 420
1720360 421
1720370 422
1720380 424
1720390 425
1720400 426
1720410 428
1720420 429
1720430 431
1720440 433
1720450 435
1720460 437
1720470 440
1720480 442
1720490 444
1720500 447
1720510 449
1720520 450
1720530 450
1720540 449
1720550 447
1720560 446
1720570 444
1720580 443
1720590 442
1720600 441
1720610 440
1720620 439
1720630 437
1720640 436
1720650 434
1720660 434
1720670 433
1720680 432
1720690 432
1720700 432
1720710 431
1720720 431
1720730 431
1720740 430
1720750 430
1720760 430
1720770 429
1720780 429
1720790 429
1720800 429
1720810 429
1720820 429
1720830 429
1720840 429
1720850 430
1720860 430
1720870 430
1720880 430
1720890 430
1720900 430
1720910 431
1720920 431
1720930 431
1720940 432
1720950 432
1720960 433
1720970 433
1720980 434
1720990 434
1721000 435
1721010 435
1721020 436
1721030 436
1721040 436
1721050 436
1721060 437
1721070 437
1721080 437
1721090 437
1721100 437
1721110 437
1721120 437
1721130 437
1721140 435
1721150 434
1721160 433
1721170 433
1721180 433
1721190 434
1721200 434
1721210 434
1721220 435
1721230 437
1721240 439
1721250 440
1721260 442
1721270 443
1721280 444
1721290 446
1721300 448
1721310 449
1721320 451
1721330 453
1721340 454
1721350 455
1721360 456
1721370 457
1721380 458
1721390 458
1721400 459
1721410 459
1721420 460
1721430 461
1721440 462
1721450 463
1721460 464
1721470 465
1721480 466
1721490 468
1721500 469
1721510 471
1721520 472
1721530 473
1721540 473
1721550 474
1721560 475
1721570 476
1721580 477
1721590 477
1721600 477
1721610 478
1721620 478
1721630 479
1721640 480
1721650 481
1721660 482
1721670 483
1721680 484
1721690 485
1721700 486
1721710 487
1721720 488
1721730 489
1721740 491
1721750 492
1721760 494
1721770 495
1721780 497
1721790 498
1721800 500
1721810 501
1721820 501
1721830 501
1721840 502
1721850 502
1721860 503
1721870 503
1721880 503
1721890 504
1721900 504
1721910 505
1721920 505
1721930 506
1721940 506
1721950 507
1721960 507
1721970 507
1721980 508
1721990 508
1722000 509
1722010 509
1722020 510
1722030 510
1722040 510
1722050 511
1722060 511
1722070 511
1722080 512
1722090 512
1722100 512
1722110 512
1722120 512
1722130 513
1722140 513
1722150 513
1722160 513
1722170 514
1722180 514
1722190 514
1722200 515
1722210 515
1722220 515
1722230 516
1722240 516
1722250 516
1722260 516
1722270 517
1722280 517
1722290 517
1722300 517
1722310 518
1722320 518
1722330 518
1722340 518
1722350 518
1722360 518
1722370 518
1722380 518
1722390 518
1722400 518
1722410 518
1722420 518
1722430 518
1722440 517
1722450 517
1722460 517
1722470 516
1722480 516
1722490 516
1722500 515
1722510 515
1722520 515
1722530 515
1722540 514
1722550 514
1722560 514
1722570 514
1722580 514
1722590 514
1722600 513
1722610 513
1722620 512
1722630 511
1722640 509
1722650 508
1722660 506
1722670 505
1722680 505
1722690 505
1722700 504
1722710 504
1722720 503
1722730 502
1722740 502
1722750 502
1722760 501
1722770 502
1722780 503
1722790 504
1722800 506
1722810 507
1722820 508
1722830 509
1722840 510
1722850 511
1722860 513
1722870 514
1722880 515
1722890 516
1722900 518
1722910 519
1722920 521
1722930 522
1722940 524
1722950 526
1722960 528
1722970 530
1722980 532
1722990 533
1723000 534
1723010 536
1723020 537
1723030 539
1723040 540
1723050 542
1723060 543
1723070 544
1723080 544
1723090 545
1723100 545
1723110 546
1723120 546
1723130 547
1723140 547
1723150 548
1723160 548
1723170 549
1723180 549
1723190 549
1723200 549
1723210 550
1723220 550
1723230 550
1723240 551
1723250 551
1723260 551
1723270 551
1723280 551
1723290 551
1723300 551
1723310 551
1723320 551
1723330 550
1723340 550
1723350 550
1723360 549
1723370 549
1723380 549
1723390 548
1723400 548
1723410 548
1723420 548
1723430 547
1723440 547
1723450 547
1723460 547
1723470 547
1723480 547
1723490 547
1723500 547
1723510 547
1723520 547
1723530 547
1723540 547
1723550 547
1723560 547
1723570 548
1723580 548
1723590 548
1723600 548
1723610 548
1723620 548
1723630 549
1723640 549
1723650 550
1723660 550
1723670 551
1723680 551
1723690 552
1723700 552
1723710 552
1723720 552
1723730 552
1723740 552
1723750 552
1723760 552
1723770 552
1723780 552
1723790 551
1723800 551
1723810 551
1723820 551
1723830 551
1723840 551
1723850 551
1723860 551
1723870 551
1723880 551
1723890 551
1723900 551
1723910 551
1723920 551
1723930 551
1723940 552
1723950 552
1723960 552
1723970 552
1723980 552
1723990 553
1724000 553
1724010 553
1724020 553
1724030 553
1724040 553
1724050 553
1724060 553
1724070 553
1724080 553
1724090 553
1724100 553
1724110 553
1724120 553
1724130 553
1724140 553
1724150 553
1724160 553
1724170 553
1724180 553
1724190 553
1724200 553
1724210 553
1724220 553
1724230 552
1724240 552
1724250 552
1724260 552
1724270 552
1724280 552
1724290 552
1724300 552
1724310 552
1724320 552
1724330 552
1724340 552
1724350 552
1724360 552
1724370 552
1724380 552
1724390 552
1724400 552
1724410 552
1724420 552
1724430 553
1724440 553
1724450 553
1724460 553
1724470 553
1724480 553
1724490 553
1724500 553
1724510 553
1724520 553
1724530 553
1724540 553
1724550 553
1724560 552
1724570 552
1724580 552
1724590 552
1724600 552
1724610 552
1724620 551
1724630 551
1724640 551
1724650 551
1724660 551
1724670 551
1724680 551
1724690 551
1724700 551
1724710 551
1724720 550
1724730 550
1724740 550
1724750 550
1724760 550
1724770 549
1724780 549
1724790 549
1724800 549
1724810 549
1724820 548
1724830 548
1724840 548
1724850 548
1724860 548
1724870 547
1724880 547
1724890 546
1724900 546
1724910 546
1724920 546
1724930 545
1724940 545
1724950 544
1724960 544
1724970 543
1724980 543
1724990 543
1725000 542
1725010 542
1725020 541
1725030 541
1725040 541
1725050 540
1725060 540
1725070 539
1725080 539
1725090 539
1725100 538
1725110 538
1725120 537
1725130 537
1725140 537
1725150 536
1725160 536
1725170 536
1725180 535
1725190 535
1725200 535
1725210 534
1725220 534
1725230 534
1725240 533
1725250 533
1725260 533
1725270 532
1725280 532
1725290 532
1725300 531
1725310 531
1725320 530
1725330 530
1725340 529
1725350 528
1725360 528
1725370 527
1725380 527
1725390 526
1725400 526
1725410 526
1725420 527
1725430 527
1725440 528
1725450 528
1725460 529
1725470 530
1725480 531
1725490 531
1725500 532
1725510 532
1725520 533
1725530 534
1725540 534
1725550 535
1725560 535
1725570 536
1725580 536
1725590 536
1725600 536
1725610 536
1725620 536
1725630 535
1725640 535
1725650 535
1725660 534
1725670 534
1725680 534
1725690 533
1725700 533
1725710 532
1725720 532
1725730 532
1725740 531
1725750 531
1725760 531
1725770 531
1725780 530
1725790 530
1725800 530
1725810 529
1725820 529
1725830 529
1725840 528
1725850 528
1725860 528
1725870 527
1725880 527
1725890 526
1725900 526
1725910 525
1725920 525
1725930 524
1725940 524
1725950 523
1725960 523
1725970 523
1725980 522
1725990 522
1726000 522
1726010 522
1726020 521
1726030 521
1726040 521
1726050 521
1726060 521
1726070 520
1726080 520
1726090 520
1726100 520
1726110 520
1726120 520
1726130 519
1726140 519
1726150 519
1726160 519
1726170 519
1726180 519
1726190 519
1726200 519
1726210 519
1726220 519
1726230 519
1726240 519
1726250 519
1726260 518
1726270 518
1726280 518
1726290 518
1726300 517
1726310 517
1726320 517
1726330 516
1726340 516
1726350 516
1726360 516
1726370 515
1726380 515
1726390 515
1726400 515
1726410 514
1726420 514
1726430 514
1726440 514
1726450 514
1726460 513
1726470 513
1726480 513
1726490 513
1726500 513
1726510 513
1726520 513
1726530 512
1726540 512
1726550 512
1726560 512
1726570 512
1726580 512
1726590 512
1726600 512
1726610 512
1726620 511
1726630 511
1726640 511
1726650 511
1726660 511
1726670 511
1726680 510
1726690 510
1726700 510
1726710 510
1726720 509
1726730 509
1726740 509
1726750 509
1726760 509
1726770 509
1726780 508
1726790 508
1726800 508
1726810 508
1726820 508
1726830 507
1726840 507
1726850 507
1726860 507
1726870 506
1726880 506
1726890 506
1726900 505
1726910 505
1726920 504
1726930 504
1726940 504
1726950 504
1726960 503
1726970 503
1726980 503
1726990 502
1727000 502
1727010 501
1727020 501
1727030 501
1727040 500
1727050 500
1727060 500
1727070 499
1727080 499
1727090 499
1727100 499
1727110 499
1727120 498
1727130 498
1727140 498
1727150 498
1727160 497
1727170 497
1727180 496
1727190 494
1727200 494
1727210 494
1727220 494
1727230 494
1727240 494
1727250 495
1727260 496
1727270 497
1727280 499
1727290 500
1727300 500
1727310 501
1727320 501
1727330 501
1727340 501
1727350 501
1727360 502
1727370 502
1727380 502
1727390 502
1727400 502
1727410 502
1727420 502
1727430 502
1727440 502
1727450 502
1727460 501
1727470 501
1727480 501
1727490 501
1727500 501
1727510 501
1727520 501
1727530 500
1727540 500
1727550 500
1727560 499
1727570 499
1727580 499
1727590 499
1727600 498
1727610 498
1727620 498
1727630 497
1727640 497
1727650 497
1727660 496
1727670 496
1727680 496
1727690 496
1727700 496
1727710 495
1727720 495
1727730 495
1727740 495
1727750 495
1727760 495
1727770 495
1727780 495
1727790 494
1727800 494
1727810 494
1727820 494
1727830 494
1727840 494
1727850 494
1727860 494
1727870 494
1727880 494
1727890 494
1727900 494
1727910 494
1727920 494
1727930 494
1727940 494
1727950 494
1727960 493
1727970 493
1727980 493
1727990 492
1728000 492
1728010 492
1728020 491
1728030 491
1728040 491
1728050 490
1728060 490
1728070 490
1728080 489
1728090 489
1728100 488
1728110 488
1728120 488
1728130 487
1728140 487
1728150 487
1728160 486
1728170 486
1728180 485
1728190 485
1728200 485
1728210 484
1728220 484
1728230 484
1728240 483
1728250 483
1728260 483
1728270 482
1728280 482
1728290 481
1728300 481
1728310 481
1728320 480
1728330 480
1728340 478
1728350 477
1728360 475
1728370 473
1728380 471
1728390 469
1728400 467
1728410 466
1728420 464
1728430 463
1728440 461
1728450 459
1728460 457
1728470 455
1728480 452
1728490 451
1728500 451
1728510 452
1728520 453
1728530 455
1728540 458
1728550 461
1728560 464
1728570 466
1728580 468
1728590 469
1728600 470
1728610 471
1728620 472
1728630 474
1728640 475
1728650 477
1728660 479
1728670 481
1728680 483
1728690 484
1728700 486
1728710 487
1728720 489
1728730 490
1728740 492
1728750 493
1728760 493
1728770 493
1728780 493
1728790 493
1728800 493
1728810 493
1728820 493
1728830 493
1728840 493
1728850 493
1728860 493
1728870 493
1728880 493
1728890 492
1728900 492
1728910 492
1728920 492
1728930 491
1728940 491
1728950 490
1728960 490
1728970 489
1728980 489
1728990 488
1729000 488
1729010 487
1729020 487
1729030 486
1729040 485
1729050 484
1729060 484
1729070 483
1729080 482
1729090 481
1729100 480
1729110 480
1729120 479
1729130 478
1729140 477
1729150 476
1729160 475
1729170 474
1729180 473
1729190 472
1729200 471
1729210 470
1729220 469
1729230 468
1729240 467
1729250 466
1729260 465
1729270 464
1729280 463
1729290 462
1729300 461
1729310 460
1729320 460
1729330 459
1729340 458
1729350 457
1729360 456
1729370 455
1729380 454
1729390 453
1729400 452
1729410 451
1729420 450
1729430 449
1729440 448
1729450 446
1729460 445
1729470 444
1729480 442
1729490 440
1729500 438
1729510 436
1729520 434
1729530 433
1729540 432
1729550 430
1729560 428
1729570 426
1729580 425
1729590 425
1729600 425
1729610 425
1729620 427
1729630 429
1729640 431
1729650 433
1729660 435
1729670 437
1729680 439
1729690 440
1729700 442
1729710 443
1729720 443
1729730 443
1729740 444
1729750 444
1729760 444
1729770 445
1729780 445
1729790 445
1729800 445
1729810 446
1729820 446
1729830 446
1729840 446
1729850 445
1729860 445
1729870 445
1729880 445
1729890 445
1729900 445
1729910 445
1729920 444
1729930 444
1729940 444
1729950 443
1729960 443
1729970 443
1729980 442
1729990 442
1730000 442
1730010 441
1730020 441
1730030 441
1730040 440
1730050 440
1730060 440
1730070 440
1730080 439
1730090 439
1730100 439
1730110 438
1730120 438
1730130 438
1730140 437
1730150 437
1730160 437
1730170 436
1730180 436
1730190 436
1730200 435
1730210 435
1730220 435
1730230 434
1730240 434
1730250 434
1730260 433
1730270 433
1730280 433
1730290 433
1730300 432
1730310 432
1730320 432
1730330 432
1730340 431
1730350 431
1730360 431
1730370 431
1730380 431
1730390 431
1730400 430
1730410 430
1730420 430
1730430 430
1730440 430
1730450 430
1730460 430
1730470 430
1730480 429
1730490 429
1730500 429
1730510 429
1730520 429
1730530 429
1730540 429
1730550 429
1730560 429
1730570 429
1730580 429
1730590 429
1730600 429
1730610 429
1730620 429
1730630 429
1730640 429
1730650 429
1730660 429
1730670 429
1730680 429
1730690 428
1730700 428
1730710 428
1730720 428
1730730 428
1730740 428
1730750 427
1730760 427
1730770 427
1730780 427
1730790 427
1730800 427
1730810 427
1730820 426
1730830 426
1730840 426
1730850 425
1730860 425
1730870 425
1730880 425
1730890 425
1730900 425
1730910 425
1730920 425
1730930 424
1730940 424
1730950 424
1730960 424
1730970 423
1730980 423
1730990 423
1731000 423
1731010 423
1731020 423
1731030 423
1731040 423
1731050 423
1731060 423
1731070 422
1731080 422
1731090 422
1731100 422
1731110 421
1731120 421
1731130 420
1731140 420
1731150 420
1731160 420
1731170 420
1731180 420
1731190 420
1731200 419
1731210 419
1731220 419
1731230 419
1731240 419
1731250 419
1731260 419
1731270 418
1731280 418
1731290 417
1731300 417
1731310 417
1731320 417
1731330 416
1731340 416
1731350 415
1731360 414
1731370 414
1731380 413
1731390 412
1731400 412
1731410 412
1731420 411
1731430 411
1731440 410
1731450 410
1731460 409
1731470 409
1731480 409
1731490 408
1731500 408
1731510 407
1731520 407
1731530 407
1731540 406
1731550 406
1731560 406
1731570 405
1731580 405
1731590 405
1731600 404
1731610 404
1731620 403
1731630 403
1731640 403
1731650 402
1731660 402
1731670 402
1731680 401
1731690 401
1731700 401
1731710 400
1731720 400
1731730 399
1731740 399
1731750 399
1731760 398
1731770 398
1731780 398
1731790 397
1731800 397
1731810 397
1731820 397
1731830 397
1731840 397
1731850 397
1731860 397
1731870 397
1731880 397
1731890 397
1731900 397
1731910 397
1731920 397
1731930 397
1731940 397
1731950 396
1731960 394
1731970 392
1731980 391
1731990 391
1732000 391
1732010 391
1732020 392
1732030 392
1732040 392
1732050 392
1732060 392
1732070 392
1732080 392
1732090 392
1732100 392
1732110 392
1732120 392
1732130 392
1732140 392
1732150 392
1732160 392
1732170 392
1732180 392
1732190 391
1732200 391
1732210 390
1732220 390
1732230 390
1732240 390
1732250 390
1732260 389
1732270 389
1732280 389
1732290 388
1732300 388
1732310 387
1732320 387
1732330 387
1732340 387
1732350 387
1732360 386
1732370 385
1732380 386
1732390 385
1732400 385
1732410 383
1732420 383
1732430 382
1732440 381
1732450 380
1732460 380
1732470 380
1732480 380
1732490 380
1732500 380
1732510 380
1732520 380
1732530 381
1732540 381
1732550 381
1732560 381
1732570 381
1732580 381
1732590 381
1732600 381
1732610 381
1732620 381
1732630 383
1732640 386
1732650 388
1732660 388
1732670 388
1732680 388
1732690 387
1732700 387
1732710 388
1732720 389
1732730 390
1732740 392
1732750 393
1732760 394
1732770 394
1732780 393
1732790 392
1732800 392
1732810 392
1732820 392
1732830 394
1732840 395
1732850 396
1732860 397
1732870 397
1732880 397
1732890 397
1732900 398
1732910 399
1732920 399
1732930 400
1732940 401
1732950 401
1732960 402
1732970 403
1732980 403
1732990 404
1733000 404
1733010 404
1733020 404
1733030 404
1733040 405
1733050 405
1733060 405
1733070 405
1733080 405
1733090 405
1733100 405
1733110 406
1733120 406
1733130 406
1733140 406
1733150 406
1733160 405
1733170 405
1733180 405
1733190 405
1733200 405
1733210 405
1733220 405
1733230 405
1733240 405
1733250 405
1733260 405
1733270 405
1733280 405
1733290 406
1733300 406
1733310 405
1733320 405
1733330 405
1733340 404
1733350 404
1733360 404
1733370 403
1733380 403
1733390 403
1733400 402
1733410 402
1733420 402
1733430 401
1733440 401
1733450 400
1733460 400
1733470 399
1733480 399
1733490 398
1733500 398
1733510 398
1733520 397
1733530 397
1733540 397
1733550 396
1733560 396
1733570 395
1733580 395
1733590 395
1733600 395
1733610 394
1733620 394
1733630 394
1733640 394
1733650 394
1733660 394
1733670 394
1733680 394
1733690 394
1733700 394
1733710 394
1733720 394
1733730 394
1733740 394
1733750 394
1733760 394
1733770 394
1733780 394
1733790 394
1733800 394
1733810 394
1733820 394
1733830 394
1733840 394
1733850 393
1733860 393
1733870 393
1733880 393
1733890 393
1733900 393
1733910 393
1733920 393
1733930 393
1733940 393
1733950 393
1733960 393
1733970 393
1733980 394
1733990 394
1734000 395
1734010 395
1734020 396
1734030 397
1734040 397
1734050 398
1734060 399
1734070 400
1734080 400
1734090 402
1734100 403
1734110 403
1734120 404
1734130 404
1734140 405
1734150 406
1734160 407
1734170 408
1734180 409
1734190 409
1734200 410
1734210 411
1734220 412
1734230 413
1734240 414
1734250 415
1734260 416
1734270 417
1734280 418
1734290 419
1734300 420
1734310 421
1734320 421
1734330 423
1734340 424
1734350 424
1734360 425
1734370 425
1734380 426
1734390 427
1734400 427
1734410 428
1734420 429
1734430 430
1734440 431
1734450 432
1734460 433
1734470 434
1734480 435
1734490 436
1734500 437
1734510 438
1734520 439
1734530 440
1734540 441
1734550 442
1734560 443
1734570 444
1734580 446
1734590 448
1734600 449
1734610 450
1734620 451
1734630 452
1734640 454
1734650 455
1734660 457
1734670 459
1734680 461
1734690 464
1734700 466
1734710 468
1734720 470
1734730 472
1734740 475
1734750 477
1734760 480
1734770 481
1734780 482
1734790 482
1734800 483
1734810 484
1734820 485
1734830 486
1734840 486
1734850 487
1734860 487
1734870 486
1734880 485
1734890 485
1734900 483
1734910 482
1734920 481
1734930 480
1734940 479
1734950 478
1734960 477
1734970 476
1734980 476
1734990 475
1735000 474
1735010 473
1735020 472
1735030 471
1735040 470
1735050 470
1735060 469
1735070 468
1735080 467
1735090 465
1735100 462
1735110 459
1735120 457
1735130 454
1735140 452
1735150 450
1735160 448
1735170 447
1735180 446
1735190 445
1735200 444
1735210 443
1735220 442
1735230 440
1735240 439
1735250 438
1735260 437
1735270 436
1735280 436
1735290 435
1735300 434
1735310 433
1735320 433
1735330 432
1735340 432
1735350 432
1735360 431
1735370 431
1735380 431
1735390 431
1735400 431
1735410 431
1735420 431
1735430 432
1735440 432
1735450 433
1735460 433
1735470 433
1735480 433
1735490 433
1735500 432
1735510 432
1735520 432
1735530 431
1735540 431
1735550 430
1735560 430
1735570 430
1735580 429
1735590 429
1735600 429
1735610 428
1735620 428
1735630 428
1735640 427
1735650 427
1735660 426
1735670 426
1735680 425
1735690 425
1735700 425
1735710 424
1735720 424
1735730 423
1735740 423
1735750 422
1735760 422
1735770 421
1735780 420
1735790 420
1735800 419
1735810 419
1735820 418
1735830 418
1735840 417
1735850 416
1735860 416
1735870 415
1735880 414
1735890 414
1735900 413
1735910 412
1735920 412
1735930 411
1735940 410
1735950 410
1735960 409
1735970 408
1735980 407
1735990 407
1736000 406
1736010 405
1736020 405
1736030 404
1736040 404
1736050 403
1736060 403
1736070 402
1736080 402
1736090 401
1736100 401
1736110 400
1736120 399
1736130 398
1736140 398
1736150 397
1736160 397
1736170 396
1736180 395
1736190 395
1736200 394
1736210 394
1736220 394
1736230 393
1736240 393
1736250 391
1736260 390
1736270 389
1736280 388
1736290 387
1736300 387
1736310 386
1736320 386
1736330 385
1736340 385
1736350 384
1736360 384
1736370 384
1736380 383
1736390 382
1736400 382
1736410 381
1736420 381
1736430 381
1736440 380
1736450 380
1736460 380
1736470 379
1736480 379
1736490 378
1736500 377
1736510 377
1736520 376
1736530 376
1736540 375
1736550 375
1736560 374
1736570 374
1736580 373
1736590 372
1736600 371
1736610 371
1736620 371
1736630 370
1736640 369
1736650 369
1736660 368
1736670 368
1736680 368
1736690 368
1736700 368
1736710 367
1736720 367
1736730 366
1736740 365
1736750 365
1736760 364
1736770 363
1736780 362
1736790 361
1736800 360
1736810 359
1736820 358
1736830 358
1736840 357
1736850 357
1736860 356
1736870 356
1736880 355
1736890 355
1736900 354
1736910 354
1736920 354
1736930 353
1736940 352
1736950 352
1736960 351
1736970 351
1736980 350
1736990 350
1737000 350
1737010 349
1737020 348
1737030 348
1737040 347
1737050 347
1737060 347
1737070 347
1737080 347
1737090 346
1737100 346
1737110 346
1737120 345
1737130 345
1737140 345
1737150 345
1737160 345
1737170 344
1737180 344
1737190 344
1737200 344
1737210 344
1737220 344
1737230 344
1737240 344
1737250 343
1737260 343
1737270 343
1737280 343
1737290 343
1737300 342
1737310 342
1737320 341
1737330 341
1737340 341
1737350 341
1737360 341
1737370 341
1737380 341
1737390 341
1737400 341
1737410 342
1737420 342
1737430 341
1737440 341
1737450 341
1737460 341
1737470 341
1737480 341
1737490 341
1737500 340
1737510 340
1737520 340
1737530 340
1737540 340
1737550 340
1737560 340
1737570 340
1737580 339
1737590 339
1737600 339
1737610 339
1737620 338
1737630 338
1737640 338
1737650 338
1737660 338
1737670 337
1737680 337
1737690 337
1737700 337
1737710 336
1737720 336
1737730 336
1737740 336
1737750 336
1737760 336
1737770 335
1737780 335
1737790 335
1737800 335
1737810 335
1737820 334
1737830 334
1737840 334
1737850 334
1737860 333
1737870 333
1737880 333
1737890 333
1737900 333
1737910 333
1737920 332
1737930 332
1737940 332
1737950 332
1737960 332
1737970 331
1737980 331
1737990 331
1738000 331
1738010 331
1738020 330
1738030 330
1738040 330
1738050 330
1738060 330
1738070 329
1738080 329
1738090 329
1738100 328
1738110 328
1738120 328
1738130 328
1738140 327
1738150 327
1738160 327
1738170 326
1738180 326
1738190 325
1738200 325
1738210 325
1738220 325
1738230 324
1738240 324
1738250 323
1738260 323
1738270 323
1738280 323
1738290 322
1738300 322
1738310 322
1738320 321
1738330 321
1738340 321
1738350 321
1738360 321
1738370 320
1738380 320
1738390 320
1738400 319
1738410 319
1738420 319
1738430 318
1738440 318
1738450 318
1738460 318
1738470 318
1738480 317
1738490 317
1738500 317
1738510 317
1738520 317
1738530 316
1738540 316
1738550 316
1738560 316
1738570 316
1738580 315
1738590 315
1738600 315
1738610 314
1738620 314
1738630 314
1738640 314
1738650 313
1738660 313
1738670 313
1738680 313
1738690 312
1738700 312
1738710 312
1738720 311
1738730 311
1738740 311
1738750 311
1738760 310
1738770 310
1738780 310
1738790 309
1738800 309
1738810 309
1738820 309
1738830 308
1738840 308
1738850 308
1738860 307
1738870 307
1738880 307
1738890 307
1738900 306
1738910 306
1738920 306
1738930 305
1738940 305
1738950 305
1738960 304
1738970 304
1738980 304
1738990 303
1739000 303
1739010 303
1739020 303
1739030 302
1739040 302
1739050 302
1739060 302
1739070 301
1739080 301
1739090 301
1739100 301
1739110 301
1739120 300
1739130 300
1739140 300
1739150 300
1739160 299
1739170 299
1739180 299
1739190 299
1739200 298
1739210 298
1739220 298
1739230 298
1739240 297
1739250 297
1739260 297
1739270 297
1739280 296
1739290 296
1739300 296
1739310 296
1739320 295
1739330 295
1739340 295
1739350 294
1739360 294
1739370 294
1739380 294
1739390 293
1739400 293
1739410 293
1739420 293
1739430 292
1739440 292
1739450 292
1739460 291
1739470 291
1739480 291
1739490 291
1739500 290
1739510 290
1739520 290
1739530 289
1739540 289
1739550 289
1739560 289
1739570 288
1739580 288
1739590 288
1739600 287
1739610 287
1739620 287
1739630 286
1739640 286
1739650 286
1739660 286
1739670 285
1739680 285
1739690 285
1739700 285
1739710 284
1739720 284
1739730 284
1739740 284
1739750 283
1739760 283
1739770 283
1739780 283
1739790 283
1739800 282
1739810 282
1739820 282
1739830 282
1739840 282
1739850 282
1739860 282
1739870 282
1739880 282
1739890 282
1739900 282
1739910 282
1739920 282
1739930 282
1739940 281
1739950 281
1739960 281
1739970 281
1739980 280
1739990 280
