1720000 441
1720010 444
1720020 446
1720030 449
1720040 451
1720050 453
1720060 455
1720070 457
1720080 458
1720090 459
1720100 461
1720110 462
1720120 463
1720130 463
1720140 464
1720150 464
1720160 465
1720170 465
1720180 466
1720190 467
1720200 467
1720210 468
1720220 468
1720230 468
1720240 468
1720250 468
1720260 466
1720270 464
1720280 461
1720290 457
1720300 453
1720310 450
1720320 446
1720330 443
1720340 440
1720350 437
1720360 435
1720370 432
1720380 430
1720390 428
1720400 425
1720410 423
1720420 422
1720430 420
1720440 418
1720450 417
1720460 416
1720470 416
1720480 418
1720490 419
1720500 421
1720510 423
1720520 425
1720530 427
1720540 429
1720550 431
1720560 434
1720570 436
1720580 438
1720590 439
1720600 440
1720610 441
1720620 442
1720630 444
1720640 445
1720650 447
1720660 448
1720670 449
1720680 450
1720690 451
1720700 452
1720710 453
1720720 455
1720730 457
1720740 458
1720750 459
1720760 460
1720770 461
1720780 462
1720790 463
1720800 463
1720810 464
1720820 464
1720830 465
1720840 465
1720850 465
1720860 465
1720870 465
1720880 465
1720890 465
1720900 465
1720910 465
1720920 465
1720930 464
1720940 463
1720950 463
1720960 462
1720970 462
1720980 461
1720990 460
1721000 459
1721010 459
1721020 458
1721030 458
1721040 457
1721050 457
1721060 457
1721070 457
1721080 456
1721090 456
1721100 455
1721110 455
1721120 454
1721130 454
1721140 454
1721150 454
1721160 454
1721170 454
1721180 454
1721190 454
1721200 453
1721210 453
1721220 453
1721230 453
1721240 453
1721250 453
1721260 453
1721270 453
1721280 453
1721290 453
1721300 453
1721310 453
1721320 453
1721330 453
1721340 453
1721350 453
1721360 453
1721370 452
1721380 452
1721390 452
1721400 452
1721410 452
1721420 451
1721430 451
1721440 450
1721450 450
1721460 450
1721470 449
1721480 449
1721490 449
1721500 449
1721510 448
1721520 448
1721530 447
1721540 447
1721550 447
1721560 446
1721570 446
1721580 446
1721590 446
1721600 445
1721610 445
1721620 445
1721630 445
1721640 445
1721650 445
1721660 445
1721670 445
1721680 444
1721690 444
1721700 444
1721710 444
1721720 444
1721730 444
1721740 444
1721750 444
1721760 444
1721770 444
1721780 445
1721790 445
1721800 445
1721810 445
1721820 445
1721830 445
1721840 445
1721850 445
1721860 446
1721870 448
1721880 451
1721890 453
1721900 454
1721910 455
1721920 455
1721930 456
1721940 457
1721950 458
1721960 458
1721970 459
1721980 460
1721990 460
1722000 461
1722010 461
1722020 461
1722030 461
1722040 461
1722050 460
1722060 458
1722070 457
1722080 456
1722090 456
1722100 456
1722110 456
1722120 457
1722130 457
1722140 457
1722150 457
1722160 456
1722170 456
1722180 455
1722190 456
1722200 456
1722210 456
1722220 457
1722230 457
1722240 457
1722250 458
1722260 458
1722270 459
1722280 459
1722290 460
1722300 461
1722310 461
1722320 462
1722330 462
1722340 462
1722350 463
1722360 463
1722370 463
1722380 463
1722390 463
1722400 462
1722410 462
1722420 462
1722430 463
1722440 463
1722450 463
1722460 463
1722470 464
1722480 464
1722490 464
1722500 464
1722510 465
1722520 466
1722530 466
1722540 467
1722550 467
1722560 468
1722570 468
1722580 468
1722590 468
1722600 468
1722610 468
1722620 468
1722630 468
1722640 468
1722650 468
1722660 469
1722670 469
1722680 469
1722690 470
1722700 470
1722710 470
1722720 470
1722730 470
1722740 470
1722750 471
1722760 471
1722770 471
1722780 472
1722790 472
1722800 473
1722810 474
1722820 474
1722830 475
1722840 476
1722850 477
1722860 478
1722870 479
1722880 481
1722890 482
1722900 483
1722910 484
1722920 485
1722930 486
1722940 487
1722950 488
1722960 489
1722970 490
1722980 491
1722990 492
1723000 493
1723010 494
1723020 495
1723030 495
1723040 496
1723050 497
1723060 498
1723070 500
1723080 501
1723090 502
1723100 503
1723110 504
1723120 504
1723130 505
1723140 506
1723150 507
1723160 508
1723170 509
1723180 510
1723190 511
1723200 512
1723210 512
1723220 512
1723230 513
1723240 513
1723250 513
1723260 513
1723270 513
1723280 514
1723290 514
1723300 515
1723310 515
1723320 516
1723330 517
1723340 518
1723350 519
1723360 520
1723370 521
1723380 521
1723390 522
1723400 522
1723410 522
1723420 523
1723430 523
1723440 524
1723450 524
1723460 525
1723470 525
1723480 525
1723490 526
1723500 526
1723510 526
1723520 526
1723530 526
1723540 526
1723550 527
1723560 527
1723570 527
1723580 527
1723590 527
1723600 527
1723610 528
1723620 528
1723630 528
1723640 528
1723650 528
1723660 529
1723670 529
1723680 529
1723690 529
1723700 529
1723710 529
1723720 529
1723730 529
1723740 530
1723750 530
1723760 530
1723770 531
1723780 531
1723790 531
1723800 532
1723810 532
1723820 533
1723830 533
1723840 533
1723850 534
1723860 534
1723870 535
1723880 535
1723890 536
1723900 536
1723910 537
1723920 538
1723930 538
1723940 539
1723950 539
1723960 539
1723970 540
1723980 540
1723990 541
1724000 541
1724010 542
1724020 543
1724030 543
1724040 544
1724050 545
1724060 546
1724070 546
1724080 546
1724090 547
1724100 547
1724110 547
1724120 548
1724130 548
1724140 549
1724150 549
1724160 550
1724170 550
1724180 551
1724190 551
1724200 552
1724210 552
1724220 553
1724230 553
1724240 554
1724250 555
1724260 555
1724270 556
1724280 557
1724290 557
1724300 557
1724310 557
1724320 557
1724330 556
1724340 556
1724350 556
1724360 556
1724370 556
1724380 556
1724390 556
1724400 556
1724410 555
1724420 555
1724430 555
1724440 555
1724450 555
1724460 555
1724470 555
1724480 555
1724490 555
1724500 555
1724510 555
1724520 555
1724530 556
1724540 556
1724550 556
1724560 556
1724570 556
1724580 556
1724590 556
1724600 556
1724610 556
1724620 556
1724630 557
1724640 557
1724650 557
1724660 557
1724670 557
1724680 557
1724690 557
1724700 557
1724710 557
1724720 556
1724730 556
1724740 556
1724750 556
1724760 555
1724770 555
1724780 555
1724790 555
1724800 555
1724810 555
1724820 554
1724830 554
1724840 554
1724850 554
1724860 554
1724870 554
1724880 554
1724890 554
1724900 554
1724910 554
1724920 553
1724930 553
1724940 553
1724950 553
1724960 553
1724970 552
1724980 552
1724990 552
1725000 551
1725010 551
1725020 551
1725030 550
1725040 550
1725050 550
1725060 550
1725070 550
1725080 550
1725090 550
1725100 550
1725110 550
1725120 549
1725130 549
1725140 549
1725150 549
1725160 549
1725170 549
1725180 549
1725190 549
1725200 549
1725210 548
1725220 548
1725230 548
1725240 548
1725250 548
1725260 548
1725270 549
1725280 549
1725290 549
1725300 549
1725310 549
1725320 549
1725330 550
1725340 550
1725350 550
1725360 550
1725370 550
1725380 550
1725390 550
1725400 550
1725410 550
1725420 550
1725430 550
1725440 550
1725450 550
1725460 550
1725470 551
1725480 551
1725490 551
1725500 551
1725510 552
1725520 552
1725530 553
1725540 553
1725550 553
1725560 553
1725570 553
1725580 553
1725590 553
1725600 553
1725610 553
1725620 554
1725630 554
1725640 555
1725650 555
1725660 556
1725670 556
1725680 556
1725690 557
1725700 557
1725710 557
1725720 557
1725730 557
1725740 556
1725750 555
1725760 554
1725770 553
1725780 552
1725790 551
1725800 550
1725810 548
1725820 547
1725830 546
1725840 544
1725850 543
1725860 542
1725870 541
1725880 540
1725890 539
1725900 538
1725910 538
1725920 537
1725930 537
1725940 536
1725950 536
1725960 535
1725970 534
1725980 534
1725990 533
1726000 532
1726010 531
1726020 531
1726030 530
1726040 529
1726050 529
1726060 528
1726070 528
1726080 527
1726090 527
1726100 526
1726110 526
1726120 525
1726130 525
1726140 524
1726150 524
1726160 524
1726170 523
1726180 523
1726190 522
1726200 522
1726210 521
1726220 520
1726230 520
1726240 519
1726250 519
1726260 518
1726270 518
1726280 517
1726290 517
1726300 516
1726310 516
1726320 515
1726330 514
1726340 513
1726350 513
1726360 512
1726370 511
1726380 510
1726390 509
1726400 508
1726410 507
1726420 506
1726430 505
1726440 504
1726450 503
1726460 502
1726470 501
1726480 500
1726490 499
1726500 498
1726510 497
1726520 496
1726530 495
1726540 494
1726550 493
1726560 491
1726570 490
1726580 489
1726590 489
1726600 489
1726610 489
1726620 489
1726630 489
1726640 489
1726650 489
1726660 489
1726670 489
1726680 490
1726690 492
1726700 493
1726710 495
1726720 496
1726730 497
1726740 498
1726750 498
1726760 499
1726770 500
1726780 500
1726790 501
1726800 501
1726810 501
1726820 502
1726830 502
1726840 502
1726850 502
1726860 503
1726870 503
1726880 503
1726890 503
1726900 504
1726910 504
1726920 504
1726930 504
1726940 504
1726950 505
1726960 505
1726970 505
1726980 505
1726990 505
1727000 506
1727010 506
1727020 506
1727030 506
1727040 506
1727050 506
1727060 506
1727070 506
1727080 506
1727090 506
1727100 506
1727110 506
1727120 506
1727130 506
1727140 506
1727150 506
1727160 506
1727170 506
1727180 506
1727190 506
1727200 505
1727210 505
1727220 505
1727230 505
1727240 505
1727250 505
1727260 505
1727270 505
1727280 505
1727290 505
1727300 505
1727310 505
1727320 504
1727330 505
1727340 504
1727350 504
1727360 504
1727370 504
1727380 504
1727390 503
1727400 503
1727410 503
1727420 502
1727430 502
1727440 502
1727450 502
1727460 501
1727470 501
1727480 502
1727490 502
1727500 502
1727510 502
1727520 501
1727530 500
1727540 499
1727550 499
1727560 498
1727570 498
1727580 498
1727590 498
1727600 497
1727610 497
1727620 497
1727630 496
1727640 496
1727650 496
1727660 496
1727670 496
1727680 495
1727690 495
1727700 495
1727710 495
1727720 495
1727730 494
1727740 494
1727750 494
1727760 494
1727770 494
1727780 494
1727790 493
1727800 493
1727810 493
1727820 492
1727830 492
1727840 492
1727850 492
1727860 492
1727870 491
1727880 491
1727890 491
1727900 491
1727910 490
1727920 490
1727930 490
1727940 490
1727950 490
1727960 489
1727970 489
1727980 489
1727990 489
1728000 489
1728010 488
1728020 488
1728030 488
1728040 488
1728050 488
1728060 488
1728070 488
1728080 487
1728090 487
1728100 487
1728110 487
1728120 487
1728130 487
1728140 487
1728150 487
1728160 487
1728170 487
1728180 487
1728190 487
1728200 487
1728210 486
1728220 486
1728230 486
1728240 486
1728250 485
1728260 485
1728270 485
1728280 485
1728290 485
1728300 485
1728310 484
1728320 484
1728330 484
1728340 484
1728350 484
1728360 484
1728370 483
1728380 483
1728390 483
1728400 483
1728410 482
1728420 482
1728430 482
1728440 482
1728450 482
1728460 482
1728470 481
1728480 481
1728490 481
1728500 481
1728510 480
1728520 480
1728530 480
1728540 479
1728550 479
1728560 479
1728570 479
1728580 479
1728590 478
1728600 478
1728610 478
1728620 477
1728630 477
1728640 477
1728650 476
1728660 476
1728670 476
1728680 476
1728690 475
1728700 475
1728710 475
1728720 474
1728730 474
1728740 474
1728750 473
1728760 473
1728770 473
1728780 472
1728790 472
1728800 471
1728810 471
1728820 471
1728830 470
1728840 470
1728850 470
1728860 470
1728870 469
1728880 469
1728890 469
1728900 468
1728910 468
1728920 467
1728930 467
1728940 467
1728950 466
1728960 466
1728970 466
1728980 465
1728990 465
1729000 464
1729010 464
1729020 464
1729030 463
1729040 463
1729050 463
1729060 462
1729070 462
1729080 461
1729090 461
1729100 461
1729110 460
1729120 460
1729130 460
1729140 459
1729150 459
1729160 458
1729170 458
1729180 458
1729190 457
1729200 457
1729210 457
1729220 456
1729230 456
1729240 456
1729250 455
1729260 455
1729270 454
1729280 454
1729290 453
1729300 453
1729310 452
1729320 452
1729330 452
1729340 451
1729350 451
1729360 451
1729370 450
1729380 450
1729390 450
1729400 450
1729410 450
1729420 450
1729430 450
1729440 450
1729450 450
1729460 450
1729470 450
1729480 450
1729490 451
1729500 451
1729510 451
1729520 450
1729530 450
1729540 450
1729550 450
1729560 451
1729570 451
1729580 451
1729590 451
1729600 451
1729610 450
1729620 451
1729630 451
1729640 451
1729650 451
1729660 450
1729670 450
1729680 450
1729690 450
1729700 450
1729710 450
1729720 450
1729730 450
1729740 450
1729750 450
1729760 450
1729770 450
1729780 450
1729790 450
1729800 449
1729810 449
1729820 449
1729830 449
1729840 449
1729850 449
1729860 449
1729870 449
1729880 449
1729890 449
1729900 449
1729910 449
1729920 449
1729930 449
1729940 448
1729950 448
1729960 448
1729970 448
1729980 448
1729990 448
1730000 447
1730010 447
1730020 447
1730030 447
1730040 446
1730050 446
1730060 446
1730070 445
1730080 445
1730090 445
1730100 444
1730110 444
1730120 444
1730130 444
1730140 443
1730150 443
1730160 443
1730170 443
1730180 442
1730190 442
1730200 442
1730210 441
1730220 441
1730230 440
1730240 440
1730250 440
1730260 439
1730270 439
1730280 438
1730290 438
1730300 438
1730310 437
1730320 437
1730330 436
1730340 436
1730350 435
1730360 434
1730370 434
1730380 433
1730390 433
1730400 432
1730410 432
1730420 431
1730430 430
1730440 429
1730450 429
1730460 428
1730470 428
1730480 427
1730490 427
1730500 426
1730510 426
1730520 425
1730530 425
1730540 424
1730550 424
1730560 424
1730570 423
1730580 423
1730590 422
1730600 422
1730610 422
1730620 422
1730630 422
1730640 422
1730650 423
1730660 423
1730670 423
1730680 423
1730690 423
1730700 423
1730710 423
1730720 423
1730730 423
1730740 423
1730750 423
1730760 423
1730770 423
1730780 423
1730790 423
1730800 422
1730810 422
1730820 422
1730830 421
1730840 421
1730850 421
1730860 420
1730870 420
1730880 420
1730890 419
1730900 419
1730910 419
1730920 418
1730930 418
1730940 418
1730950 417
1730960 417
1730970 417
1730980 417
1730990 416
1731000 416
1731010 416
1731020 415
1731030 415
1731040 414
1731050 414
1731060 413
1731070 413
1731080 412
1731090 412
1731100 411
1731110 410
1731120 410
1731130 409
1731140 408
1731150 407
1731160 406
1731170 405
1731180 404
1731190 404
1731200 403
1731210 402
1731220 402
1731230 401
1731240 401
1731250 400
1731260 399
1731270 398
1731280 397
1731290 396
1731300 395
1731310 394
1731320 393
1731330 392
1731340 391
1731350 391
1731360 391
1731370 390
1731380 390
1731390 389
1731400 388
1731410 386
1731420 385
1731430 384
1731440 384
1731450 383
1731460 383
1731470 382
1731480 382
1731490 383
1731500 384
1731510 385
1731520 386
1731530 387
1731540 389
1731550 390
1731560 391
1731570 392
1731580 392
1731590 392
1731600 393
1731610 393
1731620 393
1731630 393
1731640 392
1731650 392
1731660 392
1731670 392
1731680 392
1731690 392
1731700 392
1731710 392
1731720 392
1731730 391
1731740 391
1731750 391
1731760 390
1731770 390
1731780 390
1731790 389
1731800 389
1731810 388
1731820 388
1731830 388
1731840 388
1731850 387
1731860 386
1731870 386
1731880 385
1731890 384
1731900 383
1731910 383
1731920 382
1731930 381
1731940 380
1731950 379
1731960 378
1731970 376
1731980 375
1731990 374
1732000 373
1732010 371
1732020 370
1732030 369
1732040 369
1732050 367
1732060 366
1732070 365
1732080 365
1732090 365
1732100 364
1732110 364
1732120 364
1732130 364
1732140 364
1732150 364
1732160 364
1732170 364
1732180 365
1732190 366
1732200 367
1732210 368
1732220 369
1732230 369
1732240 370
1732250 371
1732260 371
1732270 372
1732280 372
1732290 373
1732300 373
1732310 373
1732320 373
1732330 373
1732340 373
1732350 373
1732360 372
1732370 372
1732380 372
1732390 373
1732400 373
1732410 373
1732420 373
1732430 373
1732440 373
1732450 373
1732460 372
1732470 372
1732480 372
1732490 372
1732500 372
1732510 373
1732520 373
1732530 373
1732540 373
1732550 373
1732560 373
1732570 373
1732580 373
1732590 373
1732600 372
1732610 371
1732620 370
1732630 369
1732640 368
1732650 367
1732660 365
1732670 364
1732680 362
1732690 359
1732700 355
1732710 354
1732720 354
1732730 354
1732740 354
1732750 354
1732760 355
1732770 357
1732780 360
1732790 364
1732800 368
1732810 372
1732820 375
1732830 378
1732840 380
1732850 382
1732860 383
1732870 384
1732880 385
1732890 386
1732900 387
1732910 388
1732920 389
1732930 390
1732940 391
1732950 392
1732960 392
1732970 393
1732980 394
1732990 395
1733000 395
1733010 396
1733020 396
1733030 397
1733040 397
1733050 398
1733060 399
1733070 399
1733080 399
1733090 400
1733100 400
1733110 401
1733120 401
1733130 402
1733140 402
1733150 402
1733160 403
1733170 403
1733180 403
1733190 404
1733200 404
1733210 404
1733220 405
1733230 405
1733240 405
1733250 404
1733260 404
1733270 404
1733280 404
1733290 404
1733300 404
1733310 404
1733320 404
1733330 404
1733340 404
1733350 404
1733360 404
1733370 403
1733380 403
1733390 403
1733400 402
1733410 402
1733420 402
1733430 402
1733440 402
1733450 401
1733460 401
1733470 401
1733480 400
1733490 400
1733500 400
1733510 400
1733520 399
1733530 399
1733540 399
1733550 399
1733560 399
1733570 398
1733580 398
1733590 398
1733600 398
1733610 398
1733620 398
1733630 398
1733640 398
1733650 398
1733660 398
1733670 398
1733680 398
1733690 398
1733700 397
1733710 397
1733720 397
1733730 397
1733740 397
1733750 396
1733760 396
1733770 396
1733780 396
1733790 396
1733800 396
1733810 396
1733820 396
1733830 396
1733840 395
1733850 395
1733860 395
1733870 395
1733880 395
1733890 395
1733900 395
1733910 395
1733920 395
1733930 395
1733940 395
1733950 395
1733960 394
1733970 394
1733980 394
1733990 393
1734000 393
1734010 393
1734020 393
1734030 394
1734040 394
1734050 394
1734060 394
1734070 395
1734080 395
1734090 395
1734100 396
1734110 396
1734120 396
1734130 397
1734140 397
1734150 397
1734160 398
1734170 398
1734180 398
1734190 398
1734200 398
1734210 398
1734220 398
1734230 399
1734240 399
1734250 399
1734260 400
1734270 400
1734280 400
1734290 400
1734300 400
1734310 400
1734320 400
1734330 400
1734340 400
1734350 400
1734360 400
1734370 401
1734380 401
1734390 401
1734400 401
1734410 402
1734420 402
1734430 402
1734440 403
1734450 403
1734460 403
1734470 404
1734480 404
1734490 405
1734500 405
1734510 406
1734520 406
1734530 407
1734540 408
1734550 408
1734560 409
1734570 411
1734580 413
1734590 416
1734600 418
1734610 420
1734620 422
1734630 423
1734640 424
1734650 425
1734660 425
1734670 425
1734680 425
1734690 426
1734700 426
1734710 427
1734720 427
1734730 428
1734740 428
1734750 429
1734760 429
1734770 430
1734780 430
1734790 430
1734800 430
1734810 430
1734820 430
1734830 430
1734840 430
1734850 430
1734860 429
1734870 428
1734880 428
1734890 427
1734900 427
1734910 427
1734920 427
1734930 427
1734940 427
1734950 427
1734960 426
1734970 426
1734980 426
1734990 425
1735000 425
1735010 424
1735020 425
1735030 425
1735040 425
1735050 426
1735060 426
1735070 426
1735080 426
1735090 426
1735100 426
1735110 425
1735120 425
1735130 425
1735140 425
1735150 425
1735160 425
1735170 425
1735180 425
1735190 425
1735200 425
1735210 425
1735220 425
1735230 425
1735240 425
1735250 425
1735260 425
1735270 425
1735280 425
1735290 425
1735300 424
1735310 424
1735320 423
1735330 423
1735340 422
1735350 422
1735360 422
1735370 422
1735380 422
1735390 422
1735400 421
1735410 421
1735420 420
1735430 420
1735440 419
1735450 419
1735460 418
1735470 418
1735480 417
1735490 417
1735500 416
1735510 416
1735520 415
1735530 415
1735540 414
1735550 414
1735560 413
1735570 412
1735580 412
1735590 411
1735600 411
1735610 410
1735620 410
1735630 409
1735640 409
1735650 409
1735660 409
1735670 409
1735680 409
1735690 409
1735700 409
1735710 409
1735720 409
1735730 409
1735740 409
1735750 409
1735760 409
1735770 409
1735780 409
1735790 409
1735800 409
1735810 409
1735820 409
1735830 409
1735840 409
1735850 409
1735860 409
1735870 409
1735880 409
1735890 410
1735900 410
1735910 410
1735920 410
1735930 410
1735940 410
1735950 410
1735960 411
1735970 411
1735980 411
1735990 411
1736000 411
1736010 411
1736020 411
1736030 411
1736040 410
1736050 410
1736060 410
1736070 410
1736080 410
1736090 410
1736100 409
1736110 409
1736120 409
1736130 409
1736140 408
1736150 408
1736160 408
1736170 408
1736180 407
1736190 407
1736200 407
1736210 407
1736220 406
1736230 406
1736240 406
1736250 405
1736260 405
1736270 405
1736280 404
1736290 404
1736300 404
1736310 403
1736320 403
1736330 403
1736340 402
1736350 402
1736360 401
1736370 401
1736380 400
1736390 400
1736400 400
1736410 399
1736420 399
1736430 399
1736440 398
1736450 398
1736460 398
1736470 397
1736480 397
1736490 397
1736500 396
1736510 396
1736520 396
1736530 395
1736540 395
1736550 394
1736560 394
1736570 393
1736580 393
1736590 393
1736600 392
1736610 392
1736620 391
1736630 391
1736640 391
1736650 390
1736660 390
1736670 390
1736680 389
1736690 389
1736700 388
1736710 387
1736720 386
1736730 385
1736740 384
1736750 383
1736760 383
1736770 382
1736780 381
1736790 381
1736800 380
1736810 379
1736820 379
1736830 378
1736840 378
1736850 378
1736860 377
1736870 377
1736880 376
1736890 375
1736900 374
1736910 373
1736920 372
1736930 371
1736940 371
1736950 370
1736960 370
1736970 369
1736980 368
1736990 368
1737000 367
1737010 367
1737020 366
1737030 365
1737040 365
1737050 364
1737060 363
1737070 361
1737080 361
1737090 360
1737100 359
1737110 359
1737120 358
1737130 358
1737140 356
1737150 355
1737160 354
1737170 354
1737180 353
1737190 352
1737200 351
1737210 351
1737220 350
1737230 349
1737240 348
1737250 347
1737260 346
1737270 346
1737280 345
1737290 344
1737300 343
1737310 343
1737320 343
1737330 342
1737340 342
1737350 340
1737360 339
1737370 339
1737380 338
1737390 338
1737400 337
1737410 337
1737420 336
1737430 336
1737440 335
1737450 335
1737460 334
1737470 334
1737480 333
1737490 333
1737500 332
1737510 332
1737520 332
1737530 331
1737540 331
1737550 331
1737560 330
1737570 330
1737580 330
1737590 329
1737600 329
1737610 329
1737620 328
1737630 328
1737640 328
1737650 328
1737660 327
1737670 327
1737680 327
1737690 326
1737700 326
1737710 326
1737720 325
1737730 325
1737740 325
1737750 325
1737760 325
1737770 325
1737780 324
1737790 323
1737800 323
1737810 323
1737820 322
1737830 322
1737840 322
1737850 322
1737860 322
1737870 321
1737880 321
1737890 321
1737900 320
1737910 320
1737920 319
1737930 319
1737940 319
1737950 319
1737960 318
1737970 318
1737980 318
1737990 318
1738000 317
1738010 317
1738020 317
1738030 317
1738040 316
1738050 316
1738060 316
1738070 315
1738080 315
1738090 315
1738100 315
1738110 315
1738120 315
1738130 315
1738140 314
1738150 314
1738160 314
1738170 314
1738180 314
1738190 314
1738200 313
1738210 313
1738220 313
1738230 312
1738240 312
1738250 312
1738260 311
1738270 311
1738280 311
1738290 310
1738300 310
1738310 310
1738320 310
1738330 310
1738340 309
1738350 309
1738360 309
1738370 309
1738380 309
1738390 308
1738400 308
1738410 308
1738420 307
1738430 307
1738440 307
1738450 307
1738460 307
1738470 307
1738480 306
1738490 306
1738500 307
1738510 307
1738520 307
1738530 306
1738540 306
1738550 305
1738560 305
1738570 304
1738580 303
1738590 303
1738600 303
1738610 303
1738620 302
1738630 302
1738640 302
1738650 302
1738660 302
1738670 302
1738680 302
1738690 302
1738700 301
1738710 301
1738720 301
1738730 301
1738740 301
1738750 301
1738760 300
1738770 300
1738780 300
1738790 300
1738800 300
1738810 300
1738820 300
1738830 299
1738840 299
1738850 299
1738860 299
1738870 299
1738880 299
1738890 299
1738900 299
1738910 299
1738920 298
1738930 298
1738940 298
1738950 298
1738960 298
1738970 298
1738980 298
1738990 297
1739000 297
1739010 297
1739020 297
1739030 297
1739040 297
1739050 297
1739060 296
1739070 296
1739080 296
1739090 296
1739100 296
1739110 296
1739120 296
1739130 296
1739140 296
1739150 296
1739160 296
1739170 296
1739180 295
1739190 295
1739200 295
1739210 295
1739220 294
1739230 294
1739240 294
1739250 294
1739260 294
1739270 294
1739280 293
1739290 293
1739300 293
1739310 292
1739320 292
1739330 292
1739340 292
1739350 292
1739360 292
1739370 291
1739380 291
1739390 291
1739400 291
1739410 291
1739420 291
1739430 291
1739440 290
1739450 290
1739460 290
1739470 290
1739480 290
1739490 290
1739500 289
1739510 289
1739520 289
1739530 289
1739540 289
1739550 289
1739560 289
1739570 288
1739580 288
1739590 288
1739600 288
1739610 288
1739620 288
1739630 288
1739640 288
1739650 287
1739660 287
1739670 287
1739680 287
1739690 287
1739700 287
1739710 287
1739720 287
1739730 286
1739740 286
1739750 286
1739760 286
1739770 286
1739780 286
1739790 286
1739800 286
1739810 286
1739820 285
1739830 285
1739840 285
1739850 285
1739860 285
1739870 285
1739880 285
1739890 284
1739900 284
1739910 284
1739920 284
1739930 284
1739940 284
1739950 284
1739960 284
1739970 284
1739980 283
1739990 283
