1720000 422
1720010 426
1720020 429
1720030 432
1720040 435
1720050 437
1720060 439
1720070 440
1720080 441
1720090 443
1720100 446
1720110 449
1720120 452
1720130 455
1720140 459
1720150 462
1720160 465
1720170 468
1720180 471
1720190 474
1720200 477
1720210 480
1720220 483
1720230 485
1720240 487
1720250 487
1720260 486
1720270 486
1720280 484
1720290 483
1720300 482
1720310 480
1720320 477
1720330 475
1720340 474
1720350 472
1720360 471
1720370 470
1720380 468
1720390 468
1720400 468
1720410 468
1720420 468
1720430 468
1720440 468
1720450 468
1720460 468
1720470 468
1720480 468
1720490 468
1720500 468
1720510 469
1720520 469
1720530 470
1720540 471
1720550 473
1720560 474
1720570 475
1720580 476
1720590 478
1720600 479
1720610 480
1720620 482
1720630 483
1720640 484
1720650 485
1720660 487
1720670 489
1720680 490
1720690 492
1720700 493
1720710 495
1720720 497
1720730 499
1720740 501
1720750 503
1720760 505
1720770 507
1720780 509
1720790 510
1720800 510
1720810 511
1720820 512
1720830 513
1720840 514
1720850 516
1720860 517
1720870 519
1720880 521
1720890 522
1720900 523
1720910 524
1720920 525
1720930 525
1720940 526
1720950 526
1720960 526
1720970 526
1720980 526
1720990 526
1721000 526
1721010 525
1721020 525
1721030 525
1721040 525
1721050 525
1721060 525
1721070 525
1721080 525
1721090 526
1721100 526
1721110 526
1721120 526
1721130 526
1721140 525
1721150 525
1721160 525
1721170 525
1721180 524
1721190 524
1721200 524
1721210 523
1721220 523
1721230 523
1721240 522
1721250 522
1721260 522
1721270 522
1721280 522
1721290 522
1721300 522
1721310 521
1721320 521
1721330 521
1721340 521
1721350 521
1721360 520
1721370 520
1721380 520
1721390 520
1721400 520
1721410 519
1721420 519
1721430 519
1721440 519
1721450 519
1721460 519
1721470 519
1721480 519
1721490 519
1721500 519
1721510 519
1721520 519
1721530 518
1721540 518
1721550 518
1721560 518
1721570 518
1721580 518
1721590 518
1721600 517
1721610 517
1721620 517
1721630 517
1721640 516
1721650 516
1721660 516
1721670 516
1721680 516
1721690 515
1721700 515
1721710 515
1721720 514
1721730 514
1721740 514
1721750 513
1721760 513
1721770 513
1721780 512
1721790 512
1721800 511
1721810 511
1721820 511
1721830 511
1721840 510
1721850 510
1721860 510
1721870 509
1721880 509
1721890 508
1721900 508
1721910 508
1721920 507
1721930 506
1721940 506
1721950 505
1721960 505
1721970 505
1721980 504
1721990 504
1722000 503
1722010 503
1722020 502
1722030 502
1722040 501
1722050 501
1722060 501
1722070 500
1722080 500
1722090 499
1722100 499
1722110 498
1722120 498
1722130 497
1722140 497
1722150 497
1722160 496
1722170 496
1722180 495
1722190 495
1722200 495
1722210 494
1722220 494
1722230 493
1722240 493
1722250 493
1722260 493
1722270 492
1722280 492
1722290 492
1722300 491
1722310 491
1722320 490
1722330 490
1722340 491
1722350 491
1722360 491
1722370 491
1722380 491
1722390 491
1722400 491
1722410 491
1722420 491
1722430 491
1722440 491
1722450 491
1722460 491
1722470 492
1722480 492
1722490 493
1722500 494
1722510 495
1722520 496
1722530 497
1722540 498
1722550 499
1722560 500
1722570 501
1722580 502
1722590 502
1722600 503
1722610 504
1722620 504
1722630 505
1722640 506
1722650 507
1722660 507
1722670 508
1722680 508
1722690 509
1722700 509
1722710 510
1722720 510
1722730 511
1722740 511
1722750 511
1722760 512
1722770 512
1722780 512
1722790 513
1722800 513
1722810 513
1722820 514
1722830 514
1722840 514
1722850 514
1722860 514
1722870 514
1722880 514
1722890 514
1722900 514
1722910 514
1722920 514
1722930 514
1722940 514
1722950 514
1722960 514
1722970 514
1722980 514
1722990 514
1723000 514
1723010 514
1723020 514
1723030 514
1723040 514
1723050 515
1723060 514
1723070 514
1723080 515
1723090 515
1723100 515
1723110 515
1723120 515
1723130 515
1723140 515
1723150 515
1723160 515
1723170 515
1723180 515
1723190 515
1723200 515
1723210 515
1723220 515
1723230 515
1723240 515
1723250 516
1723260 516
1723270 516
1723280 516
1723290 516
1723300 516
1723310 516
1723320 516
1723330 515
1723340 515
1723350 516
1723360 516
1723370 516
1723380 516
1723390 516
1723400 516
1723410 515
1723420 515
1723430 515
1723440 515
1723450 515
1723460 515
1723470 515
1723480 515
1723490 515
1723500 515
1723510 515
1723520 515
1723530 515
1723540 515
1723550 515
1723560 514
1723570 514
1723580 514
1723590 514
1723600 514
1723610 514
1723620 514
1723630 514
1723640 514
1723650 514
1723660 514
1723670 514
1723680 514
1723690 514
1723700 513
1723710 513
1723720 513
1723730 513
1723740 513
1723750 513
1723760 513
1723770 513
1723780 513
1723790 513
1723800 513
1723810 512
1723820 512
1723830 512
1723840 512
1723850 512
1723860 512
1723870 512
1723880 512
1723890 512
1723900 511
1723910 511
1723920 511
1723930 511
1723940 511
1723950 511
1723960 511
1723970 511
1723980 511
1723990 511
1724000 511
1724010 511
1724020 510
1724030 510
1724040 511
1724050 511
1724060 511
1724070 511
1724080 511
1724090 511
1724100 511
1724110 511
1724120 512
1724130 512
1724140 513
1724150 514
1724160 514
1724170 515
1724180 515
1724190 516
1724200 516
1724210 517
1724220 518
1724230 518
1724240 519
1724250 519
1724260 520
1724270 520
1724280 520
1724290 521
1724300 521
1724310 522
1724320 522
1724330 523
1724340 523
1724350 523
1724360 524
1724370 524
1724380 525
1724390 525
1724400 526
1724410 526
1724420 527
1724430 527
1724440 528
1724450 528
1724460 529
1724470 529
1724480 530
1724490 530
1724500 530
1724510 531
1724520 531
1724530 532
1724540 532
1724550 532
1724560 532
1724570 533
1724580 533
1724590 533
1724600 534
1724610 534
1724620 534
1724630 535
1724640 535
1724650 535
1724660 536
1724670 536
1724680 536
1724690 536
1724700 537
1724710 537
1724720 537
1724730 537
1724740 537
1724750 537
1724760 537
1724770 537
1724780 537
1724790 537
1724800 537
1724810 537
1724820 537
1724830 537
1724840 538
1724850 538
1724860 538
1724870 538
1724880 538
1724890 538
1724900 538
1724910 538
1724920 538
1724930 538
1724940 538
1724950 538
1724960 538
1724970 538
1724980 538
1724990 538
1725000 538
1725010 538
1725020 539
1725030 539
1725040 539
1725050 539
1725060 539
1725070 539
1725080 539
1725090 539
1725100 539
1725110 540
1725120 540
1725130 540
1725140 540
1725150 541
1725160 541
1725170 541
1725180 541
1725190 541
1725200 541
1725210 541
1725220 542
1725230 542
1725240 542
1725250 542
1725260 542
1725270 542
1725280 542
1725290 543
1725300 543
1725310 543
1725320 543
1725330 543
1725340 543
1725350 543
1725360 543
1725370 543
1725380 543
1725390 543
1725400 543
1725410 543
1725420 543
1725430 543
1725440 543
1725450 543
1725460 543
1725470 543
1725480 543
1725490 543
1725500 543
1725510 543
1725520 543
1725530 543
1725540 543
1725550 543
1725560 543
1725570 543
1725580 543
1725590 543
1725600 543
1725610 543
1725620 542
1725630 542
1725640 542
1725650 542
1725660 542
1725670 542
1725680 542
1725690 542
1725700 543
1725710 543
1725720 543
1725730 543
1725740 543
1725750 543
1725760 543
1725770 543
1725780 543
1725790 543
1725800 542
1725810 542
1725820 542
1725830 542
1725840 542
1725850 542
1725860 542
1725870 542
1725880 542
1725890 542
1725900 542
1725910 542
1725920 542
1725930 542
1725940 542
1725950 542
1725960 542
1725970 542
1725980 542
1725990 542
1726000 542
1726010 542
1726020 542
1726030 541
1726040 541
1726050 541
1726060 541
1726070 541
1726080 541
1726090 541
1726100 541
1726110 540
1726120 540
1726130 540
1726140 540
1726150 540
1726160 540
1726170 540
1726180 540
1726190 540
1726200 540
1726210 540
1726220 540
1726230 540
1726240 540
1726250 541
1726260 541
1726270 541
1726280 541
1726290 541
1726300 541
1726310 541
1726320 541
1726330 542
1726340 542
1726350 542
1726360 542
1726370 542
1726380 542
1726390 542
1726400 541
1726410 541
1726420 541
1726430 541
1726440 541
1726450 541
1726460 541
1726470 541
1726480 541
1726490 541
1726500 541
1726510 541
1726520 541
1726530 541
1726540 541
1726550 541
1726560 541
1726570 541
1726580 541
1726590 541
1726600 541
1726610 541
1726620 540
1726630 540
1726640 540
1726650 540
1726660 540
1726670 540
1726680 540
1726690 540
1726700 540
1726710 540
1726720 539
1726730 539
1726740 539
1726750 539
1726760 539
1726770 539
1726780 538
1726790 538
1726800 537
1726810 537
1726820 538
1726830 538
1726840 539
1726850 539
1726860 539
1726870 539
1726880 539
1726890 539
1726900 539
1726910 539
1726920 539
1726930 539
1726940 539
1726950 539
1726960 539
1726970 539
1726980 540
1726990 540
1727000 540
1727010 540
1727020 540
1727030 540
1727040 540
1727050 541
1727060 541
1727070 541
1727080 541
1727090 541
1727100 541
1727110 541
1727120 541
1727130 541
1727140 541
1727150 541
1727160 541
1727170 541
1727180 541
1727190 541
1727200 541
1727210 542
1727220 542
1727230 542
1727240 542
1727250 542
1727260 543
1727270 543
1727280 543
1727290 544
1727300 544
1727310 544
1727320 545
1727330 545
1727340 545
1727350 545
1727360 546
1727370 546
1727380 547
1727390 547
1727400 547
1727410 547
1727420 548
1727430 548
1727440 548
1727450 549
1727460 549
1727470 549
1727480 550
1727490 550
1727500 551
1727510 551
1727520 551
1727530 552
1727540 552
1727550 552
1727560 553
1727570 553
1727580 553
1727590 553
1727600 554
1727610 554
1727620 554
1727630 554
1727640 554
1727650 555
1727660 555
1727670 555
1727680 555
1727690 555
1727700 556
1727710 556
1727720 556
1727730 556
1727740 556
1727750 556
1727760 557
1727770 557
1727780 557
1727790 557
1727800 557
1727810 557
1727820 557
1727830 557
1727840 557
1727850 557
1727860 557
1727870 557
1727880 557
1727890 557
1727900 557
1727910 557
1727920 557
1727930 557
1727940 557
1727950 557
1727960 557
1727970 557
1727980 557
1727990 557
1728000 557
1728010 557
1728020 557
1728030 557
1728040 557
1728050 557
1728060 557
1728070 557
1728080 557
1728090 557
1728100 557
1728110 557
1728120 557
1728130 557
1728140 557
1728150 557
1728160 557
1728170 558
1728180 558
1728190 558
1728200 558
1728210 558
1728220 558
1728230 558
1728240 558
1728250 558
1728260 558
1728270 558
1728280 558
1728290 558
1728300 558
1728310 558
1728320 558
1728330 558
1728340 558
1728350 558
1728360 557
1728370 557
1728380 557
1728390 557
1728400 557
1728410 557
1728420 557
1728430 556
1728440 556
1728450 556
1728460 556
1728470 556
1728480 556
1728490 556
1728500 555
1728510 555
1728520 555
1728530 555
1728540 555
1728550 555
1728560 555
1728570 554
1728580 554
1728590 554
1728600 553
1728610 553
1728620 553
1728630 552
1728640 552
1728650 551
1728660 551
1728670 551
1728680 550
1728690 550
1728700 550
1728710 549
1728720 549
1728730 548
1728740 548
1728750 548
1728760 547
1728770 547
1728780 547
1728790 546
1728800 546
1728810 546
1728820 546
1728830 546
1728840 546
1728850 545
1728860 545
1728870 545
1728880 545
1728890 545
1728900 544
1728910 544
1728920 544
1728930 544
1728940 544
1728950 544
1728960 544
1728970 544
1728980 544
1728990 544
1729000 543
1729010 543
1729020 542
1729030 542
1729040 542
1729050 541
1729060 541
1729070 540
1729080 539
1729090 539
1729100 538
1729110 538
1729120 537
1729130 537
1729140 536
1729150 535
1729160 535
1729170 534
1729180 533
1729190 533
1729200 532
1729210 531
1729220 531
1729230 530
1729240 529
1729250 528
1729260 528
1729270 527
1729280 526
1729290 525
1729300 525
1729310 524
1729320 524
1729330 523
1729340 522
1729350 522
1729360 521
1729370 520
1729380 520
1729390 519
1729400 518
1729410 518
1729420 517
1729430 516
1729440 516
1729450 515
1729460 515
1729470 514
1729480 514
1729490 513
1729500 513
1729510 512
1729520 512
1729530 511
1729540 511
1729550 511
1729560 510
1729570 510
1729580 510
1729590 509
1729600 509
1729610 509
1729620 508
1729630 508
1729640 508
1729650 508
1729660 507
1729670 507
1729680 506
1729690 506
1729700 506
1729710 506
1729720 505
1729730 505
1729740 505
1729750 504
1729760 504
1729770 504
1729780 503
1729790 503
1729800 503
1729810 502
1729820 502
1729830 502
1729840 501
1729850 501
1729860 501
1729870 500
1729880 500
1729890 500
1729900 500
1729910 500
1729920 500
1729930 500
1729940 499
1729950 499
1729960 499
1729970 499
1729980 499
1729990 499
1730000 499
1730010 499
1730020 499
1730030 499
1730040 499
1730050 499
1730060 499
1730070 499
1730080 499
1730090 499
1730100 499
1730110 499
1730120 498
1730130 498
1730140 498
1730150 498
1730160 498
1730170 497
1730180 497
1730190 496
1730200 496
1730210 495
1730220 495
1730230 494
1730240 494
1730250 493
1730260 492
1730270 492
1730280 492
1730290 491
1730300 491
1730310 490
1730320 490
1730330 490
1730340 489
1730350 489
1730360 488
1730370 488
1730380 488
1730390 487
1730400 487
1730410 487
1730420 486
1730430 486
1730440 486
1730450 485
1730460 485
1730470 485
1730480 484
1730490 484
1730500 484
1730510 483
1730520 483
1730530 482
1730540 482
1730550 482
1730560 481
1730570 481
1730580 481
1730590 480
1730600 480
1730610 479
1730620 479
1730630 478
1730640 477
1730650 477
1730660 476
1730670 476
1730680 475
1730690 475
1730700 474
1730710 474
1730720 473
1730730 472
1730740 472
1730750 471
1730760 470
1730770 469
1730780 468
1730790 467
1730800 466
1730810 466
1730820 465
1730830 464
1730840 463
1730850 462
1730860 461
1730870 460
1730880 459
1730890 458
1730900 457
1730910 456
1730920 456
1730930 455
1730940 455
1730950 454
1730960 454
1730970 453
1730980 453
1730990 453
1731000 453
1731010 452
1731020 452
1731030 452
1731040 452
1731050 451
1731060 451
1731070 451
1731080 450
1731090 450
1731100 450
1731110 449
1731120 449
1731130 448
1731140 448
1731150 447
1731160 447
1731170 447
1731180 446
1731190 446
1731200 445
1731210 445
1731220 444
1731230 444
1731240 443
1731250 443
1731260 442
1731270 442
1731280 442
1731290 441
1731300 441
1731310 441
1731320 441
1731330 440
1731340 440
1731350 440
1731360 440
1731370 440
1731380 440
1731390 439
1731400 439
1731410 438
1731420 437
1731430 436
1731440 435
1731450 434
1731460 433
1731470 431
1731480 430
1731490 429
1731500 427
1731510 425
1731520 423
1731530 421
1731540 418
1731550 415
1731560 412
1731570 409
1731580 406
1731590 403
1731600 401
1731610 398
1731620 396
1731630 394
1731640 392
1731650 390
1731660 388
1731670 386
1731680 384
1731690 383
1731700 381
1731710 380
1731720 378
1731730 377
1731740 375
1731750 374
1731760 373
1731770 372
1731780 371
1731790 370
1731800 368
1731810 365
1731820 362
1731830 361
1731840 361
1731850 361
1731860 361
1731870 362
1731880 363
1731890 365
1731900 369
1731910 373
1731920 377
1731930 381
1731940 383
1731950 385
1731960 387
1731970 388
1731980 389
1731990 390
1732000 390
1732010 391
1732020 391
1732030 392
1732040 392
1732050 392
1732060 392
1732070 392
1732080 392
1732090 392
1732100 392
1732110 392
1732120 392
1732130 392
1732140 392
1732150 392
1732160 392
1732170 392
1732180 392
1732190 392
1732200 392
1732210 392
1732220 391
1732230 391
1732240 391
1732250 391
1732260 390
1732270 390
1732280 390
1732290 390
1732300 389
1732310 389
1732320 389
1732330 389
1732340 388
1732350 388
1732360 388
1732370 387
1732380 387
1732390 387
1732400 386
1732410 386
1732420 385
1732430 385
1732440 385
1732450 384
1732460 384
1732470 384
1732480 384
1732490 383
1732500 383
1732510 382
1732520 382
1732530 382
1732540 382
1732550 382
1732560 382
1732570 383
1732580 383
1732590 383
1732600 383
1732610 383
1732620 383
1732630 383
1732640 383
1732650 383
1732660 383
1732670 382
1732680 382
1732690 382
1732700 382
1732710 381
1732720 381
1732730 381
1732740 381
1732750 380
1732760 380
1732770 380
1732780 380
1732790 380
1732800 379
1732810 379
1732820 379
1732830 379
1732840 379
1732850 379
1732860 379
1732870 379
1732880 379
1732890 379
1732900 379
1732910 379
1732920 379
1732930 378
1732940 378
1732950 378
1732960 378
1732970 378
1732980 377
1732990 377
1733000 377
1733010 376
1733020 376
1733030 375
1733040 375
1733050 374
1733060 374
1733070 374
1733080 373
1733090 373
1733100 372
1733110 372
1733120 371
1733130 371
1733140 370
1733150 370
1733160 369
1733170 368
1733180 368
1733190 367
1733200 367
1733210 366
1733220 366
1733230 365
1733240 364
1733250 364
1733260 363
1733270 363
1733280 362
1733290 362
1733300 361
1733310 361
1733320 360
1733330 360
1733340 359
1733350 359
1733360 359
1733370 358
1733380 358
1733390 357
1733400 357
1733410 357
1733420 356
1733430 356
1733440 356
1733450 355
1733460 355
1733470 354
1733480 354
1733490 353
1733500 353
1733510 352
1733520 352
1733530 351
1733540 351
1733550 350
1733560 350
1733570 349
1733580 349
1733590 348
1733600 348
1733610 347
1733620 347
1733630 346
1733640 346
1733650 345
1733660 344
1733670 344
1733680 343
1733690 343
1733700 342
1733710 342
1733720 341
1733730 340
1733740 340
1733750 339
1733760 339
1733770 338
1733780 338
1733790 337
1733800 337
1733810 336
1733820 335
1733830 335
1733840 334
1733850 334
1733860 333
1733870 333
1733880 333
1733890 332
1733900 332
1733910 331
1733920 331
1733930 330
1733940 330
1733950 330
1733960 329
1733970 329
1733980 328
1733990 327
1734000 327
1734010 326
1734020 326
1734030 325
1734040 325
1734050 325
1734060 325
1734070 324
1734080 324
1734090 323
1734100 323
1734110 323
1734120 323
1734130 322
1734140 322
1734150 322
1734160 322
1734170 322
1734180 321
1734190 321
1734200 320
1734210 319
1734220 319
1734230 318
1734240 318
1734250 318
1734260 317
1734270 317
1734280 317
1734290 317
1734300 316
1734310 316
1734320 316
1734330 316
1734340 315
1734350 315
1734360 314
1734370 314
1734380 314
1734390 313
1734400 313
1734410 313
1734420 312
1734430 312
1734440 312
1734450 312
1734460 311
1734470 311
1734480 311
1734490 310
1734500 310
1734510 310
1734520 309
1734530 309
1734540 309
1734550 309
1734560 308
1734570 308
1734580 308
1734590 308
1734600 307
1734610 307
1734620 307
1734630 307
1734640 306
1734650 306
1734660 306
1734670 305
1734680 305
1734690 305
1734700 305
1734710 305
1734720 304
1734730 304
1734740 304
1734750 304
1734760 304
1734770 304
1734780 303
1734790 303
1734800 302
1734810 302
1734820 302
1734830 302
1734840 302
1734850 301
1734860 301
1734870 301
1734880 301
1734890 301
1734900 301
1734910 301
1734920 301
1734930 301
1734940 300
1734950 300
1734960 300
1734970 300
1734980 300
1734990 300
1735000 300
1735010 300
1735020 299
1735030 299
1735040 299
1735050 299
1735060 299
1735070 299
1735080 298
1735090 298
1735100 298
1735110 298
1735120 298
1735130 298
1735140 298
1735150 297
1735160 297
1735170 297
1735180 297
1735190 297
1735200 297
1735210 297
1735220 297
1735230 297
1735240 297
1735250 297
1735260 297
1735270 296
1735280 296
1735290 296
1735300 296
1735310 296
1735320 296
1735330 296
1735340 296
1735350 295
1735360 295
1735370 295
1735380 295
1735390 295
1735400 295
1735410 295
1735420 295
1735430 295
1735440 295
1735450 295
1735460 295
1735470 295
1735480 295
1735490 295
1735500 294
1735510 294
1735520 294
1735530 294
1735540 294
1735550 294
1735560 294
1735570 294
1735580 294
1735590 294
1735600 294
1735610 294
1735620 294
1735630 294
1735640 294
1735650 294
1735660 294
1735670 294
1735680 293
1735690 293
1735700 293
1735710 293
1735720 293
1735730 293
1735740 293
1735750 293
1735760 293
1735770 293
1735780 293
1735790 293
1735800 293
1735810 293
1735820 293
1735830 293
1735840 293
1735850 293
1735860 293
1735870 293
1735880 293
1735890 293
1735900 293
1735910 293
1735920 292
1735930 292
1735940 292
1735950 292
1735960 292
1735970 292
1735980 292
1735990 292
1736000 292
1736010 292
1736020 292
1736030 292
1736040 292
1736050 292
1736060 292
1736070 292
1736080 292
1736090 291
1736100 291
1736110 291
1736120 291
1736130 291
1736140 291
1736150 291
1736160 291
1736170 291
1736180 291
1736190 291
1736200 291
1736210 291
1736220 291
1736230 291
1736240 291
1736250 291
1736260 290
1736270 290
1736280 290
1736290 290
1736300 290
1736310 290
1736320 290
1736330 290
1736340 290
1736350 290
1736360 290
1736370 289
1736380 289
1736390 289
1736400 289
1736410 289
1736420 289
1736430 289
1736440 289
1736450 289
1736460 289
1736470 289
1736480 289
1736490 289
1736500 289
1736510 289
1736520 289
1736530 289
1736540 289
1736550 289
1736560 289
1736570 289
1736580 289
1736590 289
1736600 288
1736610 288
1736620 288
1736630 288
1736640 288
1736650 288
1736660 288
1736670 288
1736680 288
1736690 288
1736700 288
1736710 287
1736720 287
1736730 287
1736740 287
1736750 287
1736760 287
1736770 287
1736780 287
1736790 287
1736800 287
1736810 287
1736820 287
1736830 287
1736840 287
1736850 287
1736860 287
1736870 288
1736880 288
1736890 288
1736900 288
1736910 288
1736920 288
1736930 288
1736940 288
1736950 288
1736960 288
1736970 287
1736980 287
1736990 287
1737000 287
1737010 287
1737020 287
1737030 287
1737040 287
1737050 287
1737060 287
1737070 287
1737080 287
1737090 287
1737100 287
1737110 287
1737120 287
1737130 287
1737140 287
1737150 287
1737160 287
1737170 287
1737180 287
1737190 287
1737200 287
1737210 287
1737220 287
1737230 287
1737240 287
1737250 287
1737260 287
1737270 287
1737280 287
1737290 287
1737300 287
1737310 287
1737320 287
1737330 287
1737340 287
1737350 287
1737360 287
1737370 287
1737380 287
1737390 287
1737400 287
1737410 288
1737420 288
1737430 288
1737440 288
1737450 288
1737460 288
1737470 288
1737480 288
1737490 288
1737500 288
1737510 288
1737520 288
1737530 288
1737540 288
1737550 288
1737560 288
1737570 288
1737580 288
1737590 288
1737600 288
1737610 289
1737620 289
1737630 289
1737640 289
1737650 289
1737660 289
1737670 289
1737680 289
1737690 290
1737700 290
1737710 290
1737720 290
1737730 290
1737740 290
1737750 290
1737760 290
1737770 290
1737780 290
1737790 290
1737800 290
1737810 290
1737820 290
1737830 290
1737840 290
1737850 291
1737860 291
1737870 291
1737880 291
1737890 291
1737900 291
1737910 291
1737920 291
1737930 291
1737940 291
1737950 291
1737960 291
1737970 292
1737980 292
1737990 292
1738000 292
1738010 292
1738020 293
1738030 293
1738040 293
1738050 293
1738060 294
1738070 294
1738080 294
1738090 294
1738100 294
1738110 295
1738120 295
1738130 295
1738140 295
1738150 295
1738160 296
1738170 296
1738180 296
1738190 296
1738200 297
1738210 297
1738220 297
1738230 298
1738240 298
1738250 298
1738260 299
1738270 299
1738280 299
1738290 299
1738300 299
1738310 300
1738320 300
1738330 300
1738340 300
1738350 300
1738360 301
1738370 301
1738380 301
1738390 301
1738400 301
1738410 301
1738420 302
1738430 302
1738440 302
1738450 302
1738460 302
1738470 302
1738480 303
1738490 303
1738500 303
1738510 303
1738520 303
1738530 303
1738540 303
1738550 303
1738560 303
1738570 303
1738580 304
1738590 304
1738600 304
1738610 304
1738620 304
1738630 304
1738640 304
1738650 304
1738660 304
1738670 304
1738680 304
1738690 304
1738700 304
1738710 304
1738720 304
1738730 304
1738740 304
1738750 304
1738760 304
1738770 304
1738780 304
1738790 305
1738800 305
1738810 305
1738820 305
1738830 305
1738840 305
1738850 304
1738860 304
1738870 304
1738880 304
1738890 304
1738900 304
1738910 304
1738920 304
1738930 304
1738940 304
1738950 304
1738960 304
1738970 303
1738980 303
1738990 303
1739000 303
1739010 303
1739020 303
1739030 303
1739040 303
1739050 303
1739060 302
1739070 302
1739080 302
1739090 302
1739100 302
1739110 301
1739120 301
1739130 301
1739140 301
1739150 300
1739160 300
1739170 300
1739180 300
1739190 299
1739200 299
1739210 299
1739220 299
1739230 298
1739240 298
1739250 298
1739260 297
1739270 297
1739280 297
1739290 296
1739300 296
1739310 296
1739320 295
1739330 295
1739340 295
1739350 294
1739360 294
1739370 294
1739380 293
1739390 293
1739400 292
1739410 292
1739420 291
1739430 291
1739440 291
1739450 290
1739460 290
1739470 289
1739480 289
1739490 289
1739500 289
1739510 288
1739520 288
1739530 288
1739540 287
1739550 287
1739560 286
1739570 285
1739580 285
1739590 285
1739600 284
1739610 284
1739620 283
1739630 283
1739640 283
1739650 282
1739660 282
1739670 282
1739680 281
1739690 281
1739700 280
1739710 280
1739720 280
1739730 279
1739740 279
1739750 278
1739760 278
1739770 278
1739780 278
1739790 277
1739800 277
1739810 277
1739820 277
1739830 276
1739840 276
1739850 276
1739860 276
1739870 275
1739880 275
1739890 275
1739900 274
1739910 274
1739920 274
1739930 274
1739940 273
1739950 273
1739960 273
1739970 273
1739980 272
1739990 272
