1720000 199
1720010 199
1720020 199
1720030 199
1720040 199
1720050 199
1720060 199
1720070 199
1720080 199
1720090 199
1720100 199
1720110 199
1720120 199
1720130 199
1720140 199
1720150 199
1720160 199
1720170 199
1720180 199
1720190 199
1720200 199
1720210 199
1720220 199
1720230 199
1720240 199
1720250 199
1720260 200
1720270 200
1720280 201
1720290 203
1720300 205
1720310 206
1720320 208
1720330 213
1720340 219
1720350 228
1720360 235
1720370 241
1720380 245
1720390 250
1720400 256
1720410 262
1720420 269
1720430 275
1720440 280
1720450 284
1720460 287
1720470 289
1720480 289
1720490 288
1720500 289
1720510 292
1720520 295
1720530 300
1720540 304
1720550 309
1720560 314
1720570 318
1720580 321
1720590 321
1720600 321
1720610 321
1720620 322
1720630 323
1720640 325
1720650 326
1720660 329
1720670 332
1720680 336
1720690 340
1720700 345
1720710 350
1720720 354
1720730 359
1720740 363
1720750 367
1720760 372
1720770 376
1720780 381
1720790 385
1720800 390
1720810 394
1720820 398
1720830 403
1720840 407
1720850 411
1720860 415
1720870 418
1720880 421
1720890 424
1720900 426
1720910 428
1720920 430
1720930 433
1720940 435
1720950 436
1720960 435
1720970 433
1720980 431
1720990 430
1721000 428
1721010 427
1721020 426
1721030 426
1721040 425
1721050 425
1721060 425
1721070 425
1721080 425
1721090 425
1721100 425
1721110 425
1721120 425
1721130 426
1721140 428
1721150 429
1721160 430
1721170 432
1721180 433
1721190 435
1721200 437
1721210 439
1721220 442
1721230 445
1721240 448
1721250 452
1721260 455
1721270 458
1721280 462
1721290 466
1721300 470
1721310 474
1721320 476
1721330 478
1721340 478
1721350 478
1721360 479
1721370 480
1721380 482
1721390 485
1721400 488
1721410 490
1721420 491
1721430 489
1721440 487
1721450 485
1721460 484
1721470 483
1721480 481
1721490 480
1721500 479
1721510 479
1721520 478
1721530 477
1721540 477
1721550 476
1721560 476
1721570 475
1721580 476
1721590 476
1721600 476
1721610 476
1721620 476
1721630 476
1721640 477
1721650 477
1721660 477
1721670 477
1721680 477
1721690 478
1721700 479
1721710 480
1721720 481
1721730 482
1721740 483
1721750 484
1721760 485
1721770 486
1721780 487
1721790 487
1721800 489
1721810 491
1721820 493
1721830 495
1721840 497
1721850 500
1721860 502
1721870 504
1721880 507
1721890 509
1721900 511
1721910 513
1721920 516
1721930 518
1721940 522
1721950 525
1721960 529
1721970 533
1721980 537
1721990 541
1722000 544
1722010 548
1722020 552
1722030 556
1722040 560
1722050 565
1722060 569
1722070 573
1722080 578
1722090 583
1722100 588
1722110 593
1722120 597
1722130 602
1722140 607
1722150 612
1722160 617
1722170 623
1722180 629
1722190 635
1722200 640
1722210 644
1722220 649
1722230 653
1722240 657
1722250 661
1722260 664
1722270 666
1722280 668
1722290 668
1722300 667
1722310 665
1722320 663
1722330 661
1722340 658
1722350 656
1722360 653
1722370 650
1722380 647
1722390 645
1722400 642
1722410 640
1722420 638
1722430 636
1722440 635
1722450 633
1722460 632
1722470 630
1722480 629
1722490 628
1722500 627
1722510 626
1722520 625
1722530 624
1722540 623
1722550 622
1722560 620
1722570 619
1722580 617
1722590 616
1722600 614
1722610 612
1722620 611
1722630 609
1722640 607
1722650 605
1722660 603
1722670 602
1722680 600
1722690 598
1722700 597
1722710 596
1722720 594
1722730 593
1722740 591
1722750 590
1722760 588
1722770 588
1722780 587
1722790 586
1722800 585
1722810 584
1722820 583
1722830 582
1722840 581
1722850 580
1722860 578
1722870 577
1722880 576
1722890 575
1722900 573
1722910 572
1722920 571
1722930 570
1722940 569
1722950 568
1722960 566
1722970 565
1722980 563
1722990 561
1723000 559
1723010 557
1723020 555
1723030 553
1723040 551
1723050 549
1723060 547
1723070 546
1723080 545
1723090 544
1723100 543
1723110 543
1723120 542
1723130 542
1723140 541
1723150 540
1723160 539
1723170 538
1723180 537
1723190 536
1723200 535
1723210 534
1723220 533
1723230 532
1723240 531
1723250 530
1723260 529
1723270 528
1723280 527
1723290 525
1723300 524
1723310 523
1723320 521
1723330 520
1723340 519
1723350 517
1723360 515
1723370 513
1723380 511
1723390 509
1723400 506
1723410 503
1723420 500
1723430 497
1723440 494
1723450 491
1723460 487
1723470 484
1723480 481
1723490 478
1723500 475
1723510 472
1723520 469
1723530 466
1723540 464
1723550 461
1723560 458
1723570 454
1723580 451
1723590 448
1723600 447
1723610 447
1723620 447
1723630 449
1723640 451
1723650 453
1723660 456
1723670 458
1723680 460
1723690 463
1723700 465
1723710 467
1723720 469
1723730 472
1723740 474
1723750 476
1723760 478
1723770 480
1723780 482
1723790 483
1723800 485
1723810 487
1723820 489
1723830 490
1723840 491
1723850 491
1723860 491
1723870 490
1723880 490
1723890 491
1723900 492
1723910 492
1723920 492
1723930 492
1723940 492
1723950 492
1723960 491
1723970 492
1723980 492
1723990 491
1724000 491
1724010 491
1724020 491
1724030 491
1724040 490
1724050 489
1724060 489
1724070 488
1724080 488
1724090 488
1724100 488
1724110 488
1724120 488
1724130 488
1724140 488
1724150 488
1724160 489
1724170 490
1724180 490
1724190 491
1724200 491
1724210 490
1724220 490
1724230 490
1724240 490
1724250 491
1724260 492
1724270 492
1724280 493
1724290 494
1724300 495
1724310 496
1724320 496
1724330 497
1724340 497
1724350 497
1724360 498
1724370 498
1724380 499
1724390 499
1724400 499
1724410 499
1724420 498
1724430 497
1724440 495
1724450 492
1724460 489
1724470 485
1724480 483
1724490 481
1724500 479
1724510 479
1724520 479
1724530 480
1724540 481
1724550 483
1724560 484
1724570 486
1724580 487
1724590 488
1724600 489
1724610 490
1724620 490
1724630 491
1724640 492
1724650 493
1724660 493
1724670 494
1724680 494
1724690 495
1724700 495
1724710 496
1724720 496
1724730 496
1724740 496
1724750 497
1724760 497
1724770 497
1724780 497
1724790 498
1724800 498
1724810 498
1724820 498
1724830 498
1724840 498
1724850 499
1724860 499
1724870 499
1724880 499
1724890 499
1724900 499
1724910 499
1724920 499
1724930 498
1724940 498
1724950 498
1724960 498
1724970 499
1724980 498
1724990 498
1725000 498
1725010 498
1725020 498
1725030 498
1725040 499
1725050 499
1725060 499
1725070 499
1725080 500
1725090 500
1725100 499
1725110 499
1725120 499
1725130 498
1725140 498
1725150 498
1725160 498
1725170 498
1725180 498
1725190 498
1725200 498
1725210 498
1725220 499
1725230 499
1725240 499
1725250 499
1725260 499
1725270 499
1725280 500
1725290 500
1725300 500
1725310 501
1725320 501
1725330 501
1725340 500
1725350 500
1725360 500
1725370 499
1725380 499
1725390 499
1725400 499
1725410 499
1725420 499
1725430 499
1725440 499
1725450 499
1725460 499
1725470 499
1725480 499
1725490 499
1725500 499
1725510 499
1725520 499
1725530 499
1725540 498
1725550 498
1725560 497
1725570 497
1725580 496
1725590 495
1725600 495
1725610 494
1725620 494
1725630 493
1725640 493
1725650 492
1725660 491
1725670 491
1725680 490
1725690 490
1725700 489
1725710 489
1725720 488
1725730 488
1725740 488
1725750 487
1725760 487
1725770 486
1725780 485
1725790 485
1725800 484
1725810 483
1725820 483
1725830 484
1725840 485
1725850 486
1725860 487
1725870 488
1725880 488
1725890 488
1725900 489
1725910 489
1725920 490
1725930 491
1725940 492
1725950 493
1725960 493
1725970 493
1725980 493
1725990 493
1726000 493
1726010 492
1726020 492
1726030 492
1726040 492
1726050 491
1726060 491
1726070 491
1726080 492
1726090 492
1726100 491
1726110 490
1726120 490
1726130 489
1726140 488
1726150 487
1726160 486
1726170 485
1726180 483
1726190 482
1726200 480
1726210 479
1726220 477
1726230 475
1726240 473
1726250 470
1726260 467
1726270 464
1726280 460
1726290 456
1726300 452
1726310 448
1726320 445
1726330 442
1726340 439
1726350 436
1726360 433
1726370 430
1726380 427
1726390 425
1726400 423
1726410 420
1726420 418
1726430 416
1726440 414
1726450 412
1726460 410
1726470 408
1726480 406
1726490 404
1726500 402
1726510 400
1726520 398
1726530 397
1726540 394
1726550 391
1726560 388
1726570 385
1726580 382
1726590 382
1726600 383
1726610 385
1726620 388
1726630 392
1726640 394
1726650 396
1726660 396
1726670 396
1726680 395
1726690 394
1726700 392
1726710 390
1726720 388
1726730 387
1726740 385
1726750 383
1726760 381
1726770 380
1726780 379
1726790 378
1726800 377
1726810 376
1726820 375
1726830 375
1726840 375
1726850 376
1726860 376
1726870 377
1726880 378
1726890 379
1726900 381
1726910 383
1726920 385
1726930 387
1726940 388
1726950 386
1726960 385
1726970 382
1726980 379
1726990 376
1727000 373
1727010 370
1727020 368
1727030 365
1727040 365
1727050 366
1727060 366
1727070 364
1727080 362
1727090 359
1727100 357
1727110 354
1727120 353
1727130 351
1727140 350
1727150 349
1727160 348
1727170 347
1727180 347
1727190 347
1727200 348
1727210 348
1727220 348
1727230 346
1727240 343
1727250 339
1727260 334
1727270 329
1727280 324
1727290 319
1727300 315
1727310 310
1727320 305
1727330 300
1727340 294
1727350 289
1727360 285
1727370 280
1727380 277
1727390 273
1727400 270
1727410 269
1727420 268
1727430 269
1727440 271
1727450 273
1727460 277
1727470 280
1727480 284
1727490 290
1727500 297
1727510 305
1727520 312
1727530 318
1727540 323
1727550 328
1727560 333
1727570 338
1727580 341
1727590 344
1727600 346
1727610 348
1727620 350
1727630 352
1727640 353
1727650 355
1727660 357
1727670 358
1727680 360
1727690 361
1727700 363
1727710 364
1727720 366
1727730 367
1727740 368
1727750 370
1727760 371
1727770 372
1727780 373
1727790 374
1727800 375
1727810 376
1727820 376
1727830 377
1727840 378
1727850 378
1727860 378
1727870 378
1727880 377
1727890 376
1727900 374
1727910 374
1727920 373
1727930 373
1727940 372
1727950 370
1727960 369
1727970 367
1727980 365
1727990 364
1728000 363
1728010 362
1728020 362
1728030 362
1728040 362
1728050 364
1728060 365
1728070 368
1728080 370
1728090 372
1728100 374
1728110 376
1728120 378
1728130 379
1728140 381
1728150 383
1728160 384
1728170 386
1728180 388
1728190 389
1728200 390
1728210 392
1728220 393
1728230 394
1728240 395
1728250 396
1728260 397
1728270 398
1728280 399
1728290 400
1728300 401
1728310 402
1728320 403
1728330 404
1728340 405
1728350 406
1728360 407
1728370 408
1728380 409
1728390 411
1728400 412
1728410 414
1728420 415
1728430 416
1728440 416
1728450 416
1728460 415
1728470 415
1728480 415
1728490 414
1728500 414
1728510 414
1728520 414
1728530 414
1728540 414
1728550 414
1728560 414
1728570 414
1728580 414
1728590 414
1728600 414
1728610 414
1728620 414
1728630 414
1728640 414
1728650 413
1728660 413
1728670 413
1728680 412
1728690 412
1728700 411
1728710 411
1728720 411
1728730 410
1728740 410
1728750 409
1728760 409
1728770 408
1728780 408
1728790 407
1728800 407
1728810 406
1728820 406
1728830 405
1728840 405
1728850 404
1728860 404
1728870 404
1728880 403
1728890 403
1728900 402
1728910 402
1728920 401
1728930 401
1728940 400
1728950 400
1728960 399
1728970 399
1728980 398
1728990 398
1729000 397
1729010 396
1729020 396
1729030 395
1729040 395
1729050 394
1729060 394
1729070 393
1729080 392
1729090 391
1729100 391
1729110 390
1729120 389
1729130 388
1729140 387
1729150 387
1729160 386
1729170 385
1729180 384
1729190 384
1729200 383
1729210 383
1729220 382
1729230 381
1729240 381
1729250 380
1729260 380
1729270 380
1729280 379
1729290 378
1729300 378
1729310 377
1729320 377
1729330 376
1729340 376
1729350 375
1729360 375
1729370 374
1729380 374
1729390 373
1729400 372
1729410 371
1729420 371
1729430 370
1729440 369
1729450 368
1729460 368
1729470 367
1729480 367
1729490 366
1729500 366
1729510 365
1729520 365
1729530 365
1729540 365
1729550 365
1729560 365
1729570 365
1729580 365
1729590 366
1729600 366
1729610 366
1729620 366
1729630 366
1729640 366
1729650 365
1729660 364
1729670 363
1729680 362
1729690 361
1729700 360
1729710 358
1729720 357
1729730 356
1729740 355
1729750 353
1729760 352
1729770 351
1729780 350
1729790 350
1729800 350
1729810 349
1729820 349
1729830 348
1729840 347
1729850 347
1729860 346
1729870 345
1729880 345
1729890 344
1729900 343
1729910 342
1729920 341
1729930 341
1729940 340
1729950 340
1729960 340
1729970 339
1729980 338
1729990 338
1730000 337
1730010 336
1730020 335
1730030 335
1730040 334
1730050 334
1730060 333
1730070 333
1730080 332
1730090 331
1730100 329
1730110 328
1730120 328
1730130 328
1730140 327
1730150 327
1730160 327
1730170 326
1730180 325
1730190 323
1730200 322
1730210 322
1730220 321
1730230 321
1730240 320
1730250 320
1730260 319
1730270 318
1730280 317
1730290 316
1730300 316
1730310 315
1730320 315
1730330 314
1730340 314
1730350 313
1730360 313
1730370 312
1730380 312
1730390 311
1730400 311
1730410 311
1730420 310
1730430 310
1730440 310
1730450 310
1730460 310
1730470 309
1730480 309
1730490 309
1730500 309
1730510 308
1730520 308
1730530 307
1730540 307
1730550 307
1730560 307
1730570 307
1730580 306
1730590 306
1730600 306
1730610 305
1730620 305
1730630 305
1730640 305
1730650 304
1730660 304
1730670 304
1730680 304
1730690 303
1730700 303
1730710 303
1730720 303
1730730 303
1730740 303
1730750 303
1730760 303
1730770 303
1730780 303
1730790 302
1730800 302
1730810 302
1730820 302
1730830 302
1730840 302
1730850 301
1730860 301
1730870 301
1730880 301
1730890 301
1730900 301
1730910 301
1730920 301
1730930 301
1730940 301
1730950 301
1730960 301
1730970 301
1730980 301
1730990 302
1731000 303
1731010 303
1731020 303
1731030 302
1731040 302
1731050 302
1731060 302
1731070 302
1731080 302
1731090 302
1731100 302
1731110 302
1731120 301
1731130 301
1731140 301
1731150 302
1731160 302
1731170 302
1731180 303
1731190 303
1731200 304
1731210 304
1731220 306
1731230 307
1731240 308
1731250 308
1731260 310
1731270 311
1731280 312
1731290 313
1731300 315
1731310 316
1731320 316
1731330 317
1731340 317
1731350 317
1731360 318
1731370 318
1731380 319
1731390 319
1731400 319
1731410 320
1731420 320
1731430 321
1731440 321
1731450 322
1731460 322
1731470 323
1731480 323
1731490 324
1731500 324
1731510 324
1731520 325
1731530 325
1731540 325
1731550 326
1731560 326
1731570 327
1731580 327
1731590 328
1731600 328
1731610 329
1731620 329
1731630 330
1731640 331
1731650 331
1731660 332
1731670 333
1731680 333
1731690 334
1731700 336
1731710 337
1731720 338
1731730 338
1731740 339
1731750 339
1731760 340
1731770 340
1731780 340
1731790 341
1731800 341
1731810 341
1731820 342
1731830 342
1731840 343
1731850 343
1731860 344
1731870 344
1731880 344
1731890 344
1731900 344
1731910 344
1731920 344
1731930 344
1731940 344
1731950 344
1731960 344
1731970 343
1731980 343
1731990 342
1732000 341
1732010 340
1732020 339
1732030 338
1732040 338
1732050 338
1732060 337
1732070 335
1732080 334
1732090 333
1732100 332
1732110 331
1732120 330
1732130 329
1732140 328
1732150 328
1732160 326
1732170 324
1732180 323
1732190 322
1732200 321
1732210 321
1732220 320
1732230 319
1732240 318
1732250 317
1732260 317
1732270 317
1732280 317
1732290 317
1732300 318
1732310 320
1732320 322
1732330 322
1732340 323
1732350 324
1732360 324
1732370 325
1732380 325
1732390 325
1732400 326
1732410 326
1732420 326
1732430 327
1732440 327
1732450 328
1732460 328
1732470 328
1732480 328
1732490 328
1732500 328
1732510 328
1732520 328
1732530 328
1732540 328
1732550 329
1732560 329
1732570 329
1732580 329
1732590 330
1732600 330
1732610 330
1732620 331
1732630 331
1732640 332
1732650 332
1732660 333
1732670 334
1732680 335
1732690 335
1732700 336
1732710 336
1732720 336
1732730 337
1732740 337
1732750 338
1732760 339
1732770 340
1732780 341
1732790 342
1732800 343
1732810 344
1732820 345
1732830 346
1732840 347
1732850 347
1732860 348
1732870 348
1732880 349
1732890 349
1732900 350
1732910 350
1732920 351
1732930 351
1732940 352
1732950 352
1732960 353
1732970 353
1732980 354
1732990 355
1733000 355
1733010 356
1733020 356
1733030 357
1733040 357
1733050 358
1733060 358
1733070 358
1733080 358
1733090 358
1733100 358
1733110 359
1733120 359
1733130 360
1733140 360
1733150 361
1733160 362
1733170 362
1733180 363
1733190 363
1733200 363
1733210 363
1733220 363
1733230 364
1733240 364
1733250 364
1733260 364
1733270 364
1733280 364
1733290 363
1733300 363
1733310 363
1733320 363
1733330 363
1733340 363
1733350 363
1733360 363
1733370 363
1733380 362
1733390 362
1733400 362
1733410 362
1733420 361
1733430 361
1733440 361
1733450 361
1733460 360
1733470 360
1733480 360
1733490 359
1733500 359
1733510 359
1733520 358
1733530 358
1733540 358
1733550 357
1733560 357
1733570 357
1733580 356
1733590 356
1733600 356
1733610 355
1733620 355
1733630 354
1733640 354
1733650 354
1733660 353
1733670 353
1733680 352
1733690 351
1733700 350
1733710 350
1733720 349
1733730 348
1733740 347
1733750 346
1733760 345
1733770 344
1733780 344
1733790 342
1733800 341
1733810 340
1733820 339
1733830 338
1733840 337
1733850 336
1733860 335
1733870 335
1733880 332
1733890 330
1733900 328
1733910 327
1733920 327
1733930 327
1733940 330
1733950 331
1733960 331
1733970 331
1733980 331
1733990 330
1734000 330
1734010 330
1734020 330
1734030 330
1734040 330
1734050 330
1734060 330
1734070 330
1734080 329
1734090 329
1734100 329
1734110 329
1734120 329
1734130 329
1734140 329
1734150 329
1734160 329
1734170 329
1734180 329
1734190 329
1734200 328
1734210 327
1734220 327
1734230 329
1734240 329
1734250 330
1734260 330
1734270 330
1734280 330
1734290 330
1734300 330
1734310 330
1734320 330
1734330 330
1734340 330
1734350 330
1734360 330
1734370 330
1734380 330
1734390 329
1734400 329
1734410 328
1734420 327
1734430 326
1734440 327
1734450 328
1734460 328
1734470 328
1734480 327
1734490 327
1734500 327
1734510 327
1734520 327
1734530 327
1734540 326
1734550 326
1734560 325
1734570 325
1734580 324
1734590 323
1734600 323
1734610 322
1734620 322
1734630 321
1734640 321
1734650 320
1734660 320
1734670 319
1734680 319
1734690 318
1734700 317
1734710 317
1734720 316
1734730 315
1734740 315
1734750 314
1734760 314
1734770 312
1734780 311
1734790 309
1734800 308
1734810 307
1734820 306
1734830 305
1734840 304
1734850 304
1734860 303
1734870 303
1734880 302
1734890 301
1734900 300
1734910 299
1734920 299
1734930 298
1734940 297
1734950 296
1734960 295
1734970 294
1734980 293
1734990 292
1735000 292
1735010 291
1735020 290
1735030 289
1735040 288
1735050 287
1735060 286
1735070 285
1735080 284
1735090 283
1735100 282
1735110 281
1735120 281
1735130 281
1735140 280
1735150 280
1735160 280
1735170 281
1735180 281
1735190 282
1735200 282
1735210 284
1735220 284
1735230 284
1735240 284
1735250 284
1735260 284
1735270 284
1735280 285
1735290 285
1735300 285
1735310 285
1735320 285
1735330 285
1735340 284
1735350 284
1735360 284
1735370 284
1735380 283
1735390 283
1735400 283
1735410 282
1735420 282
1735430 281
1735440 281
1735450 281
1735460 281
1735470 281
1735480 280
1735490 280
1735500 280
1735510 280
1735520 279
1735530 279
1735540 279
1735550 279
1735560 278
1735570 278
1735580 277
1735590 277
1735600 276
1735610 276
1735620 276
1735630 275
1735640 275
1735650 275
1735660 274
1735670 273
1735680 273
1735690 272
1735700 271
1735710 271
1735720 271
1735730 271
1735740 270
1735750 270
1735760 270
1735770 269
1735780 269
1735790 269
1735800 269
1735810 270
1735820 270
1735830 270
1735840 269
1735850 269
1735860 268
1735870 268
1735880 268
1735890 267
1735900 267
1735910 267
1735920 266
1735930 266
1735940 266
1735950 265
1735960 264
1735970 264
1735980 263
1735990 263
1736000 262
1736010 262
1736020 262
1736030 261
1736040 261
1736050 261
1736060 260
1736070 260
1736080 260
1736090 260
1736100 259
1736110 259
1736120 259
1736130 259
1736140 259
1736150 259
1736160 258
1736170 258
1736180 257
1736190 257
1736200 257
1736210 256
1736220 256
1736230 255
1736240 255
1736250 255
1736260 255
1736270 255
1736280 255
1736290 255
1736300 255
1736310 255
1736320 255
1736330 255
1736340 254
1736350 254
1736360 254
1736370 254
1736380 254
1736390 254
1736400 254
1736410 253
1736420 253
1736430 253
1736440 252
1736450 252
1736460 252
1736470 252
1736480 252
1736490 251
1736500 251
1736510 251
1736520 251
1736530 251
1736540 251
1736550 251
1736560 250
1736570 250
1736580 250
1736590 250
1736600 250
1736610 250
1736620 250
1736630 250
1736640 250
1736650 249
1736660 249
1736670 249
1736680 249
1736690 249
1736700 249
1736710 249
1736720 248
1736730 248
1736740 248
1736750 248
1736760 248
1736770 248
1736780 248
1736790 248
1736800 247
1736810 247
1736820 247
1736830 247
1736840 247
1736850 247
1736860 247
1736870 246
1736880 246
1736890 246
1736900 246
1736910 246
1736920 246
1736930 246
1736940 246
1736950 246
1736960 245
1736970 245
1736980 244
1736990 244
1737000 243
1737010 242
1737020 241
1737030 240
1737040 241
1737050 242
1737060 243
1737070 242
1737080 242
1737090 242
1737100 242
1737110 242
1737120 242
1737130 241
1737140 241
1737150 241
1737160 241
1737170 240
1737180 240
1737190 240
1737200 240
1737210 240
1737220 240
1737230 239
1737240 239
1737250 239
1737260 238
1737270 238
1737280 238
1737290 238
1737300 238
1737310 238
1737320 237
1737330 236
1737340 236
1737350 235
1737360 235
1737370 234
1737380 234
1737390 234
1737400 234
1737410 233
1737420 233
1737430 232
1737440 232
1737450 231
1737460 231
1737470 230
1737480 230
1737490 230
1737500 229
1737510 229
1737520 229
1737530 228
1737540 228
1737550 227
1737560 227
1737570 226
1737580 226
1737590 225
1737600 225
1737610 224
1737620 223
1737630 223
1737640 222
1737650 222
1737660 221
1737670 220
1737680 219
1737690 219
1737700 220
1737710 221
1737720 221
1737730 221
1737740 221
1737750 221
1737760 221
1737770 220
1737780 219
1737790 217
1737800 216
1737810 215
1737820 215
1737830 214
1737840 214
1737850 213
1737860 213
1737870 212
1737880 212
1737890 211
1737900 211
1737910 211
1737920 211
1737930 211
1737940 211
1737950 211
1737960 211
1737970 211
1737980 210
1737990 210
1738000 210
1738010 210
1738020 211
1738030 211
1738040 211
1738050 211
1738060 211
1738070 211
1738080 212
1738090 212
1738100 212
1738110 212
1738120 212
1738130 212
1738140 213
1738150 213
1738160 213
1738170 213
1738180 213
1738190 213
1738200 213
1738210 214
1738220 214
1738230 214
1738240 214
1738250 214
1738260 214
1738270 214
1738280 214
1738290 214
1738300 214
1738310 215
1738320 215
1738330 215
1738340 215
1738350 215
1738360 215
1738370 215
1738380 216
1738390 216
1738400 216
1738410 216
1738420 217
1738430 218
1738440 220
1738450 220
1738460 220
1738470 221
1738480 225
1738490 228
1738500 230
1738510 231
1738520 232
1738530 234
1738540 235
1738550 236
1738560 237
1738570 237
1738580 238
1738590 239
1738600 240
1738610 241
1738620 242
1738630 243
1738640 244
1738650 245
1738660 246
1738670 247
1738680 248
1738690 249
1738700 249
1738710 251
1738720 252
1738730 253
1738740 255
1738750 256
1738760 256
1738770 257
1738780 259
1738790 261
1738800 263
1738810 264
1738820 264
1738830 266
1738840 267
1738850 269
1738860 270
1738870 272
1738880 274
1738890 277
1738900 279
1738910 281
1738920 284
1738930 286
1738940 288
1738950 291
1738960 294
1738970 296
1738980 299
1738990 301
1739000 304
1739010 307
1739020 309
1739030 312
1739040 315
1739050 318
1739060 321
1739070 323
1739080 326
1739090 328
1739100 331
1739110 333
1739120 334
1739130 336
1739140 338
1739150 339
1739160 340
1739170 341
1739180 342
1739190 341
1739200 341
1739210 341
1739220 340
1739230 340
1739240 340
1739250 340
1739260 339
1739270 339
1739280 339
1739290 338
1739300 338
1739310 338
1739320 338
1739330 337
1739340 337
1739350 336
1739360 336
1739370 336
1739380 335
1739390 335
1739400 335
1739410 334
1739420 334
1739430 333
1739440 332
1739450 332
1739460 332
1739470 331
1739480 331
1739490 331
1739500 330
1739510 330
1739520 330
1739530 329
1739540 329
1739550 329
1739560 329
1739570 329
1739580 329
1739590 328
1739600 327
1739610 326
1739620 325
1739630 325
1739640 325
1739650 325
1739660 325
1739670 324
1739680 324
1739690 324
1739700 324
1739710 324
1739720 323
1739730 322
1739740 322
1739750 322
1739760 321
1739770 321
1739780 320
1739790 320
1739800 320
1739810 320
1739820 319
1739830 319
1739840 319
1739850 319
1739860 318
1739870 318
1739880 318
1739890 318
1739900 317
1739910 317
1739920 317
1739930 317
1739940 317
1739950 317
1739960 316
1739970 316
1739980 316
1739990 316
