1720000 591
1720010 591
1720020 591
1720030 590
1720040 590
1720050 589
1720060 589
1720070 588
1720080 587
1720090 586
1720100 586
1720110 585
1720120 584
1720130 583
1720140 582
1720150 582
1720160 581
1720170 580
1720180 579
1720190 578
1720200 577
1720210 576
1720220 575
1720230 574
1720240 573
1720250 572
1720260 571
1720270 569
1720280 568
1720290 567
1720300 565
1720310 564
1720320 563
1720330 561
1720340 559
1720350 557
1720360 554
1720370 552
1720380 548
1720390 545
1720400 541
1720410 538
1720420 535
1720430 531
1720440 528
1720450 525
1720460 522
1720470 519
1720480 517
1720490 516
1720500 513
1720510 511
1720520 510
1720530 511
1720540 512
1720550 514
1720560 517
1720570 521
1720580 526
1720590 530
1720600 534
1720610 539
1720620 543
1720630 546
1720640 550
1720650 552
1720660 554
1720670 556
1720680 558
1720690 560
1720700 561
1720710 563
1720720 564
1720730 564
1720740 566
1720750 567
1720760 568
1720770 569
1720780 570
1720790 571
1720800 571
1720810 572
1720820 572
1720830 573
1720840 573
1720850 573
1720860 573
1720870 573
1720880 573
1720890 573
1720900 573
1720910 573
1720920 573
1720930 572
1720940 572
1720950 570
1720960 569
1720970 568
1720980 567
1720990 567
1721000 567
1721010 568
1721020 569
1721030 570
1721040 571
1721050 572
1721060 574
1721070 575
1721080 576
1721090 578
1721100 579
1721110 581
1721120 582
1721130 584
1721140 585
1721150 586
1721160 586
1721170 587
1721180 587
1721190 588
1721200 588
1721210 588
1721220 589
1721230 590
1721240 591
1721250 593
1721260 596
1721270 599
1721280 602
1721290 604
1721300 607
1721310 610
1721320 612
1721330 615
1721340 619
1721350 623
1721360 626
1721370 629
1721380 632
1721390 635
1721400 637
1721410 639
1721420 641
1721430 643
1721440 645
1721450 646
1721460 648
1721470 649
1721480 651
1721490 653
1721500 655
1721510 657
1721520 658
1721530 659
1721540 660
1721550 661
1721560 662
1721570 663
1721580 664
1721590 665
1721600 665
1721610 665
1721620 664
1721630 664
1721640 663
1721650 662
1721660 661
1721670 660
1721680 659
1721690 658
1721700 657
1721710 656
1721720 655
1721730 654
1721740 653
1721750 652
1721760 651
1721770 650
1721780 648
1721790 648
1721800 647
1721810 646
1721820 645
1721830 643
1721840 642
1721850 642
1721860 641
1721870 640
1721880 638
1721890 637
1721900 636
1721910 634
1721920 633
1721930 632
1721940 631
1721950 631
1721960 630
1721970 629
1721980 628
1721990 628
1722000 627
1722010 626
1722020 626
1722030 625
1722040 625
1722050 624
1722060 623
1722070 622
1722080 621
1722090 620
1722100 618
1722110 615
1722120 612
1722130 610
1722140 607
1722150 605
1722160 602
1722170 599
1722180 596
1722190 594
1722200 591
1722210 589
1722220 587
1722230 585
1722240 584
1722250 582
1722260 580
1722270 579
1722280 577
1722290 575
1722300 573
1722310 570
1722320 567
1722330 563
1722340 560
1722350 558
1722360 556
1722370 554
1722380 553
1722390 552
1722400 551
1722410 549
1722420 548
1722430 547
1722440 545
1722450 544
1722460 542
1722470 540
1722480 538
1722490 536
1722500 534
1722510 531
1722520 529
1722530 527
1722540 524
1722550 522
1722560 519
1722570 517
1722580 514
1722590 511
1722600 508
1722610 505
1722620 503
1722630 500
1722640 498
1722650 497
1722660 496
1722670 495
1722680 494
1722690 493
1722700 493
1722710 492
1722720 491
1722730 490
1722740 488
1722750 487
1722760 485
1722770 484
1722780 482
1722790 480
1722800 479
1722810 477
1722820 475
1722830 473
1722840 471
1722850 468
1722860 466
1722870 463
1722880 460
1722890 457
1722900 454
1722910 451
1722920 449
1722930 446
1722940 444
1722950 441
1722960 438
1722970 435
1722980 432
1722990 430
1723000 428
1723010 425
1723020 422
1723030 417
1723040 414
1723050 413
1723060 417
1723070 420
1723080 423
1723090 425
1723100 427
1723110 428
1723120 429
1723130 430
1723140 430
1723150 430
1723160 430
1723170 429
1723180 427
1723190 425
1723200 423
1723210 421
1723220 419
1723230 417
1723240 415
1723250 413
1723260 411
1723270 408
1723280 405
1723290 404
1723300 403
1723310 403
1723320 402
1723330 401
1723340 400
1723350 399
1723360 398
1723370 398
1723380 397
1723390 395
1723400 393
1723410 391
1723420 388
1723430 384
1723440 381
1723450 380
1723460 380
1723470 382
1723480 385
1723490 388
1723500 391
1723510 394
1723520 397
1723530 399
1723540 402
1723550 404
1723560 407
1723570 410
1723580 412
1723590 414
1723600 416
1723610 419
1723620 421
1723630 422
1723640 424
1723650 426
1723660 428
1723670 431
1723680 433
1723690 435
1723700 438
1723710 440
1723720 442
1723730 444
1723740 446
1723750 447
1723760 448
1723770 450
1723780 451
1723790 451
1723800 451
1723810 448
1723820 445
1723830 441
1723840 437
1723850 434
1723860 430
1723870 428
1723880 426
1723890 424
1723900 423
1723910 422
1723920 421
1723930 420
1723940 418
1723950 417
1723960 416
1723970 415
1723980 415
1723990 416
1724000 417
1724010 419
1724020 421
1724030 423
1724040 426
1724050 429
1724060 432
1724070 436
1724080 439
1724090 442
1724100 446
1724110 449
1724120 452
1724130 456
1724140 459
1724150 463
1724160 466
1724170 469
1724180 473
1724190 476
1724200 479
1724210 483
1724220 486
1724230 490
1724240 493
1724250 496
1724260 499
1724270 501
1724280 504
1724290 506
1724300 508
1724310 508
1724320 509
1724330 510
1724340 511
1724350 512
1724360 513
1724370 514
1724380 515
1724390 516
1724400 516
1724410 517
1724420 516
1724430 514
1724440 511
1724450 508
1724460 506
1724470 503
1724480 500
1724490 497
1724500 493
1724510 489
1724520 485
1724530 481
1724540 478
1724550 474
1724560 470
1724570 467
1724580 463
1724590 459
1724600 454
1724610 450
1724620 446
1724630 442
1724640 438
1724650 434
1724660 431
1724670 428
1724680 424
1724690 421
1724700 418
1724710 415
1724720 412
1724730 410
1724740 408
1724750 405
1724760 404
1724770 402
1724780 401
1724790 401
1724800 402
1724810 404
1724820 406
1724830 409
1724840 412
1724850 415
1724860 419
1724870 423
1724880 427
1724890 432
1724900 436
1724910 440
1724920 444
1724930 447
1724940 449
1724950 451
1724960 453
1724970 452
1724980 451
1724990 448
1725000 441
1725010 434
1725020 428
1725030 424
1725040 421
1725050 418
1725060 416
1725070 413
1725080 411
1725090 409
1725100 407
1725110 405
1725120 402
1725130 401
1725140 399
1725150 398
1725160 397
1725170 397
1725180 396
1725190 395
1725200 394
1725210 393
1725220 392
1725230 392
1725240 391
1725250 392
1725260 394
1725270 395
1725280 396
1725290 397
1725300 399
1725310 401
1725320 403
1725330 404
1725340 406
1725350 408
1725360 410
1725370 411
1725380 413
1725390 415
1725400 416
1725410 418
1725420 419
1725430 421
1725440 422
1725450 424
1725460 426
1725470 428
1725480 430
1725490 432
1725500 434
1725510 436
1725520 438
1725530 440
1725540 442
1725550 445
1725560 447
1725570 449
1725580 451
1725590 453
1725600 456
1725610 458
1725620 460
1725630 462
1725640 464
1725650 467
1725660 470
1725670 472
1725680 474
1725690 477
1725700 479
1725710 482
1725720 484
1725730 487
1725740 490
1725750 492
1725760 495
1725770 497
1725780 500
1725790 503
1725800 505
1725810 508
1725820 510
1725830 512
1725840 514
1725850 517
1725860 519
1725870 521
1725880 523
1725890 525
1725900 526
1725910 528
1725920 530
1725930 531
1725940 533
1725950 535
1725960 537
1725970 538
1725980 540
1725990 541
1726000 543
1726010 543
1726020 543
1726030 543
1726040 542
1726050 542
1726060 541
1726070 541
1726080 541
1726090 541
1726100 540
1726110 539
1726120 538
1726130 537
1726140 536
1726150 535
1726160 534
1726170 533
1726180 531
1726190 530
1726200 528
1726210 527
1726220 527
1726230 526
1726240 525
1726250 524
1726260 523
1726270 522
1726280 521
1726290 520
1726300 520
1726310 519
1726320 519
1726330 518
1726340 517
1726350 514
1726360 512
1726370 509
1726380 506
1726390 504
1726400 502
1726410 502
1726420 503
1726430 505
1726440 507
1726450 509
1726460 510
1726470 511
1726480 512
1726490 512
1726500 513
1726510 513
1726520 513
1726530 512
1726540 510
1726550 507
1726560 505
1726570 504
1726580 504
1726590 504
1726600 505
1726610 508
1726620 510
1726630 512
1726640 515
1726650 518
1726660 521
1726670 524
1726680 527
1726690 529
1726700 531
1726710 532
1726720 534
1726730 536
1726740 538
1726750 541
1726760 543
1726770 544
1726780 545
1726790 546
1726800 547
1726810 547
1726820 548
1726830 548
1726840 548
1726850 548
1726860 548
1726870 548
1726880 548
1726890 548
1726900 547
1726910 547
1726920 547
1726930 546
1726940 546
1726950 545
1726960 545
1726970 544
1726980 543
1726990 543
1727000 542
1727010 542
1727020 542
1727030 541
1727040 541
1727050 541
1727060 540
1727070 540
1727080 540
1727090 539
1727100 539
1727110 538
1727120 538
1727130 538
1727140 537
1727150 537
1727160 537
1727170 536
1727180 536
1727190 536
1727200 536
1727210 535
1727220 535
1727230 535
1727240 535
1727250 534
1727260 534
1727270 534
1727280 534
1727290 533
1727300 533
1727310 533
1727320 533
1727330 533
1727340 532
1727350 532
1727360 532
1727370 532
1727380 532
1727390 532
1727400 533
1727410 533
1727420 533
1727430 534
1727440 534
1727450 535
1727460 535
1727470 536
1727480 537
1727490 537
1727500 538
1727510 537
1727520 537
1727530 536
1727540 536
1727550 535
1727560 535
1727570 534
1727580 534
1727590 534
1727600 533
1727610 533
1727620 533
1727630 533
1727640 532
1727650 532
1727660 532
1727670 532
1727680 532
1727690 532
1727700 532
1727710 532
1727720 532
1727730 532
1727740 532
1727750 532
1727760 532
1727770 532
1727780 532
1727790 532
1727800 531
1727810 531
1727820 530
1727830 529
1727840 528
1727850 527
1727860 526
1727870 525
1727880 525
1727890 525
1727900 525
1727910 526
1727920 526
1727930 527
1727940 528
1727950 531
1727960 533
1727970 535
1727980 537
1727990 539
1728000 540
1728010 541
1728020 542
1728030 542
1728040 543
1728050 543
1728060 544
1728070 544
1728080 544
1728090 544
1728100 544
1728110 543
1728120 543
1728130 543
1728140 542
1728150 542
1728160 542
1728170 542
1728180 541
1728190 541
1728200 541
1728210 541
1728220 541
1728230 540
1728240 540
1728250 539
1728260 539
1728270 539
1728280 538
1728290 537
1728300 537
1728310 536
1728320 536
1728330 535
1728340 535
1728350 534
1728360 534
1728370 534
1728380 533
1728390 533
1728400 532
1728410 532
1728420 532
1728430 531
1728440 531
1728450 530
1728460 530
1728470 529
1728480 529
1728490 528
1728500 528
1728510 527
1728520 527
1728530 527
1728540 526
1728550 526
1728560 526
1728570 526
1728580 526
1728590 526
1728600 525
1728610 525
1728620 525
1728630 525
1728640 524
1728650 523
1728660 523
1728670 522
1728680 522
1728690 522
1728700 522
1728710 522
1728720 522
1728730 521
1728740 520
1728750 519
1728760 518
1728770 517
1728780 516
1728790 515
1728800 514
1728810 514
1728820 513
1728830 512
1728840 512
1728850 511
1728860 510
1728870 510
1728880 509
1728890 508
1728900 508
1728910 507
1728920 506
1728930 506
1728940 505
1728950 505
1728960 504
1728970 504
1728980 504
1728990 503
1729000 502
1729010 501
1729020 500
1729030 499
1729040 498
1729050 497
1729060 496
1729070 495
1729080 493
1729090 492
1729100 491
1729110 490
1729120 489
1729130 488
1729140 487
1729150 486
1729160 485
1729170 484
1729180 483
1729190 482
1729200 481
1729210 480
1729220 479
1729230 478
1729240 477
1729250 476
1729260 476
1729270 475
1729280 474
1729290 473
1729300 472
1729310 471
1729320 470
1729330 469
1729340 468
1729350 467
1729360 467
1729370 466
1729380 465
1729390 465
1729400 465
1729410 464
1729420 465
1729430 465
1729440 464
1729450 464
1729460 464
1729470 464
1729480 463
1729490 463
1729500 463
1729510 463
1729520 463
1729530 462
1729540 462
1729550 462
1729560 462
1729570 461
1729580 461
1729590 460
1729600 460
1729610 459
1729620 459
1729630 458
1729640 458
1729650 458
1729660 458
1729670 457
1729680 457
1729690 457
1729700 456
1729710 456
1729720 455
1729730 455
1729740 454
1729750 454
1729760 453
1729770 453
1729780 453
1729790 452
1729800 452
1729810 452
1729820 451
1729830 451
1729840 451
1729850 451
1729860 450
1729870 450
1729880 450
1729890 450
1729900 449
1729910 449
1729920 449
1729930 449
1729940 448
1729950 448
1729960 448
1729970 448
1729980 447
1729990 447
1730000 447
1730010 447
1730020 447
1730030 447
1730040 447
1730050 447
1730060 446
1730070 446
1730080 446
1730090 446
1730100 447
1730110 447
1730120 447
1730130 447
1730140 447
1730150 447
1730160 447
1730170 447
1730180 447
1730190 448
1730200 448
1730210 448
1730220 448
1730230 448
1730240 448
1730250 448
1730260 448
1730270 448
1730280 448
1730290 448
1730300 448
1730310 448
1730320 449
1730330 449
1730340 449
1730350 450
1730360 450
1730370 451
1730380 451
1730390 452
1730400 452
1730410 452
1730420 453
1730430 453
1730440 453
1730450 454
1730460 454
1730470 454
1730480 454
1730490 454
1730500 454
1730510 454
1730520 454
1730530 454
1730540 454
1730550 453
1730560 453
1730570 453
1730580 453
1730590 453
1730600 453
1730610 453
1730620 453
1730630 453
1730640 452
1730650 452
1730660 452
1730670 452
1730680 451
1730690 451
1730700 451
1730710 451
1730720 450
1730730 450
1730740 450
1730750 449
1730760 449
1730770 449
1730780 448
1730790 448
1730800 448
1730810 447
1730820 447
1730830 446
1730840 446
1730850 445
1730860 445
1730870 444
1730880 444
1730890 443
1730900 443
1730910 442
1730920 442
1730930 441
1730940 441
1730950 440
1730960 440
1730970 440
1730980 439
1730990 439
1731000 438
1731010 438
1731020 437
1731030 436
1731040 436
1731050 435
1731060 434
1731070 434
1731080 433
1731090 433
1731100 432
1731110 431
1731120 431
1731130 431
1731140 430
1731150 430
1731160 429
1731170 429
1731180 429
1731190 428
1731200 428
1731210 428
1731220 428
1731230 427
1731240 427
1731250 427
1731260 427
1731270 426
1731280 426
1731290 426
1731300 425
1731310 425
1731320 425
1731330 425
1731340 425
1731350 424
1731360 424
1731370 424
1731380 423
1731390 423
1731400 423
1731410 423
1731420 423
1731430 423
1731440 422
1731450 422
1731460 422
1731470 422
1731480 421
1731490 421
1731500 421
1731510 421
1731520 421
1731530 421
1731540 421
1731550 421
1731560 420
1731570 420
1731580 420
1731590 419
1731600 419
1731610 419
1731620 419
1731630 418
1731640 418
1731650 418
1731660 418
1731670 417
1731680 417
1731690 417
1731700 416
1731710 416
1731720 416
1731730 416
1731740 415
1731750 414
1731760 413
1731770 413
1731780 412
1731790 411
1731800 411
1731810 410
1731820 410
1731830 409
1731840 409
1731850 408
1731860 407
1731870 407
1731880 407
1731890 406
1731900 405
1731910 405
1731920 405
1731930 404
1731940 403
1731950 403
1731960 402
1731970 402
1731980 401
1731990 401
1732000 401
1732010 401
1732020 400
1732030 399
1732040 398
1732050 398
1732060 397
1732070 397
1732080 397
1732090 396
1732100 396
1732110 395
1732120 395
1732130 395
1732140 394
1732150 394
1732160 393
1732170 393
1732180 392
1732190 392
1732200 391
1732210 391
1732220 390
1732230 390
1732240 389
1732250 389
1732260 388
1732270 388
1732280 387
1732290 387
1732300 386
1732310 386
1732320 386
1732330 385
1732340 384
1732350 384
1732360 384
1732370 383
1732380 382
1732390 381
1732400 381
1732410 380
1732420 379
1732430 378
1732440 377
1732450 374
1732460 372
1732470 371
1732480 370
1732490 369
1732500 367
1732510 366
1732520 364
1732530 360
1732540 360
1732550 361
1732560 365
1732570 368
1732580 371
1732590 373
1732600 376
1732610 379
1732620 381
1732630 383
1732640 385
1732650 386
1732660 386
1732670 387
1732680 388
1732690 388
1732700 388
1732710 389
1732720 389
1732730 389
1732740 389
1732750 389
1732760 389
1732770 389
1732780 389
1732790 388
1732800 388
1732810 388
1732820 388
1732830 387
1732840 387
1732850 387
1732860 387
1732870 387
1732880 387
1732890 387
1732900 386
1732910 386
1732920 385
1732930 385
1732940 384
1732950 384
1732960 384
1732970 384
1732980 383
1732990 382
1733000 381
1733010 380
1733020 379
1733030 378
1733040 377
1733050 376
1733060 375
1733070 374
1733080 372
1733090 370
1733100 367
1733110 365
1733120 364
1733130 362
1733140 361
1733150 360
1733160 360
1733170 359
1733180 357
1733190 356
1733200 355
1733210 354
1733220 352
1733230 351
1733240 350
1733250 349
1733260 348
1733270 348
1733280 347
1733290 347
1733300 348
1733310 349
1733320 349
1733330 348
1733340 348
1733350 347
1733360 346
1733370 344
1733380 343
1733390 341
1733400 340
1733410 338
1733420 337
1733430 335
1733440 333
1733450 331
1733460 329
1733470 327
1733480 325
1733490 323
1733500 321
1733510 320
1733520 318
1733530 317
1733540 315
1733550 312
1733560 310
1733570 309
1733580 308
1733590 306
1733600 304
1733610 303
1733620 303
1733630 302
1733640 303
1733650 303
1733660 304
1733670 304
1733680 305
1733690 307
1733700 307
1733710 308
1733720 309
1733730 309
1733740 310
1733750 311
1733760 312
1733770 313
1733780 314
1733790 315
1733800 315
1733810 316
1733820 316
1733830 317
1733840 319
1733850 321
1733860 323
1733870 326
1733880 328
1733890 331
1733900 333
1733910 335
1733920 337
1733930 339
1733940 340
1733950 341
1733960 342
1733970 344
1733980 345
1733990 346
1734000 346
1734010 345
1734020 344
1734030 341
1734040 339
1734050 336
1734060 333
1734070 331
1734080 329
1734090 328
1734100 327
1734110 325
1734120 324
1734130 324
1734140 324
1734150 324
1734160 325
1734170 325
1734180 326
1734190 326
1734200 327
1734210 328
1734220 329
1734230 330
1734240 331
1734250 332
1734260 333
1734270 334
1734280 335
1734290 337
1734300 338
1734310 339
1734320 340
1734330 341
1734340 342
1734350 342
1734360 343
1734370 343
1734380 343
1734390 344
1734400 344
1734410 344
1734420 345
1734430 345
1734440 345
1734450 345
1734460 345
1734470 345
1734480 344
1734490 344
1734500 344
1734510 345
1734520 345
1734530 345
1734540 345
1734550 346
1734560 346
1734570 346
1734580 347
1734590 348
1734600 348
1734610 349
1734620 350
1734630 350
1734640 351
1734650 351
1734660 351
1734670 351
1734680 351
1734690 350
1734700 350
1734710 350
1734720 350
1734730 349
1734740 348
1734750 347
1734760 345
1734770 342
1734780 340
1734790 337
1734800 335
1734810 333
1734820 330
1734830 327
1734840 323
1734850 319
1734860 315
1734870 311
1734880 306
1734890 302
1734900 297
1734910 291
1734920 286
1734930 283
1734940 279
1734950 276
1734960 273
1734970 271
1734980 268
1734990 265
1735000 263
1735010 261
1735020 259
1735030 257
1735040 254
1735050 252
1735060 250
1735070 247
1735080 245
1735090 243
1735100 241
1735110 239
1735120 236
1735130 234
1735140 230
1735150 227
1735160 225
1735170 223
1735180 223
1735190 220
1735200 217
1735210 215
1735220 212
1735230 211
1735240 211
1735250 211
1735260 211
1735270 211
1735280 211
1735290 210
1735300 210
1735310 208
1735320 208
1735330 209
1735340 210
1735350 210
1735360 210
1735370 210
1735380 210
1735390 210
1735400 210
1735410 210
1735420 210
1735430 210
1735440 210
1735450 210
1735460 210
1735470 210
1735480 210
1735490 210
1735500 210
1735510 210
1735520 210
1735530 210
1735540 210
1735550 210
1735560 210
1735570 210
1735580 212
1735590 213
1735600 214
1735610 215
1735620 216
1735630 219
1735640 220
1735650 222
1735660 222
1735670 221
1735680 221
1735690 221
1735700 220
1735710 219
1735720 219
1735730 219
1735740 220
1735750 220
1735760 220
1735770 220
1735780 219
1735790 219
1735800 218
1735810 217
1735820 216
1735830 215
1735840 214
1735850 213
1735860 212
1735870 212
1735880 211
1735890 211
1735900 210
1735910 209
1735920 209
1735930 208
1735940 208
1735950 207
1735960 207
1735970 207
1735980 207
1735990 207
1736000 207
1736010 206
1736020 206
1736030 206
1736040 206
1736050 206
1736060 206
1736070 206
1736080 206
1736090 206
1736100 206
1736110 206
1736120 206
1736130 207
1736140 207
1736150 208
1736160 208
1736170 208
1736180 208
1736190 207
1736200 207
1736210 206
1736220 206
1736230 206
1736240 206
1736250 206
1736260 206
1736270 206
1736280 206
1736290 205
1736300 205
1736310 205
1736320 205
1736330 205
1736340 205
1736350 205
1736360 205
1736370 205
1736380 205
1736390 205
1736400 205
1736410 205
1736420 204
1736430 204
1736440 204
1736450 204
1736460 204
1736470 204
1736480 204
1736490 204
1736500 204
1736510 203
1736520 203
1736530 203
1736540 203
1736550 203
1736560 203
1736570 203
1736580 203
1736590 203
1736600 204
1736610 204
1736620 204
1736630 204
1736640 204
1736650 204
1736660 205
1736670 205
1736680 205
1736690 205
1736700 206
1736710 207
1736720 209
1736730 213
1736740 217
1736750 221
1736760 225
1736770 228
1736780 232
1736790 235
1736800 239
1736810 243
1736820 247
1736830 251
1736840 254
1736850 257
1736860 259
1736870 263
1736880 267
1736890 270
1736900 272
1736910 273
1736920 271
1736930 270
1736940 268
1736950 266
1736960 264
1736970 261
1736980 258
1736990 256
1737000 253
1737010 253
1737020 252
1737030 252
1737040 252
1737050 253
1737060 255
1737070 256
1737080 258
1737090 259
1737100 262
1737110 264
1737120 267
1737130 270
1737140 272
1737150 273
1737160 276
1737170 278
1737180 280
1737190 282
1737200 283
1737210 284
1737220 286
1737230 287
1737240 289
1737250 290
1737260 291
1737270 292
1737280 293
1737290 294
1737300 295
1737310 296
1737320 295
1737330 295
1737340 295
1737350 295
1737360 295
1737370 296
1737380 297
1737390 297
1737400 298
1737410 298
1737420 299
1737430 298
1737440 298
1737450 297
1737460 297
1737470 296
1737480 296
1737490 296
1737500 295
1737510 293
1737520 292
1737530 292
1737540 292
1737550 291
1737560 290
1737570 288
1737580 288
1737590 287
1737600 287
1737610 286
1737620 286
1737630 285
1737640 285
1737650 284
1737660 281
1737670 278
1737680 276
1737690 277
1737700 278
1737710 277
1737720 277
1737730 276
1737740 275
1737750 275
1737760 275
1737770 274
1737780 273
1737790 271
1737800 269
1737810 268
1737820 268
1737830 267
1737840 267
1737850 267
1737860 266
1737870 266
1737880 266
1737890 265
1737900 264
1737910 263
1737920 262
1737930 261
1737940 261
1737950 261
1737960 260
1737970 260
1737980 259
1737990 258
1738000 258
1738010 258
1738020 258
1738030 258
1738040 258
1738050 257
1738060 256
1738070 254
1738080 253
1738090 253
1738100 253
1738110 252
1738120 252
1738130 251
1738140 251
1738150 251
1738160 250
1738170 250
1738180 250
1738190 249
1738200 249
1738210 248
1738220 248
1738230 247
1738240 247
1738250 247
1738260 246
1738270 246
1738280 246
1738290 245
1738300 244
1738310 243
1738320 243
1738330 243
1738340 242
1738350 242
1738360 242
1738370 242
1738380 242
1738390 242
1738400 241
1738410 241
1738420 241
1738430 241
1738440 241
1738450 238
1738460 234
1738470 229
1738480 227
1738490 226
1738500 224
1738510 223
1738520 223
1738530 224
1738540 225
1738550 226
1738560 226
1738570 227
1738580 228
1738590 229
1738600 229
1738610 229
1738620 229
1738630 229
1738640 229
1738650 229
1738660 229
1738670 229
1738680 229
1738690 229
1738700 229
1738710 229
1738720 229
1738730 228
1738740 228
1738750 228
1738760 228
1738770 228
1738780 228
1738790 228
1738800 228
1738810 228
1738820 228
1738830 228
1738840 228
1738850 226
1738860 226
1738870 225
1738880 225
1738890 224
1738900 224
1738910 223
1738920 223
1738930 222
1738940 222
1738950 222
1738960 221
1738970 220
1738980 220
1738990 220
1739000 220
1739010 220
1739020 220
1739030 221
1739040 222
1739050 222
1739060 222
1739070 221
1739080 220
1739090 217
1739100 214
1739110 212
1739120 211
1739130 210
1739140 210
1739150 210
1739160 209
1739170 208
1739180 207
1739190 206
1739200 206
1739210 205
1739220 205
1739230 205
1739240 204
1739250 204
1739260 204
1739270 204
1739280 204
1739290 203
1739300 203
1739310 203
1739320 203
1739330 202
1739340 202
1739350 202
1739360 202
1739370 202
1739380 202
1739390 201
1739400 201
1739410 201
1739420 201
1739430 201
1739440 201
1739450 201
1739460 201
1739470 201
1739480 201
1739490 201
1739500 201
1739510 200
1739520 200
1739530 200
1739540 200
1739550 200
1739560 200
1739570 200
1739580 200
1739590 200
1739600 200
1739610 200
1739620 200
1739630 200
1739640 200
1739650 200
1739660 200
1739670 200
1739680 200
1739690 200
1739700 200
1739710 200
1739720 199
1739730 199
1739740 199
1739750 199
1739760 199
1739770 199
1739780 199
1739790 199
1739800 199
1739810 199
1739820 199
1739830 199
1739840 199
1739850 199
1739860 199
1739870 199
1739880 199
1739890 199
1739900 199
1739910 199
1739920 199
1739930 199
1739940 199
1739950 199
1739960 199
1739970 199
1739980 199
1739990 199
