1720000 505
1720010 507
1720020 509
1720030 510
1720040 511
1720050 513
1720060 514
1720070 514
1720080 515
1720090 516
1720100 517
1720110 517
1720120 518
1720130 518
1720140 518
1720150 518
1720160 518
1720170 517
1720180 516
1720190 515
1720200 514
1720210 512
1720220 511
1720230 510
1720240 509
1720250 508
1720260 507
1720270 506
1720280 505
1720290 503
1720300 502
1720310 501
1720320 500
1720330 498
1720340 497
1720350 496
1720360 494
1720370 493
1720380 492
1720390 491
1720400 490
1720410 488
1720420 487
1720430 486
1720440 484
1720450 482
1720460 481
1720470 479
1720480 477
1720490 475
1720500 472
1720510 470
1720520 468
1720530 465
1720540 462
1720550 460
1720560 457
1720570 454
1720580 450
1720590 447
1720600 444
1720610 443
1720620 444
1720630 446
1720640 448
1720650 450
1720660 452
1720670 454
1720680 456
1720690 458
1720700 460
1720710 461
1720720 462
1720730 464
1720740 465
1720750 465
1720760 466
1720770 466
1720780 466
1720790 465
1720800 463
1720810 462
1720820 463
1720830 464
1720840 465
1720850 467
1720860 469
1720870 472
1720880 474
1720890 476
1720900 478
1720910 480
1720920 482
1720930 484
1720940 487
1720950 489
1720960 491
1720970 493
1720980 495
1720990 498
1721000 500
1721010 502
1721020 504
1721030 506
1721040 508
1721050 510
1721060 512
1721070 514
1721080 515
1721090 517
1721100 518
1721110 519
1721120 520
1721130 521
1721140 521
1721150 522
1721160 522
1721170 523
1721180 524
1721190 524
1721200 524
1721210 524
1721220 524
1721230 523
1721240 523
1721250 522
1721260 521
1721270 521
1721280 520
1721290 520
1721300 520
1721310 520
1721320 520
1721330 520
1721340 520
1721350 521
1721360 523
1721370 524
1721380 526
1721390 528
1721400 530
1721410 532
1721420 534
1721430 536
1721440 538
1721450 541
1721460 543
1721470 546
1721480 549
1721490 552
1721500 554
1721510 557
1721520 560
1721530 562
1721540 565
1721550 567
1721560 570
1721570 572
1721580 573
1721590 574
1721600 574
1721610 574
1721620 574
1721630 574
1721640 572
1721650 570
1721660 568
1721670 566
1721680 564
1721690 562
1721700 560
1721710 558
1721720 556
1721730 554
1721740 552
1721750 550
1721760 548
1721770 545
1721780 543
1721790 541
1721800 539
1721810 537
1721820 536
1721830 534
1721840 533
1721850 532
1721860 530
1721870 529
1721880 527
1721890 526
1721900 525
1721910 524
1721920 524
1721930 523
1721940 523
1721950 522
1721960 522
1721970 522
1721980 522
1721990 522
1722000 522
1722010 523
1722020 523
1722030 524
1722040 525
1722050 527
1722060 528
1722070 530
1722080 532
1722090 533
1722100 535
1722110 537
1722120 538
1722130 540
1722140 541
1722150 543
1722160 544
1722170 545
1722180 546
1722190 547
1722200 547
1722210 548
1722220 548
1722230 549
1722240 549
1722250 549
1722260 549
1722270 550
1722280 550
1722290 550
1722300 550
1722310 549
1722320 549
1722330 549
1722340 548
1722350 548
1722360 548
1722370 549
1722380 549
1722390 551
1722400 552
1722410 554
1722420 556
1722430 558
1722440 559
1722450 561
1722460 563
1722470 564
1722480 566
1722490 568
1722500 569
1722510 570
1722520 572
1722530 573
1722540 573
1722550 574
1722560 575
1722570 575
1722580 576
1722590 576
1722600 577
1722610 577
1722620 577
1722630 578
1722640 578
1722650 579
1722660 579
1722670 579
1722680 580
1722690 580
1722700 581
1722710 582
1722720 583
1722730 583
1722740 584
1722750 584
1722760 585
1722770 585
1722780 586
1722790 586
1722800 587
1722810 588
1722820 588
1722830 588
1722840 588
1722850 588
1722860 588
1722870 588
1722880 588
1722890 587
1722900 587
1722910 587
1722920 587
1722930 586
1722940 586
1722950 586
1722960 585
1722970 585
1722980 584
1722990 584
1723000 583
1723010 582
1723020 581
1723030 581
1723040 580
1723050 579
1723060 579
1723070 578
1723080 578
1723090 577
1723100 577
1723110 577
1723120 576
1723130 576
1723140 575
1723150 575
1723160 574
1723170 573
1723180 573
1723190 573
1723200 573
1723210 574
1723220 575
1723230 576
1723240 577
1723250 579
1723260 580
1723270 582
1723280 584
1723290 587
1723300 589
1723310 590
1723320 592
1723330 593
1723340 595
1723350 597
1723360 599
1723370 601
1723380 602
1723390 604
1723400 606
1723410 608
1723420 609
1723430 610
1723440 611
1723450 613
1723460 614
1723470 615
1723480 616
1723490 617
1723500 618
1723510 619
1723520 620
1723530 622
1723540 623
1723550 624
1723560 625
1723570 625
1723580 626
1723590 626
1723600 626
1723610 626
1723620 626
1723630 626
1723640 626
1723650 626
1723660 625
1723670 625
1723680 624
1723690 623
1723700 622
1723710 621
1723720 620
1723730 619
1723740 618
1723750 616
1723760 615
1723770 614
1723780 612
1723790 610
1723800 609
1723810 607
1723820 605
1723830 603
1723840 602
1723850 600
1723860 598
1723870 595
1723880 593
1723890 591
1723900 589
1723910 587
1723920 585
1723930 583
1723940 581
1723950 579
1723960 577
1723970 575
1723980 573
1723990 571
1724000 569
1724010 567
1724020 565
1724030 563
1724040 562
1724050 560
1724060 558
1724070 557
1724080 556
1724090 554
1724100 552
1724110 551
1724120 550
1724130 549
1724140 548
1724150 547
1724160 547
1724170 547
1724180 548
1724190 549
1724200 550
1724210 552
1724220 553
1724230 555
1724240 555
1724250 555
1724260 555
1724270 554
1724280 553
1724290 550
1724300 546
1724310 542
1724320 537
1724330 533
1724340 529
1724350 525
1724360 521
1724370 518
1724380 514
1724390 512
1724400 510
1724410 508
1724420 506
1724430 507
1724440 508
1724450 510
1724460 513
1724470 516
1724480 519
1724490 522
1724500 525
1724510 527
1724520 530
1724530 533
1724540 536
1724550 539
1724560 541
1724570 544
1724580 547
1724590 550
1724600 553
1724610 556
1724620 560
1724630 563
1724640 566
1724650 569
1724660 572
1724670 576
1724680 579
1724690 581
1724700 584
1724710 586
1724720 588
1724730 590
1724740 592
1724750 594
1724760 596
1724770 598
1724780 600
1724790 604
1724800 607
1724810 608
1724820 608
1724830 607
1724840 607
1724850 608
1724860 608
1724870 609
1724880 610
1724890 611
1724900 614
1724910 616
1724920 617
1724930 617
1724940 617
1724950 618
1724960 618
1724970 619
1724980 620
1724990 621
1725000 621
1725010 621
1725020 621
1725030 621
1725040 620
1725050 620
1725060 619
1725070 619
1725080 618
1725090 618
1725100 618
1725110 617
1725120 617
1725130 616
1725140 616
1725150 616
1725160 616
1725170 616
1725180 616
1725190 615
1725200 615
1725210 614
1725220 613
1725230 612
1725240 611
1725250 611
1725260 611
1725270 610
1725280 609
1725290 608
1725300 607
1725310 607
1725320 606
1725330 605
1725340 604
1725350 603
1725360 601
1725370 600
1725380 599
1725390 597
1725400 596
1725410 595
1725420 593
1725430 591
1725440 590
1725450 588
1725460 586
1725470 584
1725480 583
1725490 581
1725500 579
1725510 577
1725520 575
1725530 574
1725540 573
1725550 571
1725560 570
1725570 569
1725580 567
1725590 566
1725600 564
1725610 563
1725620 562
1725630 561
1725640 560
1725650 559
1725660 557
1725670 555
1725680 552
1725690 550
1725700 549
1725710 548
1725720 547
1725730 546
1725740 546
1725750 547
1725760 547
1725770 549
1725780 550
1725790 552
1725800 553
1725810 555
1725820 556
1725830 558
1725840 560
1725850 560
1725860 561
1725870 561
1725880 561
1725890 561
1725900 561
1725910 561
1725920 561
1725930 560
1725940 559
1725950 558
1725960 557
1725970 556
1725980 555
1725990 554
1726000 553
1726010 552
1726020 551
1726030 550
1726040 549
1726050 548
1726060 547
1726070 546
1726080 545
1726090 544
1726100 544
1726110 543
1726120 542
1726130 542
1726140 541
1726150 540
1726160 540
1726170 539
1726180 538
1726190 537
1726200 536
1726210 535
1726220 534
1726230 534
1726240 534
1726250 535
1726260 535
1726270 536
1726280 537
1726290 538
1726300 539
1726310 540
1726320 542
1726330 544
1726340 545
1726350 547
1726360 549
1726370 550
1726380 552
1726390 554
1726400 556
1726410 558
1726420 561
1726430 563
1726440 565
1726450 565
1726460 566
1726470 567
1726480 568
1726490 569
1726500 570
1726510 571
1726520 571
1726530 572
1726540 573
1726550 573
1726560 574
1726570 574
1726580 575
1726590 575
1726600 576
1726610 577
1726620 578
1726630 578
1726640 578
1726650 577
1726660 576
1726670 574
1726680 573
1726690 572
1726700 571
1726710 571
1726720 571
1726730 571
1726740 570
1726750 570
1726760 570
1726770 571
1726780 571
1726790 570
1726800 570
1726810 571
1726820 571
1726830 571
1726840 569
1726850 566
1726860 563
1726870 559
1726880 556
1726890 553
1726900 550
1726910 547
1726920 545
1726930 545
1726940 546
1726950 549
1726960 551
1726970 552
1726980 553
1726990 552
1727000 551
1727010 551
1727020 552
1727030 553
1727040 554
1727050 556
1727060 557
1727070 559
1727080 560
1727090 561
1727100 562
1727110 561
1727120 560
1727130 558
1727140 556
1727150 553
1727160 550
1727170 547
1727180 543
1727190 537
1727200 533
1727210 529
1727220 526
1727230 523
1727240 521
1727250 520
1727260 522
1727270 524
1727280 526
1727290 527
1727300 528
1727310 528
1727320 528
1727330 527
1727340 524
1727350 521
1727360 517
1727370 513
1727380 509
1727390 505
1727400 501
1727410 497
1727420 493
1727430 489
1727440 485
1727450 482
1727460 479
1727470 476
1727480 472
1727490 468
1727500 464
1727510 460
1727520 457
1727530 454
1727540 450
1727550 446
1727560 444
1727570 441
1727580 439
1727590 436
1727600 432
1727610 429
1727620 425
1727630 421
1727640 418
1727650 415
1727660 413
1727670 412
1727680 410
1727690 409
1727700 407
1727710 406
1727720 405
1727730 404
1727740 404
1727750 404
1727760 404
1727770 404
1727780 403
1727790 402
1727800 401
1727810 400
1727820 399
1727830 398
1727840 398
1727850 397
1727860 397
1727870 397
1727880 397
1727890 397
1727900 397
1727910 397
1727920 397
1727930 396
1727940 396
1727950 396
1727960 396
1727970 396
1727980 395
1727990 392
1728000 390
1728010 387
1728020 384
1728030 381
1728040 377
1728050 374
1728060 371
1728070 368
1728080 365
1728090 362
1728100 359
1728110 355
1728120 352
1728130 349
1728140 346
1728150 342
1728160 339
1728170 336
1728180 333
1728190 330
1728200 326
1728210 323
1728220 319
1728230 316
1728240 312
1728250 308
1728260 303
1728270 299
1728280 295
1728290 292
1728300 290
1728310 289
1728320 287
1728330 286
1728340 285
1728350 284
1728360 282
1728370 281
1728380 281
1728390 282
1728400 283
1728410 284
1728420 287
1728430 291
1728440 300
1728450 305
1728460 308
1728470 311
1728480 314
1728490 316
1728500 318
1728510 321
1728520 323
1728530 325
1728540 326
1728550 327
1728560 325
1728570 323
1728580 320
1728590 318
1728600 316
1728610 316
1728620 317
1728630 319
1728640 321
1728650 324
1728660 327
1728670 330
1728680 333
1728690 336
1728700 340
1728710 343
1728720 347
1728730 350
1728740 353
1728750 356
1728760 359
1728770 363
1728780 366
1728790 368
1728800 369
1728810 371
1728820 374
1728830 375
1728840 376
1728850 376
1728860 373
1728870 370
1728880 367
1728890 364
1728900 362
1728910 359
1728920 358
1728930 357
1728940 356
1728950 356
1728960 356
1728970 356
1728980 354
1728990 352
1729000 350
1729010 347
1729020 345
1729030 343
1729040 340
1729050 338
1729060 335
1729070 333
1729080 331
1729090 328
1729100 325
1729110 322
1729120 318
1729130 317
1729140 318
1729150 320
1729160 323
1729170 325
1729180 328
1729190 331
1729200 335
1729210 338
1729220 342
1729230 345
1729240 349
1729250 352
1729260 355
1729270 359
1729280 362
1729290 366
1729300 369
1729310 372
1729320 375
1729330 379
1729340 382
1729350 385
1729360 389
1729370 392
1729380 395
1729390 397
1729400 400
1729410 402
1729420 404
1729430 405
1729440 405
1729450 406
1729460 407
1729470 408
1729480 408
1729490 409
1729500 409
1729510 409
1729520 410
1729530 410
1729540 410
1729550 410
1729560 411
1729570 411
1729580 412
1729590 413
1729600 415
1729610 417
1729620 420
1729630 422
1729640 425
1729650 427
1729660 430
1729670 432
1729680 435
1729690 437
1729700 440
1729710 443
1729720 446
1729730 448
1729740 449
1729750 450
1729760 452
1729770 453
1729780 454
1729790 455
1729800 456
1729810 457
1729820 459
1729830 460
1729840 462
1729850 464
1729860 466
1729870 467
1729880 468
1729890 469
1729900 469
1729910 470
1729920 470
1729930 471
1729940 471
1729950 471
1729960 471
1729970 471
1729980 471
1729990 470
1730000 470
1730010 469
1730020 469
1730030 468
1730040 468
1730050 467
1730060 467
1730070 466
1730080 466
1730090 465
1730100 465
1730110 465
1730120 465
1730130 465
1730140 466
1730150 466
1730160 465
1730170 465
1730180 464
1730190 464
1730200 463
1730210 462
1730220 461
1730230 460
1730240 459
1730250 458
1730260 457
1730270 456
1730280 454
1730290 451
1730300 449
1730310 447
1730320 445
1730330 443
1730340 442
1730350 441
1730360 441
1730370 440
1730380 440
1730390 439
1730400 437
1730410 436
1730420 434
1730430 431
1730440 428
1730450 425
1730460 423
1730470 422
1730480 422
1730490 423
1730500 425
1730510 428
1730520 431
1730530 434
1730540 437
1730550 440
1730560 442
1730570 445
1730580 447
1730590 448
1730600 449
1730610 450
1730620 450
1730630 450
1730640 450
1730650 449
1730660 449
1730670 448
1730680 448
1730690 447
1730700 446
1730710 446
1730720 445
1730730 445
1730740 444
1730750 444
1730760 443
1730770 443
1730780 443
1730790 442
1730800 442
1730810 442
1730820 442
1730830 441
1730840 441
1730850 440
1730860 440
1730870 440
1730880 439
1730890 439
1730900 439
1730910 438
1730920 438
1730930 438
1730940 438
1730950 438
1730960 437
1730970 437
1730980 437
1730990 437
1731000 436
1731010 436
1731020 436
1731030 435
1731040 435
1731050 435
1731060 434
1731070 434
1731080 434
1731090 434
1731100 433
1731110 433
1731120 433
1731130 433
1731140 433
1731150 433
1731160 433
1731170 433
1731180 433
1731190 433
1731200 433
1731210 434
1731220 434
1731230 434
1731240 434
1731250 434
1731260 434
1731270 434
1731280 435
1731290 435
1731300 435
1731310 436
1731320 436
1731330 436
1731340 436
1731350 437
1731360 437
1731370 437
1731380 437
1731390 437
1731400 437
1731410 437
1731420 437
1731430 437
1731440 437
1731450 437
1731460 437
1731470 438
1731480 438
1731490 438
1731500 439
1731510 440
1731520 441
1731530 442
1731540 443
1731550 443
1731560 444
1731570 445
1731580 446
1731590 447
1731600 448
1731610 449
1731620 450
1731630 450
1731640 450
1731650 450
1731660 450
1731670 450
1731680 450
1731690 450
1731700 449
1731710 449
1731720 448
1731730 448
1731740 447
1731750 447
1731760 447
1731770 446
1731780 446
1731790 446
1731800 445
1731810 445
1731820 444
1731830 444
1731840 443
1731850 443
1731860 442
1731870 441
1731880 441
1731890 440
1731900 440
1731910 439
1731920 439
1731930 438
1731940 438
1731950 437
1731960 437
1731970 436
1731980 436
1731990 435
1732000 435
1732010 434
1732020 434
1732030 433
1732040 433
1732050 433
1732060 432
1732070 432
1732080 431
1732090 431
1732100 431
1732110 430
1732120 430
1732130 430
1732140 429
1732150 429
1732160 428
1732170 428
1732180 428
1732190 427
1732200 427
1732210 427
1732220 426
1732230 426
1732240 425
1732250 425
1732260 425
1732270 424
1732280 424
1732290 423
1732300 423
1732310 423
1732320 422
1732330 422
1732340 421
1732350 421
1732360 421
1732370 420
1732380 420
1732390 420
1732400 420
1732410 420
1732420 419
1732430 420
1732440 420
1732450 420
1732460 419
1732470 419
1732480 419
1732490 419
1732500 419
1732510 419
1732520 419
1732530 419
1732540 419
1732550 419
1732560 418
1732570 418
1732580 418
1732590 418
1732600 418
1732610 418
1732620 418
1732630 418
1732640 418
1732650 418
1732660 418
1732670 418
1732680 417
1732690 417
1732700 416
1732710 416
1732720 414
1732730 414
1732740 414
1732750 413
1732760 413
1732770 412
1732780 411
1732790 411
1732800 410
1732810 409
1732820 409
1732830 408
1732840 407
1732850 407
1732860 406
1732870 406
1732880 405
1732890 405
1732900 404
1732910 404
1732920 403
1732930 403
1732940 402
1732950 402
1732960 402
1732970 401
1732980 401
1732990 400
1733000 400
1733010 399
1733020 399
1733030 398
1733040 398
1733050 398
1733060 397
1733070 397
1733080 397
1733090 396
1733100 396
1733110 395
1733120 395
1733130 395
1733140 395
1733150 395
1733160 395
1733170 394
1733180 394
1733190 394
1733200 393
1733210 393
1733220 393
1733230 393
1733240 392
1733250 392
1733260 392
1733270 392
1733280 391
1733290 391
1733300 391
1733310 391
1733320 391
1733330 391
1733340 391
1733350 391
1733360 391
1733370 390
1733380 390
1733390 389
1733400 389
1733410 389
1733420 390
1733430 390
1733440 390
1733450 390
1733460 390
1733470 390
1733480 390
1733490 390
1733500 390
1733510 389
1733520 389
1733530 388
1733540 387
1733550 387
1733560 386
1733570 386
1733580 385
1733590 385
1733600 385
1733610 384
1733620 384
1733630 384
1733640 384
1733650 383
1733660 383
1733670 382
1733680 382
1733690 381
1733700 381
1733710 380
1733720 380
1733730 380
1733740 380
1733750 379
1733760 379
1733770 378
1733780 378
1733790 378
1733800 378
1733810 377
1733820 376
1733830 375
1733840 375
1733850 375
1733860 375
1733870 375
1733880 374
1733890 374
1733900 374
1733910 373
1733920 373
1733930 372
1733940 372
1733950 372
1733960 372
1733970 371
1733980 371
1733990 371
1734000 371
1734010 370
1734020 370
1734030 370
1734040 370
1734050 369
1734060 369
1734070 369
1734080 369
1734090 369
1734100 368
1734110 368
1734120 368
1734130 368
1734140 368
1734150 368
1734160 368
1734170 368
1734180 368
1734190 368
1734200 367
1734210 367
1734220 367
1734230 366
1734240 366
1734250 366
1734260 366
1734270 365
1734280 365
1734290 365
1734300 365
1734310 364
1734320 364
1734330 364
1734340 364
1734350 363
1734360 363
1734370 363
1734380 363
1734390 362
1734400 362
1734410 362
1734420 362
1734430 361
1734440 361
1734450 361
1734460 360
1734470 360
1734480 360
1734490 359
1734500 359
1734510 359
1734520 359
1734530 359
1734540 358
1734550 358
1734560 358
1734570 358
1734580 358
1734590 358
1734600 357
1734610 357
1734620 357
1734630 357
1734640 357
1734650 357
1734660 357
1734670 356
1734680 356
1734690 356
1734700 356
1734710 356
1734720 356
1734730 356
1734740 356
1734750 355
1734760 355
1734770 356
1734780 355
1734790 355
1734800 355
1734810 355
1734820 355
1734830 355
1734840 355
1734850 355
1734860 354
1734870 354
1734880 354
1734890 354
1734900 354
1734910 354
1734920 354
1734930 354
1734940 354
1734950 354
1734960 354
1734970 354
1734980 354
1734990 354
1735000 354
1735010 354
1735020 354
1735030 354
1735040 354
1735050 354
1735060 354
1735070 354
1735080 354
1735090 355
1735100 355
1735110 355
1735120 355
1735130 355
1735140 355
1735150 355
1735160 355
1735170 355
1735180 356
1735190 356
1735200 356
1735210 356
1735220 356
1735230 356
1735240 356
1735250 357
1735260 357
1735270 357
1735280 357
1735290 358
1735300 358
1735310 358
1735320 358
1735330 359
1735340 359
1735350 360
1735360 361
1735370 362
1735380 363
1735390 363
1735400 364
1735410 365
1735420 365
1735430 366
1735440 366
1735450 366
1735460 366
1735470 366
1735480 366
1735490 366
1735500 366
1735510 366
1735520 366
1735530 366
1735540 366
1735550 366
1735560 366
1735570 366
1735580 366
1735590 366
1735600 367
1735610 367
1735620 367
1735630 367
1735640 367
1735650 367
1735660 367
1735670 367
1735680 367
1735690 367
1735700 367
1735710 368
1735720 368
1735730 368
1735740 368
1735750 368
1735760 368
1735770 368
1735780 368
1735790 368
1735800 368
1735810 368
1735820 368
1735830 368
1735840 368
1735850 367
1735860 367
1735870 367
1735880 367
1735890 367
1735900 367
1735910 367
1735920 367
1735930 367
1735940 367
1735950 367
1735960 367
1735970 367
1735980 367
1735990 367
1736000 367
1736010 367
1736020 367
1736030 366
1736040 366
1736050 366
1736060 366
1736070 366
1736080 366
1736090 365
1736100 365
1736110 365
1736120 365
1736130 365
1736140 365
1736150 365
1736160 365
1736170 364
1736180 364
1736190 364
1736200 364
1736210 364
1736220 364
1736230 364
1736240 364
1736250 363
1736260 363
1736270 363
1736280 363
1736290 363
1736300 363
1736310 363
1736320 363
1736330 363
1736340 363
1736350 362
1736360 362
1736370 362
1736380 362
1736390 362
1736400 362
1736410 362
1736420 362
1736430 362
1736440 362
1736450 361
1736460 361
1736470 361
1736480 361
1736490 361
1736500 360
1736510 360
1736520 360
1736530 360
1736540 360
1736550 360
1736560 361
1736570 360
1736580 360
1736590 360
1736600 360
1736610 360
1736620 360
1736630 360
1736640 360
1736650 360
1736660 360
1736670 360
1736680 360
1736690 359
1736700 359
1736710 359
1736720 359
1736730 359
1736740 359
1736750 359
1736760 359
1736770 359
1736780 359
1736790 359
1736800 359
1736810 359
1736820 359
1736830 359
1736840 359
1736850 359
1736860 359
1736870 359
1736880 359
1736890 359
1736900 359
1736910 359
1736920 359
1736930 359
1736940 359
1736950 359
1736960 359
1736970 359
1736980 359
1736990 359
1737000 359
1737010 359
1737020 359
1737030 359
1737040 359
1737050 359
1737060 359
1737070 359
1737080 359
1737090 359
1737100 359
1737110 359
1737120 360
1737130 360
1737140 360
1737150 360
1737160 360
1737170 360
1737180 361
1737190 361
1737200 361
1737210 361
1737220 362
1737230 362
1737240 363
1737250 363
1737260 363
1737270 363
1737280 364
1737290 364
1737300 364
1737310 364
1737320 364
1737330 364
1737340 364
1737350 364
1737360 364
1737370 364
1737380 364
1737390 364
1737400 365
1737410 365
1737420 365
1737430 365
1737440 365
1737450 365
1737460 365
1737470 365
1737480 365
1737490 365
1737500 365
1737510 365
1737520 365
1737530 366
1737540 366
1737550 366
1737560 366
1737570 366
1737580 366
1737590 366
1737600 366
1737610 366
1737620 366
1737630 367
1737640 367
1737650 367
1737660 367
1737670 367
1737680 367
1737690 367
1737700 368
1737710 368
1737720 368
1737730 368
1737740 368
1737750 368
1737760 368
1737770 369
1737780 369
1737790 369
1737800 369
1737810 368
1737820 368
1737830 368
1737840 368
1737850 368
1737860 368
1737870 368
1737880 368
1737890 368
1737900 368
1737910 368
1737920 368
1737930 368
1737940 367
1737950 367
1737960 367
1737970 367
1737980 367
1737990 367
1738000 367
1738010 367
1738020 367
1738030 367
1738040 367
1738050 367
1738060 366
1738070 366
1738080 366
1738090 366
1738100 366
1738110 366
1738120 366
1738130 366
1738140 366
1738150 366
1738160 366
1738170 366
1738180 366
1738190 366
1738200 365
1738210 365
1738220 365
1738230 365
1738240 365
1738250 366
1738260 366
1738270 366
1738280 366
1738290 366
1738300 366
1738310 366
1738320 366
1738330 366
1738340 366
1738350 365
1738360 365
1738370 365
1738380 365
1738390 365
1738400 365
1738410 365
1738420 365
1738430 365
1738440 365
1738450 365
1738460 365
1738470 365
1738480 365
1738490 365
1738500 365
1738510 365
1738520 365
1738530 364
1738540 364
1738550 364
1738560 364
1738570 364
1738580 364
1738590 364
1738600 364
1738610 364
1738620 364
1738630 364
1738640 364
1738650 363
1738660 363
1738670 363
1738680 363
1738690 363
1738700 363
1738710 363
1738720 363
1738730 363
1738740 363
1738750 363
1738760 363
1738770 363
1738780 363
1738790 363
1738800 362
1738810 362
1738820 362
1738830 362
1738840 362
1738850 362
1738860 362
1738870 362
1738880 362
1738890 362
1738900 362
1738910 362
1738920 362
1738930 362
1738940 361
1738950 361
1738960 361
1738970 361
1738980 361
1738990 361
1739000 361
1739010 361
1739020 361
1739030 362
1739040 361
1739050 361
1739060 361
1739070 361
1739080 361
1739090 361
1739100 361
1739110 361
1739120 361
1739130 360
1739140 361
1739150 361
1739160 361
1739170 361
1739180 360
1739190 360
1739200 360
1739210 360
1739220 360
1739230 360
1739240 360
1739250 360
1739260 360
1739270 360
1739280 360
1739290 360
1739300 359
1739310 359
1739320 359
1739330 359
1739340 359
1739350 359
1739360 359
1739370 358
1739380 358
1739390 358
1739400 358
1739410 358
1739420 357
1739430 357
1739440 357
1739450 356
1739460 356
1739470 356
1739480 356
1739490 355
1739500 355
1739510 355
1739520 354
1739530 354
1739540 354
1739550 353
1739560 353
1739570 352
1739580 352
1739590 351
1739600 351
1739610 350
1739620 350
1739630 349
1739640 349
1739650 348
1739660 348
1739670 347
1739680 347
1739690 346
1739700 345
1739710 345
1739720 344
1739730 343
1739740 343
1739750 342
1739760 341
1739770 340
1739780 339
1739790 339
1739800 338
1739810 337
1739820 336
1739830 335
1739840 334
1739850 334
1739860 333
1739870 333
1739880 332
1739890 332
1739900 331
1739910 331
1739920 330
1739930 330
1739940 329
1739950 328
1739960 327
1739970 326
1739980 325
1739990 325
