1720000 367
1720010 366
1720020 365
1720030 364
1720040 362
1720050 359
1720060 358
1720070 358
1720080 358
1720090 358
1720100 358
1720110 358
1720120 358
1720130 358
1720140 358
1720150 358
1720160 358
1720170 358
1720180 358
1720190 358
1720200 358
1720210 358
1720220 358
1720230 358
1720240 358
1720250 358
1720260 358
1720270 358
1720280 358
1720290 358
1720300 358
1720310 358
1720320 358
1720330 358
1720340 358
1720350 357
1720360 357
1720370 357
1720380 357
1720390 357
1720400 357
1720410 357
1720420 357
1720430 357
1720440 357
1720450 357
1720460 357
1720470 357
1720480 357
1720490 357
1720500 357
1720510 356
1720520 356
1720530 356
1720540 356
1720550 355
1720560 355
1720570 355
1720580 355
1720590 355
1720600 355
1720610 355
1720620 355
1720630 355
1720640 354
1720650 354
1720660 354
1720670 354
1720680 355
1720690 355
1720700 356
1720710 359
1720720 363
1720730 369
1720740 377
1720750 382
1720760 381
1720770 379
1720780 378
1720790 376
1720800 374
1720810 372
1720820 369
1720830 366
1720840 363
1720850 361
1720860 360
1720870 359
1720880 358
1720890 357
1720900 357
1720910 356
1720920 356
1720930 355
1720940 355
1720950 354
1720960 354
1720970 352
1720980 351
1720990 350
1721000 351
1721010 352
1721020 352
1721030 352
1721040 352
1721050 352
1721060 352
1721070 352
1721080 352
1721090 352
1721100 351
1721110 351
1721120 351
1721130 351
1721140 351
1721150 351
1721160 351
1721170 351
1721180 351
1721190 351
1721200 351
1721210 351
1721220 351
1721230 351
1721240 350
1721250 350
1721260 350
1721270 350
1721280 349
1721290 349
1721300 349
1721310 352
1721320 359
1721330 364
1721340 369
1721350 372
1721360 372
1721370 371
1721380 369
1721390 368
1721400 368
1721410 367
1721420 365
1721430 362
1721440 359
1721450 356
1721460 353
1721470 350
1721480 347
1721490 344
1721500 342
1721510 342
1721520 343
1721530 343
1721540 343
1721550 344
1721560 344
1721570 344
1721580 344
1721590 344
1721600 343
1721610 343
1721620 343
1721630 343
1721640 343
1721650 343
1721660 343
1721670 343
1721680 343
1721690 343
1721700 342
1721710 342
1721720 342
1721730 342
1721740 342
1721750 342
1721760 342
1721770 342
1721780 342
1721790 342
1721800 342
1721810 342
1721820 343
1721830 343
1721840 345
1721850 345
1721860 346
1721870 346
1721880 346
1721890 346
1721900 345
1721910 344
1721920 341
1721930 340
1721940 340
1721950 339
1721960 339
1721970 338
1721980 338
1721990 338
1722000 339
1722010 339
1722020 339
1722030 339
1722040 339
1722050 339
1722060 339
1722070 340
1722080 340
1722090 340
1722100 340
1722110 340
1722120 340
1722130 340
1722140 342
1722150 346
1722160 352
1722170 358
1722180 363
1722190 367
1722200 372
1722210 376
1722220 381
1722230 385
1722240 390
1722250 395
1722260 401
1722270 407
1722280 413
1722290 419
1722300 424
1722310 429
1722320 434
1722330 438
1722340 442
1722350 445
1722360 449
1722370 452
1722380 456
1722390 459
1722400 462
1722410 466
1722420 469
1722430 471
1722440 473
1722450 474
1722460 472
1722470 471
1722480 469
1722490 468
1722500 466
1722510 465
1722520 465
1722530 465
1722540 465
1722550 466
1722560 468
1722570 469
1722580 471
1722590 472
1722600 474
1722610 476
1722620 478
1722630 479
1722640 481
1722650 482
1722660 484
1722670 485
1722680 487
1722690 488
1722700 489
1722710 491
1722720 492
1722730 494
1722740 495
1722750 497
1722760 498
1722770 499
1722780 500
1722790 501
1722800 502
1722810 503
1722820 503
1722830 503
1722840 503
1722850 503
1722860 503
1722870 503
1722880 502
1722890 501
1722900 500
1722910 499
1722920 497
1722930 495
1722940 493
1722950 492
1722960 490
1722970 488
1722980 485
1722990 483
1723000 481
1723010 479
1723020 476
1723030 474
1723040 471
1723050 469
1723060 467
1723070 464
1723080 462
1723090 460
1723100 458
1723110 457
1723120 458
1723130 459
1723140 461
1723150 463
1723160 465
1723170 467
1723180 469
1723190 471
1723200 472
1723210 473
1723220 474
1723230 475
1723240 475
1723250 476
1723260 477
1723270 478
1723280 479
1723290 480
1723300 481
1723310 482
1723320 484
1723330 485
1723340 487
1723350 488
1723360 490
1723370 491
1723380 492
1723390 494
1723400 496
1723410 498
1723420 500
1723430 503
1723440 505
1723450 508
1723460 510
1723470 513
1723480 515
1723490 517
1723500 519
1723510 521
1723520 522
1723530 524
1723540 524
1723550 524
1723560 524
1723570 523
1723580 523
1723590 522
1723600 521
1723610 521
1723620 522
1723630 524
1723640 525
1723650 527
1723660 528
1723670 530
1723680 531
1723690 533
1723700 535
1723710 537
1723720 539
1723730 541
1723740 544
1723750 547
1723760 550
1723770 553
1723780 556
1723790 559
1723800 562
1723810 566
1723820 569
1723830 573
1723840 576
1723850 579
1723860 582
1723870 585
1723880 586
1723890 589
1723900 593
1723910 597
1723920 601
1723930 605
1723940 608
1723950 611
1723960 615
1723970 618
1723980 621
1723990 624
1724000 627
1724010 631
1724020 635
1724030 639
1724040 641
1724050 641
1724060 639
1724070 637
1724080 635
1724090 635
1724100 634
1724110 633
1724120 633
1724130 632
1724140 632
1724150 631
1724160 631
1724170 631
1724180 631
1724190 631
1724200 631
1724210 632
1724220 632
1724230 631
1724240 630
1724250 627
1724260 623
1724270 620
1724280 617
1724290 614
1724300 611
1724310 607
1724320 604
1724330 601
1724340 598
1724350 595
1724360 592
1724370 589
1724380 586
1724390 584
1724400 581
1724410 578
1724420 575
1724430 572
1724440 569
1724450 565
1724460 561
1724470 558
1724480 554
1724490 550
1724500 546
1724510 541
1724520 537
1724530 533
1724540 530
1724550 526
1724560 523
1724570 519
1724580 516
1724590 513
1724600 510
1724610 509
1724620 508
1724630 506
1724640 504
1724650 502
1724660 501
1724670 499
1724680 497
1724690 495
1724700 493
1724710 492
1724720 490
1724730 487
1724740 485
1724750 483
1724760 481
1724770 479
1724780 478
1724790 478
1724800 478
1724810 478
1724820 478
1724830 477
1724840 476
1724850 476
1724860 475
1724870 474
1724880 474
1724890 473
1724900 473
1724910 473
1724920 473
1724930 473
1724940 473
1724950 474
1724960 474
1724970 474
1724980 474
1724990 474
1725000 474
1725010 474
1725020 473
1725030 473
1725040 473
1725050 472
1725060 471
1725070 470
1725080 469
1725090 468
1725100 466
1725110 465
1725120 464
1725130 463
1725140 462
1725150 461
1725160 459
1725170 458
1725180 457
1725190 457
1725200 457
1725210 456
1725220 456
1725230 455
1725240 454
1725250 454
1725260 453
1725270 452
1725280 451
1725290 449
1725300 447
1725310 445
1725320 443
1725330 441
1725340 440
1725350 439
1725360 439
1725370 439
1725380 439
1725390 440
1725400 440
1725410 441
1725420 442
1725430 443
1725440 443
1725450 444
1725460 444
1725470 444
1725480 443
1725490 442
1725500 440
1725510 438
1725520 435
1725530 433
1725540 431
1725550 429
1725560 427
1725570 425
1725580 423
1725590 422
1725600 421
1725610 421
1725620 419
1725630 418
1725640 416
1725650 413
1725660 411
1725670 408
1725680 407
1725690 405
1725700 403
1725710 401
1725720 401
1725730 400
1725740 401
1725750 401
1725760 403
1725770 405
1725780 407
1725790 410
1725800 412
1725810 414
1725820 416
1725830 419
1725840 421
1725850 422
1725860 424
1725870 425
1725880 427
1725890 428
1725900 429
1725910 429
1725920 430
1725930 431
1725940 432
1725950 433
1725960 434
1725970 435
1725980 435
1725990 435
1726000 434
1726010 434
1726020 434
1726030 435
1726040 436
1726050 437
1726060 437
1726070 438
1726080 439
1726090 438
1726100 436
1726110 433
1726120 430
1726130 427
1726140 424
1726150 421
1726160 418
1726170 416
1726180 413
1726190 410
1726200 408
1726210 405
1726220 404
1726230 402
1726240 401
1726250 400
1726260 399
1726270 399
1726280 398
1726290 397
1726300 397
1726310 398
1726320 399
1726330 400
1726340 402
1726350 404
1726360 406
1726370 409
1726380 411
1726390 413
1726400 415
1726410 418
1726420 420
1726430 423
1726440 425
1726450 427
1726460 429
1726470 431
1726480 433
1726490 434
1726500 436
1726510 438
1726520 439
1726530 440
1726540 441
1726550 441
1726560 440
1726570 437
1726580 435
1726590 432
1726600 429
1726610 426
1726620 422
1726630 419
1726640 415
1726650 411
1726660 406
1726670 402
1726680 398
1726690 395
1726700 392
1726710 389
1726720 387
1726730 384
1726740 381
1726750 379
1726760 376
1726770 373
1726780 369
1726790 364
1726800 360
1726810 355
1726820 351
1726830 347
1726840 342
1726850 338
1726860 333
1726870 329
1726880 325
1726890 322
1726900 319
1726910 316
1726920 314
1726930 311
1726940 309
1726950 306
1726960 304
1726970 303
1726980 302
1726990 301
1727000 301
1727010 301
1727020 300
1727030 300
1727040 300
1727050 301
1727060 301
1727070 300
1727080 299
1727090 298
1727100 298
1727110 298
1727120 299
1727130 299
1727140 299
1727150 299
1727160 299
1727170 299
1727180 300
1727190 300
1727200 300
1727210 301
1727220 301
1727230 301
1727240 302
1727250 303
1727260 304
1727270 304
1727280 305
1727290 304
1727300 303
1727310 303
1727320 302
1727330 302
1727340 302
1727350 302
1727360 302
1727370 302
1727380 302
1727390 302
1727400 302
1727410 302
1727420 302
1727430 303
1727440 304
1727450 304
1727460 304
1727470 304
1727480 303
1727490 302
1727500 301
1727510 301
1727520 301
1727530 300
1727540 300
1727550 300
1727560 299
1727570 299
1727580 298
1727590 298
1727600 297
1727610 297
1727620 297
1727630 297
1727640 297
1727650 297
1727660 297
1727670 296
1727680 296
1727690 296
1727700 296
1727710 296
1727720 296
1727730 296
1727740 296
1727750 297
1727760 297
1727770 298
1727780 299
1727790 302
1727800 305
1727810 307
1727820 305
1727830 304
1727840 304
1727850 306
1727860 309
1727870 312
1727880 314
1727890 314
1727900 315
1727910 316
1727920 318
1727930 319
1727940 320
1727950 320
1727960 320
1727970 319
1727980 319
1727990 319
1728000 319
1728010 320
1728020 321
1728030 322
1728040 323
1728050 323
1728060 324
1728070 324
1728080 324
1728090 325
1728100 326
1728110 327
1728120 328
1728130 329
1728140 330
1728150 331
1728160 332
1728170 332
1728180 333
1728190 334
1728200 334
1728210 335
1728220 335
1728230 335
1728240 336
1728250 338
1728260 340
1728270 342
1728280 344
1728290 346
1728300 348
1728310 349
1728320 349
1728330 348
1728340 345
1728350 343
1728360 342
1728370 341
1728380 341
1728390 342
1728400 344
1728410 346
1728420 348
1728430 350
1728440 353
1728450 356
1728460 359
1728470 362
1728480 365
1728490 368
1728500 370
1728510 373
1728520 375
1728530 379
1728540 383
1728550 387
1728560 391
1728570 395
1728580 400
1728590 404
1728600 409
1728610 413
1728620 418
1728630 423
1728640 427
1728650 432
1728660 436
1728670 440
1728680 444
1728690 448
1728700 451
1728710 455
1728720 458
1728730 462
1728740 466
1728750 470
1728760 474
1728770 478
1728780 482
1728790 486
1728800 490
1728810 493
1728820 497
1728830 500
1728840 503
1728850 506
1728860 513
1728870 518
1728880 520
1728890 521
1728900 522
1728910 523
1728920 525
1728930 526
1728940 527
1728950 528
1728960 530
1728970 531
1728980 532
1728990 533
1729000 534
1729010 536
1729020 537
1729030 538
1729040 538
1729050 539
1729060 539
1729070 539
1729080 539
1729090 540
1729100 540
1729110 540
1729120 541
1729130 542
1729140 542
1729150 543
1729160 543
1729170 542
1729180 542
1729190 541
1729200 541
1729210 541
1729220 540
1729230 540
1729240 539
1729250 539
1729260 539
1729270 539
1729280 538
1729290 538
1729300 538
1729310 538
1729320 538
1729330 538
1729340 537
1729350 537
1729360 537
1729370 537
1729380 537
1729390 537
1729400 537
1729410 537
1729420 537
1729430 536
1729440 535
1729450 535
1729460 534
1729470 533
1729480 532
1729490 531
1729500 530
1729510 530
1729520 529
1729530 528
1729540 527
1729550 526
1729560 525
1729570 524
1729580 523
1729590 522
1729600 521
1729610 520
1729620 520
1729630 519
1729640 518
1729650 517
1729660 515
1729670 513
1729680 512
1729690 510
1729700 508
1729710 507
1729720 505
1729730 504
1729740 502
1729750 501
1729760 499
1729770 497
1729780 496
1729790 494
1729800 493
1729810 491
1729820 490
1729830 488
1729840 487
1729850 485
1729860 484
1729870 482
1729880 480
1729890 479
1729900 477
1729910 475
1729920 474
1729930 472
1729940 471
1729950 469
1729960 467
1729970 465
1729980 464
1729990 462
1730000 460
1730010 459
1730020 459
1730030 458
1730040 457
1730050 455
1730060 453
1730070 450
1730080 449
1730090 450
1730100 451
1730110 453
1730120 454
1730130 454
1730140 453
1730150 452
1730160 452
1730170 453
1730180 453
1730190 453
1730200 454
1730210 454
1730220 455
1730230 455
1730240 456
1730250 457
1730260 457
1730270 458
1730280 458
1730290 458
1730300 458
1730310 458
1730320 459
1730330 459
1730340 459
1730350 459
1730360 459
1730370 459
1730380 458
1730390 458
1730400 458
1730410 457
1730420 457
1730430 457
1730440 456
1730450 456
1730460 455
1730470 455
1730480 454
1730490 454
1730500 453
1730510 453
1730520 452
1730530 452
1730540 451
1730550 450
1730560 450
1730570 449
1730580 449
1730590 448
1730600 448
1730610 447
1730620 446
1730630 446
1730640 445
1730650 444
1730660 444
1730670 443
1730680 443
1730690 442
1730700 441
1730710 441
1730720 440
1730730 440
1730740 439
1730750 438
1730760 438
1730770 437
1730780 437
1730790 436
1730800 435
1730810 435
1730820 434
1730830 433
1730840 433
1730850 432
1730860 431
1730870 431
1730880 430
1730890 429
1730900 428
1730910 427
1730920 426
1730930 426
1730940 425
1730950 424
1730960 423
1730970 423
1730980 422
1730990 422
1731000 421
1731010 421
1731020 421
1731030 421
1731040 421
1731050 421
1731060 420
1731070 420
1731080 420
1731090 420
1731100 420
1731110 420
1731120 420
1731130 420
1731140 420
1731150 421
1731160 421
1731170 422
1731180 423
1731190 424
1731200 425
1731210 426
1731220 427
1731230 428
1731240 428
1731250 429
1731260 431
1731270 433
1731280 434
1731290 434
1731300 435
1731310 436
1731320 436
1731330 437
1731340 438
1731350 438
1731360 438
1731370 438
1731380 438
1731390 437
1731400 437
1731410 437
1731420 436
1731430 435
1731440 435
1731450 434
1731460 433
1731470 433
1731480 432
1731490 432
1731500 431
1731510 431
1731520 430
1731530 430
1731540 430
1731550 429
1731560 429
1731570 429
1731580 429
1731590 429
1731600 429
1731610 428
1731620 428
1731630 428
1731640 429
1731650 429
1731660 429
1731670 430
1731680 430
1731690 430
1731700 429
1731710 429
1731720 429
1731730 429
1731740 428
1731750 427
1731760 427
1731770 426
1731780 426
1731790 425
1731800 425
1731810 425
1731820 424
1731830 424
1731840 423
1731850 423
1731860 423
1731870 422
1731880 422
1731890 421
1731900 421
1731910 421
1731920 420
1731930 420
1731940 419
1731950 419
1731960 418
1731970 417
1731980 416
1731990 415
1732000 414
1732010 414
1732020 413
1732030 412
1732040 411
1732050 411
1732060 410
1732070 409
1732080 408
1732090 407
1732100 407
1732110 406
1732120 405
1732130 405
1732140 404
1732150 403
1732160 403
1732170 402
1732180 401
1732190 401
1732200 400
1732210 399
1732220 399
1732230 398
1732240 398
1732250 397
1732260 396
1732270 396
1732280 395
1732290 394
1732300 394
1732310 393
1732320 393
1732330 392
1732340 392
1732350 391
1732360 391
1732370 390
1732380 390
1732390 389
1732400 389
1732410 388
1732420 388
1732430 387
1732440 387
1732450 386
1732460 386
1732470 385
1732480 385
1732490 384
1732500 383
1732510 383
1732520 382
1732530 381
1732540 380
1732550 379
1732560 378
1732570 378
1732580 377
1732590 376
1732600 375
1732610 373
1732620 372
1732630 371
1732640 371
1732650 371
1732660 372
1732670 372
1732680 373
1732690 374
1732700 376
1732710 378
1732720 380
1732730 381
1732740 382
1732750 382
1732760 383
1732770 384
1732780 384
1732790 384
1732800 385
1732810 385
1732820 385
1732830 385
1732840 385
1732850 385
1732860 384
1732870 384
1732880 383
1732890 383
1732900 381
1732910 381
1732920 382
1732930 383
1732940 383
1732950 383
1732960 383
1732970 382
1732980 382
1732990 381
1733000 381
1733010 380
1733020 380
1733030 379
1733040 378
1733050 377
1733060 376
1733070 376
1733080 375
1733090 375
1733100 375
1733110 375
1733120 374
1733130 374
1733140 373
1733150 372
1733160 370
1733170 369
1733180 368
1733190 366
1733200 366
1733210 365
1733220 365
1733230 364
1733240 363
1733250 363
1733260 362
1733270 361
1733280 361
1733290 360
1733300 359
1733310 359
1733320 358
1733330 357
1733340 356
1733350 356
1733360 355
1733370 354
1733380 354
1733390 354
1733400 353
1733410 353
1733420 352
1733430 352
1733440 352
1733450 353
1733460 354
1733470 357
1733480 359
1733490 361
1733500 363
1733510 365
1733520 367
1733530 369
1733540 370
1733550 371
1733560 371
1733570 372
1733580 372
1733590 371
1733600 371
1733610 371
1733620 371
1733630 370
1733640 370
1733650 370
1733660 369
1733670 369
1733680 369
1733690 368
1733700 368
1733710 367
1733720 366
1733730 365
1733740 365
1733750 365
1733760 364
1733770 363
1733780 363
1733790 362
1733800 362
1733810 361
1733820 361
1733830 360
1733840 360
1733850 359
1733860 358
1733870 358
1733880 357
1733890 357
1733900 356
1733910 356
1733920 355
1733930 355
1733940 354
1733950 354
1733960 353
1733970 352
1733980 352
1733990 351
1734000 350
1734010 350
1734020 349
1734030 349
1734040 348
1734050 348
1734060 347
1734070 346
1734080 346
1734090 345
1734100 345
1734110 344
1734120 344
1734130 343
1734140 343
1734150 343
1734160 342
1734170 342
1734180 341
1734190 341
1734200 340
1734210 339
1734220 339
1734230 338
1734240 337
1734250 337
1734260 336
1734270 336
1734280 336
1734290 336
1734300 336
1734310 336
1734320 336
1734330 336
1734340 336
1734350 336
1734360 337
1734370 338
1734380 339
1734390 342
1734400 344
1734410 344
1734420 341
1734430 338
1734440 335
1734450 335
1734460 335
1734470 334
1734480 334
1734490 334
1734500 333
1734510 333
1734520 333
1734530 332
1734540 331
1734550 331
1734560 331
1734570 331
1734580 331
1734590 331
1734600 331
1734610 331
1734620 330
1734630 329
1734640 328
1734650 327
1734660 327
1734670 327
1734680 328
1734690 329
1734700 330
1734710 331
1734720 332
1734730 333
1734740 334
1734750 335
1734760 336
1734770 337
1734780 338
1734790 339
1734800 340
1734810 341
1734820 342
1734830 342
1734840 343
1734850 343
1734860 342
1734870 339
1734880 337
1734890 336
1734900 337
1734910 339
1734920 343
1734930 344
1734940 345
1734950 345
1734960 345
1734970 344
1734980 344
1734990 343
1735000 343
1735010 342
1735020 342
1735030 342
1735040 342
1735050 342
1735060 341
1735070 341
1735080 341
1735090 341
1735100 341
1735110 341
1735120 341
1735130 340
1735140 338
1735150 337
1735160 336
1735170 336
1735180 335
1735190 335
1735200 334
1735210 334
1735220 333
1735230 333
1735240 332
1735250 332
1735260 332
1735270 331
1735280 331
1735290 331
1735300 330
1735310 330
1735320 329
1735330 329
1735340 328
1735350 327
1735360 327
1735370 326
1735380 325
1735390 324
1735400 323
1735410 323
1735420 322
1735430 320
1735440 318
1735450 317
1735460 319
1735470 320
1735480 320
1735490 319
1735500 319
1735510 319
1735520 319
1735530 319
1735540 319
1735550 318
1735560 318
1735570 318
1735580 318
1735590 317
1735600 316
1735610 316
1735620 315
1735630 314
1735640 313
1735650 312
1735660 312
1735670 311
1735680 311
1735690 310
1735700 310
1735710 309
1735720 308
1735730 308
1735740 308
1735750 308
1735760 307
1735770 307
1735780 306
1735790 306
1735800 305
1735810 305
1735820 305
1735830 305
1735840 305
1735850 305
1735860 305
1735870 305
1735880 305
1735890 305
1735900 305
1735910 305
1735920 304
1735930 304
1735940 304
1735950 304
1735960 304
1735970 304
1735980 304
1735990 304
1736000 304
1736010 304
1736020 304
1736030 304
1736040 304
1736050 303
1736060 303
1736070 303
1736080 303
1736090 303
1736100 303
1736110 303
1736120 303
1736130 303
1736140 303
1736150 303
1736160 303
1736170 303
1736180 303
1736190 303
1736200 303
1736210 302
1736220 302
1736230 302
1736240 302
1736250 302
1736260 302
1736270 303
1736280 303
1736290 303
1736300 302
1736310 302
1736320 302
1736330 302
1736340 302
1736350 302
1736360 302
1736370 302
1736380 302
1736390 302
1736400 303
1736410 304
1736420 305
1736430 307
1736440 310
1736450 312
1736460 313
1736470 314
1736480 315
1736490 315
1736500 316
1736510 317
1736520 318
1736530 319
1736540 319
1736550 319
1736560 319
1736570 319
1736580 319
1736590 319
1736600 318
1736610 318
1736620 317
1736630 316
1736640 315
1736650 313
1736660 310
1736670 307
1736680 306
1736690 305
1736700 303
1736710 302
1736720 301
1736730 300
1736740 299
1736750 299
1736760 299
1736770 299
1736780 299
1736790 300
1736800 300
1736810 301
1736820 301
1736830 301
1736840 301
1736850 301
1736860 300
1736870 300
1736880 299
1736890 299
1736900 299
1736910 299
1736920 300
1736930 300
1736940 300
1736950 300
1736960 299
1736970 299
1736980 299
1736990 299
1737000 298
1737010 298
1737020 299
1737030 299
1737040 299
1737050 299
1737060 299
1737070 299
1737080 299
1737090 299
1737100 299
1737110 299
1737120 299
1737130 299
1737140 299
1737150 299
1737160 298
1737170 298
1737180 298
1737190 298
1737200 298
1737210 298
1737220 298
1737230 298
1737240 299
1737250 299
1737260 299
1737270 299
1737280 299
1737290 299
1737300 299
1737310 299
1737320 299
1737330 299
1737340 299
1737350 300
1737360 300
1737370 300
1737380 300
1737390 300
1737400 300
1737410 301
1737420 301
1737430 301
1737440 300
1737450 300
1737460 299
1737470 299
1737480 298
1737490 299
1737500 299
1737510 299
1737520 300
1737530 300
1737540 301
1737550 301
1737560 301
1737570 302
1737580 302
1737590 302
1737600 302
1737610 303
1737620 303
1737630 303
1737640 303
1737650 303
1737660 303
1737670 304
1737680 304
1737690 305
1737700 305
1737710 305
1737720 306
1737730 306
1737740 307
1737750 307
1737760 308
1737770 308
1737780 308
1737790 309
1737800 309
1737810 309
1737820 309
1737830 308
1737840 310
1737850 311
1737860 312
1737870 312
1737880 313
1737890 314
1737900 315
1737910 315
1737920 316
1737930 316
1737940 317
1737950 317
1737960 318
1737970 318
1737980 319
1737990 320
1738000 321
1738010 321
1738020 322
1738030 323
1738040 324
1738050 325
1738060 326
1738070 325
1738080 325
1738090 325
1738100 327
1738110 328
1738120 328
1738130 329
1738140 329
1738150 330
1738160 330
1738170 331
1738180 331
1738190 332
1738200 333
1738210 333
1738220 334
1738230 334
1738240 335
1738250 335
1738260 336
1738270 337
1738280 337
1738290 338
1738300 339
1738310 339
1738320 339
1738330 340
1738340 340
1738350 340
1738360 340
1738370 341
1738380 342
1738390 342
1738400 343
1738410 343
1738420 343
1738430 343
1738440 344
1738450 344
1738460 344
1738470 344
1738480 345
1738490 344
1738500 345
1738510 345
1738520 345
1738530 346
1738540 346
1738550 346
1738560 347
1738570 347
1738580 347
1738590 347
1738600 348
1738610 348
1738620 348
1738630 348
1738640 348
1738650 348
1738660 348
1738670 348
1738680 348
1738690 348
1738700 349
1738710 349
1738720 349
1738730 349
1738740 349
1738750 349
1738760 349
1738770 349
1738780 349
1738790 349
1738800 350
1738810 350
1738820 350
1738830 350
1738840 350
1738850 350
1738860 351
1738870 351
1738880 351
1738890 351
1738900 351
1738910 351
1738920 351
1738930 351
1738940 352
1738950 352
1738960 352
1738970 352
1738980 353
1738990 353
1739000 353
1739010 353
1739020 353
1739030 354
1739040 354
1739050 354
1739060 354
1739070 353
1739080 353
1739090 353
1739100 353
1739110 353
1739120 353
1739130 353
1739140 353
1739150 353
1739160 353
1739170 353
1739180 353
1739190 353
1739200 353
1739210 354
1739220 354
1739230 354
1739240 354
1739250 354
1739260 354
1739270 355
1739280 355
1739290 355
1739300 355
1739310 355
1739320 355
1739330 355
1739340 355
1739350 355
1739360 355
1739370 355
1739380 355
1739390 355
1739400 355
1739410 355
1739420 355
1739430 355
1739440 355
1739450 355
1739460 355
1739470 355
1739480 355
1739490 355
1739500 355
1739510 355
1739520 355
1739530 354
1739540 354
1739550 354
1739560 354
1739570 354
1739580 354
1739590 354
1739600 353
1739610 353
1739620 353
1739630 353
1739640 353
1739650 353
1739660 353
1739670 353
1739680 353
1739690 353
1739700 353
1739710 353
1739720 353
1739730 352
1739740 352
1739750 352
1739760 352
1739770 352
1739780 352
1739790 352
1739800 351
1739810 351
1739820 351
1739830 351
1739840 351
1739850 351
1739860 351
1739870 350
1739880 350
1739890 350
1739900 350
1739910 349
1739920 349
1739930 349
1739940 349
1739950 349
1739960 349
1739970 348
1739980 348
1739990 348
