1720000 378
1720010 377
1720020 376
1720030 375
1720040 374
1720050 373
1720060 373
1720070 372
1720080 371
1720090 371
1720100 370
1720110 369
1720120 368
1720130 368
1720140 367
1720150 365
1720160 364
1720170 362
1720180 361
1720190 360
1720200 359
1720210 359
1720220 358
1720230 357
1720240 357
1720250 356
1720260 356
1720270 357
1720280 357
1720290 357
1720300 357
1720310 357
1720320 357
1720330 357
1720340 357
1720350 357
1720360 357
1720370 357
1720380 357
1720390 357
1720400 357
1720410 357
1720420 357
1720430 357
1720440 357
1720450 356
1720460 356
1720470 356
1720480 356
1720490 356
1720500 356
1720510 356
1720520 356
1720530 355
1720540 355
1720550 355
1720560 355
1720570 355
1720580 355
1720590 357
1720600 359
1720610 362
1720620 363
1720630 364
1720640 367
1720650 371
1720660 374
1720670 378
1720680 383
1720690 389
1720700 395
1720710 394
1720720 392
1720730 389
1720740 385
1720750 382
1720760 379
1720770 375
1720780 372
1720790 369
1720800 366
1720810 364
1720820 364
1720830 366
1720840 368
1720850 370
1720860 370
1720870 369
1720880 368
1720890 367
1720900 366
1720910 365
1720920 365
1720930 364
1720940 363
1720950 361
1720960 358
1720970 356
1720980 355
1720990 354
1721000 353
1721010 353
1721020 352
1721030 352
1721040 351
1721050 351
1721060 350
1721070 350
1721080 350
1721090 351
1721100 351
1721110 351
1721120 351
1721130 351
1721140 351
1721150 351
1721160 351
1721170 351
1721180 351
1721190 351
1721200 351
1721210 351
1721220 351
1721230 351
1721240 350
1721250 349
1721260 349
1721270 350
1721280 352
1721290 354
1721300 359
1721310 365
1721320 370
1721330 373
1721340 375
1721350 376
1721360 378
1721370 378
1721380 378
1721390 378
1721400 378
1721410 378
1721420 377
1721430 376
1721440 375
1721450 373
1721460 371
1721470 369
1721480 367
1721490 364
1721500 360
1721510 357
1721520 354
1721530 350
1721540 347
1721550 344
1721560 343
1721570 342
1721580 342
1721590 342
1721600 343
1721610 343
1721620 343
1721630 343
1721640 343
1721650 343
1721660 343
1721670 343
1721680 343
1721690 343
1721700 343
1721710 343
1721720 343
1721730 343
1721740 343
1721750 343
1721760 343
1721770 342
1721780 342
1721790 342
1721800 342
1721810 342
1721820 342
1721830 341
1721840 341
1721850 341
1721860 341
1721870 341
1721880 341
1721890 341
1721900 341
1721910 341
1721920 341
1721930 340
1721940 339
1721950 339
1721960 339
1721970 339
1721980 339
1721990 340
1722000 340
1722010 340
1722020 340
1722030 341
1722040 341
1722050 342
1722060 342
1722070 342
1722080 342
1722090 343
1722100 345
1722110 351
1722120 356
1722130 361
1722140 366
1722150 371
1722160 376
1722170 381
1722180 386
1722190 391
1722200 396
1722210 400
1722220 405
1722230 410
1722240 415
1722250 420
1722260 425
1722270 429
1722280 433
1722290 437
1722300 441
1722310 445
1722320 448
1722330 453
1722340 457
1722350 461
1722360 465
1722370 468
1722380 472
1722390 476
1722400 479
1722410 481
1722420 483
1722430 485
1722440 486
1722450 486
1722460 487
1722470 486
1722480 485
1722490 484
1722500 483
1722510 482
1722520 481
1722530 480
1722540 480
1722550 480
1722560 480
1722570 480
1722580 481
1722590 482
1722600 483
1722610 484
1722620 486
1722630 487
1722640 488
1722650 489
1722660 491
1722670 492
1722680 493
1722690 494
1722700 496
1722710 497
1722720 498
1722730 499
1722740 500
1722750 502
1722760 503
1722770 504
1722780 504
1722790 505
1722800 506
1722810 506
1722820 507
1722830 507
1722840 507
1722850 507
1722860 507
1722870 507
1722880 507
1722890 506
1722900 505
1722910 504
1722920 502
1722930 500
1722940 498
1722950 495
1722960 493
1722970 490
1722980 488
1722990 485
1723000 482
1723010 480
1723020 478
1723030 475
1723040 473
1723050 470
1723060 468
1723070 467
1723080 468
1723090 471
1723100 473
1723110 475
1723120 478
1723130 481
1723140 483
1723150 485
1723160 487
1723170 488
1723180 490
1723190 491
1723200 493
1723210 494
1723220 495
1723230 496
1723240 497
1723250 498
1723260 499
1723270 499
1723280 499
1723290 499
1723300 500
1723310 500
1723320 501
1723330 502
1723340 502
1723350 503
1723360 504
1723370 506
1723380 507
1723390 508
1723400 509
1723410 510
1723420 512
1723430 513
1723440 514
1723450 515
1723460 517
1723470 519
1723480 521
1723490 523
1723500 526
1723510 528
1723520 530
1723530 532
1723540 534
1723550 536
1723560 537
1723570 539
1723580 540
1723590 541
1723600 542
1723610 542
1723620 542
1723630 542
1723640 542
1723650 542
1723660 542
1723670 543
1723680 544
1723690 545
1723700 547
1723710 548
1723720 550
1723730 552
1723740 553
1723750 555
1723760 558
1723770 560
1723780 562
1723790 564
1723800 566
1723810 569
1723820 571
1723830 574
1723840 577
1723850 580
1723860 583
1723870 586
1723880 589
1723890 592
1723900 594
1723910 597
1723920 599
1723930 602
1723940 605
1723950 608
1723960 611
1723970 614
1723980 617
1723990 619
1724000 621
1724010 623
1724020 625
1724030 626
1724040 628
1724050 629
1724060 630
1724070 631
1724080 631
1724090 631
1724100 631
1724110 631
1724120 631
1724130 631
1724140 630
1724150 629
1724160 629
1724170 628
1724180 627
1724190 627
1724200 626
1724210 625
1724220 624
1724230 624
1724240 623
1724250 622
1724260 620
1724270 619
1724280 618
1724290 616
1724300 615
1724310 613
1724320 611
1724330 610
1724340 607
1724350 604
1724360 601
1724370 598
1724380 594
1724390 589
1724400 586
1724410 582
1724420 579
1724430 575
1724440 572
1724450 568
1724460 565
1724470 561
1724480 558
1724490 555
1724500 552
1724510 548
1724520 545
1724530 542
1724540 539
1724550 536
1724560 534
1724570 531
1724580 528
1724590 526
1724600 523
1724610 520
1724620 517
1724630 515
1724640 514
1724650 512
1724660 511
1724670 509
1724680 508
1724690 507
1724700 505
1724710 504
1724720 503
1724730 501
1724740 500
1724750 498
1724760 497
1724770 496
1724780 496
1724790 495
1724800 495
1724810 495
1724820 494
1724830 494
1724840 494
1724850 494
1724860 494
1724870 494
1724880 494
1724890 495
1724900 495
1724910 496
1724920 496
1724930 497
1724940 498
1724950 498
1724960 499
1724970 499
1724980 500
1724990 500
1725000 500
1725010 500
1725020 500
1725030 499
1725040 499
1725050 497
1725060 496
1725070 494
1725080 492
1725090 490
1725100 488
1725110 486
1725120 485
1725130 484
1725140 483
1725150 481
1725160 480
1725170 481
1725180 481
1725190 481
1725200 480
1725210 480
1725220 479
1725230 479
1725240 478
1725250 478
1725260 476
1725270 475
1725280 473
1725290 472
1725300 470
1725310 468
1725320 467
1725330 465
1725340 464
1725350 464
1725360 465
1725370 465
1725380 466
1725390 466
1725400 467
1725410 468
1725420 468
1725430 468
1725440 468
1725450 468
1725460 468
1725470 466
1725480 465
1725490 463
1725500 460
1725510 457
1725520 455
1725530 452
1725540 451
1725550 449
1725560 448
1725570 448
1725580 447
1725590 446
1725600 446
1725610 445
1725620 443
1725630 442
1725640 440
1725650 439
1725660 437
1725670 435
1725680 433
1725690 430
1725700 428
1725710 427
1725720 425
1725730 424
1725740 424
1725750 424
1725760 424
1725770 425
1725780 426
1725790 427
1725800 429
1725810 431
1725820 433
1725830 435
1725840 438
1725850 440
1725860 443
1725870 445
1725880 448
1725890 451
1725900 454
1725910 457
1725920 459
1725930 462
1725940 465
1725950 468
1725960 470
1725970 472
1725980 473
1725990 474
1726000 475
1726010 474
1726020 473
1726030 473
1726040 471
1726050 469
1726060 466
1726070 463
1726080 459
1726090 456
1726100 453
1726110 450
1726120 447
1726130 444
1726140 442
1726150 440
1726160 438
1726170 436
1726180 434
1726190 433
1726200 432
1726210 432
1726220 431
1726230 431
1726240 430
1726250 429
1726260 429
1726270 428
1726280 428
1726290 428
1726300 428
1726310 428
1726320 428
1726330 428
1726340 429
1726350 430
1726360 431
1726370 433
1726380 435
1726390 437
1726400 439
1726410 442
1726420 444
1726430 447
1726440 449
1726450 451
1726460 454
1726470 456
1726480 459
1726490 461
1726500 464
1726510 466
1726520 468
1726530 471
1726540 471
1726550 470
1726560 466
1726570 463
1726580 459
1726590 456
1726600 453
1726610 450
1726620 447
1726630 445
1726640 443
1726650 441
1726660 438
1726670 435
1726680 433
1726690 430
1726700 427
1726710 424
1726720 420
1726730 416
1726740 411
1726750 404
1726760 398
1726770 392
1726780 387
1726790 382
1726800 378
1726810 374
1726820 369
1726830 365
1726840 360
1726850 356
1726860 352
1726870 348
1726880 345
1726890 341
1726900 338
1726910 334
1726920 331
1726930 328
1726940 325
1726950 323
1726960 321
1726970 318
1726980 316
1726990 315
1727000 313
1727010 312
1727020 310
1727030 309
1727040 307
1727050 306
1727060 305
1727070 304
1727080 303
1727090 302
1727100 302
1727110 301
1727120 300
1727130 300
1727140 299
1727150 299
1727160 298
1727170 298
1727180 297
1727190 298
1727200 298
1727210 298
1727220 298
1727230 298
1727240 298
1727250 298
1727260 298
1727270 298
1727280 298
1727290 297
1727300 297
1727310 297
1727320 297
1727330 297
1727340 297
1727350 297
1727360 297
1727370 297
1727380 297
1727390 297
1727400 297
1727410 297
1727420 297
1727430 297
1727440 297
1727450 296
1727460 296
1727470 296
1727480 295
1727490 295
1727500 295
1727510 295
1727520 295
1727530 295
1727540 295
1727550 295
1727560 296
1727570 297
1727580 298
1727590 299
1727600 299
1727610 299
1727620 299
1727630 300
1727640 301
1727650 302
1727660 303
1727670 303
1727680 303
1727690 303
1727700 303
1727710 302
1727720 302
1727730 301
1727740 301
1727750 300
1727760 299
1727770 299
1727780 298
1727790 298
1727800 297
1727810 297
1727820 297
1727830 296
1727840 296
1727850 295
1727860 295
1727870 295
1727880 294
1727890 294
1727900 293
1727910 293
1727920 293
1727930 293
1727940 293
1727950 294
1727960 294
1727970 295
1727980 295
1727990 296
1728000 298
1728010 300
1728020 303
1728030 305
1728040 306
1728050 306
1728060 307
1728070 308
1728080 308
1728090 309
1728100 311
1728110 313
1728120 314
1728130 315
1728140 316
1728150 316
1728160 315
1728170 314
1728180 312
1728190 311
1728200 310
1728210 310
1728220 310
1728230 310
1728240 311
1728250 312
1728260 314
1728270 315
1728280 317
1728290 319
1728300 320
1728310 322
1728320 324
1728330 326
1728340 328
1728350 330
1728360 332
1728370 334
1728380 336
1728390 339
1728400 342
1728410 346
1728420 350
1728430 354
1728440 358
1728450 362
1728460 366
1728470 370
1728480 374
1728490 377
1728500 380
1728510 383
1728520 387
1728530 390
1728540 394
1728550 397
1728560 400
1728570 403
1728580 405
1728590 408
1728600 412
1728610 415
1728620 419
1728630 424
1728640 428
1728650 433
1728660 437
1728670 442
1728680 448
1728690 453
1728700 457
1728710 461
1728720 465
1728730 470
1728740 475
1728750 479
1728760 483
1728770 487
1728780 491
1728790 496
1728800 501
1728810 505
1728820 509
1728830 513
1728840 515
1728850 517
1728860 519
1728870 520
1728880 522
1728890 523
1728900 524
1728910 526
1728920 527
1728930 528
1728940 529
1728950 530
1728960 530
1728970 531
1728980 532
1728990 533
1729000 534
1729010 535
1729020 536
1729030 537
1729040 537
1729050 537
1729060 537
1729070 538
1729080 539
1729090 539
1729100 540
1729110 540
1729120 541
1729130 541
1729140 542
1729150 542
1729160 542
1729170 541
1729180 541
1729190 541
1729200 540
1729210 540
1729220 539
1729230 539
1729240 538
1729250 538
1729260 537
1729270 537
1729280 537
1729290 537
1729300 538
1729310 538
1729320 538
1729330 538
1729340 539
1729350 540
1729360 540
1729370 541
1729380 541
1729390 540
1729400 540
1729410 540
1729420 539
1729430 539
1729440 539
1729450 539
1729460 539
1729470 539
1729480 540
1729490 540
1729500 540
1729510 540
1729520 539
1729530 539
1729540 538
1729550 537
1729560 535
1729570 534
1729580 532
1729590 531
1729600 529
1729610 528
1729620 526
1729630 525
1729640 523
1729650 522
1729660 520
1729670 518
1729680 517
1729690 515
1729700 514
1729710 512
1729720 510
1729730 509
1729740 507
1729750 505
1729760 504
1729770 502
1729780 501
1729790 499
1729800 498
1729810 497
1729820 495
1729830 494
1729840 492
1729850 491
1729860 489
1729870 487
1729880 486
1729890 484
1729900 482
1729910 480
1729920 478
1729930 476
1729940 474
1729950 472
1729960 470
1729970 468
1729980 467
1729990 465
1730000 464
1730010 462
1730020 461
1730030 459
1730040 458
1730050 458
1730060 457
1730070 456
1730080 455
1730090 453
1730100 452
1730110 450
1730120 449
1730130 447
1730140 446
1730150 445
1730160 445
1730170 445
1730180 445
1730190 444
1730200 445
1730210 445
1730220 445
1730230 445
1730240 446
1730250 446
1730260 446
1730270 446
1730280 446
1730290 446
1730300 446
1730310 446
1730320 447
1730330 447
1730340 446
1730350 446
1730360 446
1730370 445
1730380 445
1730390 444
1730400 444
1730410 443
1730420 443
1730430 443
1730440 442
1730450 442
1730460 442
1730470 441
1730480 441
1730490 441
1730500 440
1730510 440
1730520 439
1730530 439
1730540 439
1730550 438
1730560 438
1730570 437
1730580 436
1730590 436
1730600 435
1730610 435
1730620 434
1730630 433
1730640 433
1730650 432
1730660 432
1730670 432
1730680 431
1730690 431
1730700 430
1730710 430
1730720 429
1730730 429
1730740 428
1730750 428
1730760 427
1730770 427
1730780 426
1730790 426
1730800 425
1730810 425
1730820 425
1730830 424
1730840 424
1730850 423
1730860 423
1730870 423
1730880 422
1730890 422
1730900 421
1730910 421
1730920 421
1730930 420
1730940 420
1730950 419
1730960 418
1730970 418
1730980 417
1730990 417
1731000 416
1731010 415
1731020 415
1731030 414
1731040 414
1731050 413
1731060 413
1731070 413
1731080 413
1731090 413
1731100 413
1731110 413
1731120 413
1731130 414
1731140 415
1731150 415
1731160 416
1731170 416
1731180 417
1731190 419
1731200 421
1731210 423
1731220 425
1731230 427
1731240 429
1731250 431
1731260 433
1731270 434
1731280 435
1731290 436
1731300 436
1731310 437
1731320 437
1731330 437
1731340 438
1731350 438
1731360 438
1731370 437
1731380 437
1731390 437
1731400 436
1731410 435
1731420 435
1731430 434
1731440 434
1731450 433
1731460 432
1731470 432
1731480 431
1731490 431
1731500 430
1731510 430
1731520 429
1731530 429
1731540 428
1731550 428
1731560 427
1731570 427
1731580 427
1731590 427
1731600 427
1731610 427
1731620 427
1731630 427
1731640 427
1731650 427
1731660 426
1731670 426
1731680 426
1731690 425
1731700 425
1731710 425
1731720 425
1731730 424
1731740 424
1731750 424
1731760 424
1731770 424
1731780 423
1731790 423
1731800 423
1731810 422
1731820 422
1731830 422
1731840 421
1731850 421
1731860 420
1731870 420
1731880 419
1731890 419
1731900 418
1731910 417
1731920 417
1731930 416
1731940 416
1731950 415
1731960 415
1731970 414
1731980 414
1731990 413
1732000 413
1732010 412
1732020 412
1732030 411
1732040 410
1732050 410
1732060 409
1732070 409
1732080 408
1732090 408
1732100 407
1732110 407
1732120 406
1732130 405
1732140 405
1732150 404
1732160 404
1732170 403
1732180 403
1732190 402
1732200 402
1732210 401
1732220 401
1732230 401
1732240 400
1732250 400
1732260 399
1732270 399
1732280 399
1732290 398
1732300 398
1732310 398
1732320 398
1732330 397
1732340 397
1732350 397
1732360 397
1732370 397
1732380 397
1732390 397
1732400 397
1732410 396
1732420 396
1732430 396
1732440 395
1732450 395
1732460 394
1732470 393
1732480 393
1732490 392
1732500 391
1732510 390
1732520 389
1732530 388
1732540 387
1732550 386
1732560 385
1732570 384
1732580 383
1732590 382
1732600 381
1732610 380
1732620 379
1732630 378
1732640 378
1732650 377
1732660 376
1732670 375
1732680 374
1732690 372
1732700 371
1732710 370
1732720 370
1732730 370
1732740 370
1732750 370
1732760 370
1732770 370
1732780 369
1732790 370
1732800 370
1732810 371
1732820 371
1732830 371
1732840 371
1732850 371
1732860 371
1732870 371
1732880 372
1732890 372
1732900 372
1732910 372
1732920 372
1732930 372
1732940 371
1732950 371
1732960 371
1732970 371
1732980 372
1732990 372
1733000 372
1733010 371
1733020 370
1733030 369
1733040 369
1733050 368
1733060 367
1733070 366
1733080 366
1733090 365
1733100 365
1733110 365
1733120 364
1733130 364
1733140 364
1733150 364
1733160 363
1733170 363
1733180 363
1733190 363
1733200 362
1733210 361
1733220 360
1733230 360
1733240 360
1733250 360
1733260 359
1733270 359
1733280 359
1733290 359
1733300 359
1733310 360
1733320 360
1733330 360
1733340 361
1733350 361
1733360 363
1733370 364
1733380 365
1733390 366
1733400 366
1733410 367
1733420 368
1733430 369
1733440 369
1733450 369
1733460 370
1733470 370
1733480 371
1733490 371
1733500 372
1733510 372
1733520 372
1733530 372
1733540 372
1733550 373
1733560 373
1733570 373
1733580 373
1733590 372
1733600 372
1733610 372
1733620 371
1733630 371
1733640 371
1733650 370
1733660 370
1733670 369
1733680 369
1733690 368
1733700 368
1733710 367
1733720 367
1733730 366
1733740 365
1733750 365
1733760 364
1733770 364
1733780 363
1733790 363
1733800 362
1733810 362
1733820 361
1733830 361
1733840 361
1733850 360
1733860 360
1733870 360
1733880 359
1733890 358
1733900 358
1733910 357
1733920 357
1733930 356
1733940 356
1733950 355
1733960 355
1733970 354
1733980 354
1733990 354
1734000 353
1734010 353
1734020 353
1734030 352
1734040 352
1734050 351
1734060 351
1734070 350
1734080 350
1734090 349
1734100 349
1734110 348
1734120 348
1734130 347
1734140 347
1734150 347
1734160 347
1734170 346
1734180 346
1734190 345
1734200 345
1734210 344
1734220 344
1734230 344
1734240 344
1734250 343
1734260 343
1734270 343
1734280 343
1734290 342
1734300 342
1734310 342
1734320 341
1734330 341
1734340 341
1734350 341
1734360 340
1734370 340
1734380 340
1734390 340
1734400 340
1734410 341
1734420 342
1734430 343
1734440 342
1734450 341
1734460 340
1734470 339
1734480 339
1734490 339
1734500 338
1734510 338
1734520 338
1734530 338
1734540 338
1734550 338
1734560 338
1734570 338
1734580 337
1734590 337
1734600 337
1734610 336
1734620 336
1734630 336
1734640 336
1734650 336
1734660 336
1734670 336
1734680 336
1734690 335
1734700 334
1734710 333
1734720 332
1734730 331
1734740 330
1734750 331
1734760 331
1734770 332
1734780 332
1734790 331
1734800 330
1734810 330
1734820 330
1734830 330
1734840 330
1734850 331
1734860 332
1734870 336
1734880 339
1734890 342
1734900 345
1734910 347
1734920 348
1734930 348
1734940 348
1734950 348
1734960 347
1734970 347
1734980 347
1734990 347
1735000 347
1735010 347
1735020 347
1735030 348
1735040 348
1735050 347
1735060 347
1735070 346
1735080 346
1735090 346
1735100 346
1735110 345
1735120 345
1735130 345
1735140 344
1735150 343
1735160 343
1735170 342
1735180 342
1735190 341
1735200 340
1735210 340
1735220 340
1735230 339
1735240 339
1735250 339
1735260 338
1735270 337
1735280 337
1735290 337
1735300 337
1735310 336
1735320 336
1735330 336
1735340 335
1735350 335
1735360 335
1735370 334
1735380 334
1735390 333
1735400 333
1735410 332
1735420 331
1735430 329
1735440 329
1735450 329
1735460 329
1735470 329
1735480 329
1735490 329
1735500 328
1735510 328
1735520 328
1735530 328
1735540 328
1735550 328
1735560 327
1735570 327
1735580 327
1735590 327
1735600 327
1735610 327
1735620 326
1735630 326
1735640 326
1735650 326
1735660 325
1735670 325
1735680 324
1735690 323
1735700 323
1735710 322
1735720 322
1735730 321
1735740 321
1735750 320
1735760 320
1735770 319
1735780 319
1735790 318
1735800 318
1735810 317
1735820 317
1735830 317
1735840 316
1735850 315
1735860 314
1735870 314
1735880 314
1735890 313
1735900 313
1735910 313
1735920 313
1735930 312
1735940 313
1735950 312
1735960 312
1735970 312
1735980 311
1735990 311
1736000 311
1736010 311
1736020 310
1736030 310
1736040 309
1736050 309
1736060 308
1736070 308
1736080 308
1736090 307
1736100 307
1736110 307
1736120 306
1736130 306
1736140 306
1736150 306
1736160 305
1736170 305
1736180 305
1736190 305
1736200 305
1736210 304
1736220 304
1736230 304
1736240 304
1736250 304
1736260 305
1736270 305
1736280 305
1736290 305
1736300 305
1736310 305
1736320 305
1736330 305
1736340 305
1736350 305
1736360 305
1736370 305
1736380 305
1736390 305
1736400 305
1736410 306
1736420 307
1736430 309
1736440 311
1736450 312
1736460 313
1736470 314
1736480 315
1736490 316
1736500 318
1736510 318
1736520 319
1736530 319
1736540 322
1736550 323
1736560 323
1736570 323
1736580 323
1736590 323
1736600 322
1736610 322
1736620 321
1736630 320
1736640 319
1736650 318
1736660 317
1736670 316
1736680 315
1736690 314
1736700 313
1736710 311
1736720 311
1736730 311
1736740 310
1736750 309
1736760 308
1736770 308
1736780 308
1736790 307
1736800 307
1736810 307
1736820 306
1736830 306
1736840 305
1736850 305
1736860 305
1736870 305
1736880 306
1736890 306
1736900 307
1736910 308
1736920 308
1736930 308
1736940 309
1736950 309
1736960 309
1736970 308
1736980 308
1736990 308
1737000 307
1737010 307
1737020 306
1737030 306
1737040 306
1737050 307
1737060 308
1737070 309
1737080 309
1737090 309
1737100 309
1737110 308
1737120 308
1737130 308
1737140 308
1737150 308
1737160 307
1737170 307
1737180 306
1737190 306
1737200 307
1737210 307
1737220 306
1737230 306
1737240 306
1737250 305
1737260 305
1737270 305
1737280 305
1737290 305
1737300 305
1737310 304
1737320 304
1737330 304
1737340 304
1737350 305
1737360 306
1737370 306
1737380 307
1737390 307
1737400 307
1737410 307
1737420 308
1737430 308
1737440 307
1737450 307
1737460 307
1737470 307
1737480 308
1737490 308
1737500 309
1737510 309
1737520 310
1737530 310
1737540 310
1737550 311
1737560 311
1737570 311
1737580 311
1737590 311
1737600 311
1737610 310
1737620 309
1737630 309
1737640 309
1737650 309
1737660 310
1737670 310
1737680 310
1737690 310
1737700 310
1737710 311
1737720 311
1737730 311
1737740 311
1737750 312
1737760 312
1737770 313
1737780 313
1737790 314
1737800 315
1737810 316
1737820 316
1737830 317
1737840 317
1737850 317
1737860 318
1737870 318
1737880 319
1737890 320
1737900 320
1737910 321
1737920 322
1737930 322
1737940 323
1737950 324
1737960 325
1737970 325
1737980 325
1737990 326
1738000 326
1738010 327
1738020 327
1738030 327
1738040 327
1738050 327
1738060 328
1738070 328
1738080 328
1738090 328
1738100 328
1738110 328
1738120 328
1738130 328
1738140 329
1738150 330
1738160 331
1738170 331
1738180 332
1738190 332
1738200 333
1738210 333
1738220 334
1738230 335
1738240 336
1738250 337
1738260 337
1738270 338
1738280 339
1738290 339
1738300 340
1738310 340
1738320 341
1738330 342
1738340 343
1738350 344
1738360 345
1738370 345
1738380 346
1738390 347
1738400 347
1738410 348
1738420 348
1738430 348
1738440 348
1738450 348
1738460 349
1738470 349
1738480 349
1738490 349
1738500 349
1738510 350
1738520 350
1738530 350
1738540 350
1738550 350
1738560 350
1738570 351
1738580 351
1738590 351
1738600 351
1738610 351
1738620 351
1738630 351
1738640 351
1738650 351
1738660 351
1738670 352
1738680 352
1738690 352
1738700 352
1738710 352
1738720 352
1738730 352
1738740 352
1738750 352
1738760 352
1738770 352
1738780 352
1738790 352
1738800 352
1738810 352
1738820 352
1738830 353
1738840 353
1738850 353
1738860 353
1738870 353
1738880 353
1738890 354
1738900 354
1738910 354
1738920 354
1738930 355
1738940 355
1738950 355
1738960 355
1738970 355
1738980 355
1738990 355
1739000 356
1739010 356
1739020 356
1739030 356
1739040 356
1739050 356
1739060 356
1739070 356
1739080 356
1739090 356
1739100 356
1739110 356
1739120 356
1739130 356
1739140 356
1739150 356
1739160 356
1739170 356
1739180 356
1739190 356
1739200 356
1739210 356
1739220 356
1739230 356
1739240 356
1739250 356
1739260 357
1739270 357
1739280 357
1739290 357
1739300 357
1739310 357
1739320 357
1739330 357
1739340 357
1739350 357
1739360 357
1739370 356
1739380 356
1739390 356
1739400 356
1739410 356
1739420 356
1739430 356
1739440 356
1739450 356
1739460 356
1739470 356
1739480 356
1739490 355
1739500 355
1739510 355
1739520 355
1739530 355
1739540 355
1739550 355
1739560 355
1739570 354
1739580 354
1739590 354
1739600 354
1739610 354
1739620 354
1739630 354
1739640 354
1739650 354
1739660 354
1739670 354
1739680 353
1739690 353
1739700 353
1739710 353
1739720 353
1739730 353
1739740 353
1739750 353
1739760 353
1739770 352
1739780 352
1739790 352
1739800 352
1739810 352
1739820 352
1739830 351
1739840 351
1739850 351
1739860 351
1739870 351
1739880 351
1739890 350
1739900 350
1739910 350
1739920 350
1739930 350
1739940 350
1739950 350
1739960 349
1739970 349
1739980 349
1739990 349
