1720000 585
1720010 585
1720020 584
1720030 584
1720040 583
1720050 583
1720060 582
1720070 581
1720080 580
1720090 579
1720100 578
1720110 577
1720120 575
1720130 572
1720140 570
1720150 568
1720160 567
1720170 565
1720180 563
1720190 561
1720200 560
1720210 559
1720220 559
1720230 559
1720240 559
1720250 560
1720260 561
1720270 562
1720280 563
1720290 564
1720300 565
1720310 566
1720320 567
1720330 568
1720340 569
1720350 570
1720360 572
1720370 574
1720380 576
1720390 577
1720400 579
1720410 580
1720420 582
1720430 583
1720440 584
1720450 585
1720460 586
1720470 586
1720480 586
1720490 587
1720500 587
1720510 587
1720520 586
1720530 585
1720540 584
1720550 584
1720560 583
1720570 581
1720580 580
1720590 578
1720600 577
1720610 576
1720620 575
1720630 574
1720640 572
1720650 570
1720660 569
1720670 568
1720680 567
1720690 566
1720700 565
1720710 564
1720720 562
1720730 562
1720740 561
1720750 560
1720760 558
1720770 557
1720780 555
1720790 554
1720800 553
1720810 552
1720820 551
1720830 549
1720840 547
1720850 544
1720860 543
1720870 542
1720880 541
1720890 540
1720900 539
1720910 537
1720920 537
1720930 537
1720940 537
1720950 536
1720960 536
1720970 535
1720980 534
1720990 533
1721000 532
1721010 531
1721020 530
1721030 530
1721040 529
1721050 529
1721060 528
1721070 526
1721080 524
1721090 524
1721100 523
1721110 523
1721120 522
1721130 522
1721140 522
1721150 522
1721160 522
1721170 522
1721180 521
1721190 521
1721200 521
1721210 521
1721220 522
1721230 522
1721240 524
1721250 524
1721260 525
1721270 525
1721280 525
1721290 526
1721300 526
1721310 526
1721320 526
1721330 527
1721340 527
1721350 526
1721360 526
1721370 526
1721380 525
1721390 525
1721400 525
1721410 524
1721420 523
1721430 522
1721440 522
1721450 522
1721460 521
1721470 521
1721480 522
1721490 523
1721500 524
1721510 525
1721520 525
1721530 526
1721540 526
1721550 527
1721560 527
1721570 527
1721580 527
1721590 527
1721600 527
1721610 526
1721620 525
1721630 524
1721640 523
1721650 522
1721660 521
1721670 520
1721680 518
1721690 518
1721700 517
1721710 516
1721720 515
1721730 515
1721740 516
1721750 517
1721760 517
1721770 518
1721780 519
1721790 520
1721800 522
1721810 523
1721820 524
1721830 526
1721840 526
1721850 527
1721860 527
1721870 527
1721880 526
1721890 526
1721900 525
1721910 524
1721920 523
1721930 522
1721940 521
1721950 519
1721960 518
1721970 519
1721980 521
1721990 523
1722000 525
1722010 527
1722020 528
1722030 530
1722040 531
1722050 533
1722060 534
1722070 536
1722080 537
1722090 538
1722100 539
1722110 541
1722120 542
1722130 544
1722140 545
1722150 546
1722160 547
1722170 548
1722180 549
1722190 551
1722200 552
1722210 553
1722220 554
1722230 555
1722240 556
1722250 556
1722260 557
1722270 557
1722280 558
1722290 559
1722300 561
1722310 563
1722320 564
1722330 565
1722340 564
1722350 564
1722360 563
1722370 562
1722380 562
1722390 561
1722400 561
1722410 560
1722420 560
1722430 559
1722440 559
1722450 559
1722460 559
1722470 558
1722480 558
1722490 558
1722500 559
1722510 560
1722520 560
1722530 561
1722540 561
1722550 562
1722560 563
1722570 564
1722580 564
1722590 565
1722600 565
1722610 566
1722620 567
1722630 568
1722640 568
1722650 569
1722660 570
1722670 571
1722680 572
1722690 574
1722700 574
1722710 575
1722720 576
1722730 577
1722740 577
1722750 578
1722760 579
1722770 580
1722780 581
1722790 582
1722800 582
1722810 582
1722820 581
1722830 580
1722840 580
1722850 579
1722860 578
1722870 576
1722880 575
1722890 573
1722900 571
1722910 570
1722920 569
1722930 568
1722940 567
1722950 565
1722960 564
1722970 563
1722980 562
1722990 560
1723000 559
1723010 558
1723020 557
1723030 555
1723040 554
1723050 553
1723060 552
1723070 550
1723080 549
1723090 547
1723100 546
1723110 545
1723120 544
1723130 543
1723140 542
1723150 542
1723160 541
1723170 540
1723180 539
1723190 538
1723200 537
1723210 536
1723220 536
1723230 536
1723240 536
1723250 537
1723260 538
1723270 539
1723280 541
1723290 542
1723300 543
1723310 544
1723320 545
1723330 545
1723340 546
1723350 546
1723360 547
1723370 548
1723380 548
1723390 548
1723400 549
1723410 549
1723420 550
1723430 550
1723440 550
1723450 550
1723460 551
1723470 551
1723480 551
1723490 551
1723500 551
1723510 551
1723520 551
1723530 551
1723540 551
1723550 551
1723560 551
1723570 551
1723580 551
1723590 551
1723600 550
1723610 550
1723620 550
1723630 550
1723640 550
1723650 549
1723660 549
1723670 548
1723680 548
1723690 548
1723700 547
1723710 547
1723720 546
1723730 546
1723740 546
1723750 546
1723760 545
1723770 545
1723780 545
1723790 545
1723800 545
1723810 545
1723820 545
1723830 545
1723840 544
1723850 544
1723860 544
1723870 544
1723880 543
1723890 543
1723900 542
1723910 542
1723920 541
1723930 540
1723940 540
1723950 539
1723960 538
1723970 537
1723980 536
1723990 535
1724000 534
1724010 532
1724020 531
1724030 530
1724040 528
1724050 526
1724060 524
1724070 522
1724080 520
1724090 518
1724100 517
1724110 516
1724120 516
1724130 517
1724140 518
1724150 520
1724160 523
1724170 526
1724180 529
1724190 532
1724200 535
1724210 538
1724220 541
1724230 544
1724240 545
1724250 546
1724260 546
1724270 547
1724280 547
1724290 548
1724300 549
1724310 549
1724320 550
1724330 551
1724340 552
1724350 552
1724360 553
1724370 554
1724380 554
1724390 555
1724400 556
1724410 556
1724420 557
1724430 558
1724440 559
1724450 560
1724460 560
1724470 561
1724480 562
1724490 563
1724500 563
1724510 564
1724520 565
1724530 566
1724540 566
1724550 567
1724560 568
1724570 569
1724580 570
1724590 570
1724600 571
1724610 572
1724620 572
1724630 573
1724640 574
1724650 575
1724660 575
1724670 576
1724680 577
1724690 577
1724700 578
1724710 578
1724720 579
1724730 579
1724740 580
1724750 580
1724760 580
1724770 581
1724780 581
1724790 582
1724800 582
1724810 583
1724820 583
1724830 583
1724840 584
1724850 584
1724860 585
1724870 585
1724880 585
1724890 585
1724900 585
1724910 585
1724920 585
1724930 585
1724940 585
1724950 585
1724960 585
1724970 585
1724980 585
1724990 584
1725000 584
1725010 584
1725020 583
1725030 583
1725040 583
1725050 582
1725060 581
1725070 581
1725080 580
1725090 579
1725100 579
1725110 578
1725120 578
1725130 577
1725140 577
1725150 576
1725160 576
1725170 576
1725180 576
1725190 575
1725200 574
1725210 573
1725220 572
1725230 572
1725240 571
1725250 570
1725260 569
1725270 568
1725280 568
1725290 567
1725300 566
1725310 565
1725320 565
1725330 565
1725340 564
1725350 563
1725360 562
1725370 561
1725380 561
1725390 560
1725400 560
1725410 559
1725420 558
1725430 558
1725440 557
1725450 556
1725460 555
1725470 555
1725480 555
1725490 554
1725500 554
1725510 554
1725520 553
1725530 552
1725540 551
1725550 550
1725560 550
1725570 550
1725580 550
1725590 550
1725600 549
1725610 549
1725620 549
1725630 549
1725640 548
1725650 548
1725660 547
1725670 546
1725680 544
1725690 542
1725700 541
1725710 540
1725720 540
1725730 540
1725740 541
1725750 542
1725760 544
1725770 545
1725780 547
1725790 548
1725800 548
1725810 548
1725820 548
1725830 548
1725840 548
1725850 548
1725860 548
1725870 548
1725880 548
1725890 548
1725900 548
1725910 549
1725920 549
1725930 549
1725940 549
1725950 549
1725960 548
1725970 548
1725980 547
1725990 547
1726000 546
1726010 545
1726020 544
1726030 544
1726040 544
1726050 544
1726060 544
1726070 544
1726080 545
1726090 547
1726100 549
1726110 551
1726120 553
1726130 554
1726140 555
1726150 555
1726160 555
1726170 556
1726180 556
1726190 557
1726200 557
1726210 557
1726220 558
1726230 558
1726240 558
1726250 559
1726260 559
1726270 559
1726280 560
1726290 560
1726300 560
1726310 561
1726320 561
1726330 561
1726340 561
1726350 561
1726360 561
1726370 561
1726380 561
1726390 561
1726400 562
1726410 562
1726420 562
1726430 561
1726440 561
1726450 561
1726460 561
1726470 561
1726480 561
1726490 561
1726500 561
1726510 560
1726520 560
1726530 560
1726540 560
1726550 560
1726560 560
1726570 560
1726580 560
1726590 560
1726600 560
1726610 560
1726620 560
1726630 560
1726640 560
1726650 560
1726660 560
1726670 560
1726680 560
1726690 560
1726700 560
1726710 559
1726720 559
1726730 559
1726740 558
1726750 557
1726760 556
1726770 557
1726780 558
1726790 559
1726800 560
1726810 560
1726820 558
1726830 558
1726840 558
1726850 558
1726860 559
1726870 559
1726880 559
1726890 559
1726900 560
1726910 560
1726920 560
1726930 561
1726940 561
1726950 561
1726960 562
1726970 562
1726980 563
1726990 563
1727000 564
1727010 564
1727020 564
1727030 564
1727040 565
1727050 565
1727060 565
1727070 565
1727080 565
1727090 565
1727100 565
1727110 565
1727120 565
1727130 565
1727140 565
1727150 565
1727160 565
1727170 565
1727180 565
1727190 565
1727200 565
1727210 564
1727220 565
1727230 565
1727240 566
1727250 566
1727260 566
1727270 566
1727280 567
1727290 567
1727300 567
1727310 568
1727320 568
1727330 568
1727340 568
1727350 569
1727360 569
1727370 569
1727380 570
1727390 570
1727400 571
1727410 571
1727420 571
1727430 572
1727440 572
1727450 572
1727460 573
1727470 573
1727480 573
1727490 573
1727500 574
1727510 574
1727520 574
1727530 575
1727540 575
1727550 575
1727560 576
1727570 576
1727580 576
1727590 576
1727600 577
1727610 577
1727620 577
1727630 578
1727640 578
1727650 578
1727660 578
1727670 579
1727680 579
1727690 579
1727700 579
1727710 580
1727720 580
1727730 580
1727740 581
1727750 581
1727760 581
1727770 582
1727780 582
1727790 583
1727800 583
1727810 583
1727820 583
1727830 584
1727840 584
1727850 585
1727860 585
1727870 585
1727880 586
1727890 586
1727900 586
1727910 586
1727920 587
1727930 587
1727940 587
1727950 587
1727960 588
1727970 588
1727980 588
1727990 588
1728000 589
1728010 589
1728020 589
1728030 590
1728040 590
1728050 590
1728060 591
1728070 591
1728080 591
1728090 592
1728100 592
1728110 592
1728120 592
1728130 592
1728140 593
1728150 593
1728160 593
1728170 593
1728180 593
1728190 593
1728200 593
1728210 593
1728220 594
1728230 594
1728240 594
1728250 594
1728260 594
1728270 594
1728280 594
1728290 595
1728300 595
1728310 595
1728320 595
1728330 595
1728340 595
1728350 596
1728360 596
1728370 596
1728380 596
1728390 597
1728400 597
1728410 597
1728420 598
1728430 598
1728440 598
1728450 598
1728460 599
1728470 599
1728480 599
1728490 600
1728500 600
1728510 600
1728520 601
1728530 601
1728540 601
1728550 602
1728560 602
1728570 602
1728580 603
1728590 603
1728600 603
1728610 603
1728620 604
1728630 605
1728640 605
1728650 605
1728660 605
1728670 606
1728680 606
1728690 606
1728700 607
1728710 607
1728720 607
1728730 607
1728740 608
1728750 608
1728760 609
1728770 609
1728780 609
1728790 609
1728800 609
1728810 609
1728820 610
1728830 610
1728840 610
1728850 610
1728860 610
1728870 611
1728880 611
1728890 611
1728900 611
1728910 611
1728920 611
1728930 611
1728940 611
1728950 612
1728960 612
1728970 612
1728980 612
1728990 613
1729000 613
1729010 612
1729020 612
1729030 612
1729040 611
1729050 611
1729060 611
1729070 610
1729080 610
1729090 610
1729100 610
1729110 610
1729120 609
1729130 609
1729140 609
1729150 609
1729160 608
1729170 608
1729180 608
1729190 607
1729200 607
1729210 607
1729220 606
1729230 606
1729240 606
1729250 606
1729260 605
1729270 605
1729280 605
1729290 605
1729300 605
1729310 604
1729320 604
1729330 604
1729340 604
1729350 603
1729360 603
1729370 603
1729380 602
1729390 602
1729400 602
1729410 601
1729420 601
1729430 601
1729440 601
1729450 601
1729460 600
1729470 600
1729480 600
1729490 600
1729500 600
1729510 599
1729520 599
1729530 599
1729540 599
1729550 599
1729560 598
1729570 598
1729580 598
1729590 598
1729600 597
1729610 597
1729620 597
1729630 597
1729640 597
1729650 596
1729660 596
1729670 596
1729680 596
1729690 596
1729700 596
1729710 595
1729720 595
1729730 595
1729740 595
1729750 595
1729760 595
1729770 594
1729780 594
1729790 594
1729800 593
1729810 593
1729820 593
1729830 592
1729840 592
1729850 592
1729860 591
1729870 591
1729880 591
1729890 591
1729900 590
1729910 590
1729920 590
1729930 590
1729940 589
1729950 589
1729960 589
1729970 589
1729980 588
1729990 588
1730000 588
1730010 587
1730020 587
1730030 586
1730040 586
1730050 585
1730060 585
1730070 584
1730080 584
1730090 583
1730100 583
1730110 582
1730120 581
1730130 580
1730140 579
1730150 578
1730160 576
1730170 575
1730180 574
1730190 573
1730200 571
1730210 570
1730220 570
1730230 569
1730240 568
1730250 568
1730260 567
1730270 567
1730280 567
1730290 566
1730300 566
1730310 566
1730320 565
1730330 565
1730340 565
1730350 565
1730360 564
1730370 564
1730380 564
1730390 564
1730400 563
1730410 563
1730420 563
1730430 562
1730440 562
1730450 562
1730460 562
1730470 562
1730480 561
1730490 561
1730500 560
1730510 559
1730520 559
1730530 558
1730540 557
1730550 557
1730560 556
1730570 556
1730580 555
1730590 554
1730600 555
1730610 556
1730620 558
1730630 560
1730640 562
1730650 565
1730660 567
1730670 570
1730680 572
1730690 573
1730700 574
1730710 575
1730720 575
1730730 576
1730740 576
1730750 576
1730760 577
1730770 577
1730780 577
1730790 577
1730800 578
1730810 578
1730820 578
1730830 579
1730840 579
1730850 579
1730860 580
1730870 580
1730880 580
1730890 580
1730900 581
1730910 581
1730920 581
1730930 581
1730940 581
1730950 581
1730960 581
1730970 581
1730980 582
1730990 582
1731000 582
1731010 582
1731020 582
1731030 582
1731040 582
1731050 582
1731060 582
1731070 582
1731080 582
1731090 582
1731100 582
1731110 582
1731120 582
1731130 582
1731140 582
1731150 582
1731160 582
1731170 582
1731180 582
1731190 582
1731200 583
1731210 583
1731220 583
1731230 583
1731240 583
1731250 583
1731260 583
1731270 583
1731280 583
1731290 583
1731300 583
1731310 583
1731320 583
1731330 584
1731340 584
1731350 585
1731360 585
1731370 585
1731380 585
1731390 585
1731400 585
1731410 585
1731420 585
1731430 585
1731440 585
1731450 585
1731460 585
1731470 585
1731480 585
1731490 586
1731500 586
1731510 586
1731520 587
1731530 588
1731540 589
1731550 590
1731560 592
1731570 594
1731580 596
1731590 596
1731600 597
1731610 597
1731620 597
1731630 597
1731640 596
1731650 595
1731660 594
1731670 593
1731680 592
1731690 592
1731700 591
1731710 590
1731720 590
1731730 589
1731740 588
1731750 588
1731760 588
1731770 588
1731780 587
1731790 587
1731800 586
1731810 585
1731820 584
1731830 584
1731840 583
1731850 582
1731860 581
1731870 581
1731880 580
1731890 579
1731900 578
1731910 578
1731920 577
1731930 576
1731940 576
1731950 575
1731960 575
1731970 574
1731980 574
1731990 573
1732000 572
1732010 572
1732020 571
1732030 571
1732040 570
1732050 569
1732060 569
1732070 568
1732080 568
1732090 567
1732100 567
1732110 566
1732120 565
1732130 565
1732140 564
1732150 563
1732160 563
1732170 562
1732180 562
1732190 562
1732200 561
1732210 561
1732220 560
1732230 560
1732240 559
1732250 558
1732260 558
1732270 557
1732280 557
1732290 557
1732300 556
1732310 556
1732320 555
1732330 555
1732340 555
1732350 554
1732360 554
1732370 554
1732380 554
1732390 553
1732400 553
1732410 554
1732420 554
1732430 554
1732440 554
1732450 555
1732460 555
1732470 555
1732480 555
1732490 555
1732500 554
1732510 553
1732520 553
1732530 553
1732540 552
1732550 552
1732560 551
1732570 551
1732580 550
1732590 550
1732600 550
1732610 549
1732620 549
1732630 549
1732640 548
1732650 548
1732660 548
1732670 548
1732680 548
1732690 548
1732700 547
1732710 547
1732720 547
1732730 546
1732740 546
1732750 546
1732760 546
1732770 546
1732780 545
1732790 545
1732800 545
1732810 545
1732820 544
1732830 544
1732840 544
1732850 544
1732860 543
1732870 543
1732880 543
1732890 543
1732900 543
1732910 543
1732920 542
1732930 542
1732940 542
1732950 542
1732960 542
1732970 542
1732980 542
1732990 542
1733000 542
1733010 542
1733020 541
1733030 541
1733040 540
1733050 540
1733060 540
1733070 540
1733080 540
1733090 540
1733100 540
1733110 540
1733120 539
1733130 538
1733140 538
1733150 537
1733160 537
1733170 536
1733180 536
1733190 535
1733200 535
1733210 534
1733220 534
1733230 533
1733240 533
1733250 532
1733260 531
1733270 530
1733280 530
1733290 529
1733300 528
1733310 528
1733320 527
1733330 526
1733340 526
1733350 525
1733360 523
1733370 522
1733380 520
1733390 519
1733400 517
1733410 515
1733420 514
1733430 512
1733440 510
1733450 509
1733460 508
1733470 506
1733480 505
1733490 505
1733500 505
1733510 505
1733520 505
1733530 505
1733540 504
1733550 504
1733560 505
1733570 505
1733580 506
1733590 507
1733600 509
1733610 510
1733620 510
1733630 511
1733640 511
1733650 511
1733660 511
1733670 510
1733680 510
1733690 510
1733700 510
1733710 509
1733720 509
1733730 508
1733740 508
1733750 508
1733760 508
1733770 509
1733780 509
1733790 510
1733800 511
1733810 512
1733820 513
1733830 514
1733840 515
1733850 516
1733860 517
1733870 518
1733880 519
1733890 520
1733900 521
1733910 523
1733920 524
1733930 525
1733940 525
1733950 526
1733960 527
1733970 528
1733980 529
1733990 529
1734000 530
1734010 530
1734020 529
1734030 529
1734040 528
1734050 528
1734060 527
1734070 526
1734080 526
1734090 525
1734100 524
1734110 524
1734120 523
1734130 523
1734140 522
1734150 522
1734160 521
1734170 520
1734180 520
1734190 519
1734200 518
1734210 518
1734220 517
1734230 516
1734240 516
1734250 515
1734260 515
1734270 514
1734280 514
1734290 513
1734300 513
1734310 512
1734320 512
1734330 512
1734340 512
1734350 512
1734360 512
1734370 512
1734380 511
1734390 510
1734400 510
1734410 510
1734420 510
1734430 511
1734440 511
1734450 511
1734460 511
1734470 511
1734480 511
1734490 511
1734500 510
1734510 509
1734520 509
1734530 508
1734540 508
1734550 507
1734560 507
1734570 506
1734580 506
1734590 505
1734600 505
1734610 505
1734620 504
1734630 504
1734640 503
1734650 503
1734660 502
1734670 502
1734680 502
1734690 501
1734700 501
1734710 500
1734720 500
1734730 499
1734740 499
1734750 498
1734760 497
1734770 497
1734780 496
1734790 496
1734800 495
1734810 495
1734820 494
1734830 493
1734840 493
1734850 492
1734860 491
1734870 491
1734880 490
1734890 490
1734900 489
1734910 489
1734920 488
1734930 488
1734940 488
1734950 488
1734960 488
1734970 488
1734980 488
1734990 488
1735000 488
1735010 488
1735020 488
1735030 487
1735040 487
1735050 486
1735060 486
1735070 486
1735080 486
1735090 485
1735100 485
1735110 485
1735120 485
1735130 484
1735140 484
1735150 483
1735160 482
1735170 481
1735180 481
1735190 480
1735200 479
1735210 478
1735220 476
1735230 473
1735240 471
1735250 469
1735260 467
1735270 465
1735280 464
1735290 463
1735300 462
1735310 461
1735320 461
1735330 461
1735340 462
1735350 463
1735360 464
1735370 466
1735380 466
1735390 466
1735400 465
1735410 463
1735420 462
1735430 461
1735440 459
1735450 457
1735460 455
1735470 454
1735480 452
1735490 451
1735500 451
1735510 450
1735520 450
1735530 449
1735540 449
1735550 448
1735560 446
1735570 445
1735580 443
1735590 440
1735600 438
1735610 435
1735620 433
1735630 431
1735640 429
1735650 427
1735660 425
1735670 423
1735680 422
1735690 420
1735700 419
1735710 418
1735720 416
1735730 415
1735740 413
1735750 411
1735760 409
1735770 409
1735780 409
1735790 410
1735800 411
1735810 412
1735820 412
1735830 413
1735840 414
1735850 415
1735860 417
1735870 419
1735880 421
1735890 422
1735900 423
1735910 423
1735920 424
1735930 424
1735940 425
1735950 426
1735960 426
1735970 427
1735980 427
1735990 427
1736000 427
1736010 427
1736020 427
1736030 427
1736040 427
1736050 427
1736060 427
1736070 427
1736080 427
1736090 427
1736100 426
1736110 426
1736120 426
1736130 425
1736140 424
1736150 424
1736160 423
1736170 422
1736180 421
1736190 420
1736200 419
1736210 417
1736220 415
1736230 414
1736240 412
1736250 411
1736260 410
1736270 410
1736280 409
1736290 408
1736300 407
1736310 406
1736320 405
1736330 403
1736340 400
1736350 397
1736360 394
1736370 391
1736380 389
1736390 387
1736400 384
1736410 382
1736420 379
1736430 375
1736440 372
1736450 370
1736460 368
1736470 366
1736480 365
1736490 363
1736500 362
1736510 361
1736520 361
1736530 361
1736540 361
1736550 360
1736560 360
1736570 359
1736580 359
1736590 358
1736600 357
1736610 357
1736620 357
1736630 357
1736640 356
1736650 355
1736660 355
1736670 354
1736680 354
1736690 355
1736700 356
1736710 357
1736720 358
1736730 359
1736740 360
1736750 361
1736760 363
1736770 364
1736780 365
1736790 366
1736800 367
1736810 369
1736820 369
1736830 370
1736840 371
1736850 372
1736860 372
1736870 373
1736880 373
1736890 374
1736900 374
1736910 375
1736920 375
1736930 375
1736940 375
1736950 375
1736960 374
1736970 373
1736980 372
1736990 371
1737000 370
1737010 368
1737020 367
1737030 365
1737040 363
1737050 361
1737060 359
1737070 358
1737080 356
1737090 355
1737100 353
1737110 351
1737120 349
1737130 347
1737140 345
1737150 343
1737160 342
1737170 340
1737180 338
1737190 337
1737200 336
1737210 335
1737220 335
1737230 334
1737240 333
1737250 331
1737260 330
1737270 329
1737280 329
1737290 328
1737300 328
1737310 328
1737320 328
1737330 327
1737340 327
1737350 326
1737360 326
1737370 326
1737380 326
1737390 326
1737400 329
1737410 332
1737420 335
1737430 339
1737440 343
1737450 346
1737460 348
1737470 351
1737480 354
1737490 357
1737500 360
1737510 362
1737520 364
1737530 366
1737540 368
1737550 370
1737560 371
1737570 373
1737580 374
1737590 375
1737600 376
1737610 377
1737620 378
1737630 379
1737640 380
1737650 380
1737660 381
1737670 381
1737680 381
1737690 382
1737700 383
1737710 383
1737720 383
1737730 384
1737740 384
1737750 385
1737760 385
1737770 385
1737780 386
1737790 386
1737800 386
1737810 387
1737820 387
1737830 387
1737840 387
1737850 388
1737860 388
1737870 388
1737880 388
1737890 388
1737900 388
1737910 388
1737920 388
1737930 388
1737940 388
1737950 388
1737960 387
1737970 387
1737980 387
1737990 387
1738000 386
1738010 386
1738020 386
1738030 386
1738040 386
1738050 385
1738060 385
1738070 385
1738080 385
1738090 386
1738100 386
1738110 386
1738120 387
1738130 387
1738140 387
1738150 386
1738160 386
1738170 386
1738180 385
1738190 385
1738200 384
1738210 384
1738220 383
1738230 382
1738240 382
1738250 381
1738260 381
1738270 380
1738280 379
1738290 379
1738300 378
1738310 378
1738320 378
1738330 377
1738340 377
1738350 377
1738360 376
1738370 376
1738380 376
1738390 375
1738400 375
1738410 375
1738420 375
1738430 374
1738440 374
1738450 373
1738460 373
1738470 372
1738480 372
1738490 372
1738500 371
1738510 371
1738520 370
1738530 370
1738540 369
1738550 369
1738560 368
1738570 368
1738580 368
1738590 367
1738600 367
1738610 367
1738620 366
1738630 366
1738640 366
1738650 366
1738660 366
1738670 366
1738680 365
1738690 365
1738700 364
1738710 364
1738720 363
1738730 363
1738740 363
1738750 362
1738760 362
1738770 362
1738780 362
1738790 362
1738800 362
1738810 362
1738820 362
1738830 362
1738840 361
1738850 361
1738860 361
1738870 361
1738880 361
1738890 361
1738900 361
1738910 360
1738920 360
1738930 360
1738940 360
1738950 360
1738960 360
1738970 360
1738980 360
1738990 360
1739000 360
1739010 360
1739020 359
1739030 359
1739040 359
1739050 360
1739060 360
1739070 360
1739080 360
1739090 359
1739100 359
1739110 359
1739120 359
1739130 358
1739140 358
1739150 358
1739160 357
1739170 357
1739180 357
1739190 357
1739200 356
1739210 356
1739220 356
1739230 355
1739240 355
1739250 354
1739260 354
1739270 353
1739280 352
1739290 351
1739300 350
1739310 349
1739320 349
1739330 348
1739340 347
1739350 347
1739360 346
1739370 345
1739380 344
1739390 343
1739400 341
1739410 339
1739420 336
1739430 333
1739440 331
1739450 331
1739460 329
1739470 328
1739480 327
1739490 327
1739500 327
1739510 330
1739520 333
1739530 337
1739540 340
1739550 343
1739560 345
1739570 347
1739580 349
1739590 350
1739600 352
1739610 353
1739620 354
1739630 355
1739640 356
1739650 357
1739660 358
1739670 359
1739680 359
1739690 360
1739700 360
1739710 361
1739720 361
1739730 362
1739740 362
1739750 362
1739760 362
1739770 362
1739780 363
1739790 363
1739800 363
1739810 363
1739820 363
1739830 364
1739840 364
1739850 364
1739860 364
1739870 364
1739880 364
1739890 364
1739900 364
1739910 365
1739920 365
1739930 365
1739940 365
1739950 365
1739960 366
1739970 366
1739980 366
1739990 366
