1720000 542
1720010 544
1720020 547
1720030 550
1720040 552
1720050 554
1720060 555
1720070 555
1720080 556
1720090 556
1720100 557
1720110 557
1720120 557
1720130 558
1720140 558
1720150 558
1720160 559
1720170 559
1720180 560
1720190 560
1720200 561
1720210 561
1720220 562
1720230 563
1720240 563
1720250 564
1720260 565
1720270 565
1720280 566
1720290 567
1720300 568
1720310 569
1720320 569
1720330 570
1720340 570
1720350 571
1720360 571
1720370 571
1720380 571
1720390 571
1720400 571
1720410 570
1720420 570
1720430 570
1720440 569
1720450 569
1720460 569
1720470 568
1720480 568
1720490 567
1720500 567
1720510 566
1720520 565
1720530 564
1720540 563
1720550 562
1720560 561
1720570 560
1720580 559
1720590 558
1720600 557
1720610 556
1720620 555
1720630 554
1720640 552
1720650 551
1720660 550
1720670 549
1720680 548
1720690 547
1720700 545
1720710 544
1720720 543
1720730 541
1720740 540
1720750 538
1720760 537
1720770 536
1720780 534
1720790 533
1720800 532
1720810 531
1720820 530
1720830 529
1720840 528
1720850 526
1720860 525
1720870 523
1720880 522
1720890 521
1720900 521
1720910 521
1720920 522
1720930 524
1720940 526
1720950 529
1720960 532
1720970 534
1720980 536
1720990 537
1721000 539
1721010 540
1721020 541
1721030 542
1721040 544
1721050 545
1721060 546
1721070 547
1721080 549
1721090 550
1721100 551
1721110 553
1721120 554
1721130 555
1721140 557
1721150 558
1721160 559
1721170 561
1721180 562
1721190 563
1721200 564
1721210 564
1721220 565
1721230 565
1721240 566
1721250 566
1721260 566
1721270 566
1721280 566
1721290 566
1721300 566
1721310 566
1721320 566
1721330 567
1721340 567
1721350 568
1721360 568
1721370 569
1721380 570
1721390 570
1721400 571
1721410 572
1721420 572
1721430 572
1721440 573
1721450 574
1721460 574
1721470 575
1721480 576
1721490 577
1721500 578
1721510 578
1721520 579
1721530 580
1721540 580
1721550 580
1721560 579
1721570 579
1721580 579
1721590 579
1721600 578
1721610 578
1721620 578
1721630 578
1721640 578
1721650 578
1721660 578
1721670 578
1721680 578
1721690 578
1721700 578
1721710 578
1721720 579
1721730 579
1721740 579
1721750 579
1721760 580
1721770 580
1721780 581
1721790 582
1721800 583
1721810 583
1721820 583
1721830 583
1721840 583
1721850 583
1721860 582
1721870 582
1721880 582
1721890 582
1721900 581
1721910 581
1721920 581
1721930 581
1721940 581
1721950 581
1721960 580
1721970 580
1721980 580
1721990 580
1722000 580
1722010 580
1722020 580
1722030 580
1722040 580
1722050 580
1722060 580
1722070 580
1722080 580
1722090 581
1722100 581
1722110 580
1722120 580
1722130 580
1722140 580
1722150 580
1722160 580
1722170 580
1722180 580
1722190 580
1722200 580
1722210 580
1722220 580
1722230 580
1722240 580
1722250 580
1722260 581
1722270 581
1722280 581
1722290 581
1722300 581
1722310 581
1722320 581
1722330 581
1722340 582
1722350 581
1722360 581
1722370 581
1722380 581
1722390 581
1722400 581
1722410 581
1722420 582
1722430 582
1722440 582
1722450 582
1722460 582
1722470 582
1722480 582
1722490 582
1722500 582
1722510 582
1722520 582
1722530 582
1722540 582
1722550 582
1722560 581
1722570 581
1722580 581
1722590 581
1722600 582
1722610 582
1722620 582
1722630 582
1722640 582
1722650 582
1722660 582
1722670 582
1722680 582
1722690 582
1722700 582
1722710 582
1722720 582
1722730 582
1722740 582
1722750 582
1722760 583
1722770 583
1722780 583
1722790 583
1722800 583
1722810 584
1722820 584
1722830 585
1722840 585
1722850 585
1722860 585
1722870 585
1722880 586
1722890 586
1722900 586
1722910 586
1722920 586
1722930 586
1722940 586
1722950 585
1722960 585
1722970 585
1722980 585
1722990 585
1723000 585
1723010 585
1723020 585
1723030 585
1723040 585
1723050 585
1723060 585
1723070 585
1723080 585
1723090 585
1723100 585
1723110 585
1723120 585
1723130 585
1723140 586
1723150 586
1723160 586
1723170 586
1723180 586
1723190 586
1723200 587
1723210 587
1723220 587
1723230 587
1723240 587
1723250 587
1723260 587
1723270 588
1723280 588
1723290 588
1723300 588
1723310 588
1723320 588
1723330 588
1723340 588
1723350 588
1723360 588
1723370 588
1723380 589
1723390 589
1723400 589
1723410 589
1723420 589
1723430 590
1723440 590
1723450 591
1723460 591
1723470 592
1723480 592
1723490 592
1723500 593
1723510 593
1723520 594
1723530 594
1723540 594
1723550 594
1723560 595
1723570 595
1723580 595
1723590 595
1723600 595
1723610 596
1723620 596
1723630 596
1723640 596
1723650 597
1723660 596
1723670 596
1723680 596
1723690 596
1723700 595
1723710 595
1723720 595
1723730 595
1723740 595
1723750 594
1723760 594
1723770 594
1723780 593
1723790 593
1723800 593
1723810 592
1723820 592
1723830 591
1723840 591
1723850 590
1723860 590
1723870 589
1723880 589
1723890 589
1723900 588
1723910 588
1723920 587
1723930 587
1723940 587
1723950 586
1723960 586
1723970 585
1723980 585
1723990 585
1724000 584
1724010 584
1724020 583
1724030 583
1724040 582
1724050 582
1724060 582
1724070 581
1724080 581
1724090 580
1724100 580
1724110 579
1724120 579
1724130 578
1724140 577
1724150 577
1724160 576
1724170 576
1724180 575
1724190 575
1724200 574
1724210 573
1724220 573
1724230 572
1724240 571
1724250 570
1724260 569
1724270 569
1724280 568
1724290 568
1724300 567
1724310 567
1724320 566
1724330 566
1724340 565
1724350 565
1724360 564
1724370 563
1724380 563
1724390 562
1724400 562
1724410 561
1724420 561
1724430 560
1724440 559
1724450 559
1724460 558
1724470 558
1724480 557
1724490 556
1724500 556
1724510 555
1724520 555
1724530 554
1724540 554
1724550 553
1724560 553
1724570 553
1724580 552
1724590 552
1724600 552
1724610 551
1724620 551
1724630 550
1724640 550
1724650 549
1724660 549
1724670 549
1724680 548
1724690 548
1724700 548
1724710 547
1724720 547
1724730 547
1724740 546
1724750 546
1724760 546
1724770 545
1724780 545
1724790 545
1724800 544
1724810 544
1724820 543
1724830 543
1724840 542
1724850 542
1724860 541
1724870 541
1724880 541
1724890 541
1724900 541
1724910 540
1724920 540
1724930 539
1724940 539
1724950 538
1724960 538
1724970 538
1724980 538
1724990 538
1725000 538
1725010 538
1725020 538
1725030 537
1725040 537
1725050 537
1725060 536
1725070 535
1725080 535
1725090 535
1725100 534
1725110 534
1725120 534
1725130 534
1725140 534
1725150 535
1725160 535
1725170 535
1725180 535
1725190 535
1725200 535
1725210 537
1725220 538
1725230 540
1725240 542
1725250 544
1725260 546
1725270 547
1725280 548
1725290 549
1725300 550
1725310 550
1725320 551
1725330 551
1725340 552
1725350 553
1725360 553
1725370 554
1725380 555
1725390 556
1725400 557
1725410 557
1725420 558
1725430 559
1725440 560
1725450 561
1725460 562
1725470 563
1725480 564
1725490 565
1725500 567
1725510 568
1725520 569
1725530 570
1725540 572
1725550 573
1725560 574
1725570 576
1725580 577
1725590 578
1725600 579
1725610 581
1725620 582
1725630 583
1725640 585
1725650 586
1725660 587
1725670 589
1725680 590
1725690 592
1725700 593
1725710 594
1725720 596
1725730 597
1725740 598
1725750 600
1725760 601
1725770 602
1725780 604
1725790 605
1725800 606
1725810 608
1725820 609
1725830 610
1725840 611
1725850 612
1725860 613
1725870 614
1725880 615
1725890 616
1725900 617
1725910 618
1725920 619
1725930 620
1725940 621
1725950 622
1725960 622
1725970 623
1725980 624
1725990 625
1726000 626
1726010 627
1726020 628
1726030 629
1726040 630
1726050 631
1726060 632
1726070 633
1726080 633
1726090 634
1726100 635
1726110 635
1726120 636
1726130 637
1726140 637
1726150 638
1726160 638
1726170 639
1726180 639
1726190 640
1726200 640
1726210 641
1726220 641
1726230 642
1726240 643
1726250 643
1726260 644
1726270 644
1726280 644
1726290 644
1726300 643
1726310 642
1726320 642
1726330 641
1726340 640
1726350 639
1726360 638
1726370 637
1726380 636
1726390 634
1726400 633
1726410 632
1726420 630
1726430 628
1726440 626
1726450 624
1726460 623
1726470 621
1726480 620
1726490 619
1726500 617
1726510 616
1726520 616
1726530 615
1726540 614
1726550 613
1726560 613
1726570 612
1726580 611
1726590 610
1726600 610
1726610 609
1726620 608
1726630 607
1726640 606
1726650 605
1726660 604
1726670 603
1726680 602
1726690 602
1726700 601
1726710 601
1726720 601
1726730 602
1726740 603
1726750 604
1726760 605
1726770 606
1726780 606
1726790 607
1726800 606
1726810 606
1726820 606
1726830 606
1726840 606
1726850 606
1726860 606
1726870 607
1726880 607
1726890 608
1726900 608
1726910 609
1726920 610
1726930 610
1726940 611
1726950 611
1726960 612
1726970 612
1726980 613
1726990 613
1727000 614
1727010 614
1727020 615
1727030 615
1727040 616
1727050 616
1727060 617
1727070 617
1727080 618
1727090 618
1727100 619
1727110 619
1727120 619
1727130 620
1727140 620
1727150 620
1727160 621
1727170 621
1727180 622
1727190 622
1727200 622
1727210 623
1727220 623
1727230 623
1727240 623
1727250 623
1727260 623
1727270 623
1727280 622
1727290 622
1727300 622
1727310 622
1727320 622
1727330 622
1727340 622
1727350 622
1727360 622
1727370 621
1727380 621
1727390 621
1727400 621
1727410 620
1727420 620
1727430 620
1727440 620
1727450 620
1727460 619
1727470 619
1727480 618
1727490 618
1727500 618
1727510 618
1727520 617
1727530 617
1727540 617
1727550 616
1727560 616
1727570 616
1727580 615
1727590 615
1727600 615
1727610 614
1727620 614
1727630 613
1727640 613
1727650 612
1727660 612
1727670 612
1727680 611
1727690 611
1727700 610
1727710 610
1727720 610
1727730 609
1727740 609
1727750 609
1727760 609
1727770 608
1727780 608
1727790 608
1727800 607
1727810 607
1727820 607
1727830 606
1727840 606
1727850 606
1727860 606
1727870 605
1727880 605
1727890 605
1727900 604
1727910 604
1727920 604
1727930 603
1727940 603
1727950 603
1727960 602
1727970 602
1727980 602
1727990 601
1728000 601
1728010 601
1728020 600
1728030 600
1728040 600
1728050 599
1728060 599
1728070 599
1728080 598
1728090 598
1728100 597
1728110 597
1728120 597
1728130 596
1728140 596
1728150 596
1728160 595
1728170 595
1728180 594
1728190 594
1728200 594
1728210 593
1728220 593
1728230 593
1728240 592
1728250 592
1728260 592
1728270 591
1728280 591
1728290 590
1728300 590
1728310 590
1728320 589
1728330 589
1728340 589
1728350 588
1728360 588
1728370 588
1728380 587
1728390 587
1728400 587
1728410 586
1728420 586
1728430 586
1728440 586
1728450 586
1728460 585
1728470 585
1728480 585
1728490 585
1728500 585
1728510 585
1728520 584
1728530 584
1728540 584
1728550 584
1728560 584
1728570 583
1728580 583
1728590 583
1728600 583
1728610 583
1728620 582
1728630 582
1728640 582
1728650 582
1728660 581
1728670 581
1728680 581
1728690 581
1728700 581
1728710 581
1728720 580
1728730 580
1728740 580
1728750 580
1728760 580
1728770 580
1728780 579
1728790 579
1728800 579
1728810 579
1728820 578
1728830 578
1728840 578
1728850 578
1728860 578
1728870 578
1728880 578
1728890 577
1728900 577
1728910 577
1728920 577
1728930 577
1728940 576
1728950 576
1728960 576
1728970 576
1728980 576
1728990 575
1729000 575
1729010 575
1729020 575
1729030 575
1729040 575
1729050 575
1729060 574
1729070 574
1729080 574
1729090 574
1729100 574
1729110 574
1729120 573
1729130 572
1729140 570
1729150 570
1729160 570
1729170 570
1729180 570
1729190 571
1729200 571
1729210 572
1729220 573
1729230 574
1729240 574
1729250 575
1729260 575
1729270 576
1729280 576
1729290 577
1729300 577
1729310 577
1729320 577
1729330 577
1729340 578
1729350 578
1729360 578
1729370 578
1729380 578
1729390 578
1729400 578
1729410 577
1729420 577
1729430 577
1729440 577
1729450 577
1729460 577
1729470 577
1729480 577
1729490 578
1729500 578
1729510 578
1729520 578
1729530 578
1729540 578
1729550 578
1729560 578
1729570 577
1729580 577
1729590 577
1729600 577
1729610 576
1729620 576
1729630 576
1729640 575
1729650 575
1729660 574
1729670 574
1729680 573
1729690 573
1729700 573
1729710 573
1729720 573
1729730 572
1729740 572
1729750 572
1729760 572
1729770 572
1729780 572
1729790 572
1729800 572
1729810 572
1729820 572
1729830 572
1729840 572
1729850 572
1729860 572
1729870 572
1729880 572
1729890 572
1729900 572
1729910 572
1729920 572
1729930 572
1729940 573
1729950 573
1729960 573
1729970 573
1729980 573
1729990 573
1730000 573
1730010 573
1730020 573
1730030 573
1730040 574
1730050 574
1730060 574
1730070 574
1730080 574
1730090 574
1730100 574
1730110 574
1730120 574
1730130 574
1730140 574
1730150 574
1730160 575
1730170 575
1730180 575
1730190 575
1730200 575
1730210 576
1730220 576
1730230 576
1730240 576
1730250 576
1730260 576
1730270 576
1730280 576
1730290 576
1730300 576
1730310 576
1730320 576
1730330 576
1730340 576
1730350 576
1730360 576
1730370 576
1730380 576
1730390 576
1730400 576
1730410 576
1730420 576
1730430 576
1730440 576
1730450 576
1730460 576
1730470 575
1730480 575
1730490 575
1730500 575
1730510 575
1730520 574
1730530 574
1730540 574
1730550 574
1730560 574
1730570 574
1730580 574
1730590 574
1730600 574
1730610 574
1730620 574
1730630 574
1730640 574
1730650 573
1730660 573
1730670 573
1730680 573
1730690 573
1730700 573
1730710 573
1730720 573
1730730 573
1730740 573
1730750 572
1730760 572
1730770 572
1730780 572
1730790 572
1730800 572
1730810 572
1730820 571
1730830 571
1730840 571
1730850 571
1730860 571
1730870 571
1730880 571
1730890 571
1730900 570
1730910 570
1730920 570
1730930 570
1730940 570
1730950 570
1730960 570
1730970 570
1730980 570
1730990 569
1731000 569
1731010 569
1731020 569
1731030 569
1731040 569
1731050 569
1731060 569
1731070 569
1731080 569
1731090 569
1731100 569
1731110 569
1731120 569
1731130 569
1731140 569
1731150 569
1731160 569
1731170 569
1731180 569
1731190 569
1731200 569
1731210 569
1731220 569
1731230 570
1731240 570
1731250 570
1731260 570
1731270 570
1731280 570
1731290 571
1731300 571
1731310 571
1731320 571
1731330 572
1731340 572
1731350 572
1731360 572
1731370 573
1731380 573
1731390 573
1731400 573
1731410 573
1731420 574
1731430 574
1731440 574
1731450 574
1731460 574
1731470 574
1731480 574
1731490 574
1731500 574
1731510 574
1731520 574
1731530 574
1731540 574
1731550 573
1731560 573
1731570 573
1731580 573
1731590 573
1731600 573
1731610 573
1731620 573
1731630 573
1731640 573
1731650 573
1731660 573
1731670 573
1731680 572
1731690 572
1731700 572
1731710 572
1731720 571
1731730 571
1731740 571
1731750 571
1731760 570
1731770 570
1731780 570
1731790 569
1731800 569
1731810 568
1731820 568
1731830 567
1731840 567
1731850 567
1731860 566
1731870 566
1731880 565
1731890 565
1731900 565
1731910 565
1731920 564
1731930 564
1731940 564
1731950 563
1731960 563
1731970 563
1731980 563
1731990 563
1732000 563
1732010 563
1732020 563
1732030 563
1732040 564
1732050 564
1732060 564
1732070 564
1732080 564
1732090 564
1732100 564
1732110 564
1732120 563
1732130 563
1732140 563
1732150 563
1732160 563
1732170 563
1732180 563
1732190 563
1732200 563
1732210 563
1732220 563
1732230 563
1732240 563
1732250 563
1732260 563
1732270 564
1732280 564
1732290 564
1732300 564
1732310 564
1732320 564
1732330 564
1732340 564
1732350 564
1732360 564
1732370 564
1732380 564
1732390 564
1732400 564
1732410 564
1732420 564
1732430 564
1732440 564
1732450 564
1732460 564
1732470 564
1732480 564
1732490 565
1732500 565
1732510 565
1732520 565
1732530 565
1732540 565
1732550 565
1732560 566
1732570 566
1732580 566
1732590 566
1732600 566
1732610 566
1732620 566
1732630 566
1732640 566
1732650 566
1732660 566
1732670 566
1732680 566
1732690 566
1732700 566
1732710 567
1732720 567
1732730 567
1732740 567
1732750 567
1732760 567
1732770 567
1732780 567
1732790 567
1732800 567
1732810 567
1732820 566
1732830 566
1732840 566
1732850 566
1732860 565
1732870 563
1732880 561
1732890 560
1732900 560
1732910 560
1732920 561
1732930 562
1732940 563
1732950 564
1732960 564
1732970 565
1732980 565
1732990 566
1733000 566
1733010 566
1733020 567
1733030 567
1733040 568
1733050 568
1733060 569
1733070 570
1733080 571
1733090 571
1733100 572
1733110 573
1733120 573
1733130 574
1733140 575
1733150 575
1733160 576
1733170 577
1733180 577
1733190 578
1733200 579
1733210 580
1733220 581
1733230 582
1733240 582
1733250 583
1733260 584
1733270 585
1733280 586
1733290 587
1733300 587
1733310 588
1733320 589
1733330 590
1733340 591
1733350 592
1733360 592
1733370 592
1733380 592
1733390 591
1733400 591
1733410 591
1733420 591
1733430 591
1733440 591
1733450 591
1733460 591
1733470 591
1733480 591
1733490 591
1733500 591
1733510 591
1733520 591
1733530 591
1733540 591
1733550 590
1733560 590
1733570 590
1733580 589
1733590 589
1733600 589
1733610 589
1733620 589
1733630 589
1733640 588
1733650 588
1733660 588
1733670 587
1733680 587
1733690 587
1733700 586
1733710 586
1733720 585
1733730 585
1733740 584
1733750 584
1733760 583
1733770 583
1733780 582
1733790 581
1733800 581
1733810 580
1733820 580
1733830 579
1733840 579
1733850 578
1733860 578
1733870 577
1733880 576
1733890 576
1733900 575
1733910 575
1733920 575
1733930 574
1733940 574
1733950 573
1733960 572
1733970 572
1733980 572
1733990 571
1734000 571
1734010 571
1734020 570
1734030 570
1734040 570
1734050 569
1734060 569
1734070 568
1734080 568
1734090 568
1734100 568
1734110 568
1734120 568
1734130 568
1734140 567
1734150 567
1734160 567
1734170 567
1734180 566
1734190 566
1734200 565
1734210 565
1734220 565
1734230 564
1734240 564
1734250 564
1734260 564
1734270 563
1734280 563
1734290 562
1734300 561
1734310 560
1734320 560
1734330 559
1734340 558
1734350 557
1734360 557
1734370 556
1734380 555
1734390 554
1734400 554
1734410 553
1734420 552
1734430 551
1734440 550
1734450 549
1734460 548
1734470 547
1734480 546
1734490 545
1734500 544
1734510 542
1734520 541
1734530 539
1734540 537
1734550 535
1734560 532
1734570 530
1734580 527
1734590 525
1734600 522
1734610 520
1734620 518
1734630 516
1734640 514
1734650 512
1734660 511
1734670 509
1734680 508
1734690 506
1734700 505
1734710 503
1734720 502
1734730 501
1734740 500
1734750 499
1734760 498
1734770 498
1734780 497
1734790 496
1734800 495
1734810 495
1734820 495
1734830 495
1734840 495
1734850 495
1734860 496
1734870 496
1734880 496
1734890 496
1734900 496
1734910 495
1734920 495
1734930 494
1734940 494
1734950 493
1734960 492
1734970 492
1734980 491
1734990 490
1735000 489
1735010 488
1735020 487
1735030 485
1735040 484
1735050 483
1735060 481
1735070 480
1735080 478
1735090 476
1735100 474
1735110 471
1735120 469
1735130 467
1735140 465
1735150 464
1735160 462
1735170 461
1735180 460
1735190 461
1735200 462
1735210 464
1735220 465
1735230 467
1735240 468
1735250 469
1735260 470
1735270 471
1735280 471
1735290 472
1735300 472
1735310 473
1735320 473
1735330 473
1735340 474
1735350 474
1735360 474
1735370 474
1735380 474
1735390 474
1735400 474
1735410 474
1735420 474
1735430 474
1735440 473
1735450 473
1735460 472
1735470 470
1735480 469
1735490 468
1735500 466
1735510 465
1735520 464
1735530 465
1735540 466
1735550 468
1735560 469
1735570 470
1735580 470
1735590 470
1735600 470
1735610 471
1735620 471
1735630 471
1735640 471
1735650 471
1735660 472
1735670 472
1735680 472
1735690 472
1735700 473
1735710 473
1735720 473
1735730 474
1735740 474
1735750 474
1735760 474
1735770 475
1735780 475
1735790 475
1735800 476
1735810 476
1735820 477
1735830 477
1735840 478
1735850 478
1735860 478
1735870 479
1735880 479
1735890 479
1735900 479
1735910 479
1735920 479
1735930 479
1735940 479
1735950 479
1735960 479
1735970 479
1735980 479
1735990 479
1736000 479
1736010 479
1736020 478
1736030 478
1736040 478
1736050 478
1736060 478
1736070 478
1736080 477
1736090 477
1736100 476
1736110 476
1736120 475
1736130 475
1736140 474
1736150 474
1736160 474
1736170 473
1736180 473
1736190 472
1736200 472
1736210 472
1736220 471
1736230 470
1736240 469
1736250 468
1736260 467
1736270 466
1736280 467
1736290 467
1736300 468
1736310 468
1736320 468
1736330 468
1736340 468
1736350 468
1736360 468
1736370 468
1736380 468
1736390 468
1736400 468
1736410 467
1736420 467
1736430 467
1736440 467
1736450 467
1736460 467
1736470 467
1736480 467
1736490 466
1736500 466
1736510 466
1736520 466
1736530 466
1736540 465
1736550 465
1736560 464
1736570 464
1736580 463
1736590 462
1736600 462
1736610 461
1736620 460
1736630 459
1736640 459
1736650 458
1736660 457
1736670 456
1736680 455
1736690 453
1736700 451
1736710 449
1736720 446
1736730 443
1736740 442
1736750 440
1736760 439
1736770 437
1736780 436
1736790 435
1736800 434
1736810 434
1736820 435
1736830 437
1736840 439
1736850 441
1736860 443
1736870 445
1736880 446
1736890 447
1736900 448
1736910 449
1736920 449
1736930 449
1736940 449
1736950 449
1736960 450
1736970 450
1736980 450
1736990 451
1737000 451
1737010 451
1737020 451
1737030 451
1737040 452
1737050 453
1737060 455
1737070 455
1737080 456
1737090 455
1737100 455
1737110 454
1737120 453
1737130 453
1737140 453
1737150 452
1737160 452
1737170 451
1737180 451
1737190 451
1737200 451
1737210 450
1737220 450
1737230 450
1737240 450
1737250 449
1737260 449
1737270 449
1737280 449
1737290 449
1737300 449
1737310 448
1737320 448
1737330 447
1737340 447
1737350 447
1737360 446
1737370 446
1737380 445
1737390 445
1737400 444
1737410 444
1737420 444
1737430 444
1737440 444
1737450 443
1737460 442
1737470 442
1737480 441
1737490 441
1737500 441
1737510 440
1737520 440
1737530 440
1737540 440
1737550 440
1737560 441
1737570 440
1737580 440
1737590 439
1737600 439
1737610 438
1737620 437
1737630 437
1737640 436
1737650 436
1737660 436
1737670 436
1737680 436
1737690 435
1737700 434
1737710 433
1737720 432
1737730 432
1737740 431
1737750 430
1737760 430
1737770 429
1737780 428
1737790 428
1737800 427
1737810 426
1737820 426
1737830 425
1737840 424
1737850 424
1737860 423
1737870 422
1737880 421
1737890 420
1737900 419
1737910 418
1737920 417
1737930 416
1737940 415
1737950 413
1737960 411
1737970 410
1737980 408
1737990 405
1738000 403
1738010 400
1738020 398
1738030 395
1738040 393
1738050 389
1738060 386
1738070 383
1738080 381
1738090 379
1738100 378
1738110 376
1738120 374
1738130 372
1738140 370
1738150 367
1738160 366
1738170 364
1738180 363
1738190 361
1738200 359
1738210 357
1738220 354
1738230 353
1738240 353
1738250 353
1738260 354
1738270 355
1738280 358
1738290 362
1738300 365
1738310 368
1738320 370
1738330 371
1738340 370
1738350 369
1738360 368
1738370 366
1738380 365
1738390 364
1738400 363
1738410 364
1738420 365
1738430 366
1738440 367
1738450 368
1738460 370
1738470 371
1738480 372
1738490 372
1738500 373
1738510 374
1738520 374
1738530 375
1738540 377
1738550 379
1738560 381
1738570 383
1738580 386
1738590 390
1738600 393
1738610 396
1738620 399
1738630 400
1738640 401
1738650 403
1738660 404
1738670 405
1738680 405
1738690 404
1738700 402
1738710 400
1738720 398
1738730 396
1738740 396
1738750 396
1738760 396
1738770 397
1738780 397
1738790 397
1738800 396
1738810 396
1738820 395
1738830 394
1738840 393
1738850 392
1738860 390
1738870 389
1738880 388
1738890 387
1738900 386
1738910 386
1738920 385
1738930 384
1738940 383
1738950 382
1738960 381
1738970 379
1738980 377
1738990 375
1739000 372
1739010 370
1739020 368
1739030 366
1739040 363
1739050 360
1739060 357
1739070 355
1739080 354
1739090 355
1739100 357
1739110 358
1739120 361
1739130 364
1739140 367
1739150 370
1739160 373
1739170 376
1739180 378
1739190 379
1739200 381
1739210 382
1739220 383
1739230 384
1739240 384
1739250 385
1739260 385
1739270 386
1739280 386
1739290 386
1739300 386
1739310 386
1739320 386
1739330 385
1739340 385
1739350 385
1739360 385
1739370 384
1739380 384
1739390 384
1739400 384
1739410 384
1739420 384
1739430 383
1739440 381
1739450 380
1739460 379
1739470 378
1739480 376
1739490 375
1739500 373
1739510 371
1739520 369
1739530 366
1739540 363
1739550 359
1739560 356
1739570 352
1739580 349
1739590 345
1739600 342
1739610 339
1739620 336
1739630 333
1739640 330
1739650 327
1739660 324
1739670 322
1739680 320
1739690 318
1739700 316
1739710 312
1739720 309
1739730 309
1739740 308
1739750 308
1739760 307
1739770 308
1739780 308
1739790 308
1739800 309
1739810 310
1739820 312
1739830 314
1739840 316
1739850 318
1739860 321
1739870 324
1739880 326
1739890 329
1739900 332
1739910 334
1739920 337
1739930 340
1739940 343
1739950 346
1739960 348
1739970 351
1739980 353
1739990 355
