1720000 478
1720010 478
1720020 479
1720030 479
1720040 479
1720050 479
1720060 481
1720070 484
1720080 487
1720090 491
1720100 494
1720110 496
1720120 499
1720130 501
1720140 503
1720150 505
1720160 507
1720170 509
1720180 510
1720190 512
1720200 513
1720210 514
1720220 515
1720230 516
1720240 517
1720250 518
1720260 519
1720270 519
1720280 520
1720290 520
1720300 521
1720310 521
1720320 521
1720330 521
1720340 521
1720350 521
1720360 521
1720370 521
1720380 521
1720390 520
1720400 519
1720410 519
1720420 518
1720430 517
1720440 515
1720450 514
1720460 513
1720470 512
1720480 511
1720490 509
1720500 508
1720510 507
1720520 505
1720530 504
1720540 502
1720550 501
1720560 499
1720570 497
1720580 495
1720590 491
1720600 488
1720610 485
1720620 484
1720630 484
1720640 485
1720650 485
1720660 486
1720670 487
1720680 490
1720690 493
1720700 495
1720710 498
1720720 500
1720730 502
1720740 503
1720750 505
1720760 505
1720770 506
1720780 506
1720790 506
1720800 507
1720810 507
1720820 507
1720830 508
1720840 508
1720850 508
1720860 509
1720870 509
1720880 509
1720890 509
1720900 510
1720910 510
1720920 510
1720930 511
1720940 511
1720950 511
1720960 511
1720970 511
1720980 510
1720990 510
1721000 509
1721010 507
1721020 506
1721030 505
1721040 504
1721050 503
1721060 503
1721070 502
1721080 502
1721090 501
1721100 501
1721110 501
1721120 502
1721130 503
1721140 505
1721150 506
1721160 508
1721170 509
1721180 511
1721190 513
1721200 514
1721210 515
1721220 517
1721230 518
1721240 520
1721250 521
1721260 522
1721270 523
1721280 524
1721290 525
1721300 526
1721310 527
1721320 528
1721330 530
1721340 531
1721350 532
1721360 533
1721370 534
1721380 535
1721390 536
1721400 537
1721410 538
1721420 539
1721430 540
1721440 542
1721450 543
1721460 545
1721470 547
1721480 549
1721490 551
1721500 551
1721510 552
1721520 553
1721530 553
1721540 554
1721550 554
1721560 554
1721570 555
1721580 556
1721590 556
1721600 557
1721610 558
1721620 559
1721630 559
1721640 560
1721650 560
1721660 560
1721670 559
1721680 559
1721690 559
1721700 558
1721710 558
1721720 558
1721730 558
1721740 557
1721750 557
1721760 557
1721770 557
1721780 556
1721790 556
1721800 556
1721810 555
1721820 555
1721830 555
1721840 555
1721850 555
1721860 555
1721870 555
1721880 555
1721890 554
1721900 554
1721910 554
1721920 554
1721930 555
1721940 555
1721950 556
1721960 557
1721970 557
1721980 558
1721990 558
1722000 558
1722010 559
1722020 559
1722030 559
1722040 559
1722050 560
1722060 560
1722070 560
1722080 560
1722090 560
1722100 561
1722110 561
1722120 561
1722130 561
1722140 562
1722150 562
1722160 562
1722170 562
1722180 562
1722190 563
1722200 563
1722210 563
1722220 564
1722230 564
1722240 564
1722250 564
1722260 565
1722270 565
1722280 566
1722290 566
1722300 567
1722310 567
1722320 568
1722330 568
1722340 569
1722350 569
1722360 570
1722370 570
1722380 570
1722390 570
1722400 570
1722410 570
1722420 571
1722430 571
1722440 572
1722450 571
1722460 571
1722470 570
1722480 569
1722490 569
1722500 568
1722510 568
1722520 568
1722530 567
1722540 567
1722550 567
1722560 566
1722570 566
1722580 566
1722590 565
1722600 565
1722610 565
1722620 565
1722630 564
1722640 564
1722650 564
1722660 564
1722670 564
1722680 563
1722690 563
1722700 563
1722710 563
1722720 563
1722730 562
1722740 562
1722750 562
1722760 562
1722770 561
1722780 561
1722790 560
1722800 560
1722810 559
1722820 559
1722830 559
1722840 559
1722850 559
1722860 559
1722870 559
1722880 559
1722890 559
1722900 559
1722910 560
1722920 560
1722930 560
1722940 561
1722950 561
1722960 561
1722970 562
1722980 562
1722990 562
1723000 563
1723010 563
1723020 563
1723030 563
1723040 564
1723050 564
1723060 564
1723070 565
1723080 565
1723090 565
1723100 565
1723110 566
1723120 566
1723130 566
1723140 566
1723150 567
1723160 567
1723170 567
1723180 567
1723190 568
1723200 568
1723210 568
1723220 568
1723230 568
1723240 568
1723250 568
1723260 568
1723270 569
1723280 569
1723290 569
1723300 569
1723310 569
1723320 569
1723330 569
1723340 569
1723350 569
1723360 569
1723370 569
1723380 569
1723390 569
1723400 569
1723410 569
1723420 569
1723430 569
1723440 569
1723450 569
1723460 569
1723470 569
1723480 569
1723490 568
1723500 568
1723510 568
1723520 568
1723530 568
1723540 568
1723550 567
1723560 567
1723570 567
1723580 566
1723590 566
1723600 566
1723610 566
1723620 566
1723630 565
1723640 565
1723650 565
1723660 565
1723670 565
1723680 564
1723690 564
1723700 564
1723710 564
1723720 564
1723730 563
1723740 563
1723750 563
1723760 563
1723770 563
1723780 562
1723790 562
1723800 562
1723810 562
1723820 561
1723830 561
1723840 561
1723850 560
1723860 560
1723870 560
1723880 560
1723890 559
1723900 559
1723910 559
1723920 558
1723930 558
1723940 558
1723950 558
1723960 557
1723970 557
1723980 556
1723990 556
1724000 556
1724010 556
1724020 555
1724030 555
1724040 554
1724050 554
1724060 553
1724070 553
1724080 552
1724090 552
1724100 551
1724110 551
1724120 551
1724130 550
1724140 550
1724150 549
1724160 549
1724170 548
1724180 548
1724190 548
1724200 548
1724210 548
1724220 548
1724230 547
1724240 547
1724250 547
1724260 546
1724270 546
1724280 545
1724290 545
1724300 545
1724310 545
1724320 545
1724330 544
1724340 544
1724350 544
1724360 544
1724370 544
1724380 545
1724390 546
1724400 547
1724410 548
1724420 549
1724430 549
1724440 550
1724450 550
1724460 550
1724470 550
1724480 550
1724490 550
1724500 549
1724510 549
1724520 549
1724530 549
1724540 548
1724550 548
1724560 548
1724570 547
1724580 547
1724590 547
1724600 547
1724610 546
1724620 546
1724630 546
1724640 545
1724650 545
1724660 545
1724670 544
1724680 544
1724690 544
1724700 543
1724710 543
1724720 543
1724730 542
1724740 542
1724750 542
1724760 541
1724770 541
1724780 541
1724790 541
1724800 540
1724810 540
1724820 540
1724830 540
1724840 540
1724850 540
1724860 540
1724870 540
1724880 540
1724890 540
1724900 540
1724910 540
1724920 540
1724930 540
1724940 540
1724950 541
1724960 541
1724970 541
1724980 541
1724990 541
1725000 542
1725010 542
1725020 542
1725030 542
1725040 543
1725050 543
1725060 543
1725070 543
1725080 543
1725090 543
1725100 544
1725110 544
1725120 545
1725130 545
1725140 544
1725150 544
1725160 544
1725170 544
1725180 543
1725190 543
1725200 543
1725210 543
1725220 543
1725230 542
1725240 542
1725250 542
1725260 542
1725270 542
1725280 542
1725290 542
1725300 542
1725310 542
1725320 542
1725330 542
1725340 542
1725350 541
1725360 541
1725370 540
1725380 540
1725390 539
1725400 538
1725410 536
1725420 534
1725430 532
1725440 530
1725450 528
1725460 527
1725470 525
1725480 523
1725490 521
1725500 520
1725510 518
1725520 517
1725530 515
1725540 513
1725550 512
1725560 510
1725570 509
1725580 509
1725590 509
1725600 509
1725610 509
1725620 510
1725630 512
1725640 515
1725650 518
1725660 522
1725670 525
1725680 529
1725690 531
1725700 534
1725710 537
1725720 539
1725730 541
1725740 543
1725750 544
1725760 545
1725770 546
1725780 546
1725790 547
1725800 547
1725810 547
1725820 547
1725830 548
1725840 548
1725850 548
1725860 548
1725870 548
1725880 549
1725890 549
1725900 549
1725910 549
1725920 549
1725930 550
1725940 550
1725950 550
1725960 550
1725970 550
1725980 550
1725990 550
1726000 551
1726010 551
1726020 551
1726030 551
1726040 551
1726050 551
1726060 551
1726070 551
1726080 552
1726090 552
1726100 552
1726110 552
1726120 552
1726130 552
1726140 552
1726150 552
1726160 552
1726170 552
1726180 553
1726190 553
1726200 553
1726210 553
1726220 553
1726230 553
1726240 554
1726250 554
1726260 554
1726270 554
1726280 555
1726290 555
1726300 555
1726310 555
1726320 556
1726330 556
1726340 556
1726350 557
1726360 557
1726370 557
1726380 558
1726390 559
1726400 559
1726410 559
1726420 559
1726430 559
1726440 560
1726450 560
1726460 560
1726470 560
1726480 560
1726490 560
1726500 560
1726510 559
1726520 559
1726530 558
1726540 558
1726550 557
1726560 557
1726570 556
1726580 556
1726590 556
1726600 555
1726610 554
1726620 553
1726630 553
1726640 552
1726650 552
1726660 552
1726670 552
1726680 553
1726690 553
1726700 554
1726710 554
1726720 554
1726730 554
1726740 554
1726750 554
1726760 554
1726770 554
1726780 553
1726790 553
1726800 553
1726810 552
1726820 552
1726830 551
1726840 551
1726850 550
1726860 549
1726870 549
1726880 548
1726890 548
1726900 547
1726910 547
1726920 547
1726930 546
1726940 546
1726950 546
1726960 545
1726970 545
1726980 544
1726990 544
1727000 543
1727010 543
1727020 542
1727030 541
1727040 540
1727050 539
1727060 537
1727070 535
1727080 534
1727090 534
1727100 535
1727110 536
1727120 537
1727130 538
1727140 538
1727150 538
1727160 537
1727170 537
1727180 536
1727190 536
1727200 536
1727210 537
1727220 539
1727230 540
1727240 541
1727250 542
1727260 542
1727270 543
1727280 544
1727290 545
1727300 546
1727310 547
1727320 548
1727330 550
1727340 551
1727350 551
1727360 552
1727370 552
1727380 553
1727390 554
1727400 556
1727410 557
1727420 558
1727430 559
1727440 560
1727450 560
1727460 561
1727470 562
1727480 563
1727490 564
1727500 565
1727510 566
1727520 567
1727530 567
1727540 568
1727550 569
1727560 570
1727570 570
1727580 571
1727590 572
1727600 572
1727610 573
1727620 574
1727630 574
1727640 575
1727650 575
1727660 576
1727670 576
1727680 577
1727690 577
1727700 578
1727710 579
1727720 580
1727730 580
1727740 581
1727750 582
1727760 583
1727770 584
1727780 585
1727790 586
1727800 587
1727810 588
1727820 588
1727830 589
1727840 590
1727850 591
1727860 592
1727870 593
1727880 594
1727890 595
1727900 596
1727910 597
1727920 598
1727930 598
1727940 599
1727950 600
1727960 601
1727970 602
1727980 602
1727990 603
1728000 603
1728010 604
1728020 604
1728030 605
1728040 605
1728050 606
1728060 606
1728070 606
1728080 606
1728090 606
1728100 606
1728110 606
1728120 606
1728130 606
1728140 605
1728150 605
1728160 605
1728170 604
1728180 604
1728190 603
1728200 603
1728210 603
1728220 602
1728230 601
1728240 601
1728250 600
1728260 600
1728270 599
1728280 598
1728290 598
1728300 597
1728310 596
1728320 596
1728330 595
1728340 594
1728350 594
1728360 593
1728370 592
1728380 591
1728390 590
1728400 590
1728410 589
1728420 588
1728430 587
1728440 586
1728450 585
1728460 585
1728470 584
1728480 583
1728490 582
1728500 582
1728510 581
1728520 580
1728530 579
1728540 579
1728550 578
1728560 578
1728570 577
1728580 576
1728590 576
1728600 575
1728610 574
1728620 574
1728630 573
1728640 573
1728650 572
1728660 571
1728670 571
1728680 570
1728690 569
1728700 569
1728710 568
1728720 567
1728730 567
1728740 566
1728750 566
1728760 565
1728770 564
1728780 564
1728790 563
1728800 563
1728810 562
1728820 561
1728830 561
1728840 561
1728850 560
1728860 560
1728870 559
1728880 558
1728890 556
1728900 554
1728910 553
1728920 553
1728930 552
1728940 553
1728950 553
1728960 553
1728970 554
1728980 557
1728990 560
1729000 562
1729010 565
1729020 566
1729030 568
1729040 569
1729050 570
1729060 571
1729070 572
1729080 573
1729090 574
1729100 575
1729110 576
1729120 577
1729130 578
1729140 580
1729150 581
1729160 582
1729170 583
1729180 584
1729190 586
1729200 587
1729210 587
1729220 588
1729230 589
1729240 590
1729250 591
1729260 592
1729270 593
1729280 594
1729290 595
1729300 596
1729310 597
1729320 598
1729330 599
1729340 600
1729350 601
1729360 602
1729370 602
1729380 603
1729390 604
1729400 605
1729410 605
1729420 606
1729430 606
1729440 607
1729450 608
1729460 608
1729470 609
1729480 609
1729490 610
1729500 610
1729510 610
1729520 611
1729530 611
1729540 611
1729550 611
1729560 611
1729570 611
1729580 611
1729590 611
1729600 612
1729610 612
1729620 612
1729630 612
1729640 612
1729650 612
1729660 612
1729670 612
1729680 612
1729690 612
1729700 612
1729710 612
1729720 612
1729730 612
1729740 612
1729750 612
1729760 612
1729770 612
1729780 612
1729790 612
1729800 612
1729810 611
1729820 611
1729830 611
1729840 611
1729850 611
1729860 611
1729870 610
1729880 610
1729890 610
1729900 610
1729910 610
1729920 610
1729930 610
1729940 610
1729950 610
1729960 610
1729970 610
1729980 610
1729990 610
1730000 610
1730010 610
1730020 610
1730030 610
1730040 610
1730050 610
1730060 610
1730070 610
1730080 610
1730090 610
1730100 610
1730110 610
1730120 609
1730130 609
1730140 609
1730150 609
1730160 609
1730170 609
1730180 609
1730190 609
1730200 609
1730210 609
1730220 609
1730230 609
1730240 609
1730250 609
1730260 609
1730270 609
1730280 609
1730290 609
1730300 609
1730310 609
1730320 609
1730330 609
1730340 609
1730350 609
1730360 609
1730370 609
1730380 609
1730390 609
1730400 609
1730410 609
1730420 609
1730430 609
1730440 609
1730450 609
1730460 609
1730470 609
1730480 609
1730490 609
1730500 609
1730510 608
1730520 609
1730530 609
1730540 609
1730550 609
1730560 609
1730570 609
1730580 609
1730590 609
1730600 609
1730610 609
1730620 609
1730630 610
1730640 610
1730650 610
1730660 610
1730670 610
1730680 611
1730690 611
1730700 611
1730710 612
1730720 612
1730730 612
1730740 613
1730750 613
1730760 613
1730770 613
1730780 613
1730790 613
1730800 613
1730810 614
1730820 614
1730830 614
1730840 614
1730850 615
1730860 615
1730870 615
1730880 615
1730890 615
1730900 616
1730910 616
1730920 616
1730930 616
1730940 616
1730950 616
1730960 615
1730970 615
1730980 615
1730990 615
1731000 615
1731010 615
1731020 615
1731030 615
1731040 614
1731050 614
1731060 614
1731070 614
1731080 613
1731090 613
1731100 612
1731110 612
1731120 612
1731130 611
1731140 611
1731150 610
1731160 609
1731170 609
1731180 608
1731190 608
1731200 607
1731210 606
1731220 606
1731230 605
1731240 605
1731250 604
1731260 603
1731270 603
1731280 602
1731290 601
1731300 600
1731310 599
1731320 598
1731330 597
1731340 596
1731350 596
1731360 595
1731370 594
1731380 593
1731390 592
1731400 592
1731410 591
1731420 591
1731430 591
1731440 591
1731450 591
1731460 590
1731470 590
1731480 590
1731490 589
1731500 589
1731510 589
1731520 588
1731530 588
1731540 587
1731550 587
1731560 586
1731570 586
1731580 585
1731590 584
1731600 584
1731610 583
1731620 583
1731630 582
1731640 582
1731650 581
1731660 581
1731670 580
1731680 580
1731690 580
1731700 579
1731710 579
1731720 578
1731730 578
1731740 577
1731750 577
1731760 577
1731770 577
1731780 577
1731790 577
1731800 576
1731810 576
1731820 575
1731830 575
1731840 575
1731850 575
1731860 575
1731870 575
1731880 575
1731890 575
1731900 576
1731910 576
1731920 577
1731930 578
1731940 579
1731950 579
1731960 580
1731970 581
1731980 582
1731990 583
1732000 584
1732010 585
1732020 587
1732030 588
1732040 589
1732050 590
1732060 591
1732070 592
1732080 593
1732090 594
1732100 595
1732110 596
1732120 597
1732130 598
1732140 599
1732150 600
1732160 601
1732170 602
1732180 603
1732190 603
1732200 604
1732210 604
1732220 605
1732230 605
1732240 605
1732250 605
1732260 604
1732270 604
1732280 604
1732290 604
1732300 604
1732310 603
1732320 603
1732330 603
1732340 602
1732350 602
1732360 602
1732370 601
1732380 601
1732390 600
1732400 600
1732410 600
1732420 599
1732430 599
1732440 599
1732450 599
1732460 598
1732470 598
1732480 598
1732490 598
1732500 597
1732510 597
1732520 597
1732530 596
1732540 596
1732550 596
1732560 595
1732570 595
1732580 595
1732590 594
1732600 594
1732610 594
1732620 593
1732630 593
1732640 593
1732650 593
1732660 593
1732670 593
1732680 593
1732690 592
1732700 592
1732710 592
1732720 592
1732730 592
1732740 592
1732750 592
1732760 592
1732770 592
1732780 592
1732790 592
1732800 592
1732810 592
1732820 592
1732830 591
1732840 591
1732850 591
1732860 591
1732870 591
1732880 591
1732890 591
1732900 591
1732910 591
1732920 590
1732930 590
1732940 590
1732950 590
1732960 590
1732970 589
1732980 589
1732990 589
1733000 589
1733010 588
1733020 588
1733030 587
1733040 587
1733050 587
1733060 586
1733070 586
1733080 585
1733090 585
1733100 584
1733110 584
1733120 583
1733130 583
1733140 582
1733150 582
1733160 581
1733170 581
1733180 581
1733190 580
1733200 580
1733210 579
1733220 579
1733230 579
1733240 578
1733250 577
1733260 577
1733270 576
1733280 575
1733290 575
1733300 574
1733310 573
1733320 572
1733330 572
1733340 571
1733350 570
1733360 569
1733370 568
1733380 567
1733390 566
1733400 565
1733410 564
1733420 563
1733430 562
1733440 561
1733450 560
1733460 559
1733470 559
1733480 558
1733490 557
1733500 556
1733510 556
1733520 555
1733530 555
1733540 554
1733550 553
1733560 552
1733570 551
1733580 550
1733590 549
1733600 547
1733610 546
1733620 545
1733630 544
1733640 544
1733650 545
1733660 546
1733670 548
1733680 550
1733690 553
1733700 556
1733710 558
1733720 560
1733730 561
1733740 562
1733750 563
1733760 563
1733770 564
1733780 564
1733790 563
1733800 563
1733810 563
1733820 562
1733830 561
1733840 560
1733850 560
1733860 559
1733870 558
1733880 557
1733890 557
1733900 556
1733910 555
1733920 555
1733930 554
1733940 554
1733950 553
1733960 552
1733970 552
1733980 551
1733990 551
1734000 551
1734010 550
1734020 550
1734030 550
1734040 550
1734050 550
1734060 550
1734070 550
1734080 549
1734090 549
1734100 549
1734110 549
1734120 549
1734130 549
1734140 549
1734150 550
1734160 550
1734170 551
1734180 551
1734190 552
1734200 552
1734210 553
1734220 553
1734230 554
1734240 555
1734250 555
1734260 556
1734270 556
1734280 557
1734290 557
1734300 558
1734310 558
1734320 559
1734330 559
1734340 560
1734350 560
1734360 561
1734370 561
1734380 561
1734390 562
1734400 562
1734410 562
1734420 562
1734430 562
1734440 562
1734450 562
1734460 562
1734470 562
1734480 562
1734490 562
1734500 561
1734510 561
1734520 561
1734530 561
1734540 561
1734550 561
1734560 561
1734570 561
1734580 561
1734590 560
1734600 560
1734610 560
1734620 560
1734630 560
1734640 560
1734650 560
1734660 561
1734670 561
1734680 561
1734690 562
1734700 562
1734710 562
1734720 563
1734730 563
1734740 564
1734750 564
1734760 564
1734770 564
1734780 564
1734790 564
1734800 564
1734810 564
1734820 564
1734830 564
1734840 564
1734850 565
1734860 565
1734870 566
1734880 567
1734890 567
1734900 568
1734910 569
1734920 570
1734930 570
1734940 571
1734950 572
1734960 573
1734970 572
1734980 572
1734990 571
1735000 571
1735010 570
1735020 569
1735030 568
1735040 568
1735050 567
1735060 566
1735070 566
1735080 565
1735090 564
1735100 563
1735110 563
1735120 562
1735130 562
1735140 561
1735150 561
1735160 560
1735170 560
1735180 559
1735190 559
1735200 558
1735210 557
1735220 557
1735230 556
1735240 556
1735250 555
1735260 555
1735270 554
1735280 553
1735290 553
1735300 552
1735310 551
1735320 550
1735330 550
1735340 549
1735350 548
1735360 548
1735370 547
1735380 547
1735390 546
1735400 545
1735410 545
1735420 544
1735430 543
1735440 542
1735450 541
1735460 540
1735470 539
1735480 538
1735490 537
1735500 536
1735510 535
1735520 535
1735530 534
1735540 533
1735550 532
1735560 531
1735570 531
1735580 530
1735590 529
1735600 529
1735610 528
1735620 527
1735630 527
1735640 526
1735650 525
1735660 525
1735670 524
1735680 523
1735690 523
1735700 522
1735710 522
1735720 521
1735730 521
1735740 521
1735750 520
1735760 520
1735770 519
1735780 519
1735790 518
1735800 517
1735810 517
1735820 516
1735830 515
1735840 514
1735850 513
1735860 513
1735870 512
1735880 512
1735890 511
1735900 511
1735910 510
1735920 510
1735930 509
1735940 509
1735950 509
1735960 508
1735970 508
1735980 507
1735990 507
1736000 507
1736010 507
1736020 506
1736030 505
1736040 504
1736050 503
1736060 501
1736070 500
1736080 499
1736090 498
1736100 497
1736110 496
1736120 495
1736130 494
1736140 493
1736150 492
1736160 491
1736170 490
1736180 489
1736190 488
1736200 487
1736210 486
1736220 485
1736230 484
1736240 483
1736250 482
1736260 481
1736270 480
1736280 479
1736290 478
1736300 477
1736310 475
1736320 474
1736330 473
1736340 472
1736350 471
1736360 469
1736370 468
1736380 467
1736390 466
1736400 465
1736410 463
1736420 462
1736430 461
1736440 460
1736450 459
1736460 458
1736470 457
1736480 456
1736490 454
1736500 453
1736510 452
1736520 451
1736530 449
1736540 448
1736550 448
1736560 448
1736570 448
1736580 448
1736590 448
1736600 447
1736610 445
1736620 443
1736630 444
1736640 445
1736650 447
1736660 449
1736670 451
1736680 454
1736690 456
1736700 457
1736710 458
1736720 459
1736730 460
1736740 460
1736750 461
1736760 461
1736770 461
1736780 461
1736790 461
1736800 461
1736810 462
1736820 462
1736830 463
1736840 463
1736850 463
1736860 463
1736870 464
1736880 464
1736890 463
1736900 463
1736910 463
1736920 463
1736930 462
1736940 462
1736950 462
1736960 462
1736970 463
1736980 463
1736990 463
1737000 463
1737010 463
1737020 463
1737030 463
1737040 463
1737050 463
1737060 464
1737070 464
1737080 464
1737090 464
1737100 464
1737110 464
1737120 464
1737130 464
1737140 465
1737150 465
1737160 465
1737170 466
1737180 466
1737190 466
1737200 467
1737210 467
1737220 468
1737230 468
1737240 469
1737250 470
1737260 470
1737270 471
1737280 471
1737290 470
1737300 470
1737310 470
1737320 470
1737330 470
1737340 470
1737350 469
1737360 469
1737370 468
1737380 467
1737390 467
1737400 466
1737410 465
1737420 465
1737430 464
1737440 463
1737450 463
1737460 462
1737470 461
1737480 460
1737490 460
1737500 459
1737510 459
1737520 458
1737530 458
1737540 457
1737550 457
1737560 456
1737570 456
1737580 455
1737590 455
1737600 455
1737610 454
1737620 454
1737630 453
1737640 453
1737650 452
1737660 452
1737670 451
1737680 451
1737690 450
1737700 449
1737710 449
1737720 449
1737730 448
1737740 447
1737750 447
1737760 446
1737770 446
1737780 445
1737790 445
1737800 444
1737810 444
1737820 443
1737830 443
1737840 442
1737850 442
1737860 441
1737870 441
1737880 440
1737890 440
1737900 439
1737910 439
1737920 438
1737930 438
1737940 437
1737950 437
1737960 436
1737970 435
1737980 434
1737990 434
1738000 433
1738010 432
1738020 431
1738030 430
1738040 429
1738050 428
1738060 427
1738070 427
1738080 426
1738090 425
1738100 424
1738110 424
1738120 425
1738130 426
1738140 428
1738150 429
1738160 431
1738170 432
1738180 433
1738190 434
1738200 435
1738210 436
1738220 436
1738230 437
1738240 438
1738250 438
1738260 439
1738270 440
1738280 441
1738290 441
1738300 442
1738310 442
1738320 443
1738330 444
1738340 445
1738350 445
1738360 446
1738370 447
1738380 448
1738390 448
1738400 449
1738410 450
1738420 451
1738430 451
1738440 452
1738450 452
1738460 453
1738470 453
1738480 454
1738490 454
1738500 454
1738510 454
1738520 454
1738530 454
1738540 454
1738550 454
1738560 455
1738570 455
1738580 455
1738590 456
1738600 456
1738610 456
1738620 455
1738630 455
1738640 454
1738650 453
1738660 453
1738670 452
1738680 452
1738690 451
1738700 451
1738710 450
1738720 449
1738730 449
1738740 448
1738750 447
1738760 447
1738770 446
1738780 445
1738790 445
1738800 444
1738810 443
1738820 443
1738830 443
1738840 443
1738850 442
1738860 442
1738870 442
1738880 441
1738890 440
1738900 439
1738910 438
1738920 437
1738930 436
1738940 435
1738950 435
1738960 434
1738970 434
1738980 433
1738990 433
1739000 432
1739010 432
1739020 431
1739030 430
1739040 429
1739050 429
1739060 428
1739070 428
1739080 427
1739090 427
1739100 426
1739110 426
1739120 426
1739130 425
1739140 425
1739150 424
1739160 423
1739170 422
1739180 421
1739190 420
1739200 419
1739210 418
1739220 417
1739230 416
1739240 415
1739250 414
1739260 414
1739270 413
1739280 412
1739290 411
1739300 410
1739310 410
1739320 409
1739330 409
1739340 408
1739350 408
1739360 407
1739370 407
1739380 406
1739390 405
1739400 404
1739410 404
1739420 403
1739430 403
1739440 402
1739450 401
1739460 400
1739470 399
1739480 398
1739490 396
1739500 395
1739510 394
1739520 393
1739530 391
1739540 388
1739550 386
1739560 384
1739570 382
1739580 380
1739590 378
1739600 377
1739610 375
1739620 374
1739630 372
1739640 369
1739650 367
1739660 364
1739670 362
1739680 359
1739690 356
1739700 353
1739710 351
1739720 348
1739730 345
1739740 343
1739750 340
1739760 336
1739770 333
1739780 331
1739790 330
1739800 331
1739810 332
1739820 332
1739830 334
1739840 337
1739850 340
1739860 345
1739870 351
1739880 357
1739890 363
1739900 368
1739910 373
1739920 377
1739930 380
1739940 383
1739950 385
1739960 388
1739970 390
1739980 392
1739990 393
