1720000 491
1720010 491
1720020 491
1720030 491
1720040 491
1720050 492
1720060 492
1720070 492
1720080 492
1720090 493
1720100 494
1720110 495
1720120 495
1720130 496
1720140 496
1720150 496
1720160 496
1720170 497
1720180 497
1720190 497
1720200 498
1720210 498
1720220 499
1720230 499
1720240 500
1720250 501
1720260 501
1720270 501
1720280 501
1720290 501
1720300 502
1720310 502
1720320 502
1720330 502
1720340 502
1720350 502
1720360 503
1720370 503
1720380 502
1720390 502
1720400 502
1720410 502
1720420 502
1720430 502
1720440 501
1720450 501
1720460 501
1720470 501
1720480 500
1720490 500
1720500 500
1720510 500
1720520 499
1720530 499
1720540 499
1720550 498
1720560 498
1720570 498
1720580 497
1720590 497
1720600 497
1720610 497
1720620 496
1720630 496
1720640 496
1720650 495
1720660 495
1720670 495
1720680 494
1720690 494
1720700 494
1720710 494
1720720 494
1720730 494
1720740 493
1720750 493
1720760 493
1720770 493
1720780 493
1720790 493
1720800 493
1720810 492
1720820 492
1720830 492
1720840 492
1720850 492
1720860 492
1720870 491
1720880 491
1720890 491
1720900 491
1720910 491
1720920 491
1720930 490
1720940 490
1720950 490
1720960 490
1720970 490
1720980 490
1720990 490
1721000 490
1721010 489
1721020 489
1721030 489
1721040 489
1721050 489
1721060 489
1721070 489
1721080 489
1721090 489
1721100 489
1721110 489
1721120 489
1721130 488
1721140 488
1721150 488
1721160 488
1721170 488
1721180 488
1721190 488
1721200 488
1721210 488
1721220 488
1721230 488
1721240 488
1721250 488
1721260 488
1721270 488
1721280 488
1721290 488
1721300 488
1721310 487
1721320 487
1721330 487
1721340 487
1721350 487
1721360 486
1721370 486
1721380 486
1721390 485
1721400 485
1721410 484
1721420 484
1721430 484
1721440 483
1721450 483
1721460 482
1721470 482
1721480 482
1721490 481
1721500 481
1721510 480
1721520 480
1721530 479
1721540 479
1721550 479
1721560 478
1721570 478
1721580 477
1721590 477
1721600 477
1721610 476
1721620 476
1721630 475
1721640 475
1721650 474
1721660 474
1721670 474
1721680 473
1721690 473
1721700 472
1721710 472
1721720 471
1721730 471
1721740 470
1721750 470
1721760 470
1721770 469
1721780 469
1721790 468
1721800 468
1721810 468
1721820 467
1721830 467
1721840 466
1721850 466
1721860 466
1721870 465
1721880 465
1721890 465
1721900 464
1721910 464
1721920 464
1721930 463
1721940 463
1721950 463
1721960 462
1721970 462
1721980 462
1721990 461
1722000 461
1722010 461
1722020 461
1722030 460
1722040 460
1722050 460
1722060 460
1722070 459
1722080 459
1722090 459
1722100 459
1722110 459
1722120 459
1722130 458
1722140 458
1722150 458
1722160 458
1722170 457
1722180 457
1722190 457
1722200 457
1722210 457
1722220 457
1722230 456
1722240 456
1722250 456
1722260 456
1722270 456
1722280 455
1722290 455
1722300 455
1722310 455
1722320 455
1722330 455
1722340 455
1722350 455
1722360 454
1722370 454
1722380 454
1722390 454
1722400 454
1722410 454
1722420 454
1722430 454
1722440 453
1722450 453
1722460 453
1722470 453
1722480 453
1722490 453
1722500 453
1722510 452
1722520 452
1722530 452
1722540 452
1722550 452
1722560 452
1722570 452
1722580 451
1722590 451
1722600 451
1722610 451
1722620 450
1722630 450
1722640 450
1722650 449
1722660 449
1722670 449
1722680 449
1722690 449
1722700 449
1722710 449
1722720 449
1722730 449
1722740 448
1722750 448
1722760 448
1722770 448
1722780 448
1722790 448
1722800 448
1722810 448
1722820 447
1722830 447
1722840 447
1722850 447
1722860 447
1722870 447
1722880 446
1722890 446
1722900 446
1722910 446
1722920 446
1722930 446
1722940 445
1722950 445
1722960 445
1722970 445
1722980 444
1722990 444
1723000 444
1723010 443
1723020 443
1723030 443
1723040 442
1723050 442
1723060 441
1723070 441
1723080 441
1723090 440
1723100 440
1723110 440
1723120 439
1723130 440
1723140 440
1723150 441
1723160 442
1723170 443
1723180 444
1723190 445
1723200 446
1723210 446
1723220 447
1723230 447
1723240 447
1723250 447
1723260 447
1723270 447
1723280 448
1723290 448
1723300 448
1723310 448
1723320 448
1723330 448
1723340 448
1723350 448
1723360 449
1723370 449
1723380 449
1723390 449
1723400 449
1723410 449
1723420 450
1723430 450
1723440 450
1723450 450
1723460 450
1723470 451
1723480 451
1723490 451
1723500 451
1723510 452
1723520 452
1723530 452
1723540 453
1723550 453
1723560 453
1723570 453
1723580 454
1723590 454
1723600 454
1723610 455
1723620 455
1723630 455
1723640 456
1723650 456
1723660 456
1723670 457
1723680 457
1723690 457
1723700 458
1723710 458
1723720 458
1723730 459
1723740 459
1723750 459
1723760 460
1723770 460
1723780 460
1723790 461
1723800 461
1723810 461
1723820 462
1723830 462
1723840 463
1723850 463
1723860 464
1723870 464
1723880 465
1723890 465
1723900 465
1723910 466
1723920 466
1723930 466
1723940 467
1723950 467
1723960 467
1723970 467
1723980 467
1723990 467
1724000 467
1724010 466
1724020 466
1724030 466
1724040 466
1724050 466
1724060 465
1724070 464
1724080 462
1724090 459
1724100 456
1724110 452
1724120 449
1724130 445
1724140 442
1724150 438
1724160 435
1724170 431
1724180 427
1724190 424
1724200 420
1724210 416
1724220 412
1724230 408
1724240 404
1724250 402
1724260 400
1724270 400
1724280 400
1724290 402
1724300 406
1724310 410
1724320 413
1724330 416
1724340 419
1724350 421
1724360 423
1724370 424
1724380 425
1724390 427
1724400 428
1724410 429
1724420 430
1724430 430
1724440 431
1724450 433
1724460 434
1724470 434
1724480 434
1724490 432
1724500 431
1724510 429
1724520 428
1724530 427
1724540 425
1724550 422
1724560 419
1724570 417
1724580 414
1724590 411
1724600 408
1724610 405
1724620 402
1724630 400
1724640 398
1724650 395
1724660 394
1724670 393
1724680 392
1724690 394
1724700 397
1724710 400
1724720 402
1724730 405
1724740 410
1724750 412
1724760 414
1724770 416
1724780 417
1724790 418
1724800 418
1724810 417
1724820 416
1724830 415
1724840 413
1724850 409
1724860 405
1724870 401
1724880 397
1724890 393
1724900 388
1724910 385
1724920 385
1724930 387
1724940 389
1724950 390
1724960 392
1724970 395
1724980 398
1724990 402
1725000 404
1725010 406
1725020 408
1725030 411
1725040 414
1725050 417
1725060 420
1725070 424
1725080 429
1725090 433
1725100 437
1725110 441
1725120 444
1725130 447
1725140 450
1725150 453
1725160 456
1725170 458
1725180 460
1725190 462
1725200 463
1725210 465
1725220 467
1725230 468
1725240 469
1725250 470
1725260 470
1725270 470
1725280 471
1725290 470
1725300 470
1725310 470
1725320 469
1725330 468
1725340 467
1725350 466
1725360 465
1725370 464
1725380 463
1725390 461
1725400 460
1725410 458
1725420 458
1725430 457
1725440 457
1725450 456
1725460 455
1725470 454
1725480 454
1725490 453
1725500 453
1725510 453
1725520 452
1725530 452
1725540 451
1725550 449
1725560 448
1725570 445
1725580 443
1725590 441
1725600 440
1725610 440
1725620 440
1725630 439
1725640 437
1725650 434
1725660 430
1725670 426
1725680 423
1725690 421
1725700 420
1725710 419
1725720 420
1725730 419
1725740 419
1725750 418
1725760 416
1725770 414
1725780 412
1725790 409
1725800 406
1725810 404
1725820 402
1725830 401
1725840 400
1725850 398
1725860 397
1725870 396
1725880 394
1725890 393
1725900 391
1725910 390
1725920 388
1725930 386
1725940 384
1725950 382
1725960 380
1725970 377
1725980 373
1725990 370
1726000 366
1726010 363
1726020 360
1726030 357
1726040 355
1726050 353
1726060 351
1726070 349
1726080 346
1726090 344
1726100 343
1726110 342
1726120 341
1726130 340
1726140 340
1726150 340
1726160 342
1726170 345
1726180 349
1726190 351
1726200 354
1726210 355
1726220 357
1726230 358
1726240 358
1726250 358
1726260 358
1726270 358
1726280 357
1726290 357
1726300 356
1726310 355
1726320 355
1726330 354
1726340 353
1726350 353
1726360 352
1726370 351
1726380 351
1726390 350
1726400 349
1726410 348
1726420 347
1726430 346
1726440 345
1726450 344
1726460 343
1726470 342
1726480 341
1726490 341
1726500 339
1726510 338
1726520 336
1726530 334
1726540 332
1726550 331
1726560 331
1726570 331
1726580 330
1726590 330
1726600 330
1726610 330
1726620 329
1726630 328
1726640 327
1726650 327
1726660 327
1726670 327
1726680 328
1726690 331
1726700 337
1726710 342
1726720 345
1726730 347
1726740 349
1726750 350
1726760 351
1726770 353
1726780 354
1726790 355
1726800 356
1726810 357
1726820 358
1726830 359
1726840 360
1726850 360
1726860 361
1726870 361
1726880 362
1726890 362
1726900 362
1726910 362
1726920 363
1726930 363
1726940 363
1726950 364
1726960 365
1726970 366
1726980 368
1726990 369
1727000 370
1727010 371
1727020 371
1727030 372
1727040 373
1727050 374
1727060 375
1727070 377
1727080 378
1727090 379
1727100 381
1727110 382
1727120 383
1727130 385
1727140 386
1727150 388
1727160 389
1727170 390
1727180 392
1727190 393
1727200 395
1727210 396
1727220 398
1727230 400
1727240 402
1727250 404
1727260 407
1727270 409
1727280 412
1727290 415
1727300 419
1727310 425
1727320 428
1727330 431
1727340 434
1727350 437
1727360 441
1727370 445
1727380 449
1727390 455
1727400 461
1727410 466
1727420 470
1727430 474
1727440 478
1727450 482
1727460 486
1727470 489
1727480 492
1727490 495
1727500 498
1727510 501
1727520 504
1727530 508
1727540 511
1727550 512
1727560 513
1727570 514
1727580 514
1727590 514
1727600 513
1727610 513
1727620 513
1727630 513
1727640 513
1727650 512
1727660 512
1727670 512
1727680 512
1727690 512
1727700 512
1727710 512
1727720 513
1727730 513
1727740 513
1727750 513
1727760 512
1727770 511
1727780 511
1727790 510
1727800 510
1727810 509
1727820 508
1727830 507
1727840 507
1727850 506
1727860 505
1727870 504
1727880 504
1727890 503
1727900 502
1727910 502
1727920 501
1727930 501
1727940 500
1727950 500
1727960 499
1727970 499
1727980 498
1727990 497
1728000 496
1728010 494
1728020 493
1728030 492
1728040 491
1728050 489
1728060 489
1728070 488
1728080 487
1728090 486
1728100 484
1728110 483
1728120 482
1728130 481
1728140 480
1728150 479
1728160 478
1728170 477
1728180 477
1728190 476
1728200 475
1728210 474
1728220 473
1728230 472
1728240 471
1728250 469
1728260 466
1728270 462
1728280 457
1728290 452
1728300 449
1728310 445
1728320 442
1728330 439
1728340 436
1728350 433
1728360 431
1728370 429
1728380 427
1728390 425
1728400 424
1728410 423
1728420 421
1728430 420
1728440 418
1728450 414
1728460 410
1728470 405
1728480 403
1728490 403
1728500 408
1728510 413
1728520 417
1728530 418
1728540 419
1728550 420
1728560 422
1728570 424
1728580 427
1728590 429
1728600 432
1728610 435
1728620 437
1728630 439
1728640 441
1728650 443
1728660 445
1728670 446
1728680 447
1728690 448
1728700 448
1728710 447
1728720 446
1728730 445
1728740 444
1728750 443
1728760 442
1728770 442
1728780 442
1728790 442
1728800 443
1728810 443
1728820 441
1728830 439
1728840 438
1728850 436
1728860 435
1728870 433
1728880 432
1728890 430
1728900 428
1728910 427
1728920 425
1728930 424
1728940 422
1728950 421
1728960 419
1728970 418
1728980 417
1728990 416
1729000 415
1729010 413
1729020 411
1729030 409
1729040 407
1729050 406
1729060 404
1729070 403
1729080 403
1729090 403
1729100 403
1729110 403
1729120 403
1729130 402
1729140 402
1729150 401
1729160 399
1729170 398
1729180 396
1729190 395
1729200 394
1729210 393
1729220 392
1729230 391
1729240 390
1729250 389
1729260 389
1729270 389
1729280 389
1729290 389
1729300 389
1729310 390
1729320 390
1729330 390
1729340 389
1729350 388
1729360 387
1729370 387
1729380 385
1729390 383
1729400 381
1729410 379
1729420 378
1729430 376
1729440 375
1729450 374
1729460 373
1729470 373
1729480 373
1729490 375
1729500 378
1729510 383
1729520 387
1729530 390
1729540 394
1729550 396
1729560 398
1729570 399
1729580 400
1729590 399
1729600 396
1729610 391
1729620 386
1729630 384
1729640 383
1729650 384
1729660 385
1729670 386
1729680 389
1729690 391
1729700 393
1729710 392
1729720 393
1729730 393
1729740 394
1729750 395
1729760 396
1729770 397
1729780 397
1729790 398
1729800 399
1729810 401
1729820 402
1729830 401
1729840 401
1729850 401
1729860 403
1729870 405
1729880 407
1729890 406
1729900 406
1729910 406
1729920 408
1729930 410
1729940 413
1729950 415
1729960 417
1729970 418
1729980 420
1729990 422
1730000 424
1730010 427
1730020 430
1730030 433
1730040 436
1730050 438
1730060 441
1730070 445
1730080 448
1730090 451
1730100 454
1730110 457
1730120 460
1730130 463
1730140 465
1730150 468
1730160 471
1730170 473
1730180 476
1730190 478
1730200 480
1730210 482
1730220 484
1730230 485
1730240 487
1730250 489
1730260 491
1730270 492
1730280 493
1730290 494
1730300 495
1730310 496
1730320 497
1730330 497
1730340 497
1730350 496
1730360 496
1730370 495
1730380 495
1730390 494
1730400 493
1730410 492
1730420 491
1730430 490
1730440 489
1730450 488
1730460 487
1730470 486
1730480 484
1730490 483
1730500 481
1730510 479
1730520 478
1730530 476
1730540 474
1730550 472
1730560 470
1730570 468
1730580 465
1730590 462
1730600 460
1730610 457
1730620 455
1730630 452
1730640 449
1730650 446
1730660 444
1730670 441
1730680 439
1730690 437
1730700 434
1730710 432
1730720 429
1730730 426
1730740 423
1730750 420
1730760 417
1730770 413
1730780 410
1730790 407
1730800 405
1730810 402
1730820 399
1730830 396
1730840 394
1730850 391
1730860 388
1730870 384
1730880 379
1730890 374
1730900 368
1730910 363
1730920 359
1730930 356
1730940 353
1730950 351
1730960 348
1730970 345
1730980 343
1730990 344
1731000 346
1731010 350
1731020 354
1731030 358
1731040 362
1731050 365
1731060 369
1731070 372
1731080 375
1731090 377
1731100 380
1731110 381
1731120 382
1731130 382
1731140 381
1731150 380
1731160 378
1731170 376
1731180 373
1731190 370
1731200 368
1731210 364
1731220 361
1731230 358
1731240 355
1731250 351
1731260 347
1731270 344
1731280 342
1731290 339
1731300 337
1731310 334
1731320 331
1731330 329
1731340 327
1731350 325
1731360 322
1731370 320
1731380 318
1731390 316
1731400 314
1731410 311
1731420 307
1731430 304
1731440 302
1731450 302
1731460 302
1731470 302
1731480 302
1731490 302
1731500 302
1731510 302
1731520 302
1731530 303
1731540 303
1731550 303
1731560 303
1731570 303
1731580 304
1731590 304
1731600 304
1731610 304
1731620 304
1731630 304
1731640 304
1731650 304
1731660 304
1731670 304
1731680 304
1731690 304
1731700 304
1731710 304
1731720 304
1731730 304
1731740 304
1731750 304
1731760 304
1731770 304
1731780 303
1731790 303
1731800 303
1731810 303
1731820 303
1731830 303
1731840 303
1731850 303
1731860 303
1731870 303
1731880 303
1731890 303
1731900 303
1731910 303
1731920 303
1731930 303
1731940 303
1731950 303
1731960 304
1731970 304
1731980 305
1731990 306
1732000 307
1732010 307
1732020 307
1732030 308
1732040 308
1732050 308
1732060 309
1732070 310
1732080 311
1732090 312
1732100 313
1732110 314
1732120 315
1732130 316
1732140 315
1732150 314
1732160 313
1732170 314
1732180 315
1732190 317
1732200 320
1732210 322
1732220 322
1732230 322
1732240 322
1732250 323
1732260 323
1732270 323
1732280 322
1732290 322
1732300 321
1732310 320
1732320 321
1732330 322
1732340 323
1732350 323
1732360 323
1732370 323
1732380 323
1732390 323
1732400 323
1732410 322
1732420 322
1732430 322
1732440 322
1732450 321
1732460 320
1732470 318
1732480 316
1732490 315
1732500 313
1732510 312
1732520 311
1732530 309
1732540 308
1732550 304
1732560 302
1732570 302
1732580 301
1732590 300
1732600 299
1732610 298
1732620 299
1732630 299
1732640 299
1732650 298
1732660 298
1732670 298
1732680 298
1732690 298
1732700 299
1732710 300
1732720 301
1732730 302
1732740 303
1732750 303
1732760 304
1732770 306
1732780 308
1732790 313
1732800 318
1732810 322
1732820 326
1732830 330
1732840 334
1732850 338
1732860 342
1732870 345
1732880 349
1732890 352
1732900 355
1732910 358
1732920 361
1732930 364
1732940 366
1732950 369
1732960 370
1732970 372
1732980 373
1732990 374
1733000 375
1733010 375
1733020 375
1733030 376
1733040 375
1733050 375
1733060 375
1733070 374
1733080 373
1733090 373
1733100 372
1733110 371
1733120 370
1733130 369
1733140 368
1733150 367
1733160 366
1733170 365
1733180 364
1733190 364
1733200 363
1733210 361
1733220 360
1733230 359
1733240 358
1733250 357
1733260 356
1733270 355
1733280 354
1733290 353
1733300 352
1733310 351
1733320 350
1733330 348
1733340 347
1733350 346
1733360 346
1733370 345
1733380 343
1733390 342
1733400 341
1733410 340
1733420 339
1733430 338
1733440 337
1733450 337
1733460 336
1733470 335
1733480 334
1733490 333
1733500 333
1733510 332
1733520 332
1733530 331
1733540 331
1733550 330
1733560 329
1733570 329
1733580 328
1733590 327
1733600 326
1733610 326
1733620 325
1733630 324
1733640 323
1733650 323
1733660 322
1733670 321
1733680 320
1733690 319
1733700 318
1733710 317
1733720 316
1733730 313
1733740 311
1733750 308
1733760 304
1733770 301
1733780 298
1733790 297
1733800 296
1733810 296
1733820 296
1733830 296
1733840 296
1733850 295
1733860 295
1733870 294
1733880 293
1733890 293
1733900 293
1733910 293
1733920 293
1733930 293
1733940 293
1733950 293
1733960 294
1733970 295
1733980 296
1733990 298
1734000 300
1734010 302
1734020 305
1734030 306
1734040 308
1734050 309
1734060 310
1734070 311
1734080 312
1734090 313
1734100 313
1734110 314
1734120 315
1734130 317
1734140 318
1734150 319
1734160 320
1734170 321
1734180 321
1734190 321
1734200 321
1734210 322
1734220 322
1734230 322
1734240 322
1734250 322
1734260 322
1734270 322
1734280 322
1734290 322
1734300 322
1734310 322
1734320 322
1734330 322
1734340 322
1734350 322
1734360 323
1734370 323
1734380 323
1734390 323
1734400 323
1734410 323
1734420 323
1734430 323
1734440 323
1734450 322
1734460 322
1734470 322
1734480 322
1734490 321
1734500 321
1734510 321
1734520 321
1734530 320
1734540 320
1734550 320
1734560 319
1734570 319
1734580 318
1734590 318
1734600 317
1734610 317
1734620 317
1734630 316
1734640 315
1734650 315
1734660 315
1734670 315
1734680 315
1734690 315
1734700 315
1734710 315
1734720 315
1734730 315
1734740 315
1734750 315
1734760 315
1734770 315
1734780 315
1734790 315
1734800 315
1734810 315
1734820 315
1734830 315
1734840 315
1734850 315
1734860 316
1734870 316
1734880 317
1734890 317
1734900 317
1734910 316
1734920 316
1734930 315
1734940 314
1734950 313
1734960 312
1734970 311
1734980 310
1734990 309
1735000 308
1735010 307
1735020 306
1735030 304
1735040 303
1735050 301
1735060 299
1735070 298
1735080 296
1735090 294
1735100 293
1735110 292
1735120 291
1735130 290
1735140 289
1735150 289
1735160 288
1735170 288
1735180 288
1735190 288
1735200 287
1735210 287
1735220 287
1735230 287
1735240 288
1735250 288
1735260 288
1735270 288
1735280 288
1735290 289
1735300 289
1735310 289
1735320 289
1735330 288
1735340 288
1735350 288
1735360 287
1735370 287
1735380 287
1735390 287
1735400 287
1735410 287
1735420 287
1735430 287
1735440 287
1735450 287
1735460 287
1735470 287
1735480 287
1735490 287
1735500 287
1735510 287
1735520 287
1735530 287
1735540 286
1735550 286
1735560 286
1735570 286
1735580 286
1735590 286
1735600 286
1735610 287
1735620 289
1735630 296
1735640 303
1735650 309
1735660 314
1735670 319
1735680 324
1735690 329
1735700 334
1735710 339
1735720 346
1735730 352
1735740 358
1735750 362
1735760 366
1735770 370
1735780 373
1735790 375
1735800 377
1735810 378
1735820 377
1735830 376
1735840 374
1735850 373
1735860 371
1735870 369
1735880 368
1735890 367
1735900 367
1735910 367
1735920 368
1735930 367
1735940 365
1735950 363
1735960 361
1735970 359
1735980 358
1735990 357
1736000 356
1736010 355
1736020 354
1736030 353
1736040 351
1736050 349
1736060 347
1736070 345
1736080 343
1736090 343
1736100 343
1736110 342
1736120 341
1736130 340
1736140 338
1736150 336
1736160 333
1736170 330
1736180 327
1736190 324
1736200 323
1736210 322
1736220 321
1736230 319
1736240 316
1736250 314
1736260 312
1736270 310
1736280 309
1736290 308
1736300 307
1736310 306
1736320 305
1736330 304
1736340 300
1736350 298
1736360 298
1736370 301
1736380 303
1736390 304
1736400 304
1736410 305
1736420 307
1736430 312
1736440 317
1736450 322
1736460 327
1736470 333
1736480 341
1736490 349
1736500 354
1736510 356
1736520 353
1736530 349
1736540 347
1736550 349
1736560 351
1736570 354
1736580 360
1736590 368
1736600 377
1736610 384
1736620 388
1736630 389
1736640 392
1736650 395
1736660 397
1736670 397
1736680 397
1736690 395
1736700 393
1736710 390
1736720 389
1736730 387
1736740 385
1736750 383
1736760 382
1736770 381
1736780 379
1736790 378
1736800 376
1736810 373
1736820 370
1736830 367
1736840 363
1736850 360
1736860 357
1736870 354
1736880 350
1736890 347
1736900 345
1736910 343
1736920 342
1736930 339
1736940 334
1736950 330
1736960 326
1736970 322
1736980 318
1736990 315
1737000 311
1737010 308
1737020 306
1737030 303
1737040 298
1737050 293
1737060 289
1737070 286
1737080 283
1737090 281
1737100 279
1737110 278
1737120 277
1737130 277
1737140 277
1737150 277
1737160 277
1737170 277
1737180 277
1737190 277
1737200 277
1737210 277
1737220 277
1737230 277
1737240 277
1737250 277
1737260 277
1737270 277
1737280 277
1737290 277
1737300 277
1737310 277
1737320 277
1737330 277
1737340 277
1737350 277
1737360 277
1737370 277
1737380 277
1737390 277
1737400 277
1737410 277
1737420 277
1737430 278
1737440 279
1737450 281
1737460 284
1737470 289
1737480 294
1737490 301
1737500 306
1737510 310
1737520 314
1737530 318
1737540 323
1737550 327
1737560 330
1737570 334
1737580 336
1737590 337
1737600 337
1737610 333
1737620 328
1737630 323
1737640 319
1737650 314
1737660 309
1737670 310
1737680 312
1737690 316
1737700 321
1737710 326
1737720 330
1737730 334
1737740 337
1737750 340
1737760 343
1737770 346
1737780 350
1737790 353
1737800 356
1737810 358
1737820 360
1737830 361
1737840 363
1737850 364
1737860 365
1737870 366
1737880 367
1737890 369
1737900 370
1737910 371
1737920 372
1737930 373
1737940 374
1737950 374
1737960 375
1737970 375
1737980 375
1737990 376
1738000 377
1738010 378
1738020 378
1738030 379
1738040 380
1738050 381
1738060 382
1738070 383
1738080 383
1738090 384
1738100 385
1738110 386
1738120 386
1738130 387
1738140 387
1738150 388
1738160 388
1738170 389
1738180 389
1738190 389
1738200 390
1738210 390
1738220 390
1738230 390
1738240 391
1738250 391
1738260 391
1738270 391
1738280 391
1738290 391
1738300 392
1738310 392
1738320 392
1738330 392
1738340 392
1738350 391
1738360 391
1738370 391
1738380 391
1738390 391
1738400 391
1738410 392
1738420 392
1738430 392
1738440 392
1738450 392
1738460 392
1738470 392
1738480 393
1738490 393
1738500 393
1738510 393
1738520 393
1738530 394
1738540 394
1738550 394
1738560 394
1738570 394
1738580 394
1738590 393
1738600 393
1738610 393
1738620 393
1738630 393
1738640 393
1738650 393
1738660 393
1738670 393
1738680 393
1738690 393
1738700 393
1738710 394
1738720 394
1738730 394
1738740 394
1738750 394
1738760 394
1738770 394
1738780 394
1738790 394
1738800 394
1738810 394
1738820 394
1738830 394
1738840 395
1738850 395
1738860 395
1738870 396
1738880 396
1738890 396
1738900 396
1738910 396
1738920 396
1738930 396
1738940 396
1738950 396
1738960 395
1738970 395
1738980 395
1738990 395
1739000 394
1739010 394
1739020 394
1739030 394
1739040 394
1739050 393
1739060 393
1739070 392
1739080 392
1739090 392
1739100 391
1739110 391
1739120 391
1739130 391
1739140 390
1739150 390
1739160 389
1739170 389
1739180 389
1739190 389
1739200 388
1739210 388
1739220 388
1739230 388
1739240 388
1739250 387
1739260 387
1739270 387
1739280 387
1739290 387
1739300 387
1739310 386
1739320 386
1739330 386
1739340 386
1739350 386
1739360 386
1739370 386
1739380 386
1739390 386
1739400 387
1739410 387
1739420 388
1739430 388
1739440 388
1739450 388
1739460 388
1739470 388
1739480 389
1739490 389
1739500 389
1739510 389
1739520 389
1739530 389
1739540 389
1739550 389
1739560 388
1739570 388
1739580 388
1739590 388
1739600 388
1739610 388
1739620 388
1739630 388
1739640 387
1739650 387
1739660 387
1739670 387
1739680 387
1739690 386
1739700 386
1739710 386
1739720 386
1739730 385
1739740 385
1739750 385
1739760 384
1739770 384
1739780 384
1739790 384
1739800 384
1739810 383
1739820 383
1739830 383
1739840 383
1739850 383
1739860 383
1739870 382
1739880 382
1739890 382
1739900 382
1739910 381
1739920 380
1739930 380
1739940 379
1739950 379
1739960 378
1739970 377
1739980 377
1739990 376
