1720000 483
1720010 483
1720020 483
1720030 483
1720040 483
1720050 483
1720060 483
1720070 483
1720080 483
1720090 483
1720100 483
1720110 483
1720120 483
1720130 483
1720140 483
1720150 483
1720160 483
1720170 483
1720180 483
1720190 482
1720200 482
1720210 482
1720220 482
1720230 482
1720240 482
1720250 482
1720260 482
1720270 482
1720280 482
1720290 482
1720300 482
1720310 481
1720320 481
1720330 481
1720340 481
1720350 481
1720360 481
1720370 480
1720380 480
1720390 480
1720400 480
1720410 480
1720420 479
1720430 479
1720440 479
1720450 479
1720460 479
1720470 479
1720480 479
1720490 479
1720500 479
1720510 479
1720520 479
1720530 478
1720540 478
1720550 478
1720560 478
1720570 478
1720580 478
1720590 478
1720600 478
1720610 478
1720620 478
1720630 478
1720640 478
1720650 478
1720660 478
1720670 478
1720680 478
1720690 478
1720700 478
1720710 478
1720720 478
1720730 478
1720740 478
1720750 478
1720760 478
1720770 478
1720780 478
1720790 478
1720800 478
1720810 478
1720820 478
1720830 477
1720840 477
1720850 477
1720860 477
1720870 477
1720880 477
1720890 477
1720900 477
1720910 477
1720920 477
1720930 477
1720940 477
1720950 477
1720960 477
1720970 477
1720980 476
1720990 476
1721000 476
1721010 476
1721020 476
1721030 476
1721040 476
1721050 476
1721060 476
1721070 476
1721080 476
1721090 476
1721100 476
1721110 476
1721120 476
1721130 476
1721140 476
1721150 476
1721160 476
1721170 476
1721180 476
1721190 475
1721200 475
1721210 475
1721220 475
1721230 475
1721240 475
1721250 475
1721260 475
1721270 475
1721280 475
1721290 474
1721300 474
1721310 474
1721320 474
1721330 474
1721340 474
1721350 474
1721360 474
1721370 474
1721380 473
1721390 473
1721400 473
1721410 473
1721420 473
1721430 473
1721440 473
1721450 473
1721460 473
1721470 473
1721480 472
1721490 472
1721500 472
1721510 472
1721520 472
1721530 472
1721540 472
1721550 472
1721560 471
1721570 471
1721580 471
1721590 471
1721600 471
1721610 471
1721620 470
1721630 470
1721640 470
1721650 470
1721660 470
1721670 470
1721680 470
1721690 469
1721700 469
1721710 469
1721720 469
1721730 469
1721740 469
1721750 469
1721760 468
1721770 468
1721780 468
1721790 468
1721800 468
1721810 467
1721820 467
1721830 467
1721840 467
1721850 466
1721860 466
1721870 466
1721880 466
1721890 465
1721900 465
1721910 465
1721920 465
1721930 464
1721940 464
1721950 464
1721960 464
1721970 463
1721980 463
1721990 463
1722000 462
1722010 462
1722020 462
1722030 462
1722040 462
1722050 461
1722060 461
1722070 461
1722080 461
1722090 461
1722100 460
1722110 460
1722120 460
1722130 460
1722140 459
1722150 459
1722160 459
1722170 458
1722180 458
1722190 458
1722200 458
1722210 457
1722220 457
1722230 457
1722240 456
1722250 456
1722260 456
1722270 456
1722280 455
1722290 455
1722300 455
1722310 455
1722320 454
1722330 454
1722340 454
1722350 454
1722360 453
1722370 453
1722380 453
1722390 453
1722400 453
1722410 452
1722420 452
1722430 452
1722440 452
1722450 452
1722460 451
1722470 451
1722480 451
1722490 451
1722500 451
1722510 450
1722520 450
1722530 450
1722540 450
1722550 450
1722560 450
1722570 450
1722580 449
1722590 449
1722600 449
1722610 449
1722620 449
1722630 449
1722640 449
1722650 449
1722660 448
1722670 448
1722680 448
1722690 448
1722700 448
1722710 448
1722720 448
1722730 448
1722740 448
1722750 448
1722760 447
1722770 447
1722780 447
1722790 447
1722800 447
1722810 447
1722820 447
1722830 447
1722840 447
1722850 447
1722860 446
1722870 446
1722880 446
1722890 446
1722900 446
1722910 446
1722920 446
1722930 446
1722940 446
1722950 446
1722960 446
1722970 446
1722980 446
1722990 446
1723000 446
1723010 446
1723020 446
1723030 446
1723040 445
1723050 445
1723060 445
1723070 445
1723080 445
1723090 445
1723100 445
1723110 445
1723120 445
1723130 445
1723140 445
1723150 445
1723160 445
1723170 445
1723180 445
1723190 445
1723200 445
1723210 444
1723220 444
1723230 444
1723240 444
1723250 444
1723260 444
1723270 444
1723280 444
1723290 444
1723300 444
1723310 444
1723320 444
1723330 444
1723340 444
1723350 444
1723360 445
1723370 445
1723380 445
1723390 445
1723400 445
1723410 445
1723420 445
1723430 445
1723440 445
1723450 445
1723460 445
1723470 445
1723480 445
1723490 445
1723500 445
1723510 445
1723520 445
1723530 445
1723540 445
1723550 445
1723560 445
1723570 445
1723580 445
1723590 445
1723600 445
1723610 445
1723620 444
1723630 444
1723640 444
1723650 444
1723660 443
1723670 443
1723680 442
1723690 441
1723700 440
1723710 439
1723720 438
1723730 438
1723740 437
1723750 436
1723760 435
1723770 435
1723780 435
1723790 435
1723800 435
1723810 435
1723820 435
1723830 434
1723840 434
1723850 434
1723860 434
1723870 433
1723880 433
1723890 433
1723900 433
1723910 432
1723920 432
1723930 431
1723940 431
1723950 429
1723960 428
1723970 430
1723980 430
1723990 429
1724000 427
1724010 425
1724020 423
1724030 423
1724040 423
1724050 422
1724060 422
1724070 422
1724080 422
1724090 422
1724100 421
1724110 421
1724120 421
1724130 421
1724140 421
1724150 421
1724160 422
1724170 424
1724180 432
1724190 439
1724200 445
1724210 448
1724220 451
1724230 453
1724240 455
1724250 457
1724260 458
1724270 459
1724280 460
1724290 460
1724300 461
1724310 461
1724320 462
1724330 462
1724340 463
1724350 463
1724360 464
1724370 464
1724380 465
1724390 465
1724400 466
1724410 466
1724420 467
1724430 468
1724440 469
1724450 469
1724460 470
1724470 471
1724480 472
1724490 473
1724500 473
1724510 474
1724520 474
1724530 475
1724540 475
1724550 476
1724560 476
1724570 476
1724580 476
1724590 477
1724600 477
1724610 477
1724620 478
1724630 478
1724640 478
1724650 479
1724660 479
1724670 480
1724680 480
1724690 481
1724700 481
1724710 482
1724720 482
1724730 483
1724740 483
1724750 484
1724760 484
1724770 484
1724780 485
1724790 485
1724800 486
1724810 486
1724820 486
1724830 486
1724840 487
1724850 487
1724860 487
1724870 488
1724880 488
1724890 488
1724900 489
1724910 489
1724920 489
1724930 489
1724940 489
1724950 490
1724960 490
1724970 490
1724980 490
1724990 490
1725000 491
1725010 491
1725020 491
1725030 491
1725040 491
1725050 491
1725060 492
1725070 492
1725080 492
1725090 492
1725100 492
1725110 492
1725120 492
1725130 492
1725140 492
1725150 492
1725160 493
1725170 493
1725180 493
1725190 493
1725200 493
1725210 493
1725220 493
1725230 493
1725240 493
1725250 493
1725260 494
1725270 494
1725280 494
1725290 494
1725300 494
1725310 494
1725320 494
1725330 494
1725340 494
1725350 494
1725360 494
1725370 494
1725380 493
1725390 493
1725400 493
1725410 493
1725420 493
1725430 493
1725440 493
1725450 492
1725460 492
1725470 492
1725480 492
1725490 492
1725500 491
1725510 491
1725520 491
1725530 491
1725540 491
1725550 491
1725560 491
1725570 490
1725580 490
1725590 490
1725600 489
1725610 489
1725620 489
1725630 488
1725640 488
1725650 488
1725660 489
1725670 489
1725680 489
1725690 489
1725700 490
1725710 490
1725720 490
1725730 490
1725740 490
1725750 491
1725760 491
1725770 491
1725780 491
1725790 492
1725800 492
1725810 493
1725820 494
1725830 494
1725840 495
1725850 496
1725860 497
1725870 498
1725880 499
1725890 500
1725900 500
1725910 501
1725920 502
1725930 503
1725940 504
1725950 504
1725960 505
1725970 505
1725980 505
1725990 505
1726000 505
1726010 506
1726020 506
1726030 506
1726040 506
1726050 506
1726060 507
1726070 507
1726080 507
1726090 507
1726100 507
1726110 508
1726120 508
1726130 508
1726140 508
1726150 508
1726160 508
1726170 507
1726180 507
1726190 505
1726200 501
1726210 497
1726220 495
1726230 493
1726240 491
1726250 491
1726260 491
1726270 491
1726280 491
1726290 492
1726300 492
1726310 493
1726320 493
1726330 494
1726340 494
1726350 494
1726360 494
1726370 495
1726380 495
1726390 495
1726400 495
1726410 496
1726420 496
1726430 497
1726440 497
1726450 498
1726460 499
1726470 500
1726480 501
1726490 502
1726500 503
1726510 503
1726520 504
1726530 505
1726540 505
1726550 506
1726560 507
1726570 508
1726580 509
1726590 510
1726600 510
1726610 511
1726620 511
1726630 510
1726640 507
1726650 504
1726660 500
1726670 496
1726680 492
1726690 489
1726700 485
1726710 481
1726720 477
1726730 474
1726740 471
1726750 468
1726760 466
1726770 464
1726780 461
1726790 459
1726800 457
1726810 455
1726820 453
1726830 451
1726840 450
1726850 448
1726860 447
1726870 445
1726880 444
1726890 442
1726900 440
1726910 437
1726920 435
1726930 432
1726940 429
1726950 426
1726960 423
1726970 420
1726980 418
1726990 416
1727000 414
1727010 412
1727020 410
1727030 408
1727040 406
1727050 404
1727060 402
1727070 400
1727080 397
1727090 394
1727100 392
1727110 391
1727120 390
1727130 391
1727140 392
1727150 393
1727160 394
1727170 395
1727180 395
1727190 396
1727200 395
1727210 393
1727220 391
1727230 389
1727240 388
1727250 388
1727260 387
1727270 386
1727280 386
1727290 385
1727300 385
1727310 385
1727320 385
1727330 386
1727340 387
1727350 388
1727360 388
1727370 389
1727380 389
1727390 390
1727400 392
1727410 394
1727420 396
1727430 399
1727440 402
1727450 404
1727460 405
1727470 406
1727480 406
1727490 406
1727500 407
1727510 407
1727520 408
1727530 409
1727540 410
1727550 411
1727560 411
1727570 412
1727580 412
1727590 413
1727600 413
1727610 413
1727620 413
1727630 414
1727640 415
1727650 416
1727660 417
1727670 418
1727680 418
1727690 419
1727700 421
1727710 422
1727720 423
1727730 425
1727740 426
1727750 428
1727760 430
1727770 432
1727780 433
1727790 434
1727800 434
1727810 435
1727820 436
1727830 437
1727840 438
1727850 439
1727860 440
1727870 441
1727880 442
1727890 442
1727900 438
1727910 434
1727920 431
1727930 428
1727940 426
1727950 424
1727960 423
1727970 421
1727980 420
1727990 421
1728000 422
1728010 423
1728020 424
1728030 425
1728040 427
1728050 428
1728060 430
1728070 432
1728080 434
1728090 436
1728100 437
1728110 439
1728120 441
1728130 442
1728140 444
1728150 446
1728160 449
1728170 452
1728180 455
1728190 457
1728200 459
1728210 461
1728220 464
1728230 467
1728240 470
1728250 473
1728260 476
1728270 479
1728280 482
1728290 486
1728300 490
1728310 493
1728320 497
1728330 501
1728340 505
1728350 509
1728360 513
1728370 517
1728380 521
1728390 524
1728400 528
1728410 531
1728420 535
1728430 538
1728440 541
1728450 544
1728460 546
1728470 549
1728480 550
1728490 552
1728500 553
1728510 554
1728520 555
1728530 556
1728540 558
1728550 559
1728560 561
1728570 562
1728580 563
1728590 565
1728600 566
1728610 567
1728620 567
1728630 568
1728640 569
1728650 569
1728660 569
1728670 568
1728680 568
1728690 567
1728700 567
1728710 566
1728720 566
1728730 566
1728740 566
1728750 566
1728760 565
1728770 564
1728780 563
1728790 562
1728800 560
1728810 558
1728820 556
1728830 555
1728840 553
1728850 550
1728860 548
1728870 545
1728880 542
1728890 539
1728900 536
1728910 532
1728920 529
1728930 527
1728940 524
1728950 522
1728960 520
1728970 517
1728980 515
1728990 512
1729000 509
1729010 505
1729020 503
1729030 500
1729040 498
1729050 496
1729060 494
1729070 492
1729080 490
1729090 488
1729100 486
1729110 483
1729120 481
1729130 478
1729140 475
1729150 472
1729160 470
1729170 467
1729180 465
1729190 462
1729200 460
1729210 458
1729220 457
1729230 455
1729240 453
1729250 451
1729260 447
1729270 444
1729280 441
1729290 439
1729300 437
1729310 435
1729320 433
1729330 431
1729340 429
1729350 427
1729360 425
1729370 424
1729380 422
1729390 420
1729400 418
1729410 415
1729420 413
1729430 410
1729440 407
1729450 404
1729460 400
1729470 397
1729480 395
1729490 392
1729500 389
1729510 387
1729520 385
1729530 383
1729540 381
1729550 379
1729560 378
1729570 376
1729580 374
1729590 373
1729600 371
1729610 370
1729620 369
1729630 368
1729640 368
1729650 368
1729660 368
1729670 368
1729680 368
1729690 368
1729700 368
1729710 368
1729720 366
1729730 364
1729740 361
1729750 358
1729760 355
1729770 354
1729780 353
1729790 353
1729800 352
1729810 352
1729820 351
1729830 346
1729840 337
1729850 324
1729860 315
1729870 309
1729880 308
1729890 308
1729900 308
1729910 309
1729920 310
1729930 310
1729940 311
1729950 311
1729960 311
1729970 311
1729980 311
1729990 311
1730000 311
1730010 311
1730020 312
1730030 312
1730040 312
1730050 312
1730060 313
1730070 313
1730080 313
1730090 313
1730100 313
1730110 314
1730120 314
1730130 314
1730140 314
1730150 314
1730160 314
1730170 314
1730180 314
1730190 314
1730200 314
1730210 314
1730220 314
1730230 314
1730240 314
1730250 313
1730260 313
1730270 313
1730280 313
1730290 312
1730300 312
1730310 311
1730320 311
1730330 310
1730340 310
1730350 309
1730360 309
1730370 309
1730380 309
1730390 308
1730400 308
1730410 308
1730420 308
1730430 307
1730440 307
1730450 307
1730460 306
1730470 306
1730480 306
1730490 305
1730500 305
1730510 305
1730520 306
1730530 306
1730540 309
1730550 312
1730560 316
1730570 321
1730580 326
1730590 329
1730600 332
1730610 335
1730620 337
1730630 340
1730640 343
1730650 346
1730660 350
1730670 354
1730680 358
1730690 363
1730700 367
1730710 370
1730720 373
1730730 375
1730740 376
1730750 377
1730760 376
1730770 375
1730780 373
1730790 372
1730800 371
1730810 370
1730820 369
1730830 367
1730840 366
1730850 364
1730860 363
1730870 361
1730880 359
1730890 356
1730900 353
1730910 350
1730920 354
1730930 359
1730940 366
1730950 370
1730960 374
1730970 377
1730980 382
1730990 388
1731000 393
1731010 398
1731020 402
1731030 405
1731040 409
1731050 412
1731060 415
1731070 418
1731080 422
1731090 425
1731100 429
1731110 432
1731120 434
1731130 436
1731140 438
1731150 440
1731160 442
1731170 443
1731180 444
1731190 445
1731200 446
1731210 446
1731220 447
1731230 448
1731240 448
1731250 448
1731260 449
1731270 449
1731280 449
1731290 449
1731300 449
1731310 449
1731320 449
1731330 449
1731340 449
1731350 449
1731360 449
1731370 449
1731380 449
1731390 449
1731400 449
1731410 449
1731420 449
1731430 449
1731440 449
1731450 449
1731460 449
1731470 449
1731480 449
1731490 449
1731500 449
1731510 450
1731520 451
1731530 451
1731540 452
1731550 452
1731560 453
1731570 453
1731580 453
1731590 453
1731600 453
1731610 453
1731620 453
1731630 453
1731640 453
1731650 454
1731660 455
1731670 457
1731680 459
1731690 461
1731700 462
1731710 462
1731720 462
1731730 463
1731740 463
1731750 463
1731760 463
1731770 462
1731780 461
1731790 460
1731800 460
1731810 461
1731820 462
1731830 463
1731840 464
1731850 465
1731860 465
1731870 466
1731880 466
1731890 467
1731900 469
1731910 470
1731920 471
1731930 472
1731940 472
1731950 472
1731960 472
1731970 473
1731980 473
1731990 473
1732000 473
1732010 473
1732020 473
1732030 473
1732040 473
1732050 473
1732060 473
1732070 473
1732080 473
1732090 472
1732100 472
1732110 472
1732120 472
1732130 472
1732140 472
1732150 472
1732160 472
1732170 472
1732180 472
1732190 472
1732200 472
1732210 472
1732220 472
1732230 472
1732240 472
1732250 471
1732260 471
1732270 471
1732280 471
1732290 470
1732300 470
1732310 470
1732320 470
1732330 469
1732340 469
1732350 469
1732360 469
1732370 468
1732380 468
1732390 467
1732400 466
1732410 466
1732420 465
1732430 464
1732440 463
1732450 462
1732460 461
1732470 461
1732480 460
1732490 460
1732500 460
1732510 460
1732520 461
1732530 461
1732540 461
1732550 462
1732560 462
1732570 463
1732580 463
1732590 464
1732600 465
1732610 465
1732620 466
1732630 467
1732640 467
1732650 468
1732660 468
1732670 469
1732680 469
1732690 469
1732700 469
1732710 469
1732720 470
1732730 470
1732740 470
1732750 470
1732760 470
1732770 470
1732780 470
1732790 470
1732800 470
1732810 470
1732820 470
1732830 470
1732840 470
1732850 470
1732860 470
1732870 469
1732880 469
1732890 469
1732900 469
1732910 469
1732920 469
1732930 469
1732940 469
1732950 469
1732960 469
1732970 469
1732980 469
1732990 468
1733000 468
1733010 468
1733020 469
1733030 469
1733040 469
1733050 469
1733060 469
1733070 469
1733080 469
1733090 469
1733100 469
1733110 469
1733120 469
1733130 469
1733140 469
1733150 469
1733160 469
1733170 469
1733180 469
1733190 469
1733200 469
1733210 469
1733220 469
1733230 469
1733240 469
1733250 469
1733260 469
1733270 469
1733280 469
1733290 469
1733300 469
1733310 469
1733320 469
1733330 469
1733340 469
1733350 469
1733360 469
1733370 469
1733380 469
1733390 470
1733400 470
1733410 470
1733420 470
1733430 470
1733440 470
1733450 469
1733460 469
1733470 469
1733480 468
1733490 468
1733500 467
1733510 467
1733520 467
1733530 466
1733540 466
1733550 465
1733560 465
1733570 464
1733580 464
1733590 463
1733600 463
1733610 463
1733620 462
1733630 462
1733640 461
1733650 461
1733660 461
1733670 460
1733680 460
1733690 460
1733700 459
1733710 459
1733720 459
1733730 459
1733740 459
1733750 459
1733760 459
1733770 459
1733780 459
1733790 459
1733800 459
1733810 459
1733820 459
1733830 459
1733840 459
1733850 459
1733860 458
1733870 458
1733880 458
1733890 458
1733900 458
1733910 458
1733920 458
1733930 457
1733940 457
1733950 457
1733960 457
1733970 457
1733980 457
1733990 457
1734000 457
1734010 457
1734020 456
1734030 456
1734040 456
1734050 456
1734060 456
1734070 456
1734080 456
1734090 456
1734100 456
1734110 456
1734120 456
1734130 456
1734140 456
1734150 455
1734160 455
1734170 455
1734180 455
1734190 455
1734200 455
1734210 455
1734220 455
1734230 455
1734240 455
1734250 455
1734260 455
1734270 455
1734280 455
1734290 455
1734300 455
1734310 455
1734320 455
1734330 454
1734340 454
1734350 454
1734360 454
1734370 453
1734380 453
1734390 453
1734400 453
1734410 453
1734420 452
1734430 452
1734440 452
1734450 452
1734460 452
1734470 452
1734480 451
1734490 451
1734500 451
1734510 451
1734520 451
1734530 450
1734540 450
1734550 450
1734560 450
1734570 450
1734580 449
1734590 449
1734600 449
1734610 449
1734620 449
1734630 448
1734640 448
1734650 448
1734660 448
1734670 447
1734680 447
1734690 446
1734700 446
1734710 446
1734720 446
1734730 445
1734740 445
1734750 445
1734760 444
1734770 444
1734780 444
1734790 443
1734800 443
1734810 443
1734820 443
1734830 442
1734840 442
1734850 442
1734860 442
1734870 441
1734880 441
1734890 441
1734900 441
1734910 440
1734920 440
1734930 440
1734940 440
1734950 440
1734960 440
1734970 439
1734980 439
1734990 439
1735000 439
1735010 439
1735020 439
1735030 439
1735040 439
1735050 438
1735060 438
1735070 438
1735080 438
1735090 438
1735100 438
1735110 437
1735120 437
1735130 437
1735140 436
1735150 436
1735160 436
1735170 435
1735180 435
1735190 435
1735200 434
1735210 434
1735220 434
1735230 433
1735240 433
1735250 432
1735260 432
1735270 432
1735280 432
1735290 431
1735300 431
1735310 431
1735320 431
1735330 430
1735340 430
1735350 429
1735360 429
1735370 428
1735380 428
1735390 427
1735400 427
1735410 426
1735420 426
1735430 425
1735440 423
1735450 423
1735460 422
1735470 421
1735480 421
1735490 421
1735500 420
1735510 420
1735520 420
1735530 419
1735540 419
1735550 419
1735560 419
1735570 419
1735580 419
1735590 418
1735600 419
1735610 419
1735620 419
1735630 419
1735640 419
1735650 419
1735660 419
1735670 419
1735680 419
1735690 419
1735700 419
1735710 418
1735720 418
1735730 418
1735740 417
1735750 417
1735760 416
1735770 416
1735780 416
1735790 415
1735800 415
1735810 415
1735820 414
1735830 414
1735840 413
1735850 413
1735860 413
1735870 412
1735880 412
1735890 412
1735900 411
1735910 411
1735920 411
1735930 411
1735940 411
1735950 411
1735960 411
1735970 410
1735980 410
1735990 410
1736000 409
1736010 409
1736020 409
1736030 408
1736040 408
1736050 407
1736060 407
1736070 406
1736080 406
1736090 405
1736100 405
1736110 405
1736120 404
1736130 404
1736140 403
1736150 402
1736160 402
1736170 401
1736180 401
1736190 401
1736200 400
1736210 400
1736220 399
1736230 399
1736240 398
1736250 398
1736260 397
1736270 397
1736280 396
1736290 395
1736300 395
1736310 395
1736320 394
1736330 393
1736340 393
1736350 392
1736360 392
1736370 391
1736380 391
1736390 390
1736400 389
1736410 389
1736420 388
1736430 388
1736440 387
1736450 386
1736460 386
1736470 385
1736480 385
1736490 385
1736500 384
1736510 384
1736520 383
1736530 383
1736540 382
1736550 382
1736560 381
1736570 381
1736580 380
1736590 380
1736600 380
1736610 379
1736620 379
1736630 379
1736640 378
1736650 377
1736660 376
1736670 376
1736680 375
1736690 374
1736700 373
1736710 372
1736720 370
1736730 368
1736740 366
1736750 363
1736760 360
1736770 358
1736780 355
1736790 352
1736800 349
1736810 347
1736820 345
1736830 343
1736840 341
1736850 340
1736860 338
1736870 336
1736880 333
1736890 330
1736900 326
1736910 322
1736920 318
1736930 314
1736940 310
1736950 306
1736960 302
1736970 298
1736980 295
1736990 292
1737000 289
1737010 286
1737020 283
1737030 281
1737040 279
1737050 277
1737060 275
1737070 275
1737080 274
1737090 274
1737100 274
1737110 274
1737120 273
1737130 273
1737140 273
1737150 273
1737160 273
1737170 273
1737180 273
1737190 273
1737200 272
1737210 272
1737220 271
1737230 271
1737240 271
1737250 271
1737260 271
1737270 271
1737280 271
1737290 271
1737300 271
1737310 272
1737320 273
1737330 275
1737340 279
1737350 284
1737360 288
1737370 290
1737380 293
1737390 297
1737400 304
1737410 311
1737420 317
1737430 321
1737440 324
1737450 328
1737460 331
1737470 335
1737480 337
1737490 339
1737500 341
1737510 343
1737520 344
1737530 345
1737540 345
1737550 346
1737560 346
1737570 347
1737580 347
1737590 348
1737600 348
1737610 348
1737620 348
1737630 347
1737640 347
1737650 347
1737660 346
1737670 346
1737680 345
1737690 345
1737700 344
1737710 343
1737720 342
1737730 342
1737740 341
1737750 339
1737760 338
1737770 337
1737780 335
1737790 333
1737800 330
1737810 327
1737820 324
1737830 321
1737840 317
1737850 314
1737860 311
1737870 308
1737880 304
1737890 301
1737900 299
1737910 297
1737920 295
1737930 293
1737940 292
1737950 291
1737960 289
1737970 288
1737980 286
1737990 285
1738000 284
1738010 282
1738020 279
1738030 275
1738040 272
1738050 270
1738060 268
1738070 267
1738080 266
1738090 266
1738100 266
1738110 267
1738120 267
1738130 267
1738140 266
1738150 266
1738160 266
1738170 266
1738180 266
1738190 265
1738200 265
1738210 265
1738220 265
1738230 268
1738240 272
1738250 278
1738260 284
1738270 288
1738280 293
1738290 298
1738300 303
1738310 307
1738320 311
1738330 314
1738340 317
1738350 319
1738360 320
1738370 321
1738380 321
1738390 321
1738400 320
1738410 320
1738420 320
1738430 320
1738440 319
1738450 319
1738460 318
1738470 318
1738480 317
1738490 317
1738500 316
1738510 315
1738520 315
1738530 314
1738540 314
1738550 313
1738560 313
1738570 312
1738580 312
1738590 311
1738600 310
1738610 310
1738620 310
1738630 310
1738640 309
1738650 309
1738660 310
1738670 310
1738680 310
1738690 310
1738700 311
1738710 311
1738720 311
1738730 312
1738740 312
1738750 312
1738760 312
1738770 312
1738780 312
1738790 312
1738800 312
1738810 312
1738820 312
1738830 311
1738840 311
1738850 311
1738860 310
1738870 310
1738880 309
1738890 309
1738900 309
1738910 308
1738920 308
1738930 308
1738940 307
1738950 307
1738960 307
1738970 307
1738980 307
1738990 306
1739000 306
1739010 306
1739020 306
1739030 307
1739040 307
1739050 307
1739060 308
1739070 308
1739080 309
1739090 309
1739100 310
1739110 310
1739120 311
1739130 312
1739140 312
1739150 313
1739160 314
1739170 314
1739180 315
1739190 315
1739200 316
1739210 317
1739220 317
1739230 317
1739240 318
1739250 318
1739260 318
1739270 318
1739280 319
1739290 319
1739300 319
1739310 320
1739320 320
1739330 321
1739340 321
1739350 321
1739360 320
1739370 320
1739380 319
1739390 319
1739400 318
1739410 318
1739420 317
1739430 317
1739440 316
1739450 316
1739460 315
1739470 314
1739480 314
1739490 313
1739500 312
1739510 312
1739520 311
1739530 310
1739540 309
1739550 309
1739560 308
1739570 307
1739580 305
1739590 304
1739600 302
1739610 300
1739620 298
1739630 296
1739640 295
1739650 293
1739660 291
1739670 289
1739680 287
1739690 285
1739700 286
1739710 285
1739720 285
1739730 285
1739740 285
1739750 285
1739760 285
1739770 285
1739780 284
1739790 285
1739800 285
1739810 285
1739820 284
1739830 282
1739840 280
1739850 278
1739860 276
1739870 276
1739880 276
1739890 277
1739900 277
1739910 277
1739920 277
1739930 278
1739940 278
1739950 278
1739960 278
1739970 277
1739980 277
1739990 276
