1720000 507
1720010 505
1720020 504
1720030 503
1720040 501
1720050 500
1720060 498
1720070 497
1720080 496
1720090 495
1720100 495
1720110 495
1720120 494
1720130 494
1720140 494
1720150 493
1720160 493
1720170 493
1720180 493
1720190 493
1720200 493
1720210 492
1720220 492
1720230 492
1720240 492
1720250 492
1720260 492
1720270 492
1720280 492
1720290 492
1720300 492
1720310 491
1720320 491
1720330 491
1720340 490
1720350 490
1720360 490
1720370 490
1720380 489
1720390 489
1720400 489
1720410 489
1720420 489
1720430 489
1720440 488
1720450 488
1720460 488
1720470 488
1720480 488
1720490 488
1720500 488
1720510 487
1720520 487
1720530 487
1720540 487
1720550 488
1720560 488
1720570 488
1720580 488
1720590 488
1720600 488
1720610 488
1720620 488
1720630 487
1720640 487
1720650 487
1720660 488
1720670 488
1720680 488
1720690 488
1720700 488
1720710 488
1720720 488
1720730 489
1720740 489
1720750 489
1720760 489
1720770 489
1720780 489
1720790 489
1720800 489
1720810 489
1720820 489
1720830 489
1720840 489
1720850 489
1720860 489
1720870 489
1720880 488
1720890 488
1720900 488
1720910 488
1720920 488
1720930 488
1720940 488
1720950 488
1720960 488
1720970 488
1720980 488
1720990 488
1721000 487
1721010 487
1721020 487
1721030 487
1721040 487
1721050 487
1721060 487
1721070 486
1721080 486
1721090 486
1721100 486
1721110 486
1721120 486
1721130 485
1721140 485
1721150 485
1721160 485
1721170 485
1721180 484
1721190 484
1721200 484
1721210 484
1721220 484
1721230 484
1721240 484
1721250 483
1721260 483
1721270 483
1721280 483
1721290 483
1721300 483
1721310 483
1721320 483
1721330 483
1721340 483
1721350 482
1721360 482
1721370 482
1721380 482
1721390 482
1721400 481
1721410 481
1721420 481
1721430 481
1721440 481
1721450 481
1721460 480
1721470 480
1721480 480
1721490 480
1721500 480
1721510 479
1721520 479
1721530 479
1721540 479
1721550 479
1721560 479
1721570 478
1721580 478
1721590 478
1721600 478
1721610 478
1721620 477
1721630 477
1721640 477
1721650 477
1721660 476
1721670 476
1721680 476
1721690 476
1721700 475
1721710 475
1721720 475
1721730 475
1721740 474
1721750 474
1721760 474
1721770 474
1721780 473
1721790 473
1721800 473
1721810 473
1721820 472
1721830 472
1721840 472
1721850 472
1721860 471
1721870 471
1721880 471
1721890 470
1721900 469
1721910 469
1721920 469
1721930 469
1721940 469
1721950 469
1721960 469
1721970 469
1721980 469
1721990 468
1722000 468
1722010 468
1722020 468
1722030 467
1722040 467
1722050 467
1722060 467
1722070 467
1722080 466
1722090 466
1722100 466
1722110 466
1722120 466
1722130 465
1722140 465
1722150 465
1722160 464
1722170 464
1722180 464
1722190 464
1722200 464
1722210 464
1722220 463
1722230 463
1722240 463
1722250 463
1722260 463
1722270 463
1722280 463
1722290 462
1722300 462
1722310 462
1722320 462
1722330 462
1722340 462
1722350 462
1722360 462
1722370 462
1722380 461
1722390 461
1722400 461
1722410 461
1722420 461
1722430 461
1722440 461
1722450 460
1722460 460
1722470 460
1722480 460
1722490 460
1722500 460
1722510 460
1722520 460
1722530 460
1722540 460
1722550 460
1722560 460
1722570 460
1722580 460
1722590 460
1722600 460
1722610 460
1722620 460
1722630 459
1722640 459
1722650 459
1722660 459
1722670 459
1722680 459
1722690 459
1722700 459
1722710 459
1722720 459
1722730 459
1722740 459
1722750 459
1722760 459
1722770 459
1722780 459
1722790 458
1722800 458
1722810 458
1722820 458
1722830 458
1722840 458
1722850 458
1722860 458
1722870 458
1722880 458
1722890 458
1722900 458
1722910 458
1722920 458
1722930 457
1722940 457
1722950 457
1722960 457
1722970 457
1722980 457
1722990 457
1723000 456
1723010 456
1723020 456
1723030 456
1723040 456
1723050 455
1723060 455
1723070 455
1723080 455
1723090 455
1723100 455
1723110 455
1723120 455
1723130 455
1723140 455
1723150 455
1723160 456
1723170 456
1723180 456
1723190 457
1723200 457
1723210 457
1723220 457
1723230 456
1723240 456
1723250 456
1723260 455
1723270 456
1723280 456
1723290 455
1723300 455
1723310 454
1723320 454
1723330 454
1723340 454
1723350 454
1723360 453
1723370 453
1723380 453
1723390 452
1723400 452
1723410 452
1723420 451
1723430 451
1723440 451
1723450 451
1723460 451
1723470 451
1723480 451
1723490 452
1723500 453
1723510 455
1723520 455
1723530 456
1723540 457
1723550 458
1723560 458
1723570 458
1723580 458
1723590 459
1723600 459
1723610 459
1723620 459
1723630 459
1723640 460
1723650 460
1723660 460
1723670 460
1723680 460
1723690 460
1723700 460
1723710 460
1723720 460
1723730 460
1723740 460
1723750 460
1723760 460
1723770 460
1723780 460
1723790 460
1723800 460
1723810 460
1723820 460
1723830 460
1723840 460
1723850 460
1723860 460
1723870 460
1723880 461
1723890 461
1723900 461
1723910 461
1723920 461
1723930 462
1723940 462
1723950 462
1723960 462
1723970 462
1723980 462
1723990 462
1724000 462
1724010 461
1724020 461
1724030 461
1724040 461
1724050 461
1724060 461
1724070 461
1724080 461
1724090 462
1724100 462
1724110 462
1724120 462
1724130 463
1724140 463
1724150 463
1724160 463
1724170 463
1724180 463
1724190 464
1724200 464
1724210 464
1724220 465
1724230 465
1724240 465
1724250 465
1724260 465
1724270 465
1724280 465
1724290 465
1724300 465
1724310 465
1724320 465
1724330 465
1724340 465
1724350 466
1724360 466
1724370 466
1724380 465
1724390 465
1724400 465
1724410 465
1724420 465
1724430 465
1724440 465
1724450 465
1724460 465
1724470 465
1724480 465
1724490 465
1724500 465
1724510 466
1724520 466
1724530 466
1724540 466
1724550 466
1724560 466
1724570 466
1724580 466
1724590 466
1724600 466
1724610 466
1724620 466
1724630 466
1724640 466
1724650 467
1724660 467
1724670 467
1724680 467
1724690 467
1724700 467
1724710 467
1724720 467
1724730 467
1724740 467
1724750 467
1724760 468
1724770 468
1724780 468
1724790 468
1724800 468
1724810 468
1724820 468
1724830 468
1724840 469
1724850 469
1724860 469
1724870 469
1724880 469
1724890 469
1724900 469
1724910 469
1724920 469
1724930 469
1724940 469
1724950 469
1724960 469
1724970 469
1724980 469
1724990 469
1725000 469
1725010 469
1725020 469
1725030 469
1725040 469
1725050 469
1725060 469
1725070 469
1725080 468
1725090 468
1725100 468
1725110 468
1725120 468
1725130 468
1725140 468
1725150 468
1725160 468
1725170 468
1725180 467
1725190 467
1725200 467
1725210 467
1725220 467
1725230 467
1725240 467
1725250 467
1725260 466
1725270 466
1725280 466
1725290 466
1725300 466
1725310 466
1725320 465
1725330 465
1725340 465
1725350 465
1725360 465
1725370 465
1725380 465
1725390 465
1725400 464
1725410 464
1725420 464
1725430 464
1725440 464
1725450 464
1725460 464
1725470 464
1725480 464
1725490 463
1725500 463
1725510 463
1725520 463
1725530 463
1725540 463
1725550 463
1725560 463
1725570 463
1725580 463
1725590 463
1725600 462
1725610 462
1725620 462
1725630 462
1725640 462
1725650 462
1725660 462
1725670 461
1725680 461
1725690 461
1725700 461
1725710 461
1725720 461
1725730 461
1725740 461
1725750 460
1725760 460
1725770 460
1725780 460
1725790 460
1725800 460
1725810 460
1725820 460
1725830 459
1725840 459
1725850 459
1725860 459
1725870 459
1725880 459
1725890 459
1725900 459
1725910 458
1725920 458
1725930 458
1725940 458
1725950 458
1725960 458
1725970 457
1725980 457
1725990 457
1726000 457
1726010 457
1726020 457
1726030 457
1726040 456
1726050 456
1726060 456
1726070 456
1726080 456
1726090 456
1726100 456
1726110 456
1726120 455
1726130 455
1726140 455
1726150 455
1726160 455
1726170 455
1726180 454
1726190 454
1726200 454
1726210 454
1726220 454
1726230 454
1726240 454
1726250 454
1726260 454
1726270 453
1726280 453
1726290 453
1726300 453
1726310 453
1726320 453
1726330 453
1726340 453
1726350 452
1726360 452
1726370 452
1726380 452
1726390 452
1726400 452
1726410 452
1726420 451
1726430 451
1726440 451
1726450 451
1726460 451
1726470 451
1726480 451
1726490 450
1726500 450
1726510 450
1726520 450
1726530 449
1726540 449
1726550 449
1726560 449
1726570 449
1726580 448
1726590 448
1726600 448
1726610 448
1726620 448
1726630 447
1726640 447
1726650 447
1726660 447
1726670 447
1726680 447
1726690 447
1726700 446
1726710 446
1726720 446
1726730 446
1726740 446
1726750 446
1726760 446
1726770 446
1726780 446
1726790 446
1726800 446
1726810 445
1726820 445
1726830 445
1726840 445
1726850 445
1726860 445
1726870 445
1726880 445
1726890 445
1726900 445
1726910 445
1726920 445
1726930 445
1726940 446
1726950 446
1726960 446
1726970 446
1726980 447
1726990 447
1727000 447
1727010 447
1727020 448
1727030 448
1727040 448
1727050 448
1727060 448
1727070 448
1727080 448
1727090 448
1727100 448
1727110 448
1727120 448
1727130 448
1727140 448
1727150 448
1727160 448
1727170 448
1727180 449
1727190 449
1727200 449
1727210 449
1727220 449
1727230 449
1727240 449
1727250 449
1727260 449
1727270 449
1727280 449
1727290 449
1727300 449
1727310 448
1727320 448
1727330 448
1727340 448
1727350 448
1727360 448
1727370 448
1727380 448
1727390 447
1727400 447
1727410 447
1727420 447
1727430 447
1727440 447
1727450 447
1727460 446
1727470 446
1727480 446
1727490 446
1727500 446
1727510 446
1727520 446
1727530 446
1727540 446
1727550 446
1727560 446
1727570 445
1727580 445
1727590 445
1727600 445
1727610 445
1727620 445
1727630 444
1727640 444
1727650 444
1727660 444
1727670 443
1727680 443
1727690 443
1727700 442
1727710 442
1727720 442
1727730 442
1727740 441
1727750 441
1727760 441
1727770 440
1727780 440
1727790 440
1727800 440
1727810 440
1727820 440
1727830 439
1727840 439
1727850 439
1727860 439
1727870 439
1727880 439
1727890 438
1727900 438
1727910 438
1727920 438
1727930 438
1727940 437
1727950 437
1727960 437
1727970 436
1727980 436
1727990 435
1728000 434
1728010 433
1728020 433
1728030 432
1728040 432
1728050 432
1728060 432
1728070 432
1728080 432
1728090 433
1728100 433
1728110 433
1728120 433
1728130 433
1728140 432
1728150 432
1728160 432
1728170 431
1728180 431
1728190 431
1728200 430
1728210 429
1728220 428
1728230 428
1728240 427
1728250 427
1728260 427
1728270 426
1728280 426
1728290 426
1728300 425
1728310 425
1728320 425
1728330 424
1728340 424
1728350 424
1728360 424
1728370 424
1728380 424
1728390 423
1728400 423
1728410 423
1728420 423
1728430 423
1728440 423
1728450 422
1728460 422
1728470 422
1728480 422
1728490 422
1728500 422
1728510 422
1728520 422
1728530 422
1728540 422
1728550 421
1728560 421
1728570 421
1728580 421
1728590 421
1728600 421
1728610 421
1728620 421
1728630 421
1728640 421
1728650 421
1728660 421
1728670 421
1728680 421
1728690 421
1728700 421
1728710 421
1728720 421
1728730 420
1728740 420
1728750 420
1728760 420
1728770 420
1728780 420
1728790 420
1728800 420
1728810 420
1728820 420
1728830 420
1728840 419
1728850 419
1728860 419
1728870 420
1728880 420
1728890 419
1728900 419
1728910 419
1728920 419
1728930 419
1728940 419
1728950 419
1728960 419
1728970 419
1728980 419
1728990 420
1729000 420
1729010 420
1729020 420
1729030 420
1729040 420
1729050 420
1729060 420
1729070 420
1729080 420
1729090 420
1729100 420
1729110 420
1729120 420
1729130 420
1729140 420
1729150 420
1729160 420
1729170 420
1729180 420
1729190 420
1729200 420
1729210 420
1729220 420
1729230 420
1729240 420
1729250 420
1729260 420
1729270 420
1729280 420
1729290 420
1729300 420
1729310 420
1729320 420
1729330 420
1729340 420
1729350 420
1729360 420
1729370 420
1729380 419
1729390 419
1729400 419
1729410 419
1729420 419
1729430 419
1729440 419
1729450 419
1729460 419
1729470 419
1729480 419
1729490 419
1729500 419
1729510 419
1729520 419
1729530 419
1729540 419
1729550 419
1729560 418
1729570 418
1729580 418
1729590 418
1729600 418
1729610 418
1729620 418
1729630 418
1729640 418
1729650 417
1729660 417
1729670 417
1729680 417
1729690 417
1729700 417
1729710 417
1729720 417
1729730 417
1729740 417
1729750 417
1729760 417
1729770 417
1729780 417
1729790 417
1729800 417
1729810 417
1729820 417
1729830 417
1729840 417
1729850 417
1729860 417
1729870 416
1729880 417
1729890 417
1729900 416
1729910 416
1729920 416
1729930 416
1729940 416
1729950 416
1729960 415
1729970 415
1729980 415
1729990 414
1730000 414
1730010 414
1730020 413
1730030 413
1730040 413
1730050 413
1730060 413
1730070 412
1730080 412
1730090 412
1730100 411
1730110 411
1730120 411
1730130 410
1730140 410
1730150 409
1730160 409
1730170 408
1730180 408
1730190 408
1730200 408
1730210 407
1730220 407
1730230 406
1730240 406
1730250 405
1730260 403
1730270 402
1730280 401
1730290 399
1730300 398
1730310 396
1730320 394
1730330 392
1730340 390
1730350 389
1730360 388
1730370 388
1730380 389
1730390 389
1730400 389
1730410 389
1730420 389
1730430 389
1730440 389
1730450 389
1730460 388
1730470 388
1730480 388
1730490 388
1730500 388
1730510 388
1730520 388
1730530 388
1730540 388
1730550 388
1730560 388
1730570 389
1730580 389
1730590 390
1730600 391
1730610 392
1730620 393
1730630 395
1730640 398
1730650 400
1730660 401
1730670 402
1730680 402
1730690 403
1730700 403
1730710 404
1730720 405
1730730 406
1730740 406
1730750 406
1730760 406
1730770 406
1730780 407
1730790 408
1730800 408
1730810 408
1730820 408
1730830 408
1730840 408
1730850 408
1730860 408
1730870 409
1730880 409
1730890 409
1730900 409
1730910 409
1730920 409
1730930 409
1730940 408
1730950 408
1730960 408
1730970 408
1730980 408
1730990 408
1731000 408
1731010 408
1731020 408
1731030 409
1731040 409
1731050 410
1731060 410
1731070 410
1731080 410
1731090 410
1731100 410
1731110 410
1731120 410
1731130 410
1731140 410
1731150 409
1731160 409
1731170 409
1731180 409
1731190 409
1731200 409
1731210 409
1731220 409
1731230 409
1731240 408
1731250 408
1731260 408
1731270 408
1731280 408
1731290 408
1731300 408
1731310 408
1731320 408
1731330 408
1731340 407
1731350 407
1731360 407
1731370 407
1731380 407
1731390 407
1731400 407
1731410 407
1731420 407
1731430 407
1731440 407
1731450 407
1731460 407
1731470 407
1731480 407
1731490 406
1731500 406
1731510 406
1731520 406
1731530 406
1731540 406
1731550 406
1731560 405
1731570 405
1731580 405
1731590 405
1731600 405
1731610 405
1731620 405
1731630 404
1731640 404
1731650 404
1731660 403
1731670 403
1731680 403
1731690 403
1731700 403
1731710 403
1731720 403
1731730 403
1731740 403
1731750 403
1731760 403
1731770 402
1731780 402
1731790 402
1731800 402
1731810 402
1731820 402
1731830 402
1731840 402
1731850 403
1731860 403
1731870 403
1731880 403
1731890 403
1731900 403
1731910 403
1731920 403
1731930 403
1731940 404
1731950 404
1731960 404
1731970 404
1731980 404
1731990 404
1732000 404
1732010 404
1732020 405
1732030 405
1732040 405
1732050 405
1732060 405
1732070 405
1732080 406
1732090 406
1732100 406
1732110 406
1732120 407
1732130 407
1732140 407
1732150 407
1732160 407
1732170 407
1732180 407
1732190 407
1732200 407
1732210 407
1732220 407
1732230 407
1732240 407
1732250 407
1732260 408
1732270 408
1732280 408
1732290 408
1732300 408
1732310 408
1732320 408
1732330 408
1732340 408
1732350 408
1732360 408
1732370 408
1732380 408
1732390 408
1732400 408
1732410 408
1732420 408
1732430 408
1732440 408
1732450 408
1732460 408
1732470 408
1732480 408
1732490 408
1732500 408
1732510 407
1732520 407
1732530 407
1732540 407
1732550 407
1732560 407
1732570 407
1732580 407
1732590 407
1732600 407
1732610 406
1732620 406
1732630 406
1732640 406
1732650 406
1732660 406
1732670 405
1732680 405
1732690 405
1732700 405
1732710 404
1732720 404
1732730 404
1732740 404
1732750 404
1732760 404
1732770 403
1732780 403
1732790 403
1732800 402
1732810 402
1732820 402
1732830 402
1732840 401
1732850 401
1732860 401
1732870 400
1732880 400
1732890 399
1732900 399
1732910 399
1732920 399
1732930 398
1732940 398
1732950 398
1732960 398
1732970 398
1732980 397
1732990 397
1733000 397
1733010 397
1733020 396
1733030 396
1733040 396
1733050 395
1733060 395
1733070 395
1733080 395
1733090 394
1733100 394
1733110 394
1733120 393
1733130 393
1733140 392
1733150 392
1733160 391
1733170 391
1733180 391
1733190 390
1733200 390
1733210 389
1733220 389
1733230 388
1733240 387
1733250 387
1733260 386
1733270 388
1733280 390
1733290 391
1733300 391
1733310 391
1733320 392
1733330 392
1733340 392
1733350 392
1733360 392
1733370 393
1733380 393
1733390 393
1733400 393
1733410 393
1733420 393
1733430 393
1733440 393
1733450 393
1733460 393
1733470 393
1733480 393
1733490 393
1733500 393
1733510 393
1733520 393
1733530 393
1733540 393
1733550 393
1733560 393
1733570 393
1733580 393
1733590 393
1733600 393
1733610 392
1733620 392
1733630 392
1733640 392
1733650 392
1733660 392
1733670 392
1733680 392
1733690 392
1733700 392
1733710 392
1733720 392
1733730 392
1733740 392
1733750 392
1733760 392
1733770 392
1733780 392
1733790 392
1733800 392
1733810 392
1733820 391
1733830 391
1733840 391
1733850 391
1733860 391
1733870 391
1733880 391
1733890 391
1733900 391
1733910 391
1733920 391
1733930 391
1733940 391
1733950 391
1733960 391
1733970 391
1733980 391
1733990 391
1734000 391
1734010 391
1734020 391
1734030 391
1734040 391
1734050 391
1734060 391
1734070 391
1734080 390
1734090 390
1734100 390
1734110 390
1734120 390
1734130 390
1734140 390
1734150 389
1734160 389
1734170 389
1734180 389
1734190 389
1734200 389
1734210 389
1734220 389
1734230 389
1734240 389
1734250 388
1734260 388
1734270 388
1734280 388
1734290 388
1734300 387
1734310 387
1734320 387
1734330 387
1734340 387
1734350 386
1734360 386
1734370 386
1734380 386
1734390 386
1734400 385
1734410 385
1734420 385
1734430 385
1734440 385
1734450 384
1734460 384
1734470 384
1734480 384
1734490 383
1734500 383
1734510 383
1734520 383
1734530 382
1734540 382
1734550 382
1734560 382
1734570 381
1734580 381
1734590 381
1734600 380
1734610 380
1734620 380
1734630 380
1734640 379
1734650 379
1734660 379
1734670 378
1734680 378
1734690 378
1734700 378
1734710 377
1734720 377
1734730 377
1734740 377
1734750 376
1734760 376
1734770 376
1734780 376
1734790 375
1734800 375
1734810 375
1734820 375
1734830 374
1734840 374
1734850 374
1734860 374
1734870 373
1734880 373
1734890 373
1734900 373
1734910 372
1734920 372
1734930 371
1734940 371
1734950 371
1734960 372
1734970 372
1734980 371
1734990 371
1735000 371
1735010 371
1735020 371
1735030 370
1735040 370
1735050 370
1735060 370
1735070 370
1735080 370
1735090 370
1735100 370
1735110 370
1735120 370
1735130 371
1735140 371
1735150 371
1735160 371
1735170 371
1735180 371
1735190 371
1735200 372
1735210 372
1735220 372
1735230 372
1735240 372
1735250 371
1735260 371
1735270 371
1735280 372
1735290 373
1735300 374
1735310 374
1735320 374
1735330 375
1735340 375
1735350 376
1735360 376
1735370 377
1735380 377
1735390 378
1735400 378
1735410 378
1735420 378
1735430 379
1735440 379
1735450 379
1735460 379
1735470 379
1735480 378
1735490 378
1735500 378
1735510 378
1735520 378
1735530 378
1735540 378
1735550 378
1735560 378
1735570 378
1735580 377
1735590 377
1735600 377
1735610 377
1735620 377
1735630 377
1735640 376
1735650 376
1735660 376
1735670 376
1735680 376
1735690 375
1735700 375
1735710 375
1735720 375
1735730 375
1735740 374
1735750 374
1735760 374
1735770 374
1735780 374
1735790 373
1735800 373
1735810 373
1735820 373
1735830 372
1735840 372
1735850 372
1735860 372
1735870 372
1735880 371
1735890 371
1735900 371
1735910 371
1735920 371
1735930 370
1735940 370
1735950 370
1735960 369
1735970 369
1735980 369
1735990 369
1736000 368
1736010 368
1736020 368
1736030 367
1736040 367
1736050 367
1736060 367
1736070 366
1736080 366
1736090 366
1736100 365
1736110 365
1736120 365
1736130 365
1736140 364
1736150 364
1736160 364
1736170 364
1736180 363
1736190 363
1736200 363
1736210 362
1736220 362
1736230 362
1736240 362
1736250 361
1736260 361
1736270 361
1736280 360
1736290 360
1736300 360
1736310 359
1736320 359
1736330 359
1736340 358
1736350 358
1736360 358
1736370 357
1736380 357
1736390 357
1736400 356
1736410 356
1736420 355
1736430 355
1736440 355
1736450 354
1736460 354
1736470 353
1736480 353
1736490 353
1736500 352
1736510 352
1736520 351
1736530 350
1736540 349
1736550 349
1736560 349
1736570 348
1736580 347
1736590 346
1736600 345
1736610 345
1736620 344
1736630 344
1736640 343
1736650 343
1736660 343
1736670 343
1736680 343
1736690 343
1736700 342
1736710 342
1736720 342
1736730 342
1736740 341
1736750 340
1736760 340
1736770 339
1736780 340
1736790 340
1736800 341
1736810 341
1736820 341
1736830 341
1736840 341
1736850 340
1736860 340
1736870 339
1736880 338
1736890 336
1736900 335
1736910 333
1736920 331
1736930 329
1736940 327
1736950 326
1736960 326
1736970 325
1736980 324
1736990 324
1737000 323
1737010 322
1737020 322
1737030 321
1737040 321
1737050 321
1737060 321
1737070 321
1737080 320
1737090 320
1737100 320
1737110 321
1737120 322
1737130 323
1737140 324
1737150 326
1737160 328
1737170 328
1737180 328
1737190 328
1737200 328
1737210 327
1737220 327
1737230 327
1737240 326
1737250 326
1737260 326
1737270 325
1737280 326
1737290 326
1737300 327
1737310 329
1737320 329
1737330 329
1737340 330
1737350 331
1737360 332
1737370 334
1737380 335
1737390 337
1737400 337
1737410 338
1737420 338
1737430 337
1737440 337
1737450 337
1737460 336
1737470 336
1737480 336
1737490 335
1737500 335
1737510 334
1737520 334
1737530 334
1737540 333
1737550 333
1737560 332
1737570 332
1737580 331
1737590 331
1737600 331
1737610 330
1737620 330
1737630 330
1737640 330
1737650 330
1737660 330
1737670 330
1737680 330
1737690 330
1737700 330
1737710 330
1737720 330
1737730 329
1737740 329
1737750 329
1737760 329
1737770 329
1737780 329
1737790 329
1737800 329
1737810 329
1737820 329
1737830 330
1737840 330
1737850 330
1737860 330
1737870 330
1737880 330
1737890 330
1737900 330
1737910 330
1737920 330
1737930 330
1737940 330
1737950 330
1737960 330
1737970 330
1737980 330
1737990 330
1738000 330
1738010 330
1738020 330
1738030 329
1738040 329
1738050 329
1738060 329
1738070 328
1738080 328
1738090 328
1738100 328
1738110 327
1738120 327
1738130 327
1738140 327
1738150 327
1738160 326
1738170 326
1738180 326
1738190 326
1738200 326
1738210 325
1738220 325
1738230 325
1738240 325
1738250 325
1738260 324
1738270 324
1738280 324
1738290 324
1738300 323
1738310 323
1738320 323
1738330 323
1738340 322
1738350 322
1738360 322
1738370 322
1738380 321
1738390 321
1738400 321
1738410 321
1738420 320
1738430 320
1738440 320
1738450 320
1738460 321
1738470 321
1738480 321
1738490 321
1738500 321
1738510 321
1738520 321
1738530 321
1738540 321
1738550 322
1738560 321
1738570 321
1738580 321
1738590 321
1738600 321
1738610 321
1738620 321
1738630 321
1738640 321
1738650 321
1738660 321
1738670 321
1738680 320
1738690 320
1738700 320
1738710 320
1738720 320
1738730 320
1738740 320
1738750 320
1738760 320
1738770 320
1738780 320
1738790 320
1738800 320
1738810 320
1738820 320
1738830 320
1738840 320
1738850 320
1738860 319
1738870 319
1738880 319
1738890 319
1738900 319
1738910 319
1738920 319
1738930 319
1738940 319
1738950 319
1738960 319
1738970 319
1738980 319
1738990 319
1739000 319
1739010 319
1739020 318
1739030 318
1739040 318
1739050 318
1739060 319
1739070 319
1739080 319
1739090 319
1739100 319
1739110 319
1739120 319
1739130 319
1739140 319
1739150 319
1739160 319
1739170 319
1739180 319
1739190 319
1739200 319
1739210 319
1739220 319
1739230 319
1739240 318
1739250 318
1739260 318
1739270 318
1739280 318
1739290 318
1739300 318
1739310 318
1739320 318
1739330 318
1739340 318
1739350 318
1739360 318
1739370 318
1739380 318
1739390 318
1739400 318
1739410 318
1739420 318
1739430 318
1739440 317
1739450 317
1739460 317
1739470 317
1739480 317
1739490 317
1739500 317
1739510 317
1739520 317
1739530 317
1739540 317
1739550 317
1739560 317
1739570 317
1739580 317
1739590 317
1739600 317
1739610 317
1739620 317
1739630 317
1739640 317
1739650 317
1739660 317
1739670 317
1739680 317
1739690 316
1739700 316
1739710 317
1739720 317
1739730 317
1739740 317
1739750 317
1739760 317
1739770 317
1739780 317
1739790 317
1739800 318
1739810 318
1739820 318
1739830 319
1739840 319
1739850 320
1739860 319
1739870 318
1739880 317
1739890 319
1739900 320
1739910 320
1739920 321
1739930 321
1739940 321
1739950 321
1739960 321
1739970 322
1739980 322
1739990 322
