1720000 501
1720010 500
1720020 500
1720030 499
1720040 499
1720050 499
1720060 498
1720070 497
1720080 497
1720090 497
1720100 497
1720110 497
1720120 496
1720130 496
1720140 496
1720150 495
1720160 495
1720170 494
1720180 493
1720190 493
1720200 492
1720210 492
1720220 492
1720230 491
1720240 491
1720250 491
1720260 490
1720270 490
1720280 490
1720290 490
1720300 489
1720310 489
1720320 489
1720330 489
1720340 489
1720350 488
1720360 488
1720370 488
1720380 488
1720390 488
1720400 488
1720410 488
1720420 487
1720430 487
1720440 487
1720450 487
1720460 487
1720470 486
1720480 486
1720490 486
1720500 486
1720510 486
1720520 485
1720530 485
1720540 485
1720550 485
1720560 485
1720570 485
1720580 484
1720590 484
1720600 484
1720610 484
1720620 484
1720630 483
1720640 483
1720650 483
1720660 483
1720670 483
1720680 482
1720690 482
1720700 482
1720710 482
1720720 482
1720730 482
1720740 482
1720750 482
1720760 482
1720770 482
1720780 482
1720790 482
1720800 482
1720810 482
1720820 482
1720830 482
1720840 482
1720850 482
1720860 482
1720870 482
1720880 482
1720890 482
1720900 482
1720910 482
1720920 482
1720930 482
1720940 482
1720950 482
1720960 483
1720970 483
1720980 483
1720990 483
1721000 483
1721010 483
1721020 483
1721030 483
1721040 483
1721050 483
1721060 483
1721070 483
1721080 483
1721090 483
1721100 483
1721110 483
1721120 483
1721130 483
1721140 482
1721150 482
1721160 482
1721170 482
1721180 482
1721190 482
1721200 482
1721210 482
1721220 482
1721230 482
1721240 482
1721250 482
1721260 481
1721270 481
1721280 481
1721290 481
1721300 481
1721310 481
1721320 481
1721330 481
1721340 480
1721350 480
1721360 480
1721370 480
1721380 480
1721390 480
1721400 480
1721410 480
1721420 479
1721430 479
1721440 479
1721450 479
1721460 479
1721470 479
1721480 479
1721490 479
1721500 478
1721510 478
1721520 478
1721530 478
1721540 478
1721550 478
1721560 478
1721570 478
1721580 477
1721590 477
1721600 477
1721610 477
1721620 477
1721630 477
1721640 477
1721650 477
1721660 476
1721670 476
1721680 476
1721690 476
1721700 476
1721710 476
1721720 476
1721730 476
1721740 475
1721750 475
1721760 475
1721770 475
1721780 475
1721790 475
1721800 474
1721810 474
1721820 473
1721830 471
1721840 470
1721850 472
1721860 473
1721870 473
1721880 473
1721890 473
1721900 473
1721910 472
1721920 472
1721930 472
1721940 472
1721950 472
1721960 471
1721970 471
1721980 471
1721990 471
1722000 470
1722010 470
1722020 470
1722030 470
1722040 470
1722050 469
1722060 469
1722070 469
1722080 469
1722090 468
1722100 468
1722110 468
1722120 468
1722130 468
1722140 467
1722150 467
1722160 467
1722170 467
1722180 467
1722190 466
1722200 466
1722210 466
1722220 466
1722230 465
1722240 465
1722250 465
1722260 465
1722270 465
1722280 465
1722290 464
1722300 464
1722310 464
1722320 464
1722330 464
1722340 464
1722350 464
1722360 464
1722370 464
1722380 464
1722390 464
1722400 464
1722410 463
1722420 463
1722430 463
1722440 463
1722450 463
1722460 463
1722470 463
1722480 463
1722490 462
1722500 462
1722510 462
1722520 462
1722530 462
1722540 462
1722550 462
1722560 462
1722570 462
1722580 462
1722590 462
1722600 461
1722610 461
1722620 461
1722630 461
1722640 461
1722650 461
1722660 461
1722670 461
1722680 461
1722690 461
1722700 461
1722710 461
1722720 461
1722730 461
1722740 461
1722750 461
1722760 461
1722770 461
1722780 461
1722790 460
1722800 460
1722810 461
1722820 461
1722830 461
1722840 461
1722850 461
1722860 461
1722870 461
1722880 462
1722890 462
1722900 462
1722910 463
1722920 463
1722930 463
1722940 463
1722950 464
1722960 464
1722970 464
1722980 464
1722990 464
1723000 464
1723010 464
1723020 465
1723030 465
1723040 465
1723050 465
1723060 465
1723070 465
1723080 465
1723090 464
1723100 464
1723110 464
1723120 464
1723130 464
1723140 464
1723150 464
1723160 464
1723170 464
1723180 463
1723190 463
1723200 463
1723210 463
1723220 463
1723230 463
1723240 462
1723250 462
1723260 462
1723270 462
1723280 462
1723290 461
1723300 461
1723310 461
1723320 460
1723330 460
1723340 459
1723350 459
1723360 458
1723370 458
1723380 458
1723390 458
1723400 457
1723410 457
1723420 458
1723430 458
1723440 459
1723450 458
1723460 458
1723470 458
1723480 456
1723490 455
1723500 453
1723510 452
1723520 450
1723530 449
1723540 449
1723550 449
1723560 449
1723570 449
1723580 449
1723590 449
1723600 448
1723610 448
1723620 448
1723630 448
1723640 448
1723650 448
1723660 448
1723670 448
1723680 448
1723690 449
1723700 449
1723710 449
1723720 449
1723730 449
1723740 449
1723750 449
1723760 449
1723770 449
1723780 449
1723790 449
1723800 449
1723810 449
1723820 448
1723830 448
1723840 448
1723850 448
1723860 448
1723870 448
1723880 447
1723890 447
1723900 447
1723910 447
1723920 448
1723930 447
1723940 446
1723950 446
1723960 446
1723970 445
1723980 445
1723990 446
1724000 446
1724010 447
1724020 446
1724030 446
1724040 445
1724050 445
1724060 444
1724070 444
1724080 444
1724090 444
1724100 444
1724110 444
1724120 444
1724130 444
1724140 443
1724150 443
1724160 443
1724170 443
1724180 443
1724190 443
1724200 443
1724210 444
1724220 444
1724230 445
1724240 446
1724250 446
1724260 447
1724270 448
1724280 449
1724290 449
1724300 450
1724310 450
1724320 450
1724330 450
1724340 451
1724350 451
1724360 451
1724370 451
1724380 451
1724390 451
1724400 452
1724410 452
1724420 452
1724430 452
1724440 452
1724450 453
1724460 453
1724470 454
1724480 454
1724490 454
1724500 455
1724510 455
1724520 455
1724530 455
1724540 455
1724550 454
1724560 454
1724570 453
1724580 452
1724590 451
1724600 451
1724610 450
1724620 450
1724630 449
1724640 448
1724650 448
1724660 448
1724670 447
1724680 447
1724690 447
1724700 447
1724710 447
1724720 447
1724730 447
1724740 447
1724750 447
1724760 448
1724770 448
1724780 448
1724790 448
1724800 448
1724810 448
1724820 449
1724830 449
1724840 449
1724850 449
1724860 449
1724870 449
1724880 449
1724890 449
1724900 449
1724910 449
1724920 450
1724930 450
1724940 450
1724950 451
1724960 451
1724970 451
1724980 452
1724990 452
1725000 452
1725010 452
1725020 451
1725030 451
1725040 451
1725050 451
1725060 451
1725070 451
1725080 451
1725090 452
1725100 452
1725110 451
1725120 451
1725130 451
1725140 451
1725150 451
1725160 449
1725170 450
1725180 450
1725190 452
1725200 452
1725210 453
1725220 453
1725230 453
1725240 453
1725250 453
1725260 453
1725270 453
1725280 453
1725290 453
1725300 452
1725310 451
1725320 451
1725330 452
1725340 453
1725350 453
1725360 453
1725370 454
1725380 454
1725390 454
1725400 454
1725410 454
1725420 454
1725430 454
1725440 453
1725450 453
1725460 453
1725470 452
1725480 452
1725490 450
1725500 450
1725510 450
1725520 451
1725530 451
1725540 451
1725550 451
1725560 451
1725570 451
1725580 451
1725590 451
1725600 451
1725610 450
1725620 450
1725630 450
1725640 450
1725650 450
1725660 450
1725670 450
1725680 451
1725690 450
1725700 450
1725710 450
1725720 450
1725730 450
1725740 450
1725750 450
1725760 450
1725770 450
1725780 450
1725790 450
1725800 451
1725810 451
1725820 451
1725830 451
1725840 451
1725850 451
1725860 451
1725870 451
1725880 451
1725890 451
1725900 451
1725910 451
1725920 451
1725930 451
1725940 451
1725950 451
1725960 451
1725970 451
1725980 451
1725990 451
1726000 451
1726010 451
1726020 451
1726030 451
1726040 451
1726050 451
1726060 451
1726070 451
1726080 451
1726090 451
1726100 451
1726110 450
1726120 450
1726130 450
1726140 450
1726150 450
1726160 450
1726170 450
1726180 450
1726190 450
1726200 450
1726210 450
1726220 449
1726230 449
1726240 449
1726250 449
1726260 449
1726270 449
1726280 448
1726290 448
1726300 448
1726310 448
1726320 448
1726330 448
1726340 448
1726350 448
1726360 448
1726370 448
1726380 447
1726390 447
1726400 447
1726410 447
1726420 447
1726430 447
1726440 447
1726450 447
1726460 447
1726470 447
1726480 447
1726490 447
1726500 447
1726510 447
1726520 447
1726530 447
1726540 447
1726550 447
1726560 447
1726570 447
1726580 447
1726590 447
1726600 447
1726610 447
1726620 447
1726630 447
1726640 446
1726650 446
1726660 446
1726670 446
1726680 446
1726690 446
1726700 446
1726710 446
1726720 446
1726730 446
1726740 446
1726750 446
1726760 446
1726770 446
1726780 446
1726790 445
1726800 445
1726810 445
1726820 445
1726830 445
1726840 444
1726850 444
1726860 444
1726870 443
1726880 443
1726890 442
1726900 442
1726910 441
1726920 441
1726930 440
1726940 440
1726950 439
1726960 439
1726970 438
1726980 438
1726990 438
1727000 438
1727010 438
1727020 438
1727030 438
1727040 439
1727050 439
1727060 440
1727070 440
1727080 440
1727090 440
1727100 441
1727110 441
1727120 441
1727130 441
1727140 441
1727150 441
1727160 442
1727170 442
1727180 442
1727190 442
1727200 442
1727210 443
1727220 443
1727230 443
1727240 443
1727250 443
1727260 443
1727270 443
1727280 443
1727290 443
1727300 443
1727310 444
1727320 443
1727330 444
1727340 444
1727350 444
1727360 444
1727370 444
1727380 444
1727390 444
1727400 444
1727410 444
1727420 444
1727430 444
1727440 444
1727450 444
1727460 444
1727470 444
1727480 444
1727490 444
1727500 444
1727510 444
1727520 444
1727530 444
1727540 444
1727550 444
1727560 444
1727570 443
1727580 443
1727590 443
1727600 443
1727610 443
1727620 443
1727630 443
1727640 443
1727650 443
1727660 443
1727670 442
1727680 442
1727690 442
1727700 442
1727710 442
1727720 442
1727730 442
1727740 442
1727750 442
1727760 441
1727770 441
1727780 441
1727790 441
1727800 441
1727810 440
1727820 440
1727830 440
1727840 440
1727850 439
1727860 439
1727870 439
1727880 439
1727890 438
1727900 438
1727910 438
1727920 438
1727930 438
1727940 438
1727950 438
1727960 437
1727970 437
1727980 437
1727990 437
1728000 437
1728010 437
1728020 436
1728030 436
1728040 436
1728050 436
1728060 436
1728070 436
1728080 436
1728090 436
1728100 436
1728110 436
1728120 436
1728130 435
1728140 434
1728150 433
1728160 432
1728170 433
1728180 434
1728190 435
1728200 435
1728210 435
1728220 434
1728230 434
1728240 434
1728250 434
1728260 434
1728270 434
1728280 434
1728290 433
1728300 433
1728310 433
1728320 433
1728330 433
1728340 432
1728350 432
1728360 432
1728370 432
1728380 431
1728390 431
1728400 431
1728410 431
1728420 430
1728430 430
1728440 430
1728450 429
1728460 429
1728470 429
1728480 429
1728490 428
1728500 428
1728510 428
1728520 427
1728530 427
1728540 427
1728550 427
1728560 426
1728570 426
1728580 426
1728590 425
1728600 425
1728610 425
1728620 425
1728630 424
1728640 424
1728650 424
1728660 424
1728670 423
1728680 423
1728690 423
1728700 423
1728710 423
1728720 422
1728730 422
1728740 422
1728750 422
1728760 422
1728770 422
1728780 421
1728790 421
1728800 421
1728810 421
1728820 420
1728830 420
1728840 420
1728850 420
1728860 420
1728870 420
1728880 419
1728890 419
1728900 419
1728910 419
1728920 419
1728930 419
1728940 419
1728950 419
1728960 419
1728970 419
1728980 419
1728990 418
1729000 418
1729010 417
1729020 417
1729030 417
1729040 417
1729050 417
1729060 417
1729070 417
1729080 416
1729090 416
1729100 416
1729110 416
1729120 416
1729130 415
1729140 415
1729150 415
1729160 415
1729170 415
1729180 415
1729190 415
1729200 415
1729210 415
1729220 415
1729230 415
1729240 415
1729250 415
1729260 414
1729270 414
1729280 414
1729290 414
1729300 415
1729310 415
1729320 415
1729330 415
1729340 415
1729350 415
1729360 414
1729370 414
1729380 414
1729390 414
1729400 414
1729410 414
1729420 414
1729430 414
1729440 414
1729450 414
1729460 414
1729470 414
1729480 414
1729490 414
1729500 414
1729510 414
1729520 414
1729530 415
1729540 415
1729550 415
1729560 415
1729570 415
1729580 415
1729590 415
1729600 415
1729610 416
1729620 416
1729630 416
1729640 416
1729650 416
1729660 416
1729670 416
1729680 416
1729690 416
1729700 416
1729710 416
1729720 416
1729730 416
1729740 416
1729750 416
1729760 416
1729770 416
1729780 416
1729790 416
1729800 417
1729810 417
1729820 417
1729830 417
1729840 417
1729850 417
1729860 417
1729870 417
1729880 417
1729890 417
1729900 417
1729910 417
1729920 417
1729930 417
1729940 417
1729950 417
1729960 417
1729970 417
1729980 417
1729990 417
1730000 417
1730010 417
1730020 417
1730030 416
1730040 416
1730050 416
1730060 416
1730070 416
1730080 416
1730090 416
1730100 416
1730110 416
1730120 416
1730130 416
1730140 416
1730150 416
1730160 416
1730170 416
1730180 416
1730190 416
1730200 416
1730210 416
1730220 416
1730230 416
1730240 416
1730250 415
1730260 415
1730270 415
1730280 415
1730290 415
1730300 414
1730310 414
1730320 414
1730330 414
1730340 413
1730350 413
1730360 413
1730370 412
1730380 412
1730390 412
1730400 411
1730410 411
1730420 411
1730430 410
1730440 410
1730450 409
1730460 409
1730470 408
1730480 407
1730490 407
1730500 406
1730510 405
1730520 405
1730530 405
1730540 404
1730550 404
1730560 404
1730570 403
1730580 403
1730590 403
1730600 402
1730610 401
1730620 401
1730630 400
1730640 399
1730650 398
1730660 398
1730670 398
1730680 397
1730690 397
1730700 396
1730710 396
1730720 395
1730730 395
1730740 394
1730750 394
1730760 393
1730770 392
1730780 391
1730790 390
1730800 388
1730810 387
1730820 386
1730830 385
1730840 385
1730850 385
1730860 384
1730870 384
1730880 384
1730890 384
1730900 384
1730910 384
1730920 384
1730930 384
1730940 384
1730950 384
1730960 384
1730970 384
1730980 384
1730990 384
1731000 384
1731010 384
1731020 384
1731030 384
1731040 384
1731050 384
1731060 384
1731070 384
1731080 384
1731090 384
1731100 384
1731110 384
1731120 385
1731130 386
1731140 387
1731150 389
1731160 391
1731170 392
1731180 393
1731190 394
1731200 395
1731210 396
1731220 397
1731230 398
1731240 399
1731250 399
1731260 399
1731270 399
1731280 399
1731290 399
1731300 399
1731310 399
1731320 399
1731330 399
1731340 398
1731350 398
1731360 398
1731370 398
1731380 398
1731390 397
1731400 396
1731410 394
1731420 391
1731430 392
1731440 393
1731450 394
1731460 395
1731470 395
1731480 396
1731490 396
1731500 395
1731510 395
1731520 395
1731530 396
1731540 397
1731550 397
1731560 398
1731570 398
1731580 398
1731590 398
1731600 399
1731610 399
1731620 399
1731630 399
1731640 399
1731650 399
1731660 399
1731670 399
1731680 399
1731690 399
1731700 399
1731710 399
1731720 399
1731730 399
1731740 399
1731750 398
1731760 398
1731770 398
1731780 398
1731790 397
1731800 397
1731810 397
1731820 397
1731830 397
1731840 397
1731850 397
1731860 396
1731870 396
1731880 395
1731890 393
1731900 390
1731910 388
1731920 385
1731930 385
1731940 386
1731950 389
1731960 391
1731970 392
1731980 393
1731990 394
1732000 394
1732010 395
1732020 395
1732030 395
1732040 396
1732050 396
1732060 396
1732070 396
1732080 397
1732090 397
1732100 398
1732110 398
1732120 398
1732130 399
1732140 399
1732150 400
1732160 400
1732170 400
1732180 400
1732190 400
1732200 401
1732210 401
1732220 401
1732230 402
1732240 402
1732250 402
1732260 402
1732270 403
1732280 403
1732290 403
1732300 403
1732310 403
1732320 403
1732330 403
1732340 403
1732350 403
1732360 403
1732370 403
1732380 403
1732390 403
1732400 403
1732410 403
1732420 403
1732430 404
1732440 404
1732450 404
1732460 403
1732470 403
1732480 403
1732490 403
1732500 403
1732510 403
1732520 403
1732530 403
1732540 403
1732550 403
1732560 403
1732570 403
1732580 403
1732590 403
1732600 403
1732610 403
1732620 403
1732630 402
1732640 402
1732650 402
1732660 402
1732670 402
1732680 402
1732690 402
1732700 401
1732710 401
1732720 401
1732730 401
1732740 401
1732750 401
1732760 401
1732770 401
1732780 400
1732790 400
1732800 400
1732810 400
1732820 400
1732830 400
1732840 399
1732850 399
1732860 399
1732870 399
1732880 399
1732890 399
1732900 399
1732910 399
1732920 399
1732930 399
1732940 398
1732950 398
1732960 398
1732970 398
1732980 398
1732990 398
1733000 398
1733010 397
1733020 397
1733030 397
1733040 397
1733050 397
1733060 397
1733070 397
1733080 397
1733090 396
1733100 396
1733110 396
1733120 396
1733130 396
1733140 395
1733150 395
1733160 395
1733170 395
1733180 395
1733190 395
1733200 394
1733210 394
1733220 394
1733230 394
1733240 393
1733250 393
1733260 392
1733270 392
1733280 391
1733290 391
1733300 390
1733310 390
1733320 389
1733330 389
1733340 388
1733350 387
1733360 385
1733370 383
1733380 382
1733390 380
1733400 379
1733410 378
1733420 377
1733430 376
1733440 374
1733450 373
1733460 374
1733470 375
1733480 376
1733490 377
1733500 378
1733510 379
1733520 379
1733530 380
1733540 381
1733550 382
1733560 383
1733570 384
1733580 385
1733590 386
1733600 386
1733610 387
1733620 388
1733630 388
1733640 388
1733650 388
1733660 388
1733670 388
1733680 388
1733690 388
1733700 388
1733710 388
1733720 388
1733730 388
1733740 387
1733750 387
1733760 386
1733770 386
1733780 386
1733790 386
1733800 386
1733810 386
1733820 386
1733830 386
1733840 386
1733850 386
1733860 386
1733870 386
1733880 386
1733890 386
1733900 386
1733910 386
1733920 386
1733930 385
1733940 385
1733950 385
1733960 385
1733970 385
1733980 384
1733990 384
1734000 384
1734010 383
1734020 383
1734030 383
1734040 383
1734050 383
1734060 383
1734070 383
1734080 383
1734090 383
1734100 383
1734110 383
1734120 383
1734130 383
1734140 383
1734150 383
1734160 383
1734170 383
1734180 383
1734190 383
1734200 383
1734210 383
1734220 383
1734230 383
1734240 383
1734250 383
1734260 383
1734270 383
1734280 383
1734290 383
1734300 383
1734310 383
1734320 383
1734330 383
1734340 382
1734350 382
1734360 382
1734370 382
1734380 382
1734390 382
1734400 382
1734410 382
1734420 382
1734430 381
1734440 381
1734450 381
1734460 381
1734470 381
1734480 381
1734490 381
1734500 381
1734510 380
1734520 380
1734530 380
1734540 380
1734550 380
1734560 379
1734570 379
1734580 379
1734590 379
1734600 378
1734610 378
1734620 378
1734630 377
1734640 377
1734650 377
1734660 376
1734670 376
1734680 376
1734690 375
1734700 375
1734710 375
1734720 375
1734730 375
1734740 374
1734750 374
1734760 374
1734770 374
1734780 373
1734790 373
1734800 372
1734810 372
1734820 371
1734830 371
1734840 371
1734850 371
1734860 371
1734870 371
1734880 370
1734890 370
1734900 369
1734910 369
1734920 368
1734930 368
1734940 367
1734950 366
1734960 365
1734970 364
1734980 364
1734990 363
1735000 363
1735010 362
1735020 362
1735030 362
1735040 361
1735050 361
1735060 361
1735070 360
1735080 360
1735090 358
1735100 357
1735110 355
1735120 353
1735130 350
1735140 349
1735150 348
1735160 347
1735170 347
1735180 346
1735190 345
1735200 345
1735210 344
1735220 343
1735230 342
1735240 341
1735250 340
1735260 342
1735270 346
1735280 349
1735290 352
1735300 353
1735310 353
1735320 351
1735330 349
1735340 346
1735350 345
1735360 343
1735370 341
1735380 340
1735390 339
1735400 338
1735410 338
1735420 337
1735430 337
1735440 338
1735450 338
1735460 338
1735470 338
1735480 338
1735490 338
1735500 338
1735510 338
1735520 338
1735530 338
1735540 338
1735550 338
1735560 339
1735570 339
1735580 339
1735590 340
1735600 341
1735610 342
1735620 343
1735630 345
1735640 347
1735650 350
1735660 354
1735670 357
1735680 358
1735690 359
1735700 360
1735710 360
1735720 360
1735730 359
1735740 359
1735750 360
1735760 360
1735770 360
1735780 360
1735790 360
1735800 360
1735810 360
1735820 360
1735830 359
1735840 357
1735850 355
1735860 352
1735870 349
1735880 346
1735890 344
1735900 343
1735910 342
1735920 341
1735930 340
1735940 338
1735950 337
1735960 336
1735970 336
1735980 335
1735990 335
1736000 334
1736010 333
1736020 332
1736030 332
1736040 332
1736050 332
1736060 335
1736070 338
1736080 341
1736090 342
1736100 343
1736110 344
1736120 346
1736130 349
1736140 353
1736150 355
1736160 356
1736170 356
1736180 355
1736190 354
1736200 354
1736210 354
1736220 355
1736230 355
1736240 355
1736250 355
1736260 355
1736270 355
1736280 355
1736290 355
1736300 354
1736310 354
1736320 353
1736330 353
1736340 352
1736350 351
1736360 349
1736370 347
1736380 345
1736390 343
1736400 340
1736410 339
1736420 338
1736430 336
1736440 333
1736450 331
1736460 329
1736470 327
1736480 326
1736490 325
1736500 325
1736510 325
1736520 325
1736530 325
1736540 325
1736550 325
1736560 325
1736570 325
1736580 326
1736590 326
1736600 328
1736610 330
1736620 334
1736630 337
1736640 339
1736650 342
1736660 344
1736670 345
1736680 345
1736690 345
1736700 345
1736710 345
1736720 345
1736730 344
1736740 344
1736750 344
1736760 344
1736770 343
1736780 342
1736790 341
1736800 340
1736810 339
1736820 338
1736830 339
1736840 341
1736850 343
1736860 345
1736870 347
1736880 348
1736890 349
1736900 349
1736910 350
1736920 351
1736930 351
1736940 351
1736950 352
1736960 352
1736970 352
1736980 352
1736990 353
1737000 353
1737010 354
1737020 354
1737030 354
1737040 354
1737050 354
1737060 354
1737070 353
1737080 353
1737090 352
1737100 351
1737110 350
1737120 349
1737130 348
1737140 348
1737150 347
1737160 346
1737170 345
1737180 344
1737190 344
1737200 343
1737210 342
1737220 342
1737230 342
1737240 342
1737250 341
1737260 341
1737270 341
1737280 341
1737290 341
1737300 340
1737310 340
1737320 340
1737330 339
1737340 339
1737350 338
1737360 338
1737370 338
1737380 337
1737390 337
1737400 337
1737410 336
1737420 336
1737430 336
1737440 336
1737450 336
1737460 335
1737470 335
1737480 335
1737490 335
1737500 335
1737510 335
1737520 335
1737530 335
1737540 335
1737550 335
1737560 335
1737570 335
1737580 335
1737590 335
1737600 335
1737610 335
1737620 335
1737630 335
1737640 335
1737650 334
1737660 334
1737670 334
1737680 334
1737690 334
1737700 334
1737710 334
1737720 335
1737730 335
1737740 335
1737750 335
1737760 334
1737770 335
1737780 335
1737790 334
1737800 334
1737810 334
1737820 334
1737830 334
1737840 334
1737850 334
1737860 334
1737870 334
1737880 334
1737890 334
1737900 334
1737910 333
1737920 333
1737930 333
1737940 333
1737950 333
1737960 333
1737970 333
1737980 333
1737990 333
1738000 333
1738010 333
1738020 333
1738030 333
1738040 333
1738050 333
1738060 333
1738070 332
1738080 332
1738090 332
1738100 332
1738110 332
1738120 332
1738130 332
1738140 332
1738150 332
1738160 332
1738170 331
1738180 331
1738190 331
1738200 331
1738210 331
1738220 331
1738230 331
1738240 330
1738250 330
1738260 330
1738270 330
1738280 330
1738290 330
1738300 329
1738310 329
1738320 329
1738330 329
1738340 328
1738350 328
1738360 328
1738370 328
1738380 328
1738390 328
1738400 328
1738410 327
1738420 327
1738430 327
1738440 327
1738450 327
1738460 327
1738470 327
1738480 327
1738490 327
1738500 328
1738510 327
1738520 327
1738530 327
1738540 326
1738550 326
1738560 326
1738570 326
1738580 326
1738590 326
1738600 326
1738610 325
1738620 325
1738630 325
1738640 325
1738650 325
1738660 325
1738670 325
1738680 325
1738690 325
1738700 324
1738710 324
1738720 324
1738730 324
1738740 324
1738750 324
1738760 324
1738770 324
1738780 324
1738790 323
1738800 323
1738810 323
1738820 322
1738830 322
1738840 321
1738850 321
1738860 322
1738870 322
1738880 323
1738890 323
1738900 323
1738910 322
1738920 322
1738930 322
1738940 322
1738950 322
1738960 322
1738970 322
1738980 322
1738990 322
1739000 323
1739010 323
1739020 323
1739030 323
1739040 323
1739050 323
1739060 323
1739070 323
1739080 324
1739090 324
1739100 324
1739110 325
1739120 325
1739130 325
1739140 325
1739150 326
1739160 326
1739170 326
1739180 325
1739190 325
1739200 325
1739210 324
1739220 324
1739230 324
1739240 324
1739250 324
1739260 324
1739270 323
1739280 323
1739290 323
1739300 323
1739310 323
1739320 323
1739330 323
1739340 323
1739350 323
1739360 322
1739370 322
1739380 322
1739390 322
1739400 321
1739410 321
1739420 321
1739430 321
1739440 321
1739450 321
1739460 321
1739470 320
1739480 320
1739490 320
1739500 320
1739510 320
1739520 320
1739530 320
1739540 320
1739550 320
1739560 320
1739570 320
1739580 320
1739590 319
1739600 319
1739610 319
1739620 319
1739630 319
1739640 319
1739650 319
1739660 319
1739670 319
1739680 318
1739690 318
1739700 318
1739710 318
1739720 318
1739730 318
1739740 318
1739750 318
1739760 318
1739770 318
1739780 318
1739790 318
1739800 318
1739810 318
1739820 318
1739830 318
1739840 318
1739850 319
1739860 319
1739870 319
1739880 319
1739890 319
1739900 320
1739910 320
1739920 320
1739930 320
1739940 320
1739950 320
1739960 320
1739970 320
1739980 321
1739990 321
