1720000 523
1720010 522
1720020 521
1720030 519
1720040 517
1720050 515
1720060 513
1720070 510
1720080 508
1720090 506
1720100 504
1720110 503
1720120 502
1720130 501
1720140 501
1720150 501
1720160 500
1720170 500
1720180 499
1720190 501
1720200 504
1720210 510
1720220 515
1720230 519
1720240 523
1720250 527
1720260 530
1720270 533
1720280 536
1720290 538
1720300 540
1720310 542
1720320 543
1720330 543
1720340 543
1720350 543
1720360 543
1720370 543
1720380 543
1720390 543
1720400 543
1720410 543
1720420 542
1720430 542
1720440 542
1720450 541
1720460 541
1720470 540
1720480 540
1720490 539
1720500 539
1720510 539
1720520 538
1720530 538
1720540 537
1720550 537
1720560 537
1720570 536
1720580 536
1720590 536
1720600 535
1720610 534
1720620 534
1720630 532
1720640 531
1720650 530
1720660 529
1720670 527
1720680 525
1720690 527
1720700 530
1720710 533
1720720 535
1720730 537
1720740 538
1720750 539
1720760 539
1720770 540
1720780 540
1720790 541
1720800 541
1720810 542
1720820 542
1720830 542
1720840 543
1720850 543
1720860 543
1720870 543
1720880 543
1720890 544
1720900 544
1720910 544
1720920 544
1720930 544
1720940 544
1720950 544
1720960 544
1720970 544
1720980 544
1720990 544
1721000 544
1721010 544
1721020 544
1721030 544
1721040 544
1721050 543
1721060 543
1721070 543
1721080 543
1721090 543
1721100 543
1721110 543
1721120 543
1721130 542
1721140 542
1721150 542
1721160 542
1721170 542
1721180 542
1721190 542
1721200 542
1721210 542
1721220 542
1721230 542
1721240 542
1721250 542
1721260 542
1721270 542
1721280 542
1721290 542
1721300 542
1721310 541
1721320 541
1721330 541
1721340 541
1721350 541
1721360 541
1721370 540
1721380 540
1721390 540
1721400 539
1721410 539
1721420 539
1721430 539
1721440 539
1721450 538
1721460 538
1721470 538
1721480 538
1721490 538
1721500 538
1721510 538
1721520 537
1721530 537
1721540 537
1721550 537
1721560 536
1721570 537
1721580 537
1721590 537
1721600 537
1721610 537
1721620 537
1721630 537
1721640 537
1721650 537
1721660 537
1721670 536
1721680 536
1721690 536
1721700 537
1721710 537
1721720 538
1721730 538
1721740 538
1721750 538
1721760 538
1721770 537
1721780 536
1721790 536
1721800 536
1721810 537
1721820 537
1721830 537
1721840 537
1721850 536
1721860 536
1721870 535
1721880 535
1721890 535
1721900 535
1721910 536
1721920 535
1721930 535
1721940 535
1721950 535
1721960 535
1721970 535
1721980 535
1721990 535
1722000 535
1722010 534
1722020 534
1722030 534
1722040 534
1722050 534
1722060 534
1722070 534
1722080 533
1722090 533
1722100 533
1722110 533
1722120 532
1722130 532
1722140 532
1722150 531
1722160 531
1722170 531
1722180 530
1722190 530
1722200 530
1722210 529
1722220 529
1722230 528
1722240 528
1722250 527
1722260 527
1722270 526
1722280 526
1722290 525
1722300 525
1722310 524
1722320 524
1722330 524
1722340 523
1722350 523
1722360 522
1722370 522
1722380 522
1722390 522
1722400 522
1722410 522
1722420 521
1722430 520
1722440 519
1722450 518
1722460 517
1722470 516
1722480 515
1722490 514
1722500 513
1722510 511
1722520 510
1722530 509
1722540 508
1722550 507
1722560 506
1722570 505
1722580 505
1722590 505
1722600 505
1722610 505
1722620 506
1722630 506
1722640 507
1722650 508
1722660 508
1722670 508
1722680 508
1722690 508
1722700 508
1722710 508
1722720 507
1722730 507
1722740 506
1722750 506
1722760 505
1722770 505
1722780 504
1722790 503
1722800 502
1722810 502
1722820 501
1722830 501
1722840 501
1722850 501
1722860 501
1722870 501
1722880 502
1722890 502
1722900 502
1722910 503
1722920 503
1722930 504
1722940 504
1722950 505
1722960 506
1722970 506
1722980 507
1722990 508
1723000 508
1723010 509
1723020 509
1723030 509
1723040 510
1723050 510
1723060 510
1723070 511
1723080 512
1723090 514
1723100 515
1723110 516
1723120 516
1723130 516
1723140 515
1723150 514
1723160 511
1723170 508
1723180 506
1723190 504
1723200 502
1723210 501
1723220 500
1723230 498
1723240 497
1723250 496
1723260 496
1723270 497
1723280 498
1723290 500
1723300 503
1723310 504
1723320 506
1723330 508
1723340 510
1723350 512
1723360 515
1723370 516
1723380 516
1723390 517
1723400 518
1723410 518
1723420 519
1723430 519
1723440 520
1723450 520
1723460 520
1723470 520
1723480 520
1723490 520
1723500 520
1723510 520
1723520 520
1723530 520
1723540 520
1723550 520
1723560 520
1723570 520
1723580 520
1723590 519
1723600 519
1723610 519
1723620 519
1723630 518
1723640 518
1723650 518
1723660 518
1723670 518
1723680 517
1723690 517
1723700 517
1723710 517
1723720 516
1723730 516
1723740 516
1723750 516
1723760 516
1723770 516
1723780 516
1723790 515
1723800 515
1723810 515
1723820 515
1723830 515
1723840 515
1723850 514
1723860 514
1723870 514
1723880 514
1723890 514
1723900 513
1723910 513
1723920 513
1723930 513
1723940 512
1723950 512
1723960 512
1723970 512
1723980 511
1723990 511
1724000 510
1724010 510
1724020 509
1724030 509
1724040 508
1724050 508
1724060 508
1724070 507
1724080 507
1724090 507
1724100 506
1724110 506
1724120 506
1724130 505
1724140 505
1724150 505
1724160 504
1724170 504
1724180 504
1724190 504
1724200 503
1724210 502
1724220 502
1724230 501
1724240 500
1724250 500
1724260 499
1724270 498
1724280 497
1724290 496
1724300 495
1724310 494
1724320 493
1724330 492
1724340 492
1724350 491
1724360 491
1724370 490
1724380 489
1724390 488
1724400 488
1724410 487
1724420 486
1724430 483
1724440 481
1724450 479
1724460 480
1724470 481
1724480 482
1724490 482
1724500 482
1724510 482
1724520 481
1724530 481
1724540 481
1724550 481
1724560 480
1724570 480
1724580 480
1724590 480
1724600 481
1724610 480
1724620 480
1724630 480
1724640 480
1724650 480
1724660 481
1724670 482
1724680 483
1724690 483
1724700 484
1724710 484
1724720 484
1724730 485
1724740 485
1724750 485
1724760 486
1724770 487
1724780 487
1724790 487
1724800 488
1724810 488
1724820 488
1724830 489
1724840 489
1724850 489
1724860 489
1724870 489
1724880 489
1724890 489
1724900 489
1724910 489
1724920 489
1724930 489
1724940 489
1724950 488
1724960 488
1724970 488
1724980 488
1724990 488
1725000 488
1725010 488
1725020 488
1725030 488
1725040 487
1725050 487
1725060 487
1725070 487
1725080 486
1725090 487
1725100 487
1725110 488
1725120 488
1725130 488
1725140 488
1725150 488
1725160 487
1725170 487
1725180 487
1725190 487
1725200 486
1725210 486
1725220 486
1725230 485
1725240 485
1725250 485
1725260 484
1725270 484
1725280 484
1725290 483
1725300 483
1725310 482
1725320 482
1725330 481
1725340 481
1725350 480
1725360 480
1725370 480
1725380 479
1725390 479
1725400 478
1725410 478
1725420 478
1725430 477
1725440 477
1725450 476
1725460 476
1725470 475
1725480 475
1725490 473
1725500 474
1725510 474
1725520 473
1725530 473
1725540 473
1725550 472
1725560 472
1725570 472
1725580 471
1725590 471
1725600 471
1725610 470
1725620 470
1725630 469
1725640 469
1725650 469
1725660 468
1725670 468
1725680 467
1725690 467
1725700 467
1725710 466
1725720 466
1725730 466
1725740 465
1725750 465
1725760 465
1725770 465
1725780 465
1725790 464
1725800 464
1725810 464
1725820 464
1725830 464
1725840 464
1725850 463
1725860 463
1725870 463
1725880 464
1725890 464
1725900 464
1725910 464
1725920 465
1725930 465
1725940 465
1725950 465
1725960 465
1725970 465
1725980 465
1725990 465
1726000 465
1726010 465
1726020 465
1726030 465
1726040 465
1726050 465
1726060 465
1726070 466
1726080 466
1726090 466
1726100 466
1726110 466
1726120 466
1726130 466
1726140 466
1726150 466
1726160 466
1726170 466
1726180 466
1726190 466
1726200 466
1726210 466
1726220 466
1726230 466
1726240 466
1726250 466
1726260 465
1726270 465
1726280 465
1726290 465
1726300 464
1726310 464
1726320 464
1726330 464
1726340 463
1726350 463
1726360 462
1726370 462
1726380 461
1726390 461
1726400 460
1726410 460
1726420 460
1726430 459
1726440 459
1726450 458
1726460 458
1726470 457
1726480 457
1726490 457
1726500 456
1726510 456
1726520 456
1726530 455
1726540 455
1726550 455
1726560 454
1726570 454
1726580 454
1726590 454
1726600 454
1726610 453
1726620 453
1726630 453
1726640 453
1726650 452
1726660 452
1726670 451
1726680 451
1726690 450
1726700 450
1726710 450
1726720 450
1726730 450
1726740 449
1726750 449
1726760 449
1726770 449
1726780 449
1726790 448
1726800 448
1726810 448
1726820 448
1726830 447
1726840 447
1726850 447
1726860 447
1726870 447
1726880 446
1726890 446
1726900 446
1726910 446
1726920 445
1726930 445
1726940 445
1726950 445
1726960 445
1726970 444
1726980 444
1726990 444
1727000 444
1727010 444
1727020 444
1727030 443
1727040 443
1727050 443
1727060 443
1727070 443
1727080 443
1727090 442
1727100 442
1727110 442
1727120 442
1727130 442
1727140 441
1727150 441
1727160 441
1727170 441
1727180 441
1727190 441
1727200 440
1727210 440
1727220 440
1727230 440
1727240 440
1727250 440
1727260 439
1727270 439
1727280 439
1727290 439
1727300 439
1727310 439
1727320 438
1727330 438
1727340 438
1727350 438
1727360 438
1727370 437
1727380 437
1727390 437
1727400 437
1727410 437
1727420 437
1727430 436
1727440 436
1727450 436
1727460 436
1727470 436
1727480 435
1727490 435
1727500 435
1727510 435
1727520 435
1727530 435
1727540 434
1727550 434
1727560 434
1727570 434
1727580 434
1727590 433
1727600 433
1727610 433
1727620 433
1727630 433
1727640 432
1727650 432
1727660 432
1727670 432
1727680 432
1727690 432
1727700 431
1727710 431
1727720 431
1727730 431
1727740 430
1727750 430
1727760 430
1727770 430
1727780 430
1727790 430
1727800 430
1727810 429
1727820 429
1727830 429
1727840 429
1727850 429
1727860 429
1727870 429
1727880 428
1727890 428
1727900 428
1727910 428
1727920 428
1727930 428
1727940 428
1727950 428
1727960 428
1727970 428
1727980 428
1727990 428
1728000 428
1728010 428
1728020 427
1728030 427
1728040 427
1728050 427
1728060 427
1728070 427
1728080 426
1728090 426
1728100 426
1728110 426
1728120 426
1728130 426
1728140 426
1728150 426
1728160 426
1728170 426
1728180 426
1728190 426
1728200 426
1728210 426
1728220 426
1728230 426
1728240 426
1728250 426
1728260 426
1728270 426
1728280 426
1728290 426
1728300 426
1728310 426
1728320 425
1728330 425
1728340 425
1728350 425
1728360 424
1728370 424
1728380 424
1728390 424
1728400 424
1728410 424
1728420 424
1728430 424
1728440 424
1728450 424
1728460 424
1728470 424
1728480 424
1728490 424
1728500 424
1728510 424
1728520 424
1728530 424
1728540 424
1728550 424
1728560 424
1728570 424
1728580 424
1728590 425
1728600 425
1728610 425
1728620 425
1728630 425
1728640 425
1728650 425
1728660 425
1728670 426
1728680 426
1728690 427
1728700 427
1728710 427
1728720 428
1728730 428
1728740 428
1728750 428
1728760 429
1728770 429
1728780 429
1728790 430
1728800 430
1728810 431
1728820 431
1728830 431
1728840 431
1728850 432
1728860 432
1728870 432
1728880 432
1728890 432
1728900 432
1728910 432
1728920 432
1728930 433
1728940 433
1728950 433
1728960 433
1728970 433
1728980 433
1728990 433
1729000 433
1729010 433
1729020 433
1729030 433
1729040 434
1729050 434
1729060 434
1729070 434
1729080 434
1729090 435
1729100 435
1729110 435
1729120 435
1729130 435
1729140 435
1729150 435
1729160 435
1729170 436
1729180 436
1729190 436
1729200 436
1729210 436
1729220 436
1729230 436
1729240 436
1729250 437
1729260 437
1729270 437
1729280 437
1729290 437
1729300 437
1729310 437
1729320 437
1729330 437
1729340 437
1729350 437
1729360 437
1729370 437
1729380 438
1729390 438
1729400 438
1729410 438
1729420 438
1729430 438
1729440 438
1729450 438
1729460 438
1729470 439
1729480 439
1729490 438
1729500 438
1729510 438
1729520 438
1729530 437
1729540 437
1729550 438
1729560 438
1729570 439
1729580 439
1729590 439
1729600 439
1729610 439
1729620 439
1729630 439
1729640 439
1729650 439
1729660 439
1729670 438
1729680 438
1729690 438
1729700 438
1729710 437
1729720 437
1729730 436
1729740 436
1729750 436
1729760 435
1729770 435
1729780 435
1729790 435
1729800 435
1729810 435
1729820 435
1729830 434
1729840 434
1729850 434
1729860 434
1729870 434
1729880 434
1729890 434
1729900 434
1729910 434
1729920 434
1729930 434
1729940 434
1729950 434
1729960 433
1729970 433
1729980 433
1729990 433
1730000 433
1730010 433
1730020 433
1730030 432
1730040 432
1730050 432
1730060 431
1730070 431
1730080 431
1730090 430
1730100 430
1730110 429
1730120 429
1730130 428
1730140 428
1730150 427
1730160 426
1730170 426
1730180 425
1730190 425
1730200 424
1730210 424
1730220 423
1730230 423
1730240 422
1730250 421
1730260 421
1730270 420
1730280 419
1730290 419
1730300 418
1730310 416
1730320 415
1730330 414
1730340 413
1730350 411
1730360 411
1730370 411
1730380 411
1730390 411
1730400 412
1730410 412
1730420 412
1730430 412
1730440 413
1730450 414
1730460 415
1730470 416
1730480 416
1730490 415
1730500 415
1730510 414
1730520 413
1730530 412
1730540 412
1730550 412
1730560 414
1730570 416
1730580 417
1730590 418
1730600 418
1730610 419
1730620 419
1730630 419
1730640 419
1730650 419
1730660 419
1730670 418
1730680 417
1730690 416
1730700 415
1730710 414
1730720 413
1730730 413
1730740 412
1730750 411
1730760 410
1730770 409
1730780 408
1730790 407
1730800 406
1730810 404
1730820 403
1730830 403
1730840 402
1730850 402
1730860 402
1730870 402
1730880 402
1730890 402
1730900 401
1730910 401
1730920 400
1730930 399
1730940 399
1730950 400
1730960 400
1730970 399
1730980 400
1730990 399
1731000 399
1731010 400
1731020 400
1731030 400
1731040 399
1731050 399
1731060 399
1731070 398
1731080 398
1731090 398
1731100 398
1731110 398
1731120 398
1731130 397
1731140 397
1731150 397
1731160 397
1731170 397
1731180 398
1731190 398
1731200 397
1731210 397
1731220 397
1731230 397
1731240 397
1731250 397
1731260 397
1731270 397
1731280 397
1731290 396
1731300 396
1731310 396
1731320 396
1731330 397
1731340 397
1731350 397
1731360 397
1731370 396
1731380 396
1731390 396
1731400 396
1731410 396
1731420 397
1731430 397
1731440 398
1731450 398
1731460 398
1731470 398
1731480 398
1731490 398
1731500 398
1731510 397
1731520 397
1731530 396
1731540 394
1731550 393
1731560 392
1731570 390
1731580 389
1731590 388
1731600 387
1731610 386
1731620 386
1731630 385
1731640 384
1731650 384
1731660 383
1731670 382
1731680 381
1731690 380
1731700 379
1731710 379
1731720 378
1731730 378
1731740 377
1731750 377
1731760 376
1731770 375
1731780 376
1731790 376
1731800 377
1731810 378
1731820 378
1731830 379
1731840 380
1731850 381
1731860 382
1731870 383
1731880 384
1731890 385
1731900 387
1731910 388
1731920 389
1731930 390
1731940 391
1731950 392
1731960 392
1731970 392
1731980 392
1731990 391
1732000 391
1732010 390
1732020 390
1732030 389
1732040 389
1732050 388
1732060 388
1732070 387
1732080 387
1732090 386
1732100 386
1732110 385
1732120 385
1732130 384
1732140 383
1732150 383
1732160 381
1732170 379
1732180 376
1732190 374
1732200 375
1732210 376
1732220 378
1732230 379
1732240 379
1732250 378
1732260 378
1732270 378
1732280 377
1732290 377
1732300 377
1732310 376
1732320 376
1732330 376
1732340 376
1732350 376
1732360 375
1732370 375
1732380 375
1732390 375
1732400 375
1732410 375
1732420 375
1732430 375
1732440 375
1732450 375
1732460 375
1732470 375
1732480 375
1732490 375
1732500 375
1732510 375
1732520 374
1732530 374
1732540 374
1732550 374
1732560 374
1732570 374
1732580 374
1732590 375
1732600 375
1732610 375
1732620 375
1732630 375
1732640 375
1732650 375
1732660 375
1732670 375
1732680 375
1732690 375
1732700 375
1732710 375
1732720 375
1732730 375
1732740 375
1732750 375
1732760 375
1732770 375
1732780 375
1732790 375
1732800 375
1732810 375
1732820 375
1732830 375
1732840 375
1732850 375
1732860 375
1732870 374
1732880 374
1732890 374
1732900 374
1732910 374
1732920 373
1732930 373
1732940 373
1732950 373
1732960 372
1732970 372
1732980 372
1732990 372
1733000 371
1733010 371
1733020 371
1733030 371
1733040 370
1733050 370
1733060 370
1733070 370
1733080 369
1733090 369
1733100 369
1733110 369
1733120 369
1733130 368
1733140 368
1733150 368
1733160 368
1733170 368
1733180 367
1733190 367
1733200 367
1733210 367
1733220 366
1733230 366
1733240 366
1733250 365
1733260 365
1733270 365
1733280 364
1733290 364
1733300 363
1733310 363
1733320 362
1733330 362
1733340 361
1733350 360
1733360 359
1733370 359
1733380 360
1733390 361
1733400 363
1733410 365
1733420 366
1733430 368
1733440 369
1733450 370
1733460 370
1733470 371
1733480 371
1733490 372
1733500 372
1733510 373
1733520 373
1733530 374
1733540 374
1733550 375
1733560 375
1733570 376
1733580 377
1733590 377
1733600 378
1733610 378
1733620 379
1733630 379
1733640 379
1733650 378
1733660 378
1733670 377
1733680 377
1733690 376
1733700 376
1733710 375
1733720 374
1733730 374
1733740 373
1733750 372
1733760 372
1733770 371
1733780 371
1733790 370
1733800 369
1733810 369
1733820 368
1733830 368
1733840 367
1733850 366
1733860 366
1733870 366
1733880 365
1733890 365
1733900 364
1733910 363
1733920 362
1733930 361
1733940 361
1733950 360
1733960 360
1733970 359
1733980 359
1733990 358
1734000 358
1734010 357
1734020 356
1734030 356
1734040 355
1734050 355
1734060 354
1734070 354
1734080 353
1734090 352
1734100 352
1734110 351
1734120 351
1734130 351
1734140 350
1734150 350
1734160 350
1734170 349
1734180 349
1734190 348
1734200 348
1734210 348
1734220 348
1734230 347
1734240 347
1734250 347
1734260 347
1734270 346
1734280 346
1734290 345
1734300 345
1734310 345
1734320 345
1734330 345
1734340 345
1734350 344
1734360 344
1734370 344
1734380 344
1734390 344
1734400 344
1734410 343
1734420 343
1734430 343
1734440 342
1734450 342
1734460 342
1734470 342
1734480 341
1734490 341
1734500 341
1734510 341
1734520 341
1734530 340
1734540 340
1734550 340
1734560 340
1734570 339
1734580 339
1734590 339
1734600 339
1734610 339
1734620 339
1734630 339
1734640 338
1734650 338
1734660 338
1734670 338
1734680 337
1734690 337
1734700 337
1734710 337
1734720 337
1734730 337
1734740 337
1734750 336
1734760 336
1734770 336
1734780 336
1734790 336
1734800 336
1734810 335
1734820 335
1734830 335
1734840 335
1734850 335
1734860 335
1734870 335
1734880 335
1734890 335
1734900 335
1734910 335
1734920 335
1734930 335
1734940 335
1734950 334
1734960 334
1734970 334
1734980 334
1734990 334
1735000 334
1735010 333
1735020 333
1735030 333
1735040 333
1735050 333
1735060 333
1735070 333
1735080 333
1735090 333
1735100 333
1735110 332
1735120 332
1735130 332
1735140 332
1735150 332
1735160 332
1735170 332
1735180 332
1735190 332
1735200 332
1735210 332
1735220 332
1735230 332
1735240 331
1735250 331
1735260 331
1735270 331
1735280 331
1735290 331
1735300 331
1735310 331
1735320 331
1735330 331
1735340 331
1735350 331
1735360 331
1735370 331
1735380 331
1735390 331
1735400 330
1735410 330
1735420 330
1735430 330
1735440 330
1735450 330
1735460 330
1735470 330
1735480 330
1735490 330
1735500 330
1735510 330
1735520 330
1735530 330
1735540 330
1735550 330
1735560 330
1735570 330
1735580 330
1735590 330
1735600 330
1735610 330
1735620 329
1735630 329
1735640 329
1735650 329
1735660 329
1735670 329
1735680 329
1735690 329
1735700 329
1735710 329
1735720 329
1735730 329
1735740 329
1735750 329
1735760 329
1735770 329
1735780 329
1735790 329
1735800 328
1735810 328
1735820 328
1735830 327
1735840 327
1735850 327
1735860 327
1735870 328
1735880 328
1735890 328
1735900 328
1735910 328
1735920 328
1735930 327
1735940 327
1735950 327
1735960 327
1735970 327
1735980 327
1735990 327
1736000 327
1736010 327
1736020 327
1736030 327
1736040 327
1736050 327
1736060 327
1736070 327
1736080 327
1736090 327
1736100 327
1736110 327
1736120 327
1736130 327
1736140 327
1736150 327
1736160 327
1736170 327
1736180 327
1736190 327
1736200 327
1736210 327
1736220 327
1736230 327
1736240 327
1736250 327
1736260 327
1736270 327
1736280 327
1736290 326
1736300 326
1736310 326
1736320 326
1736330 326
1736340 326
1736350 326
1736360 326
1736370 326
1736380 326
1736390 326
1736400 326
1736410 326
1736420 326
1736430 326
1736440 326
1736450 326
1736460 326
1736470 326
1736480 326
1736490 326
1736500 326
1736510 326
1736520 326
1736530 326
1736540 326
1736550 326
1736560 326
1736570 326
1736580 325
1736590 325
1736600 325
1736610 325
1736620 325
1736630 325
1736640 324
1736650 324
1736660 324
1736670 324
1736680 324
1736690 324
1736700 324
1736710 324
1736720 324
1736730 324
1736740 324
1736750 324
1736760 324
1736770 324
1736780 324
1736790 324
1736800 324
1736810 324
1736820 324
1736830 324
1736840 324
1736850 324
1736860 324
1736870 324
1736880 324
1736890 324
1736900 324
1736910 324
1736920 324
1736930 324
1736940 324
1736950 324
1736960 323
1736970 323
1736980 323
1736990 323
1737000 323
1737010 323
1737020 323
1737030 323
1737040 323
1737050 323
1737060 323
1737070 323
1737080 323
1737090 323
1737100 323
1737110 323
1737120 323
1737130 323
1737140 323
1737150 323
1737160 323
1737170 323
1737180 323
1737190 323
1737200 323
1737210 323
1737220 323
1737230 323
1737240 323
1737250 323
1737260 323
1737270 323
1737280 323
1737290 323
1737300 323
1737310 323
1737320 323
1737330 323
1737340 323
1737350 323
1737360 323
1737370 323
1737380 323
1737390 323
1737400 323
1737410 323
1737420 323
1737430 324
1737440 324
1737450 324
1737460 325
1737470 325
1737480 325
1737490 325
1737500 326
1737510 326
1737520 326
1737530 326
1737540 326
1737550 326
1737560 326
1737570 326
1737580 326
1737590 326
1737600 326
1737610 326
1737620 326
1737630 326
1737640 326
1737650 326
1737660 326
1737670 326
1737680 326
1737690 325
1737700 325
1737710 325
1737720 325
1737730 325
1737740 325
1737750 325
1737760 325
1737770 325
1737780 325
1737790 326
1737800 326
1737810 326
1737820 326
1737830 326
1737840 326
1737850 327
1737860 327
1737870 327
1737880 327
1737890 327
1737900 327
1737910 328
1737920 328
1737930 328
1737940 328
1737950 328
1737960 328
1737970 328
1737980 329
1737990 329
1738000 329
1738010 330
1738020 330
1738030 330
1738040 330
1738050 331
1738060 331
1738070 331
1738080 331
1738090 331
1738100 331
1738110 332
1738120 332
1738130 332
1738140 332
1738150 332
1738160 332
1738170 332
1738180 332
1738190 332
1738200 332
1738210 332
1738220 332
1738230 332
1738240 333
1738250 333
1738260 333
1738270 333
1738280 332
1738290 332
1738300 332
1738310 332
1738320 332
1738330 333
1738340 333
1738350 333
1738360 333
1738370 333
1738380 332
1738390 332
1738400 332
1738410 333
1738420 333
1738430 333
1738440 333
1738450 332
1738460 332
1738470 332
1738480 332
1738490 332
1738500 332
1738510 331
1738520 331
1738530 331
1738540 331
1738550 330
1738560 330
1738570 330
1738580 330
1738590 329
1738600 329
1738610 329
1738620 329
1738630 328
1738640 328
1738650 327
1738660 327
1738670 327
1738680 327
1738690 327
1738700 326
1738710 326
1738720 326
1738730 326
1738740 326
1738750 327
1738760 328
1738770 329
1738780 331
1738790 333
1738800 336
1738810 337
1738820 338
1738830 338
1738840 339
1738850 339
1738860 340
1738870 340
1738880 340
1738890 341
1738900 341
1738910 341
1738920 341
1738930 341
1738940 341
1738950 341
1738960 341
1738970 341
1738980 341
1738990 341
1739000 341
1739010 340
1739020 340
1739030 340
1739040 340
1739050 340
1739060 340
1739070 339
1739080 339
1739090 339
1739100 339
1739110 339
1739120 339
1739130 339
1739140 339
1739150 338
1739160 338
1739170 338
1739180 338
1739190 338
1739200 338
1739210 338
1739220 338
1739230 338
1739240 338
1739250 338
1739260 338
1739270 338
1739280 338
1739290 338
1739300 337
1739310 337
1739320 337
1739330 337
1739340 337
1739350 337
1739360 336
1739370 336
1739380 335
1739390 335
1739400 334
1739410 334
1739420 334
1739430 333
1739440 333
1739450 332
1739460 332
1739470 331
1739480 330
1739490 331
1739500 332
1739510 333
1739520 335
1739530 336
1739540 338
1739550 339
1739560 340
1739570 340
1739580 341
1739590 341
1739600 341
1739610 341
1739620 341
1739630 341
1739640 341
1739650 341
1739660 341
1739670 341
1739680 341
1739690 341
1739700 341
1739710 341
1739720 341
1739730 341
1739740 341
1739750 341
1739760 342
1739770 342
1739780 342
1739790 342
1739800 342
1739810 342
1739820 342
1739830 342
1739840 342
1739850 342
1739860 342
1739870 342
1739880 342
1739890 342
1739900 342
1739910 343
1739920 343
1739930 343
1739940 343
1739950 343
1739960 343
1739970 343
1739980 344
1739990 344
