1720000 551
1720010 551
1720020 550
1720030 550
1720040 549
1720050 549
1720060 548
1720070 548
1720080 547
1720090 547
1720100 546
1720110 545
1720120 545
1720130 545
1720140 544
1720150 543
1720160 543
1720170 542
1720180 542
1720190 541
1720200 540
1720210 539
1720220 538
1720230 538
1720240 537
1720250 535
1720260 534
1720270 532
1720280 530
1720290 528
1720300 526
1720310 523
1720320 520
1720330 518
1720340 515
1720350 512
1720360 510
1720370 508
1720380 505
1720390 502
1720400 499
1720410 496
1720420 493
1720430 491
1720440 488
1720450 485
1720460 484
1720470 485
1720480 487
1720490 488
1720500 489
1720510 490
1720520 490
1720530 490
1720540 489
1720550 489
1720560 489
1720570 488
1720580 488
1720590 487
1720600 486
1720610 486
1720620 485
1720630 484
1720640 483
1720650 482
1720660 482
1720670 482
1720680 482
1720690 482
1720700 481
1720710 481
1720720 480
1720730 480
1720740 479
1720750 480
1720760 481
1720770 482
1720780 483
1720790 483
1720800 483
1720810 482
1720820 482
1720830 482
1720840 482
1720850 482
1720860 483
1720870 483
1720880 483
1720890 484
1720900 486
1720910 486
1720920 486
1720930 485
1720940 487
1720950 490
1720960 493
1720970 494
1720980 496
1720990 496
1721000 498
1721010 499
1721020 500
1721030 501
1721040 502
1721050 503
1721060 504
1721070 504
1721080 506
1721090 507
1721100 508
1721110 509
1721120 510
1721130 511
1721140 512
1721150 513
1721160 514
1721170 515
1721180 516
1721190 517
1721200 518
1721210 518
1721220 519
1721230 520
1721240 520
1721250 521
1721260 521
1721270 521
1721280 521
1721290 521
1721300 521
1721310 521
1721320 521
1721330 521
1721340 521
1721350 521
1721360 521
1721370 521
1721380 520
1721390 520
1721400 520
1721410 520
1721420 519
1721430 519
1721440 517
1721450 516
1721460 515
1721470 514
1721480 513
1721490 513
1721500 513
1721510 514
1721520 515
1721530 517
1721540 518
1721550 519
1721560 520
1721570 520
1721580 520
1721590 521
1721600 521
1721610 522
1721620 522
1721630 523
1721640 523
1721650 523
1721660 524
1721670 524
1721680 524
1721690 524
1721700 524
1721710 524
1721720 524
1721730 524
1721740 524
1721750 524
1721760 524
1721770 524
1721780 524
1721790 524
1721800 524
1721810 524
1721820 524
1721830 523
1721840 523
1721850 523
1721860 523
1721870 523
1721880 523
1721890 523
1721900 523
1721910 523
1721920 523
1721930 523
1721940 523
1721950 522
1721960 522
1721970 522
1721980 522
1721990 522
1722000 522
1722010 522
1722020 522
1722030 522
1722040 522
1722050 522
1722060 522
1722070 522
1722080 522
1722090 522
1722100 522
1722110 522
1722120 522
1722130 521
1722140 521
1722150 521
1722160 521
1722170 520
1722180 520
1722190 520
1722200 519
1722210 519
1722220 518
1722230 518
1722240 517
1722250 517
1722260 516
1722270 516
1722280 515
1722290 515
1722300 515
1722310 514
1722320 513
1722330 513
1722340 512
1722350 511
1722360 510
1722370 509
1722380 509
1722390 508
1722400 507
1722410 507
1722420 506
1722430 506
1722440 505
1722450 505
1722460 504
1722470 504
1722480 503
1722490 503
1722500 502
1722510 502
1722520 501
1722530 500
1722540 499
1722550 498
1722560 497
1722570 497
1722580 497
1722590 497
1722600 497
1722610 497
1722620 498
1722630 498
1722640 498
1722650 498
1722660 497
1722670 497
1722680 496
1722690 495
1722700 494
1722710 492
1722720 491
1722730 490
1722740 488
1722750 486
1722760 484
1722770 483
1722780 482
1722790 481
1722800 480
1722810 479
1722820 478
1722830 476
1722840 475
1722850 474
1722860 473
1722870 472
1722880 471
1722890 470
1722900 469
1722910 468
1722920 468
1722930 467
1722940 466
1722950 466
1722960 466
1722970 466
1722980 466
1722990 465
1723000 465
1723010 465
1723020 465
1723030 464
1723040 464
1723050 463
1723060 463
1723070 462
1723080 462
1723090 461
1723100 461
1723110 461
1723120 460
1723130 460
1723140 460
1723150 459
1723160 459
1723170 459
1723180 459
1723190 459
1723200 458
1723210 458
1723220 457
1723230 457
1723240 457
1723250 456
1723260 456
1723270 455
1723280 455
1723290 455
1723300 454
1723310 454
1723320 454
1723330 453
1723340 453
1723350 453
1723360 453
1723370 453
1723380 452
1723390 452
1723400 452
1723410 451
1723420 451
1723430 451
1723440 451
1723450 451
1723460 450
1723470 450
1723480 450
1723490 450
1723500 450
1723510 450
1723520 450
1723530 450
1723540 451
1723550 451
1723560 451
1723570 450
1723580 450
1723590 450
1723600 450
1723610 450
1723620 449
1723630 449
1723640 449
1723650 449
1723660 449
1723670 449
1723680 450
1723690 450
1723700 450
1723710 449
1723720 449
1723730 449
1723740 449
1723750 449
1723760 449
1723770 449
1723780 449
1723790 449
1723800 449
1723810 449
1723820 448
1723830 448
1723840 448
1723850 448
1723860 447
1723870 448
1723880 450
1723890 450
1723900 448
1723910 443
1723920 438
1723930 435
1723940 435
1723950 435
1723960 435
1723970 435
1723980 440
1723990 446
1724000 452
1724010 452
1724020 452
1724030 452
1724040 452
1724050 452
1724060 452
1724070 452
1724080 451
1724090 451
1724100 452
1724110 452
1724120 452
1724130 452
1724140 452
1724150 452
1724160 452
1724170 453
1724180 453
1724190 453
1724200 453
1724210 453
1724220 453
1724230 453
1724240 453
1724250 453
1724260 453
1724270 453
1724280 453
1724290 453
1724300 453
1724310 453
1724320 453
1724330 453
1724340 453
1724350 453
1724360 453
1724370 453
1724380 452
1724390 452
1724400 452
1724410 452
1724420 451
1724430 451
1724440 451
1724450 450
1724460 450
1724470 450
1724480 450
1724490 449
1724500 449
1724510 449
1724520 449
1724530 448
1724540 448
1724550 448
1724560 448
1724570 448
1724580 448
1724590 448
1724600 447
1724610 446
1724620 446
1724630 446
1724640 446
1724650 445
1724660 445
1724670 445
1724680 445
1724690 445
1724700 445
1724710 445
1724720 445
1724730 445
1724740 445
1724750 445
1724760 445
1724770 444
1724780 444
1724790 444
1724800 443
1724810 443
1724820 443
1724830 443
1724840 443
1724850 443
1724860 443
1724870 444
1724880 444
1724890 444
1724900 444
1724910 444
1724920 444
1724930 444
1724940 445
1724950 445
1724960 445
1724970 445
1724980 446
1724990 446
1725000 446
1725010 447
1725020 447
1725030 447
1725040 447
1725050 447
1725060 447
1725070 448
1725080 448
1725090 448
1725100 448
1725110 448
1725120 448
1725130 449
1725140 449
1725150 449
1725160 449
1725170 449
1725180 449
1725190 450
1725200 450
1725210 451
1725220 451
1725230 451
1725240 451
1725250 451
1725260 452
1725270 452
1725280 452
1725290 452
1725300 453
1725310 453
1725320 453
1725330 453
1725340 453
1725350 453
1725360 453
1725370 453
1725380 453
1725390 453
1725400 453
1725410 454
1725420 454
1725430 454
1725440 454
1725450 454
1725460 454
1725470 454
1725480 454
1725490 454
1725500 454
1725510 454
1725520 454
1725530 454
1725540 455
1725550 455
1725560 455
1725570 455
1725580 455
1725590 455
1725600 455
1725610 455
1725620 455
1725630 454
1725640 455
1725650 455
1725660 455
1725670 455
1725680 455
1725690 455
1725700 455
1725710 455
1725720 455
1725730 455
1725740 455
1725750 455
1725760 455
1725770 455
1725780 455
1725790 455
1725800 455
1725810 455
1725820 455
1725830 454
1725840 454
1725850 454
1725860 454
1725870 454
1725880 454
1725890 454
1725900 454
1725910 454
1725920 454
1725930 454
1725940 454
1725950 454
1725960 454
1725970 453
1725980 453
1725990 453
1726000 453
1726010 453
1726020 453
1726030 453
1726040 453
1726050 452
1726060 452
1726070 452
1726080 452
1726090 452
1726100 452
1726110 452
1726120 451
1726130 451
1726140 451
1726150 451
1726160 451
1726170 451
1726180 451
1726190 451
1726200 451
1726210 451
1726220 451
1726230 451
1726240 451
1726250 450
1726260 450
1726270 450
1726280 450
1726290 450
1726300 450
1726310 450
1726320 450
1726330 450
1726340 450
1726350 450
1726360 449
1726370 449
1726380 449
1726390 449
1726400 449
1726410 449
1726420 448
1726430 448
1726440 448
1726450 447
1726460 447
1726470 446
1726480 446
1726490 445
1726500 445
1726510 444
1726520 443
1726530 443
1726540 442
1726550 442
1726560 441
1726570 441
1726580 441
1726590 440
1726600 440
1726610 439
1726620 439
1726630 439
1726640 440
1726650 440
1726660 440
1726670 441
1726680 441
1726690 440
1726700 440
1726710 440
1726720 440
1726730 440
1726740 440
1726750 440
1726760 441
1726770 441
1726780 441
1726790 441
1726800 441
1726810 441
1726820 441
1726830 441
1726840 441
1726850 441
1726860 441
1726870 440
1726880 440
1726890 440
1726900 440
1726910 440
1726920 441
1726930 441
1726940 441
1726950 441
1726960 441
1726970 440
1726980 440
1726990 440
1727000 440
1727010 440
1727020 440
1727030 440
1727040 440
1727050 439
1727060 439
1727070 439
1727080 439
1727090 439
1727100 439
1727110 438
1727120 438
1727130 438
1727140 437
1727150 437
1727160 437
1727170 437
1727180 437
1727190 436
1727200 436
1727210 436
1727220 436
1727230 435
1727240 435
1727250 435
1727260 435
1727270 435
1727280 434
1727290 434
1727300 434
1727310 434
1727320 434
1727330 434
1727340 433
1727350 433
1727360 433
1727370 433
1727380 433
1727390 432
1727400 432
1727410 432
1727420 432
1727430 432
1727440 432
1727450 432
1727460 432
1727470 431
1727480 431
1727490 431
1727500 431
1727510 431
1727520 431
1727530 430
1727540 430
1727550 430
1727560 430
1727570 430
1727580 430
1727590 430
1727600 430
1727610 430
1727620 430
1727630 430
1727640 430
1727650 430
1727660 430
1727670 430
1727680 430
1727690 430
1727700 430
1727710 430
1727720 430
1727730 430
1727740 430
1727750 430
1727760 430
1727770 430
1727780 430
1727790 430
1727800 430
1727810 430
1727820 430
1727830 430
1727840 430
1727850 429
1727860 429
1727870 429
1727880 429
1727890 429
1727900 429
1727910 429
1727920 429
1727930 429
1727940 429
1727950 429
1727960 428
1727970 428
1727980 428
1727990 428
1728000 428
1728010 428
1728020 428
1728030 428
1728040 428
1728050 428
1728060 427
1728070 427
1728080 427
1728090 427
1728100 427
1728110 427
1728120 427
1728130 427
1728140 427
1728150 426
1728160 426
1728170 426
1728180 426
1728190 426
1728200 426
1728210 426
1728220 425
1728230 425
1728240 425
1728250 425
1728260 425
1728270 425
1728280 424
1728290 424
1728300 424
1728310 424
1728320 424
1728330 423
1728340 423
1728350 423
1728360 423
1728370 422
1728380 422
1728390 422
1728400 421
1728410 421
1728420 421
1728430 421
1728440 421
1728450 420
1728460 420
1728470 420
1728480 420
1728490 420
1728500 419
1728510 419
1728520 419
1728530 419
1728540 419
1728550 419
1728560 419
1728570 419
1728580 420
1728590 421
1728600 423
1728610 424
1728620 425
1728630 425
1728640 426
1728650 426
1728660 427
1728670 427
1728680 428
1728690 428
1728700 429
1728710 429
1728720 430
1728730 430
1728740 431
1728750 431
1728760 432
1728770 432
1728780 432
1728790 433
1728800 433
1728810 434
1728820 434
1728830 434
1728840 434
1728850 434
1728860 434
1728870 435
1728880 435
1728890 435
1728900 435
1728910 435
1728920 435
1728930 435
1728940 435
1728950 435
1728960 434
1728970 434
1728980 434
1728990 434
1729000 434
1729010 434
1729020 434
1729030 434
1729040 434
1729050 434
1729060 434
1729070 434
1729080 434
1729090 434
1729100 433
1729110 433
1729120 433
1729130 433
1729140 433
1729150 433
1729160 433
1729170 433
1729180 433
1729190 433
1729200 433
1729210 433
1729220 433
1729230 433
1729240 433
1729250 433
1729260 433
1729270 433
1729280 433
1729290 432
1729300 432
1729310 432
1729320 432
1729330 432
1729340 432
1729350 432
1729360 432
1729370 433
1729380 433
1729390 433
1729400 433
1729410 433
1729420 433
1729430 433
1729440 433
1729450 433
1729460 433
1729470 433
1729480 433
1729490 433
1729500 433
1729510 433
1729520 433
1729530 433
1729540 433
1729550 434
1729560 434
1729570 434
1729580 434
1729590 434
1729600 434
1729610 435
1729620 435
1729630 435
1729640 435
1729650 435
1729660 436
1729670 436
1729680 436
1729690 436
1729700 436
1729710 436
1729720 436
1729730 436
1729740 436
1729750 436
1729760 436
1729770 436
1729780 436
1729790 437
1729800 437
1729810 437
1729820 437
1729830 437
1729840 437
1729850 437
1729860 437
1729870 437
1729880 437
1729890 437
1729900 437
1729910 438
1729920 438
1729930 438
1729940 438
1729950 438
1729960 438
1729970 438
1729980 438
1729990 438
1730000 438
1730010 438
1730020 438
1730030 438
1730040 438
1730050 438
1730060 438
1730070 438
1730080 438
1730090 439
1730100 439
1730110 439
1730120 439
1730130 439
1730140 439
1730150 439
1730160 439
1730170 439
1730180 439
1730190 439
1730200 439
1730210 439
1730220 439
1730230 439
1730240 439
1730250 440
1730260 440
1730270 440
1730280 440
1730290 440
1730300 440
1730310 440
1730320 440
1730330 440
1730340 440
1730350 440
1730360 440
1730370 440
1730380 440
1730390 440
1730400 440
1730410 440
1730420 440
1730430 440
1730440 440
1730450 440
1730460 440
1730470 440
1730480 440
1730490 441
1730500 441
1730510 441
1730520 440
1730530 440
1730540 440
1730550 440
1730560 440
1730570 440
1730580 440
1730590 440
1730600 440
1730610 440
1730620 439
1730630 439
1730640 439
1730650 439
1730660 439
1730670 439
1730680 438
1730690 438
1730700 438
1730710 438
1730720 438
1730730 438
1730740 438
1730750 437
1730760 437
1730770 437
1730780 437
1730790 437
1730800 437
1730810 436
1730820 436
1730830 436
1730840 436
1730850 436
1730860 435
1730870 435
1730880 435
1730890 435
1730900 435
1730910 434
1730920 434
1730930 434
1730940 434
1730950 434
1730960 434
1730970 433
1730980 433
1730990 432
1731000 432
1731010 431
1731020 431
1731030 430
1731040 429
1731050 428
1731060 428
1731070 427
1731080 427
1731090 426
1731100 426
1731110 426
1731120 426
1731130 426
1731140 426
1731150 426
1731160 426
1731170 425
1731180 425
1731190 425
1731200 425
1731210 424
1731220 424
1731230 424
1731240 423
1731250 423
1731260 422
1731270 422
1731280 422
1731290 421
1731300 421
1731310 420
1731320 420
1731330 419
1731340 418
1731350 418
1731360 418
1731370 418
1731380 418
1731390 417
1731400 417
1731410 417
1731420 417
1731430 416
1731440 416
1731450 416
1731460 416
1731470 416
1731480 415
1731490 415
1731500 415
1731510 415
1731520 415
1731530 415
1731540 415
1731550 415
1731560 415
1731570 415
1731580 415
1731590 415
1731600 415
1731610 415
1731620 415
1731630 415
1731640 415
1731650 415
1731660 415
1731670 414
1731680 414
1731690 414
1731700 414
1731710 414
1731720 414
1731730 414
1731740 414
1731750 414
1731760 414
1731770 414
1731780 414
1731790 414
1731800 414
1731810 414
1731820 413
1731830 413
1731840 413
1731850 413
1731860 413
1731870 413
1731880 413
1731890 412
1731900 412
1731910 412
1731920 411
1731930 411
1731940 411
1731950 411
1731960 410
1731970 410
1731980 410
1731990 409
1732000 409
1732010 409
1732020 409
1732030 408
1732040 408
1732050 408
1732060 407
1732070 407
1732080 407
1732090 406
1732100 406
1732110 406
1732120 406
1732130 405
1732140 405
1732150 405
1732160 405
1732170 405
1732180 404
1732190 404
1732200 404
1732210 403
1732220 403
1732230 403
1732240 402
1732250 402
1732260 402
1732270 401
1732280 401
1732290 401
1732300 401
1732310 401
1732320 400
1732330 399
1732340 399
1732350 398
1732360 398
1732370 397
1732380 397
1732390 397
1732400 397
1732410 397
1732420 397
1732430 396
1732440 396
1732450 396
1732460 396
1732470 396
1732480 395
1732490 395
1732500 395
1732510 395
1732520 395
1732530 395
1732540 395
1732550 396
1732560 396
1732570 396
1732580 396
1732590 396
1732600 396
1732610 396
1732620 396
1732630 396
1732640 396
1732650 396
1732660 396
1732670 397
1732680 397
1732690 397
1732700 397
1732710 397
1732720 397
1732730 397
1732740 397
1732750 397
1732760 397
1732770 398
1732780 398
1732790 398
1732800 398
1732810 398
1732820 398
1732830 398
1732840 399
1732850 399
1732860 399
1732870 399
1732880 399
1732890 399
1732900 399
1732910 399
1732920 399
1732930 398
1732940 398
1732950 398
1732960 398
1732970 398
1732980 397
1732990 397
1733000 397
1733010 397
1733020 397
1733030 396
1733040 396
1733050 396
1733060 396
1733070 396
1733080 395
1733090 395
1733100 395
1733110 394
1733120 394
1733130 394
1733140 393
1733150 393
1733160 393
1733170 392
1733180 392
1733190 392
1733200 392
1733210 391
1733220 391
1733230 391
1733240 391
1733250 390
1733260 390
1733270 390
1733280 390
1733290 389
1733300 389
1733310 389
1733320 389
1733330 389
1733340 388
1733350 388
1733360 388
1733370 388
1733380 388
1733390 388
1733400 387
1733410 387
1733420 387
1733430 387
1733440 387
1733450 386
1733460 386
1733470 386
1733480 386
1733490 386
1733500 385
1733510 385
1733520 385
1733530 385
1733540 385
1733550 385
1733560 384
1733570 384
1733580 384
1733590 384
1733600 383
1733610 383
1733620 383
1733630 383
1733640 382
1733650 382
1733660 382
1733670 382
1733680 381
1733690 381
1733700 381
1733710 381
1733720 380
1733730 380
1733740 380
1733750 379
1733760 379
1733770 379
1733780 379
1733790 379
1733800 378
1733810 378
1733820 378
1733830 378
1733840 377
1733850 377
1733860 377
1733870 377
1733880 376
1733890 376
1733900 376
1733910 376
1733920 375
1733930 375
1733940 375
1733950 375
1733960 375
1733970 374
1733980 374
1733990 374
1734000 374
1734010 374
1734020 373
1734030 373
1734040 373
1734050 373
1734060 373
1734070 373
1734080 373
1734090 372
1734100 372
1734110 372
1734120 372
1734130 371
1734140 371
1734150 371
1734160 371
1734170 370
1734180 370
1734190 370
1734200 370
1734210 370
1734220 369
1734230 369
1734240 369
1734250 369
1734260 368
1734270 368
1734280 368
1734290 368
1734300 368
1734310 368
1734320 368
1734330 368
1734340 367
1734350 367
1734360 367
1734370 366
1734380 366
1734390 366
1734400 366
1734410 365
1734420 365
1734430 365
1734440 365
1734450 364
1734460 364
1734470 364
1734480 364
1734490 363
1734500 363
1734510 363
1734520 363
1734530 362
1734540 362
1734550 362
1734560 361
1734570 361
1734580 361
1734590 361
1734600 361
1734610 361
1734620 361
1734630 361
1734640 361
1734650 361
1734660 360
1734670 360
1734680 360
1734690 360
1734700 360
1734710 360
1734720 360
1734730 360
1734740 359
1734750 359
1734760 359
1734770 359
1734780 359
1734790 359
1734800 359
1734810 359
1734820 358
1734830 358
1734840 358
1734850 358
1734860 358
1734870 358
1734880 357
1734890 357
1734900 357
1734910 357
1734920 357
1734930 356
1734940 356
1734950 356
1734960 356
1734970 356
1734980 355
1734990 355
1735000 355
1735010 355
1735020 354
1735030 354
1735040 354
1735050 354
1735060 354
1735070 353
1735080 353
1735090 353
1735100 353
1735110 353
1735120 352
1735130 352
1735140 352
1735150 352
1735160 351
1735170 351
1735180 351
1735190 351
1735200 350
1735210 350
1735220 350
1735230 350
1735240 349
1735250 349
1735260 349
1735270 349
1735280 348
1735290 348
1735300 348
1735310 347
1735320 347
1735330 347
1735340 347
1735350 347
1735360 346
1735370 346
1735380 346
1735390 345
1735400 345
1735410 345
1735420 345
1735430 345
1735440 344
1735450 344
1735460 344
1735470 344
1735480 344
1735490 344
1735500 343
1735510 343
1735520 343
1735530 343
1735540 342
1735550 342
1735560 342
1735570 342
1735580 342
1735590 342
1735600 341
1735610 341
1735620 341
1735630 341
1735640 341
1735650 341
1735660 341
1735670 340
1735680 340
1735690 340
1735700 339
1735710 339
1735720 339
1735730 338
1735740 338
1735750 337
1735760 337
1735770 336
1735780 335
1735790 334
1735800 334
1735810 333
1735820 333
1735830 333
1735840 333
1735850 334
1735860 335
1735870 337
1735880 338
1735890 339
1735900 339
1735910 339
1735920 339
1735930 339
1735940 339
1735950 340
1735960 340
1735970 340
1735980 340
1735990 340
1736000 340
1736010 340
1736020 340
1736030 340
1736040 340
1736050 340
1736060 340
1736070 340
1736080 340
1736090 340
1736100 340
1736110 340
1736120 339
1736130 338
1736140 338
1736150 338
1736160 340
1736170 340
1736180 340
1736190 340
1736200 340
1736210 340
1736220 340
1736230 339
1736240 339
1736250 339
1736260 339
1736270 339
1736280 339
1736290 339
1736300 339
1736310 339
1736320 338
1736330 338
1736340 338
1736350 338
1736360 338
1736370 338
1736380 338
1736390 338
1736400 337
1736410 337
1736420 337
1736430 337
1736440 337
1736450 337
1736460 337
1736470 336
1736480 336
1736490 337
1736500 336
1736510 336
1736520 336
1736530 336
1736540 336
1736550 336
1736560 336
1736570 335
1736580 335
1736590 335
1736600 335
1736610 335
1736620 335
1736630 335
1736640 335
1736650 335
1736660 335
1736670 334
1736680 334
1736690 334
1736700 334
1736710 334
1736720 334
1736730 334
1736740 334
1736750 334
1736760 334
1736770 334
1736780 334
1736790 334
1736800 334
1736810 334
1736820 334
1736830 333
1736840 333
1736850 333
1736860 333
1736870 333
1736880 333
1736890 333
1736900 333
1736910 333
1736920 333
1736930 333
1736940 333
1736950 333
1736960 333
1736970 333
1736980 333
1736990 333
1737000 332
1737010 332
1737020 332
1737030 332
1737040 332
1737050 332
1737060 332
1737070 332
1737080 332
1737090 332
1737100 332
1737110 332
1737120 331
1737130 331
1737140 331
1737150 331
1737160 331
1737170 331
1737180 331
1737190 331
1737200 331
1737210 330
1737220 330
1737230 330
1737240 330
1737250 330
1737260 330
1737270 330
1737280 329
1737290 329
1737300 329
1737310 329
1737320 329
1737330 329
1737340 329
1737350 328
1737360 328
1737370 328
1737380 328
1737390 328
1737400 327
1737410 327
1737420 327
1737430 327
1737440 327
1737450 327
1737460 327
1737470 326
1737480 326
1737490 326
1737500 326
1737510 326
1737520 326
1737530 326
1737540 325
1737550 325
1737560 325
1737570 325
1737580 325
1737590 325
1737600 325
1737610 325
1737620 324
1737630 324
1737640 324
1737650 324
1737660 324
1737670 324
1737680 324
1737690 324
1737700 324
1737710 324
1737720 324
1737730 324
1737740 323
1737750 323
1737760 323
1737770 323
1737780 323
1737790 323
1737800 322
1737810 322
1737820 322
1737830 322
1737840 322
1737850 322
1737860 322
1737870 322
1737880 322
1737890 322
1737900 322
1737910 322
1737920 322
1737930 322
1737940 322
1737950 321
1737960 321
1737970 321
1737980 321
1737990 321
1738000 320
1738010 320
1738020 319
1738030 319
1738040 318
1738050 318
1738060 318
1738070 318
1738080 317
1738090 317
1738100 317
1738110 317
1738120 317
1738130 317
1738140 317
1738150 317
1738160 317
1738170 317
1738180 317
1738190 317
1738200 317
1738210 317
1738220 317
1738230 317
1738240 317
1738250 317
1738260 317
1738270 316
1738280 316
1738290 316
1738300 316
1738310 316
1738320 316
1738330 316
1738340 316
1738350 316
1738360 316
1738370 317
1738380 317
1738390 317
1738400 317
1738410 317
1738420 317
1738430 317
1738440 317
1738450 317
1738460 317
1738470 317
1738480 317
1738490 316
1738500 316
1738510 316
1738520 315
1738530 316
1738540 316
1738550 316
1738560 317
1738570 317
1738580 317
1738590 316
1738600 316
1738610 316
1738620 316
1738630 316
1738640 316
1738650 316
1738660 316
1738670 315
1738680 315
1738690 315
1738700 315
1738710 315
1738720 315
1738730 315
1738740 315
1738750 315
1738760 315
1738770 315
1738780 315
1738790 315
1738800 315
1738810 315
1738820 315
1738830 315
1738840 315
1738850 315
1738860 314
1738870 314
1738880 314
1738890 314
1738900 314
1738910 314
1738920 314
1738930 314
1738940 314
1738950 314
1738960 314
1738970 314
1738980 314
1738990 314
1739000 314
1739010 314
1739020 314
1739030 314
1739040 314
1739050 314
1739060 314
1739070 314
1739080 314
1739090 314
1739100 314
1739110 314
1739120 314
1739130 315
1739140 315
1739150 315
1739160 315
1739170 315
1739180 315
1739190 315
1739200 316
1739210 316
1739220 316
1739230 315
1739240 315
1739250 315
1739260 315
1739270 315
1739280 315
1739290 316
1739300 316
1739310 316
1739320 316
1739330 316
1739340 317
1739350 317
1739360 317
1739370 317
1739380 318
1739390 318
1739400 318
1739410 319
1739420 319
1739430 319
1739440 320
1739450 320
1739460 320
1739470 320
1739480 321
1739490 321
1739500 322
1739510 322
1739520 323
1739530 323
1739540 324
1739550 324
1739560 324
1739570 324
1739580 325
1739590 325
1739600 325
1739610 325
1739620 325
1739630 326
1739640 326
1739650 326
1739660 327
1739670 327
1739680 327
1739690 327
1739700 328
1739710 328
1739720 328
1739730 328
1739740 328
1739750 328
1739760 328
1739770 329
1739780 329
1739790 329
1739800 329
1739810 329
1739820 329
1739830 329
1739840 329
1739850 329
1739860 329
1739870 329
1739880 329
1739890 329
1739900 330
1739910 330
1739920 330
1739930 330
1739940 330
1739950 330
1739960 330
1739970 330
1739980 329
1739990 329
