1720000 526
1720010 526
1720020 526
1720030 526
1720040 526
1720050 526
1720060 526
1720070 526
1720080 526
1720090 526
1720100 526
1720110 527
1720120 527
1720130 527
1720140 527
1720150 527
1720160 527
1720170 527
1720180 526
1720190 526
1720200 526
1720210 525
1720220 525
1720230 525
1720240 524
1720250 523
1720260 523
1720270 522
1720280 521
1720290 521
1720300 520
1720310 519
1720320 518
1720330 516
1720340 514
1720350 512
1720360 510
1720370 509
1720380 507
1720390 505
1720400 503
1720410 500
1720420 498
1720430 495
1720440 493
1720450 492
1720460 491
1720470 491
1720480 489
1720490 489
1720500 490
1720510 492
1720520 495
1720530 498
1720540 502
1720550 506
1720560 511
1720570 515
1720580 520
1720590 525
1720600 530
1720610 533
1720620 537
1720630 539
1720640 540
1720650 539
1720660 538
1720670 536
1720680 535
1720690 534
1720700 533
1720710 533
1720720 532
1720730 531
1720740 531
1720750 530
1720760 530
1720770 529
1720780 528
1720790 527
1720800 526
1720810 525
1720820 524
1720830 523
1720840 523
1720850 522
1720860 522
1720870 522
1720880 522
1720890 522
1720900 522
1720910 522
1720920 522
1720930 522
1720940 522
1720950 521
1720960 521
1720970 521
1720980 521
1720990 521
1721000 521
1721010 521
1721020 521
1721030 521
1721040 521
1721050 521
1721060 520
1721070 520
1721080 521
1721090 521
1721100 521
1721110 521
1721120 520
1721130 520
1721140 520
1721150 520
1721160 520
1721170 520
1721180 520
1721190 520
1721200 520
1721210 520
1721220 521
1721230 521
1721240 521
1721250 521
1721260 522
1721270 522
1721280 522
1721290 523
1721300 523
1721310 523
1721320 523
1721330 524
1721340 524
1721350 524
1721360 525
1721370 525
1721380 525
1721390 525
1721400 525
1721410 526
1721420 526
1721430 526
1721440 526
1721450 526
1721460 526
1721470 526
1721480 526
1721490 527
1721500 527
1721510 527
1721520 528
1721530 528
1721540 529
1721550 529
1721560 529
1721570 530
1721580 530
1721590 530
1721600 530
1721610 531
1721620 531
1721630 532
1721640 532
1721650 532
1721660 533
1721670 533
1721680 533
1721690 533
1721700 534
1721710 534
1721720 534
1721730 534
1721740 534
1721750 535
1721760 535
1721770 535
1721780 535
1721790 535
1721800 535
1721810 535
1721820 535
1721830 535
1721840 535
1721850 534
1721860 534
1721870 534
1721880 534
1721890 534
1721900 533
1721910 533
1721920 533
1721930 533
1721940 532
1721950 532
1721960 532
1721970 532
1721980 532
1721990 531
1722000 531
1722010 531
1722020 531
1722030 530
1722040 530
1722050 530
1722060 530
1722070 529
1722080 529
1722090 529
1722100 529
1722110 528
1722120 528
1722130 528
1722140 528
1722150 527
1722160 527
1722170 527
1722180 527
1722190 526
1722200 526
1722210 525
1722220 525
1722230 524
1722240 524
1722250 524
1722260 524
1722270 524
1722280 524
1722290 523
1722300 523
1722310 523
1722320 522
1722330 522
1722340 522
1722350 521
1722360 521
1722370 520
1722380 520
1722390 519
1722400 518
1722410 518
1722420 517
1722430 516
1722440 516
1722450 515
1722460 514
1722470 513
1722480 511
1722490 510
1722500 509
1722510 508
1722520 506
1722530 505
1722540 504
1722550 503
1722560 503
1722570 502
1722580 501
1722590 501
1722600 500
1722610 500
1722620 499
1722630 499
1722640 498
1722650 498
1722660 498
1722670 498
1722680 498
1722690 498
1722700 498
1722710 498
1722720 497
1722730 497
1722740 497
1722750 497
1722760 497
1722770 497
1722780 497
1722790 496
1722800 495
1722810 495
1722820 495
1722830 494
1722840 494
1722850 494
1722860 493
1722870 493
1722880 492
1722890 492
1722900 492
1722910 492
1722920 492
1722930 492
1722940 492
1722950 492
1722960 492
1722970 492
1722980 492
1722990 492
1723000 492
1723010 492
1723020 492
1723030 492
1723040 492
1723050 492
1723060 492
1723070 492
1723080 492
1723090 492
1723100 492
1723110 492
1723120 492
1723130 492
1723140 492
1723150 492
1723160 492
1723170 492
1723180 492
1723190 492
1723200 492
1723210 492
1723220 492
1723230 491
1723240 492
1723250 492
1723260 492
1723270 492
1723280 492
1723290 492
1723300 491
1723310 491
1723320 491
1723330 491
1723340 491
1723350 491
1723360 491
1723370 491
1723380 490
1723390 490
1723400 490
1723410 490
1723420 490
1723430 490
1723440 490
1723450 490
1723460 490
1723470 489
1723480 489
1723490 489
1723500 489
1723510 489
1723520 489
1723530 488
1723540 488
1723550 488
1723560 488
1723570 488
1723580 488
1723590 487
1723600 487
1723610 487
1723620 486
1723630 486
1723640 486
1723650 486
1723660 486
1723670 485
1723680 485
1723690 485
1723700 484
1723710 484
1723720 484
1723730 483
1723740 483
1723750 482
1723760 482
1723770 481
1723780 480
1723790 479
1723800 479
1723810 478
1723820 476
1723830 475
1723840 474
1723850 473
1723860 472
1723870 472
1723880 472
1723890 471
1723900 471
1723910 470
1723920 469
1723930 468
1723940 467
1723950 465
1723960 464
1723970 463
1723980 463
1723990 463
1724000 463
1724010 463
1724020 463
1724030 462
1724040 462
1724050 461
1724060 461
1724070 461
1724080 460
1724090 460
1724100 460
1724110 459
1724120 459
1724130 458
1724140 458
1724150 458
1724160 458
1724170 457
1724180 457
1724190 457
1724200 456
1724210 456
1724220 455
1724230 455
1724240 455
1724250 455
1724260 455
1724270 454
1724280 454
1724290 454
1724300 454
1724310 454
1724320 453
1724330 453
1724340 453
1724350 453
1724360 453
1724370 453
1724380 453
1724390 453
1724400 452
1724410 452
1724420 452
1724430 452
1724440 452
1724450 452
1724460 452
1724470 452
1724480 452
1724490 452
1724500 452
1724510 452
1724520 452
1724530 453
1724540 453
1724550 453
1724560 453
1724570 454
1724580 454
1724590 454
1724600 455
1724610 455
1724620 455
1724630 456
1724640 456
1724650 456
1724660 456
1724670 457
1724680 457
1724690 457
1724700 457
1724710 457
1724720 456
1724730 456
1724740 456
1724750 456
1724760 456
1724770 456
1724780 456
1724790 456
1724800 456
1724810 456
1724820 456
1724830 456
1724840 456
1724850 456
1724860 456
1724870 455
1724880 456
1724890 456
1724900 456
1724910 456
1724920 456
1724930 456
1724940 456
1724950 456
1724960 456
1724970 456
1724980 456
1724990 456
1725000 456
1725010 456
1725020 455
1725030 454
1725040 454
1725050 455
1725060 455
1725070 455
1725080 454
1725090 454
1725100 454
1725110 454
1725120 454
1725130 455
1725140 456
1725150 456
1725160 457
1725170 457
1725180 457
1725190 458
1725200 458
1725210 458
1725220 459
1725230 459
1725240 459
1725250 459
1725260 460
1725270 460
1725280 461
1725290 461
1725300 461
1725310 461
1725320 461
1725330 461
1725340 461
1725350 462
1725360 462
1725370 462
1725380 462
1725390 461
1725400 461
1725410 461
1725420 461
1725430 461
1725440 461
1725450 461
1725460 461
1725470 461
1725480 461
1725490 461
1725500 461
1725510 461
1725520 462
1725530 462
1725540 462
1725550 462
1725560 462
1725570 462
1725580 462
1725590 462
1725600 462
1725610 462
1725620 462
1725630 462
1725640 462
1725650 462
1725660 462
1725670 462
1725680 462
1725690 462
1725700 462
1725710 462
1725720 462
1725730 462
1725740 462
1725750 462
1725760 462
1725770 462
1725780 462
1725790 462
1725800 462
1725810 461
1725820 461
1725830 461
1725840 461
1725850 461
1725860 461
1725870 461
1725880 461
1725890 461
1725900 460
1725910 460
1725920 460
1725930 460
1725940 459
1725950 459
1725960 459
1725970 459
1725980 459
1725990 458
1726000 458
1726010 458
1726020 458
1726030 457
1726040 457
1726050 457
1726060 457
1726070 457
1726080 457
1726090 457
1726100 456
1726110 456
1726120 456
1726130 456
1726140 455
1726150 455
1726160 455
1726170 454
1726180 454
1726190 454
1726200 453
1726210 453
1726220 452
1726230 452
1726240 451
1726250 450
1726260 450
1726270 449
1726280 449
1726290 448
1726300 448
1726310 448
1726320 447
1726330 447
1726340 446
1726350 447
1726360 447
1726370 448
1726380 448
1726390 448
1726400 449
1726410 450
1726420 450
1726430 451
1726440 451
1726450 452
1726460 452
1726470 453
1726480 453
1726490 454
1726500 454
1726510 454
1726520 455
1726530 455
1726540 455
1726550 455
1726560 455
1726570 455
1726580 455
1726590 455
1726600 455
1726610 455
1726620 455
1726630 454
1726640 454
1726650 454
1726660 454
1726670 454
1726680 454
1726690 454
1726700 454
1726710 453
1726720 453
1726730 453
1726740 453
1726750 453
1726760 452
1726770 452
1726780 452
1726790 452
1726800 451
1726810 451
1726820 451
1726830 450
1726840 450
1726850 449
1726860 449
1726870 449
1726880 448
1726890 448
1726900 448
1726910 447
1726920 447
1726930 446
1726940 446
1726950 446
1726960 445
1726970 445
1726980 445
1726990 445
1727000 444
1727010 444
1727020 444
1727030 443
1727040 443
1727050 443
1727060 442
1727070 442
1727080 442
1727090 442
1727100 441
1727110 441
1727120 441
1727130 440
1727140 440
1727150 440
1727160 440
1727170 439
1727180 439
1727190 439
1727200 439
1727210 438
1727220 438
1727230 438
1727240 438
1727250 438
1727260 438
1727270 437
1727280 437
1727290 437
1727300 437
1727310 437
1727320 436
1727330 436
1727340 436
1727350 436
1727360 435
1727370 435
1727380 435
1727390 435
1727400 435
1727410 434
1727420 434
1727430 434
1727440 434
1727450 433
1727460 433
1727470 433
1727480 433
1727490 433
1727500 433
1727510 432
1727520 432
1727530 432
1727540 432
1727550 432
1727560 432
1727570 432
1727580 431
1727590 431
1727600 431
1727610 431
1727620 431
1727630 431
1727640 431
1727650 430
1727660 430
1727670 430
1727680 430
1727690 430
1727700 430
1727710 429
1727720 429
1727730 429
1727740 429
1727750 429
1727760 429
1727770 429
1727780 428
1727790 428
1727800 428
1727810 428
1727820 428
1727830 427
1727840 427
1727850 427
1727860 427
1727870 427
1727880 427
1727890 426
1727900 426
1727910 426
1727920 426
1727930 426
1727940 425
1727950 425
1727960 425
1727970 425
1727980 425
1727990 425
1728000 425
1728010 425
1728020 425
1728030 424
1728040 424
1728050 424
1728060 424
1728070 424
1728080 424
1728090 424
1728100 424
1728110 424
1728120 423
1728130 423
1728140 423
1728150 423
1728160 423
1728170 423
1728180 423
1728190 423
1728200 422
1728210 422
1728220 422
1728230 422
1728240 422
1728250 422
1728260 422
1728270 422
1728280 422
1728290 421
1728300 421
1728310 421
1728320 421
1728330 421
1728340 421
1728350 421
1728360 421
1728370 421
1728380 421
1728390 421
1728400 421
1728410 421
1728420 421
1728430 421
1728440 422
1728450 424
1728460 425
1728470 426
1728480 426
1728490 426
1728500 426
1728510 426
1728520 427
1728530 427
1728540 427
1728550 428
1728560 428
1728570 429
1728580 429
1728590 430
1728600 430
1728610 431
1728620 432
1728630 432
1728640 432
1728650 433
1728660 433
1728670 433
1728680 434
1728690 434
1728700 434
1728710 434
1728720 435
1728730 435
1728740 435
1728750 436
1728760 436
1728770 436
1728780 436
1728790 437
1728800 437
1728810 437
1728820 437
1728830 437
1728840 438
1728850 438
1728860 438
1728870 438
1728880 438
1728890 438
1728900 438
1728910 438
1728920 438
1728930 438
1728940 438
1728950 438
1728960 438
1728970 438
1728980 438
1728990 438
1729000 437
1729010 437
1729020 437
1729030 437
1729040 437
1729050 437
1729060 437
1729070 437
1729080 436
1729090 436
1729100 436
1729110 436
1729120 436
1729130 436
1729140 436
1729150 436
1729160 436
1729170 435
1729180 435
1729190 435
1729200 435
1729210 435
1729220 435
1729230 435
1729240 435
1729250 435
1729260 435
1729270 435
1729280 435
1729290 435
1729300 435
1729310 435
1729320 435
1729330 435
1729340 435
1729350 435
1729360 436
1729370 436
1729380 436
1729390 436
1729400 436
1729410 436
1729420 436
1729430 436
1729440 436
1729450 436
1729460 436
1729470 437
1729480 437
1729490 437
1729500 437
1729510 437
1729520 437
1729530 437
1729540 437
1729550 437
1729560 437
1729570 437
1729580 437
1729590 437
1729600 437
1729610 437
1729620 438
1729630 438
1729640 438
1729650 438
1729660 438
1729670 438
1729680 438
1729690 438
1729700 438
1729710 438
1729720 438
1729730 438
1729740 438
1729750 438
1729760 438
1729770 438
1729780 438
1729790 438
1729800 438
1729810 438
1729820 438
1729830 438
1729840 438
1729850 438
1729860 438
1729870 438
1729880 438
1729890 438
1729900 438
1729910 438
1729920 438
1729930 438
1729940 438
1729950 438
1729960 438
1729970 438
1729980 438
1729990 438
1730000 438
1730010 438
1730020 437
1730030 437
1730040 437
1730050 437
1730060 437
1730070 437
1730080 437
1730090 437
1730100 437
1730110 437
1730120 436
1730130 436
1730140 436
1730150 436
1730160 436
1730170 436
1730180 436
1730190 435
1730200 435
1730210 435
1730220 435
1730230 435
1730240 435
1730250 435
1730260 435
1730270 435
1730280 435
1730290 435
1730300 434
1730310 434
1730320 434
1730330 434
1730340 434
1730350 434
1730360 434
1730370 434
1730380 434
1730390 434
1730400 434
1730410 434
1730420 434
1730430 434
1730440 434
1730450 434
1730460 434
1730470 433
1730480 433
1730490 433
1730500 433
1730510 433
1730520 433
1730530 433
1730540 434
1730550 434
1730560 434
1730570 434
1730580 433
1730590 433
1730600 433
1730610 432
1730620 432
1730630 432
1730640 432
1730650 431
1730660 431
1730670 431
1730680 430
1730690 430
1730700 430
1730710 429
1730720 429
1730730 429
1730740 429
1730750 428
1730760 428
1730770 428
1730780 427
1730790 427
1730800 427
1730810 426
1730820 426
1730830 425
1730840 425
1730850 425
1730860 424
1730870 424
1730880 423
1730890 423
1730900 423
1730910 422
1730920 422
1730930 422
1730940 421
1730950 421
1730960 421
1730970 420
1730980 420
1730990 419
1731000 419
1731010 418
1731020 418
1731030 417
1731040 417
1731050 417
1731060 416
1731070 416
1731080 416
1731090 416
1731100 415
1731110 415
1731120 414
1731130 413
1731140 413
1731150 412
1731160 412
1731170 412
1731180 412
1731190 412
1731200 412
1731210 412
1731220 411
1731230 411
1731240 410
1731250 410
1731260 410
1731270 409
1731280 409
1731290 409
1731300 408
1731310 408
1731320 408
1731330 407
1731340 407
1731350 406
1731360 406
1731370 406
1731380 406
1731390 406
1731400 406
1731410 406
1731420 406
1731430 406
1731440 406
1731450 406
1731460 406
1731470 406
1731480 406
1731490 407
1731500 407
1731510 407
1731520 407
1731530 408
1731540 408
1731550 408
1731560 408
1731570 409
1731580 409
1731590 409
1731600 409
1731610 410
1731620 410
1731630 410
1731640 410
1731650 411
1731660 411
1731670 411
1731680 411
1731690 411
1731700 411
1731710 412
1731720 412
1731730 412
1731740 412
1731750 412
1731760 412
1731770 412
1731780 412
1731790 412
1731800 412
1731810 412
1731820 412
1731830 412
1731840 412
1731850 412
1731860 412
1731870 412
1731880 412
1731890 412
1731900 412
1731910 412
1731920 412
1731930 412
1731940 411
1731950 411
1731960 411
1731970 411
1731980 410
1731990 410
1732000 410
1732010 410
1732020 409
1732030 409
1732040 409
1732050 408
1732060 408
1732070 407
1732080 407
1732090 406
1732100 406
1732110 405
1732120 405
1732130 405
1732140 404
1732150 404
1732160 403
1732170 403
1732180 402
1732190 402
1732200 401
1732210 401
1732220 401
1732230 400
1732240 400
1732250 398
1732260 398
1732270 397
1732280 397
1732290 397
1732300 396
1732310 396
1732320 395
1732330 394
1732340 394
1732350 393
1732360 392
1732370 392
1732380 391
1732390 390
1732400 389
1732410 389
1732420 388
1732430 388
1732440 387
1732450 387
1732460 387
1732470 387
1732480 387
1732490 387
1732500 387
1732510 387
1732520 387
1732530 386
1732540 386
1732550 386
1732560 385
1732570 385
1732580 384
1732590 384
1732600 384
1732610 384
1732620 384
1732630 385
1732640 386
1732650 386
1732660 386
1732670 387
1732680 387
1732690 387
1732700 387
1732710 387
1732720 387
1732730 387
1732740 387
1732750 387
1732760 387
1732770 387
1732780 387
1732790 387
1732800 387
1732810 388
1732820 388
1732830 388
1732840 388
1732850 387
1732860 387
1732870 387
1732880 387
1732890 387
1732900 387
1732910 387
1732920 387
1732930 386
1732940 386
1732950 386
1732960 386
1732970 385
1732980 385
1732990 385
1733000 384
1733010 384
1733020 384
1733030 384
1733040 384
1733050 383
1733060 383
1733070 383
1733080 383
1733090 383
1733100 383
1733110 383
1733120 383
1733130 383
1733140 383
1733150 383
1733160 383
1733170 383
1733180 383
1733190 383
1733200 383
1733210 383
1733220 383
1733230 383
1733240 383
1733250 383
1733260 383
1733270 383
1733280 383
1733290 383
1733300 383
1733310 383
1733320 383
1733330 383
1733340 383
1733350 383
1733360 383
1733370 383
1733380 383
1733390 383
1733400 383
1733410 382
1733420 382
1733430 382
1733440 382
1733450 382
1733460 382
1733470 381
1733480 381
1733490 381
1733500 380
1733510 380
1733520 380
1733530 380
1733540 380
1733550 380
1733560 380
1733570 380
1733580 380
1733590 379
1733600 379
1733610 379
1733620 379
1733630 379
1733640 379
1733650 378
1733660 378
1733670 378
1733680 378
1733690 378
1733700 378
1733710 378
1733720 377
1733730 377
1733740 377
1733750 377
1733760 377
1733770 377
1733780 377
1733790 377
1733800 376
1733810 376
1733820 376
1733830 376
1733840 376
1733850 376
1733860 375
1733870 375
1733880 375
1733890 375
1733900 375
1733910 374
1733920 374
1733930 374
1733940 374
1733950 374
1733960 374
1733970 374
1733980 373
1733990 373
1734000 373
1734010 373
1734020 373
1734030 373
1734040 373
1734050 373
1734060 373
1734070 373
1734080 373
1734090 372
1734100 372
1734110 372
1734120 372
1734130 372
1734140 372
1734150 372
1734160 371
1734170 371
1734180 371
1734190 371
1734200 371
1734210 371
1734220 370
1734230 370
1734240 370
1734250 370
1734260 370
1734270 370
1734280 369
1734290 369
1734300 369
1734310 369
1734320 368
1734330 368
1734340 368
1734350 368
1734360 367
1734370 367
1734380 367
1734390 367
1734400 367
1734410 366
1734420 366
1734430 366
1734440 366
1734450 365
1734460 365
1734470 365
1734480 365
1734490 365
1734500 364
1734510 364
1734520 364
1734530 364
1734540 363
1734550 363
1734560 363
1734570 363
1734580 362
1734590 362
1734600 362
1734610 362
1734620 362
1734630 361
1734640 361
1734650 361
1734660 361
1734670 361
1734680 360
1734690 360
1734700 360
1734710 360
1734720 359
1734730 359
1734740 359
1734750 359
1734760 359
1734770 359
1734780 358
1734790 358
1734800 358
1734810 358
1734820 357
1734830 357
1734840 357
1734850 357
1734860 357
1734870 356
1734880 356
1734890 356
1734900 356
1734910 356
1734920 355
1734930 355
1734940 355
1734950 354
1734960 354
1734970 354
1734980 353
1734990 353
1735000 353
1735010 352
1735020 352
1735030 351
1735040 350
1735050 350
1735060 350
1735070 350
1735080 349
1735090 349
1735100 349
1735110 350
1735120 350
1735130 350
1735140 350
1735150 350
1735160 349
1735170 349
1735180 349
1735190 349
1735200 348
1735210 348
1735220 348
1735230 347
1735240 347
1735250 347
1735260 347
1735270 347
1735280 346
1735290 346
1735300 346
1735310 345
1735320 345
1735330 345
1735340 344
1735350 344
1735360 344
1735370 343
1735380 343
1735390 341
1735400 340
1735410 339
1735420 340
1735430 341
1735440 341
1735450 340
1735460 339
1735470 339
1735480 338
1735490 338
1735500 337
1735510 337
1735520 337
1735530 337
1735540 337
1735550 337
1735560 337
1735570 337
1735580 337
1735590 336
1735600 336
1735610 336
1735620 336
1735630 335
1735640 335
1735650 335
1735660 335
1735670 334
1735680 334
1735690 334
1735700 334
1735710 334
1735720 334
1735730 334
1735740 334
1735750 334
1735760 334
1735770 333
1735780 332
1735790 332
1735800 332
1735810 331
1735820 331
1735830 331
1735840 331
1735850 331
1735860 330
1735870 330
1735880 330
1735890 330
1735900 330
1735910 330
1735920 330
1735930 330
1735940 330
1735950 330
1735960 330
1735970 329
1735980 329
1735990 329
1736000 330
1736010 330
1736020 330
1736030 330
1736040 331
1736050 331
1736060 332
1736070 332
1736080 332
1736090 332
1736100 332
1736110 332
1736120 333
1736130 333
1736140 332
1736150 332
1736160 332
1736170 332
1736180 332
1736190 332
1736200 332
1736210 332
1736220 332
1736230 332
1736240 332
1736250 332
1736260 332
1736270 331
1736280 331
1736290 331
1736300 331
1736310 331
1736320 331
1736330 331
1736340 331
1736350 331
1736360 331
1736370 331
1736380 331
1736390 331
1736400 331
1736410 331
1736420 331
1736430 331
1736440 331
1736450 331
1736460 331
1736470 331
1736480 331
1736490 331
1736500 331
1736510 331
1736520 331
1736530 331
1736540 330
1736550 330
1736560 330
1736570 330
1736580 330
1736590 330
1736600 330
1736610 330
1736620 330
1736630 330
1736640 330
1736650 330
1736660 331
1736670 331
1736680 331
1736690 331
1736700 331
1736710 331
1736720 331
1736730 331
1736740 331
1736750 331
1736760 331
1736770 331
1736780 331
1736790 331
1736800 331
1736810 331
1736820 331
1736830 331
1736840 331
1736850 331
1736860 331
1736870 331
1736880 331
1736890 331
1736900 331
1736910 331
1736920 331
1736930 331
1736940 331
1736950 331
1736960 331
1736970 331
1736980 331
1736990 331
1737000 331
1737010 331
1737020 331
1737030 331
1737040 331
1737050 330
1737060 330
1737070 330
1737080 330
1737090 330
1737100 330
1737110 330
1737120 330
1737130 330
1737140 330
1737150 329
1737160 329
1737170 329
1737180 329
1737190 329
1737200 329
1737210 328
1737220 328
1737230 328
1737240 328
1737250 328
1737260 327
1737270 327
1737280 327
1737290 327
1737300 327
1737310 326
1737320 326
1737330 326
1737340 326
1737350 325
1737360 325
1737370 325
1737380 325
1737390 324
1737400 324
1737410 324
1737420 323
1737430 323
1737440 323
1737450 322
1737460 322
1737470 322
1737480 321
1737490 321
1737500 321
1737510 321
1737520 321
1737530 321
1737540 321
1737550 321
1737560 321
1737570 320
1737580 320
1737590 320
1737600 320
1737610 320
1737620 320
1737630 319
1737640 319
1737650 319
1737660 319
1737670 319
1737680 319
1737690 319
1737700 319
1737710 319
1737720 319
1737730 319
1737740 319
1737750 319
1737760 319
1737770 319
1737780 319
1737790 319
1737800 319
1737810 319
1737820 319
1737830 319
1737840 319
1737850 319
1737860 319
1737870 318
1737880 318
1737890 318
1737900 318
1737910 319
1737920 319
1737930 319
1737940 319
1737950 319
1737960 318
1737970 318
1737980 318
1737990 318
1738000 318
1738010 318
1738020 318
1738030 318
1738040 318
1738050 318
1738060 318
1738070 318
1738080 318
1738090 318
1738100 318
1738110 317
1738120 317
1738130 317
1738140 317
1738150 317
1738160 317
1738170 317
1738180 317
1738190 317
1738200 317
1738210 317
1738220 317
1738230 317
1738240 317
1738250 317
1738260 317
1738270 317
1738280 317
1738290 317
1738300 317
1738310 317
1738320 317
1738330 317
1738340 317
1738350 317
1738360 317
1738370 317
1738380 317
1738390 317
1738400 316
1738410 316
1738420 316
1738430 316
1738440 316
1738450 316
1738460 316
1738470 316
1738480 316
1738490 316
1738500 316
1738510 316
1738520 316
1738530 316
1738540 316
1738550 316
1738560 316
1738570 316
1738580 316
1738590 316
1738600 316
1738610 315
1738620 315
1738630 315
1738640 315
1738650 315
1738660 315
1738670 315
1738680 315
1738690 315
1738700 315
1738710 315
1738720 315
1738730 315
1738740 315
1738750 315
1738760 315
1738770 315
1738780 315
1738790 315
1738800 315
1738810 315
1738820 315
1738830 315
1738840 315
1738850 315
1738860 315
1738870 315
1738880 315
1738890 315
1738900 315
1738910 315
1738920 315
1738930 315
1738940 315
1738950 315
1738960 315
1738970 315
1738980 315
1738990 315
1739000 315
1739010 315
1739020 315
1739030 315
1739040 316
1739050 316
1739060 316
1739070 316
1739080 316
1739090 317
1739100 317
1739110 317
1739120 317
1739130 317
1739140 317
1739150 317
1739160 317
1739170 317
1739180 317
1739190 318
1739200 318
1739210 318
1739220 318
1739230 318
1739240 318
1739250 318
1739260 318
1739270 318
1739280 318
1739290 319
1739300 319
1739310 320
1739320 321
1739330 321
1739340 322
1739350 322
1739360 323
1739370 324
1739380 324
1739390 325
1739400 325
1739410 326
1739420 327
1739430 327
1739440 328
1739450 328
1739460 329
1739470 330
1739480 330
1739490 331
1739500 331
1739510 332
1739520 332
1739530 332
1739540 333
1739550 333
1739560 334
1739570 334
1739580 334
1739590 335
1739600 335
1739610 335
1739620 335
1739630 335
1739640 335
1739650 335
1739660 335
1739670 335
1739680 335
1739690 335
1739700 335
1739710 335
1739720 335
1739730 335
1739740 335
1739750 334
1739760 334
1739770 334
1739780 334
1739790 334
1739800 334
1739810 334
1739820 333
1739830 333
1739840 333
1739850 333
1739860 333
1739870 333
1739880 333
1739890 332
1739900 332
1739910 332
1739920 332
1739930 332
1739940 332
1739950 331
1739960 331
1739970 331
1739980 331
1739990 331
