1720000 513
1720010 511
1720020 510
1720030 509
1720040 509
1720050 509
1720060 508
1720070 507
1720080 507
1720090 508
1720100 509
1720110 513
1720120 517
1720130 522
1720140 527
1720150 531
1720160 534
1720170 538
1720180 541
1720190 544
1720200 546
1720210 549
1720220 551
1720230 552
1720240 553
1720250 553
1720260 554
1720270 554
1720280 554
1720290 554
1720300 554
1720310 554
1720320 554
1720330 554
1720340 554
1720350 553
1720360 553
1720370 553
1720380 553
1720390 553
1720400 553
1720410 552
1720420 552
1720430 552
1720440 552
1720450 551
1720460 551
1720470 551
1720480 551
1720490 551
1720500 550
1720510 550
1720520 550
1720530 550
1720540 550
1720550 549
1720560 549
1720570 549
1720580 549
1720590 548
1720600 548
1720610 548
1720620 548
1720630 548
1720640 548
1720650 548
1720660 548
1720670 548
1720680 548
1720690 548
1720700 547
1720710 547
1720720 547
1720730 547
1720740 547
1720750 547
1720760 547
1720770 547
1720780 547
1720790 547
1720800 547
1720810 547
1720820 547
1720830 547
1720840 547
1720850 547
1720860 547
1720870 547
1720880 547
1720890 547
1720900 547
1720910 546
1720920 546
1720930 546
1720940 546
1720950 546
1720960 546
1720970 546
1720980 546
1720990 547
1721000 547
1721010 547
1721020 547
1721030 547
1721040 548
1721050 548
1721060 548
1721070 548
1721080 548
1721090 548
1721100 548
1721110 548
1721120 548
1721130 548
1721140 548
1721150 549
1721160 549
1721170 549
1721180 549
1721190 549
1721200 549
1721210 549
1721220 549
1721230 549
1721240 548
1721250 548
1721260 548
1721270 549
1721280 549
1721290 549
1721300 549
1721310 549
1721320 549
1721330 549
1721340 549
1721350 549
1721360 549
1721370 550
1721380 550
1721390 550
1721400 550
1721410 550
1721420 550
1721430 550
1721440 550
1721450 550
1721460 550
1721470 551
1721480 551
1721490 551
1721500 551
1721510 551
1721520 551
1721530 551
1721540 551
1721550 551
1721560 551
1721570 551
1721580 551
1721590 551
1721600 551
1721610 551
1721620 551
1721630 551
1721640 551
1721650 551
1721660 550
1721670 550
1721680 550
1721690 550
1721700 550
1721710 550
1721720 550
1721730 550
1721740 549
1721750 549
1721760 549
1721770 549
1721780 549
1721790 548
1721800 548
1721810 548
1721820 548
1721830 547
1721840 547
1721850 547
1721860 547
1721870 546
1721880 546
1721890 546
1721900 545
1721910 545
1721920 545
1721930 545
1721940 545
1721950 544
1721960 543
1721970 543
1721980 542
1721990 542
1722000 541
1722010 541
1722020 540
1722030 540
1722040 540
1722050 540
1722060 540
1722070 539
1722080 539
1722090 539
1722100 539
1722110 539
1722120 538
1722130 538
1722140 538
1722150 537
1722160 537
1722170 536
1722180 535
1722190 534
1722200 534
1722210 533
1722220 531
1722230 531
1722240 529
1722250 526
1722260 526
1722270 527
1722280 529
1722290 530
1722300 532
1722310 534
1722320 536
1722330 537
1722340 538
1722350 538
1722360 539
1722370 539
1722380 540
1722390 540
1722400 541
1722410 541
1722420 541
1722430 541
1722440 541
1722450 541
1722460 541
1722470 540
1722480 540
1722490 541
1722500 541
1722510 542
1722520 541
1722530 541
1722540 541
1722550 541
1722560 541
1722570 540
1722580 540
1722590 540
1722600 540
1722610 540
1722620 540
1722630 540
1722640 539
1722650 539
1722660 539
1722670 539
1722680 539
1722690 539
1722700 538
1722710 538
1722720 538
1722730 538
1722740 538
1722750 537
1722760 537
1722770 537
1722780 537
1722790 537
1722800 536
1722810 536
1722820 536
1722830 535
1722840 535
1722850 535
1722860 535
1722870 534
1722880 534
1722890 534
1722900 533
1722910 533
1722920 533
1722930 532
1722940 532
1722950 531
1722960 531
1722970 530
1722980 530
1722990 530
1723000 529
1723010 529
1723020 528
1723030 528
1723040 527
1723050 527
1723060 527
1723070 527
1723080 526
1723090 526
1723100 526
1723110 526
1723120 526
1723130 526
1723140 526
1723150 526
1723160 526
1723170 526
1723180 526
1723190 527
1723200 526
1723210 526
1723220 526
1723230 526
1723240 526
1723250 525
1723260 524
1723270 524
1723280 524
1723290 524
1723300 525
1723310 525
1723320 525
1723330 525
1723340 525
1723350 525
1723360 525
1723370 525
1723380 525
1723390 526
1723400 526
1723410 527
1723420 527
1723430 528
1723440 528
1723450 528
1723460 528
1723470 528
1723480 528
1723490 528
1723500 528
1723510 528
1723520 528
1723530 528
1723540 528
1723550 528
1723560 528
1723570 528
1723580 528
1723590 528
1723600 528
1723610 527
1723620 527
1723630 527
1723640 527
1723650 527
1723660 527
1723670 527
1723680 527
1723690 527
1723700 527
1723710 527
1723720 527
1723730 527
1723740 527
1723750 527
1723760 526
1723770 526
1723780 526
1723790 526
1723800 526
1723810 526
1723820 526
1723830 526
1723840 526
1723850 525
1723860 525
1723870 525
1723880 525
1723890 525
1723900 525
1723910 525
1723920 524
1723930 524
1723940 524
1723950 524
1723960 524
1723970 524
1723980 523
1723990 523
1724000 523
1724010 523
1724020 522
1724030 522
1724040 522
1724050 522
1724060 522
1724070 522
1724080 521
1724090 521
1724100 521
1724110 521
1724120 521
1724130 521
1724140 521
1724150 521
1724160 520
1724170 520
1724180 520
1724190 520
1724200 520
1724210 520
1724220 519
1724230 519
1724240 519
1724250 519
1724260 519
1724270 519
1724280 519
1724290 518
1724300 518
1724310 518
1724320 518
1724330 518
1724340 518
1724350 517
1724360 517
1724370 517
1724380 517
1724390 516
1724400 516
1724410 516
1724420 516
1724430 516
1724440 516
1724450 515
1724460 515
1724470 515
1724480 515
1724490 514
1724500 514
1724510 514
1724520 513
1724530 513
1724540 513
1724550 512
1724560 512
1724570 512
1724580 511
1724590 511
1724600 510
1724610 510
1724620 510
1724630 509
1724640 509
1724650 508
1724660 508
1724670 507
1724680 507
1724690 507
1724700 506
1724710 505
1724720 505
1724730 504
1724740 503
1724750 503
1724760 502
1724770 501
1724780 500
1724790 499
1724800 498
1724810 497
1724820 496
1724830 495
1724840 493
1724850 493
1724860 492
1724870 491
1724880 489
1724890 489
1724900 489
1724910 489
1724920 489
1724930 489
1724940 489
1724950 489
1724960 490
1724970 490
1724980 490
1724990 490
1725000 489
1725010 489
1725020 488
1725030 488
1725040 488
1725050 488
1725060 488
1725070 488
1725080 488
1725090 488
1725100 488
1725110 488
1725120 487
1725130 487
1725140 487
1725150 486
1725160 486
1725170 486
1725180 486
1725190 485
1725200 485
1725210 485
1725220 485
1725230 484
1725240 484
1725250 484
1725260 484
1725270 484
1725280 484
1725290 484
1725300 483
1725310 483
1725320 483
1725330 482
1725340 482
1725350 481
1725360 481
1725370 481
1725380 480
1725390 480
1725400 480
1725410 480
1725420 480
1725430 480
1725440 479
1725450 479
1725460 479
1725470 479
1725480 478
1725490 478
1725500 478
1725510 478
1725520 478
1725530 478
1725540 477
1725550 477
1725560 477
1725570 477
1725580 477
1725590 477
1725600 477
1725610 477
1725620 476
1725630 476
1725640 476
1725650 476
1725660 476
1725670 476
1725680 476
1725690 476
1725700 476
1725710 475
1725720 475
1725730 475
1725740 475
1725750 475
1725760 475
1725770 475
1725780 475
1725790 475
1725800 475
1725810 474
1725820 474
1725830 474
1725840 474
1725850 474
1725860 474
1725870 474
1725880 473
1725890 473
1725900 473
1725910 472
1725920 472
1725930 472
1725940 472
1725950 472
1725960 471
1725970 471
1725980 471
1725990 470
1726000 470
1726010 469
1726020 469
1726030 469
1726040 468
1726050 468
1726060 467
1726070 467
1726080 466
1726090 466
1726100 465
1726110 465
1726120 464
1726130 464
1726140 463
1726150 463
1726160 462
1726170 462
1726180 462
1726190 461
1726200 461
1726210 460
1726220 460
1726230 459
1726240 459
1726250 458
1726260 457
1726270 457
1726280 456
1726290 455
1726300 455
1726310 454
1726320 453
1726330 452
1726340 452
1726350 451
1726360 450
1726370 450
1726380 450
1726390 450
1726400 450
1726410 450
1726420 450
1726430 449
1726440 448
1726450 447
1726460 447
1726470 447
1726480 446
1726490 446
1726500 446
1726510 445
1726520 445
1726530 444
1726540 444
1726550 444
1726560 444
1726570 444
1726580 443
1726590 443
1726600 443
1726610 442
1726620 442
1726630 442
1726640 442
1726650 441
1726660 441
1726670 441
1726680 441
1726690 441
1726700 441
1726710 441
1726720 440
1726730 440
1726740 440
1726750 440
1726760 439
1726770 439
1726780 439
1726790 438
1726800 438
1726810 438
1726820 437
1726830 437
1726840 437
1726850 437
1726860 436
1726870 436
1726880 436
1726890 436
1726900 436
1726910 436
1726920 435
1726930 435
1726940 435
1726950 435
1726960 435
1726970 435
1726980 435
1726990 435
1727000 435
1727010 435
1727020 435
1727030 434
1727040 434
1727050 434
1727060 434
1727070 434
1727080 434
1727090 434
1727100 434
1727110 434
1727120 434
1727130 433
1727140 433
1727150 433
1727160 433
1727170 433
1727180 433
1727190 433
1727200 433
1727210 433
1727220 432
1727230 432
1727240 432
1727250 432
1727260 432
1727270 432
1727280 432
1727290 432
1727300 432
1727310 432
1727320 432
1727330 431
1727340 431
1727350 431
1727360 431
1727370 431
1727380 431
1727390 431
1727400 431
1727410 431
1727420 431
1727430 431
1727440 431
1727450 431
1727460 430
1727470 430
1727480 430
1727490 430
1727500 430
1727510 430
1727520 430
1727530 430
1727540 430
1727550 430
1727560 430
1727570 430
1727580 430
1727590 430
1727600 430
1727610 430
1727620 430
1727630 430
1727640 429
1727650 429
1727660 429
1727670 429
1727680 429
1727690 429
1727700 429
1727710 429
1727720 429
1727730 429
1727740 429
1727750 429
1727760 429
1727770 429
1727780 429
1727790 429
1727800 429
1727810 429
1727820 429
1727830 429
1727840 429
1727850 429
1727860 429
1727870 430
1727880 430
1727890 431
1727900 431
1727910 431
1727920 431
1727930 432
1727940 432
1727950 432
1727960 432
1727970 432
1727980 432
1727990 431
1728000 431
1728010 430
1728020 430
1728030 430
1728040 430
1728050 430
1728060 430
1728070 430
1728080 430
1728090 430
1728100 430
1728110 430
1728120 430
1728130 430
1728140 430
1728150 430
1728160 430
1728170 430
1728180 430
1728190 430
1728200 430
1728210 430
1728220 430
1728230 430
1728240 430
1728250 430
1728260 430
1728270 430
1728280 430
1728290 430
1728300 430
1728310 430
1728320 430
1728330 430
1728340 430
1728350 430
1728360 430
1728370 429
1728380 429
1728390 429
1728400 429
1728410 429
1728420 429
1728430 429
1728440 429
1728450 429
1728460 429
1728470 429
1728480 430
1728490 430
1728500 430
1728510 430
1728520 430
1728530 430
1728540 430
1728550 430
1728560 430
1728570 430
1728580 431
1728590 431
1728600 431
1728610 431
1728620 431
1728630 432
1728640 432
1728650 432
1728660 433
1728670 433
1728680 433
1728690 433
1728700 433
1728710 433
1728720 433
1728730 434
1728740 434
1728750 434
1728760 434
1728770 434
1728780 434
1728790 434
1728800 434
1728810 434
1728820 434
1728830 434
1728840 434
1728850 434
1728860 435
1728870 435
1728880 435
1728890 435
1728900 436
1728910 436
1728920 436
1728930 436
1728940 436
1728950 436
1728960 436
1728970 436
1728980 436
1728990 436
1729000 436
1729010 436
1729020 436
1729030 436
1729040 436
1729050 436
1729060 437
1729070 437
1729080 437
1729090 437
1729100 437
1729110 438
1729120 438
1729130 438
1729140 438
1729150 438
1729160 438
1729170 438
1729180 438
1729190 439
1729200 439
1729210 439
1729220 440
1729230 440
1729240 440
1729250 440
1729260 441
1729270 441
1729280 441
1729290 442
1729300 442
1729310 442
1729320 443
1729330 443
1729340 443
1729350 444
1729360 444
1729370 444
1729380 444
1729390 444
1729400 444
1729410 444
1729420 444
1729430 445
1729440 445
1729450 445
1729460 445
1729470 445
1729480 445
1729490 445
1729500 446
1729510 446
1729520 446
1729530 446
1729540 446
1729550 446
1729560 446
1729570 445
1729580 445
1729590 445
1729600 445
1729610 445
1729620 445
1729630 445
1729640 445
1729650 445
1729660 445
1729670 444
1729680 444
1729690 444
1729700 444
1729710 444
1729720 444
1729730 444
1729740 444
1729750 444
1729760 443
1729770 443
1729780 443
1729790 443
1729800 442
1729810 442
1729820 442
1729830 441
1729840 441
1729850 441
1729860 440
1729870 440
1729880 440
1729890 440
1729900 440
1729910 440
1729920 440
1729930 439
1729940 440
1729950 440
1729960 440
1729970 440
1729980 440
1729990 440
1730000 440
1730010 440
1730020 440
1730030 440
1730040 440
1730050 440
1730060 440
1730070 441
1730080 441
1730090 441
1730100 441
1730110 441
1730120 441
1730130 441
1730140 441
1730150 441
1730160 441
1730170 441
1730180 441
1730190 441
1730200 440
1730210 439
1730220 438
1730230 439
1730240 441
1730250 441
1730260 441
1730270 441
1730280 441
1730290 441
1730300 440
1730310 440
1730320 440
1730330 440
1730340 440
1730350 439
1730360 439
1730370 439
1730380 439
1730390 438
1730400 438
1730410 438
1730420 438
1730430 438
1730440 438
1730450 437
1730460 437
1730470 437
1730480 437
1730490 436
1730500 436
1730510 436
1730520 435
1730530 434
1730540 433
1730550 432
1730560 431
1730570 431
1730580 431
1730590 432
1730600 432
1730610 432
1730620 432
1730630 431
1730640 429
1730650 428
1730660 427
1730670 427
1730680 427
1730690 426
1730700 426
1730710 427
1730720 427
1730730 427
1730740 426
1730750 426
1730760 425
1730770 425
1730780 425
1730790 424
1730800 424
1730810 424
1730820 423
1730830 423
1730840 422
1730850 422
1730860 421
1730870 421
1730880 421
1730890 420
1730900 420
1730910 420
1730920 420
1730930 420
1730940 420
1730950 419
1730960 419
1730970 419
1730980 419
1730990 419
1731000 419
1731010 419
1731020 419
1731030 419
1731040 419
1731050 419
1731060 419
1731070 419
1731080 419
1731090 419
1731100 419
1731110 419
1731120 419
1731130 419
1731140 418
1731150 418
1731160 418
1731170 418
1731180 417
1731190 417
1731200 417
1731210 416
1731220 416
1731230 415
1731240 415
1731250 415
1731260 414
1731270 414
1731280 413
1731290 413
1731300 412
1731310 411
1731320 411
1731330 410
1731340 410
1731350 409
1731360 408
1731370 408
1731380 407
1731390 406
1731400 405
1731410 404
1731420 403
1731430 403
1731440 402
1731450 401
1731460 401
1731470 400
1731480 399
1731490 398
1731500 397
1731510 397
1731520 396
1731530 395
1731540 395
1731550 394
1731560 393
1731570 393
1731580 392
1731590 391
1731600 390
1731610 389
1731620 389
1731630 388
1731640 387
1731650 386
1731660 385
1731670 384
1731680 384
1731690 383
1731700 382
1731710 381
1731720 381
1731730 380
1731740 380
1731750 379
1731760 378
1731770 378
1731780 377
1731790 377
1731800 376
1731810 376
1731820 375
1731830 375
1731840 375
1731850 374
1731860 374
1731870 374
1731880 374
1731890 374
1731900 374
1731910 374
1731920 374
1731930 373
1731940 373
1731950 373
1731960 373
1731970 373
1731980 373
1731990 373
1732000 373
1732010 373
1732020 373
1732030 372
1732040 372
1732050 372
1732060 372
1732070 371
1732080 371
1732090 371
1732100 370
1732110 370
1732120 370
1732130 369
1732140 369
1732150 369
1732160 369
1732170 368
1732180 368
1732190 368
1732200 368
1732210 368
1732220 367
1732230 367
1732240 367
1732250 367
1732260 367
1732270 366
1732280 366
1732290 366
1732300 366
1732310 366
1732320 365
1732330 365
1732340 365
1732350 365
1732360 364
1732370 363
1732380 363
1732390 362
1732400 362
1732410 361
1732420 361
1732430 361
1732440 360
1732450 360
1732460 360
1732470 359
1732480 359
1732490 359
1732500 359
1732510 359
1732520 359
1732530 359
1732540 359
1732550 359
1732560 358
1732570 358
1732580 357
1732590 357
1732600 357
1732610 357
1732620 357
1732630 357
1732640 357
1732650 358
1732660 358
1732670 359
1732680 359
1732690 359
1732700 359
1732710 359
1732720 358
1732730 358
1732740 358
1732750 358
1732760 357
1732770 357
1732780 357
1732790 357
1732800 357
1732810 357
1732820 357
1732830 357
1732840 356
1732850 356
1732860 356
1732870 356
1732880 356
1732890 356
1732900 356
1732910 355
1732920 355
1732930 355
1732940 355
1732950 355
1732960 355
1732970 355
1732980 354
1732990 354
1733000 354
1733010 354
1733020 353
1733030 353
1733040 353
1733050 353
1733060 353
1733070 353
1733080 353
1733090 353
1733100 353
1733110 353
1733120 353
1733130 352
1733140 352
1733150 352
1733160 352
1733170 351
1733180 351
1733190 351
1733200 351
1733210 351
1733220 350
1733230 350
1733240 350
1733250 350
1733260 350
1733270 350
1733280 350
1733290 350
1733300 350
1733310 350
1733320 349
1733330 349
1733340 349
1733350 349
1733360 349
1733370 349
1733380 349
1733390 349
1733400 348
1733410 348
1733420 348
1733430 348
1733440 348
1733450 348
1733460 347
1733470 347
1733480 347
1733490 347
1733500 347
1733510 347
1733520 347
1733530 346
1733540 346
1733550 346
1733560 346
1733570 346
1733580 346
1733590 346
1733600 346
1733610 345
1733620 345
1733630 345
1733640 345
1733650 345
1733660 345
1733670 345
1733680 345
1733690 345
1733700 345
1733710 345
1733720 345
1733730 345
1733740 345
1733750 345
1733760 344
1733770 344
1733780 344
1733790 344
1733800 344
1733810 343
1733820 343
1733830 343
1733840 343
1733850 343
1733860 342
1733870 342
1733880 342
1733890 342
1733900 342
1733910 341
1733920 341
1733930 341
1733940 341
1733950 341
1733960 341
1733970 341
1733980 341
1733990 340
1734000 340
1734010 340
1734020 340
1734030 340
1734040 340
1734050 340
1734060 340
1734070 340
1734080 340
1734090 339
1734100 339
1734110 339
1734120 339
1734130 339
1734140 339
1734150 339
1734160 339
1734170 339
1734180 339
1734190 339
1734200 339
1734210 339
1734220 339
1734230 339
1734240 339
1734250 339
1734260 339
1734270 339
1734280 339
1734290 339
1734300 339
1734310 339
1734320 339
1734330 339
1734340 338
1734350 338
1734360 338
1734370 338
1734380 338
1734390 338
1734400 338
1734410 338
1734420 338
1734430 338
1734440 338
1734450 338
1734460 338
1734470 338
1734480 338
1734490 338
1734500 338
1734510 337
1734520 337
1734530 337
1734540 337
1734550 337
1734560 337
1734570 337
1734580 337
1734590 337
1734600 336
1734610 336
1734620 336
1734630 336
1734640 336
1734650 336
1734660 336
1734670 336
1734680 336
1734690 336
1734700 335
1734710 335
1734720 335
1734730 335
1734740 335
1734750 335
1734760 335
1734770 335
1734780 334
1734790 334
1734800 334
1734810 334
1734820 334
1734830 335
1734840 335
1734850 335
1734860 334
1734870 334
1734880 334
1734890 334
1734900 334
1734910 334
1734920 334
1734930 334
1734940 334
1734950 334
1734960 334
1734970 334
1734980 334
1734990 334
1735000 334
1735010 334
1735020 334
1735030 334
1735040 334
1735050 334
1735060 334
1735070 334
1735080 335
1735090 335
1735100 335
1735110 335
1735120 335
1735130 335
1735140 335
1735150 336
1735160 336
1735170 336
1735180 336
1735190 336
1735200 336
1735210 336
1735220 336
1735230 336
1735240 336
1735250 336
1735260 335
1735270 335
1735280 335
1735290 336
1735300 336
1735310 336
1735320 336
1735330 336
1735340 336
1735350 336
1735360 336
1735370 336
1735380 336
1735390 336
1735400 336
1735410 336
1735420 336
1735430 336
1735440 336
1735450 336
1735460 336
1735470 336
1735480 336
1735490 336
1735500 336
1735510 336
1735520 336
1735530 336
1735540 336
1735550 336
1735560 336
1735570 336
1735580 336
1735590 336
1735600 336
1735610 336
1735620 336
1735630 336
1735640 336
1735650 336
1735660 337
1735670 337
1735680 337
1735690 337
1735700 337
1735710 337
1735720 337
1735730 337
1735740 337
1735750 337
1735760 337
1735770 337
1735780 337
1735790 337
1735800 337
1735810 337
1735820 337
1735830 337
1735840 337
1735850 337
1735860 337
1735870 337
1735880 337
1735890 336
1735900 336
1735910 336
1735920 337
1735930 337
1735940 337
1735950 337
1735960 338
1735970 338
1735980 338
1735990 337
1736000 337
1736010 337
1736020 338
1736030 338
1736040 338
1736050 338
1736060 338
1736070 338
1736080 338
1736090 338
1736100 337
1736110 337
1736120 337
1736130 337
1736140 337
1736150 337
1736160 337
1736170 336
1736180 336
1736190 336
1736200 336
1736210 335
1736220 335
1736230 335
1736240 334
1736250 334
1736260 334
1736270 334
1736280 333
1736290 333
1736300 333
1736310 333
1736320 333
1736330 333
1736340 334
1736350 334
1736360 334
1736370 335
1736380 335
1736390 335
1736400 336
1736410 336
1736420 336
1736430 336
1736440 336
1736450 337
1736460 337
1736470 336
1736480 336
1736490 337
1736500 337
1736510 337
1736520 337
1736530 337
1736540 337
1736550 337
1736560 337
1736570 336
1736580 336
1736590 336
1736600 336
1736610 336
1736620 335
1736630 335
1736640 334
1736650 334
1736660 334
1736670 333
1736680 333
1736690 333
1736700 334
1736710 334
1736720 335
1736730 335
1736740 335
1736750 336
1736760 336
1736770 336
1736780 336
1736790 336
1736800 336
1736810 336
1736820 336
1736830 336
1736840 336
1736850 336
1736860 336
1736870 336
1736880 336
1736890 336
1736900 336
1736910 336
1736920 336
1736930 335
1736940 335
1736950 334
1736960 334
1736970 333
1736980 333
1736990 333
1737000 332
1737010 332
1737020 333
1737030 335
1737040 336
1737050 336
1737060 336
1737070 336
1737080 336
1737090 336
1737100 336
1737110 336
1737120 336
1737130 335
1737140 334
1737150 334
1737160 335
1737170 336
1737180 336
1737190 336
1737200 336
1737210 336
1737220 336
1737230 336
1737240 336
1737250 336
1737260 336
1737270 337
1737280 337
1737290 337
1737300 337
1737310 337
1737320 337
1737330 337
1737340 337
1737350 337
1737360 337
1737370 337
1737380 337
1737390 337
1737400 337
1737410 337
1737420 337
1737430 337
1737440 337
1737450 337
1737460 337
1737470 337
1737480 337
1737490 337
1737500 337
1737510 337
1737520 338
1737530 338
1737540 338
1737550 338
1737560 338
1737570 338
1737580 338
1737590 338
1737600 338
1737610 338
1737620 338
1737630 338
1737640 339
1737650 339
1737660 339
1737670 339
1737680 339
1737690 339
1737700 338
1737710 338
1737720 338
1737730 338
1737740 338
1737750 338
1737760 338
1737770 338
1737780 339
1737790 339
1737800 340
1737810 340
1737820 341
1737830 341
1737840 341
1737850 342
1737860 342
1737870 342
1737880 342
1737890 343
1737900 343
1737910 343
1737920 343
1737930 343
1737940 344
1737950 344
1737960 344
1737970 344
1737980 344
1737990 345
1738000 345
1738010 345
1738020 345
1738030 345
1738040 345
1738050 345
1738060 345
1738070 345
1738080 346
1738090 346
1738100 346
1738110 346
1738120 346
1738130 346
1738140 346
1738150 346
1738160 346
1738170 346
1738180 346
1738190 346
1738200 346
1738210 346
1738220 346
1738230 346
1738240 346
1738250 346
1738260 346
1738270 346
1738280 346
1738290 346
1738300 346
1738310 346
1738320 346
1738330 346
1738340 346
1738350 346
1738360 346
1738370 346
1738380 346
1738390 346
1738400 346
1738410 346
1738420 346
1738430 346
1738440 346
1738450 346
1738460 346
1738470 346
1738480 346
1738490 345
1738500 345
1738510 345
1738520 345
1738530 345
1738540 345
1738550 344
1738560 344
1738570 344
1738580 343
1738590 343
1738600 343
1738610 342
1738620 342
1738630 342
1738640 341
1738650 341
1738660 340
1738670 340
1738680 339
1738690 339
1738700 339
1738710 338
1738720 338
1738730 337
1738740 337
1738750 336
1738760 336
1738770 335
1738780 335
1738790 335
1738800 335
1738810 336
1738820 336
1738830 336
1738840 337
1738850 339
1738860 341
1738870 342
1738880 342
1738890 342
1738900 344
1738910 346
1738920 348
1738930 348
1738940 349
1738950 349
1738960 349
1738970 349
1738980 350
1738990 350
1739000 350
1739010 350
1739020 350
1739030 349
1739040 349
1739050 349
1739060 349
1739070 349
1739080 349
1739090 349
1739100 349
1739110 349
1739120 349
1739130 349
1739140 348
1739150 348
1739160 348
1739170 348
1739180 348
1739190 348
1739200 347
1739210 347
1739220 347
1739230 347
1739240 346
1739250 346
1739260 346
1739270 346
1739280 345
1739290 345
1739300 345
1739310 344
1739320 344
1739330 343
1739340 343
1739350 342
1739360 342
1739370 341
1739380 340
1739390 340
1739400 339
1739410 339
1739420 338
1739430 337
1739440 337
1739450 337
1739460 338
1739470 340
1739480 341
1739490 342
1739500 343
1739510 345
1739520 346
1739530 348
1739540 349
1739550 349
1739560 349
1739570 349
1739580 349
1739590 349
1739600 349
1739610 349
1739620 349
1739630 349
1739640 349
1739650 349
1739660 349
1739670 349
1739680 349
1739690 349
1739700 349
1739710 349
1739720 350
1739730 350
1739740 350
1739750 350
1739760 350
1739770 350
1739780 350
1739790 351
1739800 351
1739810 351
1739820 351
1739830 351
1739840 351
1739850 351
1739860 351
1739870 351
1739880 351
1739890 351
1739900 351
1739910 351
1739920 352
1739930 352
1739940 352
1739950 352
1739960 352
1739970 352
1739980 352
1739990 353
