1720000 515
1720010 514
1720020 514
1720030 514
1720040 515
1720050 516
1720060 517
1720070 518
1720080 519
1720090 519
1720100 520
1720110 520
1720120 520
1720130 520
1720140 520
1720150 520
1720160 520
1720170 520
1720180 520
1720190 520
1720200 520
1720210 520
1720220 520
1720230 520
1720240 520
1720250 520
1720260 520
1720270 520
1720280 520
1720290 520
1720300 520
1720310 520
1720320 521
1720330 521
1720340 522
1720350 522
1720360 523
1720370 524
1720380 524
1720390 525
1720400 526
1720410 527
1720420 527
1720430 528
1720440 529
1720450 529
1720460 530
1720470 530
1720480 531
1720490 531
1720500 531
1720510 532
1720520 532
1720530 532
1720540 533
1720550 533
1720560 533
1720570 533
1720580 533
1720590 533
1720600 533
1720610 533
1720620 533
1720630 533
1720640 532
1720650 532
1720660 532
1720670 532
1720680 531
1720690 531
1720700 531
1720710 530
1720720 530
1720730 529
1720740 529
1720750 528
1720760 527
1720770 526
1720780 526
1720790 525
1720800 524
1720810 524
1720820 524
1720830 523
1720840 523
1720850 523
1720860 522
1720870 522
1720880 521
1720890 521
1720900 521
1720910 521
1720920 521
1720930 521
1720940 521
1720950 521
1720960 521
1720970 521
1720980 522
1720990 522
1721000 522
1721010 523
1721020 523
1721030 523
1721040 523
1721050 522
1721060 522
1721070 522
1721080 522
1721090 523
1721100 522
1721110 522
1721120 523
1721130 523
1721140 523
1721150 523
1721160 523
1721170 523
1721180 523
1721190 523
1721200 523
1721210 523
1721220 523
1721230 522
1721240 522
1721250 522
1721260 522
1721270 522
1721280 522
1721290 522
1721300 521
1721310 521
1721320 521
1721330 521
1721340 520
1721350 520
1721360 519
1721370 519
1721380 519
1721390 518
1721400 518
1721410 517
1721420 517
1721430 516
1721440 516
1721450 515
1721460 514
1721470 513
1721480 511
1721490 510
1721500 509
1721510 508
1721520 507
1721530 506
1721540 505
1721550 505
1721560 504
1721570 503
1721580 502
1721590 501
1721600 502
1721610 502
1721620 502
1721630 502
1721640 502
1721650 501
1721660 501
1721670 501
1721680 501
1721690 501
1721700 501
1721710 501
1721720 501
1721730 501
1721740 500
1721750 500
1721760 500
1721770 501
1721780 502
1721790 502
1721800 503
1721810 504
1721820 505
1721830 505
1721840 506
1721850 507
1721860 507
1721870 508
1721880 508
1721890 508
1721900 509
1721910 509
1721920 509
1721930 509
1721940 509
1721950 509
1721960 510
1721970 510
1721980 510
1721990 510
1722000 509
1722010 509
1722020 508
1722030 507
1722040 506
1722050 506
1722060 508
1722070 509
1722080 511
1722090 511
1722100 511
1722110 511
1722120 511
1722130 512
1722140 513
1722150 514
1722160 515
1722170 517
1722180 518
1722190 518
1722200 519
1722210 521
1722220 521
1722230 522
1722240 523
1722250 524
1722260 525
1722270 526
1722280 527
1722290 528
1722300 529
1722310 529
1722320 529
1722330 529
1722340 530
1722350 530
1722360 530
1722370 530
1722380 530
1722390 530
1722400 530
1722410 529
1722420 529
1722430 529
1722440 529
1722450 529
1722460 529
1722470 528
1722480 528
1722490 528
1722500 528
1722510 528
1722520 528
1722530 528
1722540 527
1722550 527
1722560 527
1722570 527
1722580 527
1722590 527
1722600 527
1722610 527
1722620 527
1722630 526
1722640 526
1722650 526
1722660 526
1722670 526
1722680 526
1722690 526
1722700 526
1722710 526
1722720 527
1722730 527
1722740 527
1722750 527
1722760 527
1722770 528
1722780 528
1722790 528
1722800 529
1722810 529
1722820 529
1722830 529
1722840 529
1722850 529
1722860 529
1722870 529
1722880 529
1722890 529
1722900 529
1722910 529
1722920 530
1722930 530
1722940 529
1722950 529
1722960 529
1722970 529
1722980 529
1722990 529
1723000 529
1723010 529
1723020 529
1723030 528
1723040 528
1723050 528
1723060 528
1723070 528
1723080 527
1723090 527
1723100 527
1723110 527
1723120 526
1723130 526
1723140 526
1723150 526
1723160 526
1723170 525
1723180 525
1723190 525
1723200 525
1723210 524
1723220 524
1723230 524
1723240 524
1723250 523
1723260 523
1723270 523
1723280 523
1723290 522
1723300 522
1723310 522
1723320 522
1723330 522
1723340 522
1723350 522
1723360 522
1723370 522
1723380 521
1723390 521
1723400 521
1723410 521
1723420 521
1723430 521
1723440 521
1723450 521
1723460 521
1723470 520
1723480 520
1723490 520
1723500 519
1723510 519
1723520 519
1723530 519
1723540 518
1723550 518
1723560 518
1723570 518
1723580 517
1723590 517
1723600 516
1723610 516
1723620 515
1723630 514
1723640 514
1723650 513
1723660 513
1723670 512
1723680 512
1723690 510
1723700 509
1723710 509
1723720 509
1723730 509
1723740 509
1723750 509
1723760 510
1723770 511
1723780 513
1723790 514
1723800 516
1723810 517
1723820 517
1723830 517
1723840 518
1723850 518
1723860 518
1723870 519
1723880 519
1723890 520
1723900 520
1723910 520
1723920 521
1723930 521
1723940 522
1723950 522
1723960 523
1723970 523
1723980 524
1723990 524
1724000 524
1724010 524
1724020 524
1724030 525
1724040 525
1724050 525
1724060 525
1724070 525
1724080 525
1724090 525
1724100 525
1724110 526
1724120 526
1724130 526
1724140 526
1724150 526
1724160 526
1724170 527
1724180 527
1724190 527
1724200 527
1724210 527
1724220 527
1724230 528
1724240 528
1724250 528
1724260 528
1724270 528
1724280 528
1724290 528
1724300 528
1724310 528
1724320 528
1724330 528
1724340 528
1724350 528
1724360 528
1724370 528
1724380 528
1724390 528
1724400 529
1724410 529
1724420 529
1724430 529
1724440 529
1724450 529
1724460 529
1724470 529
1724480 529
1724490 529
1724500 529
1724510 529
1724520 529
1724530 529
1724540 529
1724550 529
1724560 529
1724570 529
1724580 529
1724590 529
1724600 529
1724610 529
1724620 529
1724630 529
1724640 529
1724650 529
1724660 529
1724670 529
1724680 529
1724690 529
1724700 529
1724710 529
1724720 529
1724730 529
1724740 529
1724750 529
1724760 529
1724770 529
1724780 529
1724790 529
1724800 529
1724810 529
1724820 529
1724830 529
1724840 529
1724850 529
1724860 529
1724870 529
1724880 529
1724890 528
1724900 528
1724910 528
1724920 528
1724930 528
1724940 528
1724950 528
1724960 528
1724970 528
1724980 528
1724990 528
1725000 527
1725010 527
1725020 527
1725030 527
1725040 527
1725050 526
1725060 526
1725070 526
1725080 526
1725090 526
1725100 526
1725110 526
1725120 526
1725130 526
1725140 525
1725150 525
1725160 525
1725170 525
1725180 525
1725190 525
1725200 525
1725210 525
1725220 524
1725230 524
1725240 524
1725250 524
1725260 523
1725270 523
1725280 523
1725290 523
1725300 522
1725310 522
1725320 521
1725330 521
1725340 521
1725350 520
1725360 520
1725370 520
1725380 519
1725390 519
1725400 519
1725410 519
1725420 519
1725430 520
1725440 520
1725450 521
1725460 521
1725470 521
1725480 521
1725490 521
1725500 521
1725510 522
1725520 522
1725530 522
1725540 522
1725550 522
1725560 522
1725570 522
1725580 522
1725590 522
1725600 522
1725610 522
1725620 522
1725630 522
1725640 522
1725650 522
1725660 522
1725670 522
1725680 522
1725690 522
1725700 522
1725710 522
1725720 522
1725730 522
1725740 522
1725750 521
1725760 521
1725770 521
1725780 521
1725790 521
1725800 521
1725810 521
1725820 520
1725830 520
1725840 520
1725850 519
1725860 519
1725870 519
1725880 519
1725890 519
1725900 518
1725910 518
1725920 518
1725930 518
1725940 518
1725950 518
1725960 518
1725970 517
1725980 517
1725990 518
1726000 518
1726010 518
1726020 518
1726030 519
1726040 519
1726050 520
1726060 520
1726070 521
1726080 521
1726090 522
1726100 522
1726110 522
1726120 523
1726130 523
1726140 524
1726150 525
1726160 525
1726170 526
1726180 527
1726190 527
1726200 528
1726210 528
1726220 528
1726230 528
1726240 529
1726250 529
1726260 529
1726270 530
1726280 530
1726290 530
1726300 530
1726310 531
1726320 531
1726330 531
1726340 531
1726350 531
1726360 531
1726370 532
1726380 532
1726390 532
1726400 532
1726410 532
1726420 532
1726430 532
1726440 532
1726450 532
1726460 532
1726470 533
1726480 533
1726490 533
1726500 533
1726510 533
1726520 533
1726530 533
1726540 533
1726550 533
1726560 533
1726570 533
1726580 533
1726590 533
1726600 533
1726610 533
1726620 534
1726630 534
1726640 534
1726650 534
1726660 534
1726670 534
1726680 534
1726690 534
1726700 535
1726710 535
1726720 535
1726730 535
1726740 535
1726750 535
1726760 535
1726770 535
1726780 536
1726790 536
1726800 536
1726810 536
1726820 536
1726830 536
1726840 536
1726850 536
1726860 536
1726870 537
1726880 537
1726890 537
1726900 537
1726910 537
1726920 537
1726930 537
1726940 537
1726950 537
1726960 537
1726970 537
1726980 538
1726990 538
1727000 538
1727010 538
1727020 538
1727030 538
1727040 538
1727050 538
1727060 538
1727070 538
1727080 538
1727090 538
1727100 538
1727110 538
1727120 538
1727130 538
1727140 538
1727150 537
1727160 537
1727170 537
1727180 537
1727190 537
1727200 537
1727210 537
1727220 537
1727230 537
1727240 537
1727250 537
1727260 537
1727270 537
1727280 537
1727290 536
1727300 536
1727310 536
1727320 536
1727330 536
1727340 536
1727350 536
1727360 535
1727370 535
1727380 535
1727390 535
1727400 535
1727410 535
1727420 535
1727430 535
1727440 535
1727450 535
1727460 535
1727470 535
1727480 535
1727490 535
1727500 535
1727510 535
1727520 535
1727530 536
1727540 536
1727550 536
1727560 536
1727570 536
1727580 537
1727590 537
1727600 537
1727610 538
1727620 538
1727630 539
1727640 539
1727650 539
1727660 540
1727670 540
1727680 540
1727690 541
1727700 541
1727710 541
1727720 541
1727730 542
1727740 542
1727750 542
1727760 543
1727770 543
1727780 543
1727790 543
1727800 543
1727810 544
1727820 544
1727830 544
1727840 544
1727850 544
1727860 544
1727870 545
1727880 545
1727890 545
1727900 545
1727910 545
1727920 545
1727930 545
1727940 546
1727950 546
1727960 546
1727970 546
1727980 546
1727990 546
1728000 546
1728010 546
1728020 546
1728030 547
1728040 547
1728050 547
1728060 547
1728070 547
1728080 547
1728090 547
1728100 547
1728110 547
1728120 547
1728130 547
1728140 547
1728150 548
1728160 548
1728170 548
1728180 548
1728190 548
1728200 548
1728210 548
1728220 548
1728230 548
1728240 548
1728250 549
1728260 549
1728270 549
1728280 549
1728290 549
1728300 549
1728310 549
1728320 549
1728330 549
1728340 549
1728350 550
1728360 550
1728370 550
1728380 550
1728390 550
1728400 550
1728410 550
1728420 550
1728430 550
1728440 550
1728450 550
1728460 550
1728470 550
1728480 550
1728490 550
1728500 550
1728510 550
1728520 550
1728530 551
1728540 551
1728550 551
1728560 551
1728570 550
1728580 550
1728590 550
1728600 550
1728610 550
1728620 550
1728630 550
1728640 550
1728650 550
1728660 549
1728670 549
1728680 549
1728690 549
1728700 549
1728710 549
1728720 549
1728730 549
1728740 549
1728750 549
1728760 549
1728770 549
1728780 549
1728790 549
1728800 549
1728810 549
1728820 550
1728830 550
1728840 550
1728850 550
1728860 550
1728870 550
1728880 550
1728890 550
1728900 550
1728910 550
1728920 550
1728930 550
1728940 550
1728950 550
1728960 550
1728970 550
1728980 549
1728990 549
1729000 549
1729010 549
1729020 549
1729030 549
1729040 550
1729050 550
1729060 550
1729070 550
1729080 550
1729090 550
1729100 550
1729110 550
1729120 550
1729130 550
1729140 551
1729150 551
1729160 551
1729170 551
1729180 551
1729190 551
1729200 551
1729210 551
1729220 551
1729230 551
1729240 551
1729250 551
1729260 551
1729270 551
1729280 552
1729290 552
1729300 552
1729310 552
1729320 552
1729330 552
1729340 552
1729350 552
1729360 552
1729370 552
1729380 552
1729390 552
1729400 552
1729410 552
1729420 552
1729430 552
1729440 552
1729450 552
1729460 552
1729470 551
1729480 551
1729490 551
1729500 551
1729510 551
1729520 551
1729530 551
1729540 551
1729550 551
1729560 551
1729570 551
1729580 551
1729590 551
1729600 551
1729610 551
1729620 550
1729630 550
1729640 550
1729650 550
1729660 550
1729670 550
1729680 550
1729690 550
1729700 549
1729710 549
1729720 549
1729730 549
1729740 549
1729750 549
1729760 548
1729770 548
1729780 548
1729790 548
1729800 548
1729810 548
1729820 548
1729830 547
1729840 547
1729850 547
1729860 547
1729870 547
1729880 547
1729890 547
1729900 547
1729910 546
1729920 546
1729930 546
1729940 546
1729950 546
1729960 545
1729970 545
1729980 545
1729990 545
1730000 545
1730010 544
1730020 544
1730030 544
1730040 543
1730050 543
1730060 543
1730070 543
1730080 542
1730090 542
1730100 542
1730110 541
1730120 541
1730130 540
1730140 539
1730150 538
1730160 536
1730170 535
1730180 534
1730190 533
1730200 532
1730210 532
1730220 531
1730230 531
1730240 531
1730250 530
1730260 530
1730270 529
1730280 529
1730290 529
1730300 529
1730310 529
1730320 529
1730330 529
1730340 529
1730350 529
1730360 529
1730370 529
1730380 528
1730390 528
1730400 528
1730410 528
1730420 528
1730430 527
1730440 527
1730450 526
1730460 526
1730470 526
1730480 526
1730490 526
1730500 526
1730510 526
1730520 526
1730530 526
1730540 526
1730550 526
1730560 527
1730570 527
1730580 529
1730590 530
1730600 532
1730610 534
1730620 536
1730630 539
1730640 542
1730650 544
1730660 545
1730670 546
1730680 547
1730690 548
1730700 549
1730710 550
1730720 551
1730730 552
1730740 553
1730750 554
1730760 555
1730770 555
1730780 556
1730790 556
1730800 557
1730810 557
1730820 557
1730830 557
1730840 557
1730850 557
1730860 557
1730870 557
1730880 557
1730890 557
1730900 557
1730910 557
1730920 557
1730930 556
1730940 556
1730950 556
1730960 556
1730970 555
1730980 555
1730990 555
1731000 555
1731010 555
1731020 555
1731030 555
1731040 555
1731050 555
1731060 555
1731070 555
1731080 555
1731090 555
1731100 554
1731110 554
1731120 554
1731130 554
1731140 554
1731150 554
1731160 554
1731170 553
1731180 553
1731190 553
1731200 553
1731210 553
1731220 553
1731230 553
1731240 553
1731250 553
1731260 553
1731270 553
1731280 553
1731290 552
1731300 552
1731310 552
1731320 552
1731330 552
1731340 552
1731350 552
1731360 552
1731370 552
1731380 552
1731390 552
1731400 552
1731410 552
1731420 552
1731430 552
1731440 552
1731450 551
1731460 551
1731470 551
1731480 551
1731490 551
1731500 551
1731510 551
1731520 551
1731530 551
1731540 550
1731550 550
1731560 550
1731570 550
1731580 550
1731590 550
1731600 550
1731610 550
1731620 550
1731630 550
1731640 550
1731650 550
1731660 550
1731670 551
1731680 551
1731690 551
1731700 551
1731710 551
1731720 552
1731730 552
1731740 552
1731750 552
1731760 552
1731770 552
1731780 552
1731790 552
1731800 552
1731810 552
1731820 552
1731830 552
1731840 552
1731850 552
1731860 552
1731870 552
1731880 552
1731890 552
1731900 552
1731910 551
1731920 551
1731930 551
1731940 551
1731950 551
1731960 551
1731970 551
1731980 550
1731990 550
1732000 550
1732010 550
1732020 550
1732030 550
1732040 549
1732050 549
1732060 549
1732070 549
1732080 549
1732090 549
1732100 548
1732110 548
1732120 548
1732130 548
1732140 548
1732150 547
1732160 547
1732170 547
1732180 547
1732190 546
1732200 546
1732210 546
1732220 546
1732230 546
1732240 546
1732250 545
1732260 545
1732270 545
1732280 545
1732290 545
1732300 545
1732310 545
1732320 545
1732330 544
1732340 544
1732350 544
1732360 544
1732370 544
1732380 544
1732390 544
1732400 543
1732410 543
1732420 543
1732430 543
1732440 543
1732450 543
1732460 543
1732470 543
1732480 543
1732490 542
1732500 542
1732510 542
1732520 541
1732530 541
1732540 541
1732550 541
1732560 540
1732570 540
1732580 539
1732590 539
1732600 539
1732610 539
1732620 538
1732630 538
1732640 537
1732650 537
1732660 537
1732670 537
1732680 536
1732690 536
1732700 536
1732710 536
1732720 535
1732730 534
1732740 534
1732750 533
1732760 532
1732770 532
1732780 531
1732790 531
1732800 531
1732810 530
1732820 530
1732830 529
1732840 529
1732850 529
1732860 528
1732870 528
1732880 527
1732890 527
1732900 527
1732910 526
1732920 526
1732930 526
1732940 525
1732950 525
1732960 524
1732970 523
1732980 523
1732990 522
1733000 522
1733010 521
1733020 521
1733030 520
1733040 520
1733050 519
1733060 518
1733070 517
1733080 517
1733090 516
1733100 516
1733110 516
1733120 515
1733130 515
1733140 515
1733150 515
1733160 515
1733170 515
1733180 515
1733190 515
1733200 515
1733210 514
1733220 515
1733230 515
1733240 515
1733250 515
1733260 516
1733270 517
1733280 517
1733290 517
1733300 517
1733310 517
1733320 517
1733330 517
1733340 519
1733350 520
1733360 520
1733370 520
1733380 520
1733390 520
1733400 521
1733410 521
1733420 521
1733430 521
1733440 522
1733450 522
1733460 522
1733470 522
1733480 522
1733490 522
1733500 522
1733510 522
1733520 522
1733530 522
1733540 522
1733550 523
1733560 523
1733570 524
1733580 524
1733590 524
1733600 525
1733610 525
1733620 525
1733630 525
1733640 526
1733650 526
1733660 526
1733670 526
1733680 525
1733690 525
1733700 525
1733710 525
1733720 525
1733730 525
1733740 524
1733750 524
1733760 524
1733770 524
1733780 524
1733790 524
1733800 524
1733810 524
1733820 524
1733830 524
1733840 524
1733850 524
1733860 525
1733870 525
1733880 525
1733890 525
1733900 525
1733910 526
1733920 526
1733930 526
1733940 526
1733950 526
1733960 526
1733970 527
1733980 527
1733990 527
1734000 527
1734010 527
1734020 528
1734030 528
1734040 528
1734050 528
1734060 528
1734070 528
1734080 529
1734090 529
1734100 529
1734110 529
1734120 530
1734130 530
1734140 531
1734150 531
1734160 532
1734170 532
1734180 533
1734190 533
1734200 534
1734210 534
1734220 534
1734230 535
1734240 535
1734250 536
1734260 536
1734270 537
1734280 537
1734290 538
1734300 538
1734310 539
1734320 539
1734330 539
1734340 540
1734350 540
1734360 540
1734370 541
1734380 541
1734390 541
1734400 541
1734410 541
1734420 542
1734430 542
1734440 542
1734450 542
1734460 543
1734470 543
1734480 543
1734490 543
1734500 544
1734510 544
1734520 544
1734530 545
1734540 545
1734550 545
1734560 545
1734570 545
1734580 545
1734590 546
1734600 546
1734610 546
1734620 547
1734630 547
1734640 548
1734650 548
1734660 549
1734670 549
1734680 549
1734690 550
1734700 550
1734710 551
1734720 551
1734730 552
1734740 552
1734750 552
1734760 553
1734770 553
1734780 553
1734790 553
1734800 554
1734810 554
1734820 554
1734830 554
1734840 555
1734850 555
1734860 555
1734870 555
1734880 555
1734890 556
1734900 556
1734910 556
1734920 556
1734930 556
1734940 557
1734950 557
1734960 557
1734970 557
1734980 558
1734990 558
1735000 558
1735010 558
1735020 559
1735030 559
1735040 559
1735050 559
1735060 560
1735070 560
1735080 560
1735090 560
1735100 560
1735110 560
1735120 560
1735130 560
1735140 560
1735150 561
1735160 560
1735170 560
1735180 560
1735190 560
1735200 560
1735210 560
1735220 560
1735230 560
1735240 560
1735250 560
1735260 560
1735270 560
1735280 560
1735290 560
1735300 560
1735310 560
1735320 560
1735330 560
1735340 560
1735350 560
1735360 560
1735370 560
1735380 560
1735390 561
1735400 560
1735410 560
1735420 560
1735430 560
1735440 560
1735450 560
1735460 560
1735470 560
1735480 560
1735490 560
1735500 560
1735510 560
1735520 560
1735530 560
1735540 560
1735550 561
1735560 561
1735570 560
1735580 560
1735590 560
1735600 560
1735610 560
1735620 560
1735630 560
1735640 560
1735650 560
1735660 560
1735670 560
1735680 560
1735690 560
1735700 560
1735710 560
1735720 560
1735730 560
1735740 560
1735750 560
1735760 560
1735770 560
1735780 560
1735790 560
1735800 560
1735810 560
1735820 560
1735830 560
1735840 560
1735850 560
1735860 560
1735870 560
1735880 560
1735890 560
1735900 560
1735910 560
1735920 560
1735930 560
1735940 560
1735950 560
1735960 560
1735970 560
1735980 560
1735990 560
1736000 560
1736010 560
1736020 560
1736030 560
1736040 560
1736050 560
1736060 560
1736070 560
1736080 560
1736090 560
1736100 560
1736110 560
1736120 560
1736130 560
1736140 560
1736150 560
1736160 560
1736170 560
1736180 560
1736190 560
1736200 560
1736210 560
1736220 560
1736230 560
1736240 560
1736250 560
1736260 559
1736270 559
1736280 559
1736290 559
1736300 559
1736310 559
1736320 559
1736330 559
1736340 559
1736350 559
1736360 558
1736370 558
1736380 558
1736390 558
1736400 558
1736410 558
1736420 558
1736430 558
1736440 558
1736450 558
1736460 558
1736470 558
1736480 558
1736490 558
1736500 558
1736510 558
1736520 557
1736530 557
1736540 557
1736550 557
1736560 557
1736570 557
1736580 557
1736590 557
1736600 557
1736610 557
1736620 557
1736630 556
1736640 556
1736650 556
1736660 556
1736670 556
1736680 556
1736690 556
1736700 556
1736710 556
1736720 556
1736730 555
1736740 555
1736750 555
1736760 555
1736770 555
1736780 555
1736790 555
1736800 555
1736810 554
1736820 554
1736830 554
1736840 554
1736850 554
1736860 554
1736870 553
1736880 553
1736890 553
1736900 553
1736910 553
1736920 553
1736930 553
1736940 553
1736950 552
1736960 552
1736970 552
1736980 552
1736990 552
1737000 552
1737010 552
1737020 552
1737030 552
1737040 552
1737050 552
1737060 552
1737070 551
1737080 551
1737090 551
1737100 551
1737110 551
1737120 550
1737130 550
1737140 550
1737150 550
1737160 550
1737170 550
1737180 550
1737190 549
1737200 549
1737210 549
1737220 549
1737230 549
1737240 549
1737250 549
1737260 549
1737270 548
1737280 548
1737290 548
1737300 548
1737310 548
1737320 547
1737330 547
1737340 547
1737350 547
1737360 547
1737370 547
1737380 547
1737390 547
1737400 546
1737410 546
1737420 546
1737430 546
1737440 546
1737450 546
1737460 545
1737470 545
1737480 545
1737490 545
1737500 545
1737510 545
1737520 545
1737530 544
1737540 544
1737550 544
1737560 544
1737570 544
1737580 543
1737590 543
1737600 543
1737610 543
1737620 543
1737630 543
1737640 542
1737650 542
1737660 542
1737670 542
1737680 542
1737690 542
1737700 541
1737710 541
1737720 541
1737730 541
1737740 541
1737750 540
1737760 540
1737770 540
1737780 540
1737790 540
1737800 540
1737810 540
1737820 539
1737830 539
1737840 539
1737850 539
1737860 539
1737870 539
1737880 539
1737890 539
1737900 539
1737910 538
1737920 538
1737930 538
1737940 538
1737950 538
1737960 538
1737970 538
1737980 538
1737990 538
1738000 538
1738010 538
1738020 538
1738030 538
1738040 538
1738050 538
1738060 538
1738070 538
1738080 538
1738090 538
1738100 538
1738110 538
1738120 538
1738130 538
1738140 538
1738150 538
1738160 538
1738170 538
1738180 538
1738190 538
1738200 538
1738210 538
1738220 538
1738230 538
1738240 538
1738250 538
1738260 538
1738270 538
1738280 538
1738290 538
1738300 539
1738310 539
1738320 539
1738330 539
1738340 539
1738350 539
1738360 539
1738370 539
1738380 539
1738390 539
1738400 539
1738410 538
1738420 538
1738430 538
1738440 538
1738450 538
1738460 538
1738470 538
1738480 538
1738490 538
1738500 537
1738510 537
1738520 537
1738530 537
1738540 537
1738550 537
1738560 537
1738570 536
1738580 536
1738590 536
1738600 536
1738610 536
1738620 536
1738630 536
1738640 536
1738650 536
1738660 536
1738670 536
1738680 536
1738690 536
1738700 536
1738710 537
1738720 537
1738730 537
1738740 537
1738750 537
1738760 537
1738770 538
1738780 538
1738790 538
1738800 538
1738810 539
1738820 539
1738830 539
1738840 539
1738850 539
1738860 540
1738870 540
1738880 540
1738890 540
1738900 541
1738910 541
1738920 541
1738930 541
1738940 541
1738950 542
1738960 542
1738970 542
1738980 542
1738990 542
1739000 543
1739010 543
1739020 543
1739030 543
1739040 543
1739050 543
1739060 543
1739070 544
1739080 544
1739090 544
1739100 544
1739110 544
1739120 544
1739130 544
1739140 544
1739150 544
1739160 544
1739170 544
1739180 544
1739190 544
1739200 544
1739210 544
1739220 544
1739230 544
1739240 544
1739250 544
1739260 544
1739270 544
1739280 544
1739290 544
1739300 544
1739310 544
1739320 544
1739330 543
1739340 543
1739350 543
1739360 543
1739370 543
1739380 543
1739390 543
1739400 543
1739410 542
1739420 542
1739430 542
1739440 542
1739450 542
1739460 542
1739470 542
1739480 541
1739490 541
1739500 540
1739510 540
1739520 539
1739530 539
1739540 540
1739550 540
1739560 541
1739570 541
1739580 541
1739590 541
1739600 541
1739610 540
1739620 540
1739630 540
1739640 540
1739650 540
1739660 540
1739670 540
1739680 540
1739690 540
1739700 539
1739710 539
1739720 539
1739730 539
1739740 538
1739750 538
1739760 538
1739770 538
1739780 538
1739790 537
1739800 537
1739810 537
1739820 537
1739830 536
1739840 536
1739850 536
1739860 536
1739870 536
1739880 536
1739890 536
1739900 536
1739910 535
1739920 535
1739930 535
1739940 535
1739950 535
1739960 535
1739970 535
1739980 535
1739990 535
