1720000 523
1720010 522
1720020 521
1720030 520
1720040 519
1720050 518
1720060 517
1720070 516
1720080 515
1720090 514
1720100 514
1720110 513
1720120 513
1720130 514
1720140 514
1720150 514
1720160 514
1720170 514
1720180 514
1720190 513
1720200 513
1720210 513
1720220 514
1720230 514
1720240 514
1720250 514
1720260 514
1720270 515
1720280 514
1720290 514
1720300 514
1720310 514
1720320 515
1720330 515
1720340 516
1720350 518
1720360 520
1720370 522
1720380 524
1720390 524
1720400 525
1720410 526
1720420 527
1720430 527
1720440 528
1720450 528
1720460 529
1720470 529
1720480 529
1720490 529
1720500 530
1720510 530
1720520 530
1720530 530
1720540 530
1720550 530
1720560 530
1720570 530
1720580 530
1720590 530
1720600 530
1720610 530
1720620 530
1720630 530
1720640 529
1720650 529
1720660 529
1720670 529
1720680 529
1720690 528
1720700 528
1720710 528
1720720 528
1720730 527
1720740 527
1720750 526
1720760 526
1720770 526
1720780 525
1720790 525
1720800 524
1720810 524
1720820 523
1720830 523
1720840 522
1720850 522
1720860 521
1720870 520
1720880 519
1720890 518
1720900 518
1720910 517
1720920 517
1720930 516
1720940 515
1720950 515
1720960 515
1720970 515
1720980 516
1720990 517
1721000 517
1721010 517
1721020 517
1721030 517
1721040 517
1721050 517
1721060 516
1721070 516
1721080 516
1721090 516
1721100 516
1721110 516
1721120 516
1721130 516
1721140 517
1721150 517
1721160 517
1721170 517
1721180 517
1721190 517
1721200 517
1721210 517
1721220 517
1721230 517
1721240 517
1721250 517
1721260 517
1721270 516
1721280 516
1721290 516
1721300 516
1721310 516
1721320 516
1721330 516
1721340 516
1721350 516
1721360 516
1721370 515
1721380 514
1721390 514
1721400 513
1721410 511
1721420 510
1721430 509
1721440 508
1721450 507
1721460 506
1721470 505
1721480 505
1721490 503
1721500 502
1721510 502
1721520 502
1721530 503
1721540 503
1721550 503
1721560 503
1721570 503
1721580 503
1721590 503
1721600 503
1721610 503
1721620 503
1721630 503
1721640 503
1721650 504
1721660 504
1721670 506
1721680 507
1721690 509
1721700 511
1721710 514
1721720 516
1721730 518
1721740 518
1721750 519
1721760 519
1721770 519
1721780 519
1721790 519
1721800 520
1721810 520
1721820 520
1721830 519
1721840 519
1721850 519
1721860 519
1721870 519
1721880 519
1721890 519
1721900 519
1721910 519
1721920 519
1721930 519
1721940 519
1721950 519
1721960 519
1721970 518
1721980 518
1721990 518
1722000 518
1722010 517
1722020 517
1722030 516
1722040 514
1722050 514
1722060 515
1722070 516
1722080 516
1722090 517
1722100 517
1722110 518
1722120 519
1722130 519
1722140 520
1722150 521
1722160 521
1722170 522
1722180 523
1722190 523
1722200 524
1722210 525
1722220 525
1722230 526
1722240 526
1722250 527
1722260 528
1722270 528
1722280 529
1722290 530
1722300 530
1722310 531
1722320 531
1722330 531
1722340 532
1722350 532
1722360 532
1722370 533
1722380 533
1722390 533
1722400 533
1722410 533
1722420 533
1722430 533
1722440 533
1722450 533
1722460 533
1722470 533
1722480 533
1722490 533
1722500 533
1722510 533
1722520 532
1722530 532
1722540 532
1722550 532
1722560 531
1722570 531
1722580 531
1722590 531
1722600 530
1722610 530
1722620 530
1722630 530
1722640 530
1722650 530
1722660 530
1722670 530
1722680 530
1722690 530
1722700 530
1722710 530
1722720 530
1722730 530
1722740 530
1722750 530
1722760 530
1722770 530
1722780 530
1722790 530
1722800 530
1722810 530
1722820 531
1722830 531
1722840 531
1722850 531
1722860 531
1722870 532
1722880 532
1722890 532
1722900 532
1722910 532
1722920 532
1722930 532
1722940 532
1722950 532
1722960 532
1722970 532
1722980 532
1722990 532
1723000 532
1723010 532
1723020 532
1723030 532
1723040 531
1723050 531
1723060 531
1723070 531
1723080 531
1723090 530
1723100 530
1723110 530
1723120 530
1723130 530
1723140 529
1723150 529
1723160 529
1723170 529
1723180 528
1723190 528
1723200 528
1723210 528
1723220 528
1723230 527
1723240 527
1723250 527
1723260 527
1723270 527
1723280 526
1723290 526
1723300 526
1723310 526
1723320 525
1723330 525
1723340 525
1723350 525
1723360 525
1723370 525
1723380 524
1723390 524
1723400 524
1723410 524
1723420 524
1723430 524
1723440 523
1723450 523
1723460 523
1723470 523
1723480 523
1723490 522
1723500 522
1723510 522
1723520 522
1723530 522
1723540 522
1723550 521
1723560 521
1723570 521
1723580 521
1723590 520
1723600 520
1723610 520
1723620 519
1723630 519
1723640 518
1723650 518
1723660 518
1723670 517
1723680 517
1723690 517
1723700 516
1723710 515
1723720 514
1723730 514
1723740 513
1723750 512
1723760 511
1723770 511
1723780 511
1723790 510
1723800 510
1723810 511
1723820 511
1723830 511
1723840 512
1723850 512
1723860 513
1723870 514
1723880 515
1723890 516
1723900 516
1723910 516
1723920 517
1723930 517
1723940 517
1723950 518
1723960 518
1723970 519
1723980 519
1723990 519
1724000 520
1724010 520
1724020 520
1724030 521
1724040 521
1724050 521
1724060 522
1724070 522
1724080 522
1724090 522
1724100 523
1724110 523
1724120 524
1724130 524
1724140 525
1724150 525
1724160 525
1724170 525
1724180 525
1724190 526
1724200 526
1724210 526
1724220 526
1724230 527
1724240 527
1724250 527
1724260 527
1724270 528
1724280 528
1724290 528
1724300 528
1724310 528
1724320 528
1724330 528
1724340 529
1724350 529
1724360 529
1724370 529
1724380 529
1724390 529
1724400 529
1724410 529
1724420 529
1724430 529
1724440 529
1724450 530
1724460 530
1724470 530
1724480 530
1724490 530
1724500 530
1724510 530
1724520 530
1724530 530
1724540 530
1724550 530
1724560 530
1724570 530
1724580 530
1724590 530
1724600 530
1724610 530
1724620 530
1724630 530
1724640 530
1724650 530
1724660 530
1724670 530
1724680 530
1724690 530
1724700 530
1724710 530
1724720 530
1724730 530
1724740 530
1724750 530
1724760 530
1724770 530
1724780 530
1724790 530
1724800 530
1724810 530
1724820 530
1724830 530
1724840 530
1724850 529
1724860 529
1724870 529
1724880 529
1724890 529
1724900 529
1724910 529
1724920 529
1724930 529
1724940 528
1724950 528
1724960 528
1724970 528
1724980 528
1724990 527
1725000 527
1725010 527
1725020 527
1725030 527
1725040 526
1725050 526
1725060 526
1725070 526
1725080 526
1725090 525
1725100 525
1725110 525
1725120 525
1725130 524
1725140 524
1725150 524
1725160 524
1725170 524
1725180 524
1725190 524
1725200 524
1725210 524
1725220 524
1725230 523
1725240 523
1725250 523
1725260 523
1725270 523
1725280 522
1725290 522
1725300 522
1725310 522
1725320 522
1725330 521
1725340 521
1725350 521
1725360 521
1725370 521
1725380 521
1725390 522
1725400 522
1725410 522
1725420 522
1725430 522
1725440 522
1725450 523
1725460 523
1725470 523
1725480 523
1725490 524
1725500 524
1725510 524
1725520 524
1725530 524
1725540 524
1725550 524
1725560 524
1725570 525
1725580 525
1725590 525
1725600 525
1725610 525
1725620 525
1725630 525
1725640 525
1725650 525
1725660 526
1725670 526
1725680 526
1725690 526
1725700 526
1725710 526
1725720 526
1725730 526
1725740 526
1725750 525
1725760 525
1725770 525
1725780 525
1725790 525
1725800 525
1725810 525
1725820 525
1725830 525
1725840 524
1725850 524
1725860 524
1725870 524
1725880 524
1725890 524
1725900 523
1725910 523
1725920 523
1725930 523
1725940 523
1725950 523
1725960 523
1725970 523
1725980 523
1725990 523
1726000 522
1726010 522
1726020 522
1726030 522
1726040 522
1726050 521
1726060 521
1726070 521
1726080 521
1726090 520
1726100 520
1726110 520
1726120 520
1726130 520
1726140 520
1726150 520
1726160 521
1726170 522
1726180 523
1726190 523
1726200 524
1726210 525
1726220 526
1726230 526
1726240 526
1726250 526
1726260 526
1726270 527
1726280 527
1726290 527
1726300 528
1726310 528
1726320 528
1726330 528
1726340 529
1726350 529
1726360 529
1726370 529
1726380 529
1726390 529
1726400 529
1726410 529
1726420 529
1726430 529
1726440 529
1726450 529
1726460 529
1726470 529
1726480 529
1726490 530
1726500 530
1726510 530
1726520 530
1726530 530
1726540 530
1726550 530
1726560 530
1726570 530
1726580 530
1726590 530
1726600 530
1726610 530
1726620 531
1726630 531
1726640 531
1726650 531
1726660 531
1726670 531
1726680 531
1726690 532
1726700 532
1726710 532
1726720 532
1726730 532
1726740 532
1726750 532
1726760 533
1726770 533
1726780 533
1726790 533
1726800 533
1726810 534
1726820 534
1726830 534
1726840 534
1726850 534
1726860 535
1726870 535
1726880 535
1726890 535
1726900 535
1726910 536
1726920 536
1726930 536
1726940 536
1726950 536
1726960 536
1726970 536
1726980 537
1726990 537
1727000 537
1727010 537
1727020 537
1727030 537
1727040 537
1727050 537
1727060 537
1727070 538
1727080 538
1727090 538
1727100 538
1727110 538
1727120 538
1727130 538
1727140 538
1727150 538
1727160 538
1727170 538
1727180 538
1727190 538
1727200 539
1727210 539
1727220 539
1727230 539
1727240 539
1727250 538
1727260 538
1727270 538
1727280 538
1727290 538
1727300 538
1727310 538
1727320 538
1727330 538
1727340 538
1727350 538
1727360 538
1727370 538
1727380 538
1727390 538
1727400 538
1727410 538
1727420 538
1727430 537
1727440 537
1727450 537
1727460 537
1727470 537
1727480 537
1727490 537
1727500 537
1727510 537
1727520 537
1727530 537
1727540 537
1727550 537
1727560 537
1727570 537
1727580 537
1727590 538
1727600 538
1727610 538
1727620 538
1727630 538
1727640 538
1727650 538
1727660 538
1727670 538
1727680 538
1727690 539
1727700 539
1727710 540
1727720 540
1727730 540
1727740 540
1727750 541
1727760 541
1727770 541
1727780 541
1727790 542
1727800 542
1727810 542
1727820 542
1727830 543
1727840 543
1727850 543
1727860 543
1727870 543
1727880 544
1727890 544
1727900 544
1727910 544
1727920 544
1727930 545
1727940 545
1727950 545
1727960 545
1727970 546
1727980 546
1727990 546
1728000 546
1728010 547
1728020 547
1728030 547
1728040 547
1728050 547
1728060 548
1728070 548
1728080 548
1728090 548
1728100 548
1728110 548
1728120 549
1728130 549
1728140 549
1728150 549
1728160 550
1728170 550
1728180 550
1728190 550
1728200 550
1728210 550
1728220 551
1728230 551
1728240 551
1728250 551
1728260 551
1728270 552
1728280 552
1728290 552
1728300 552
1728310 552
1728320 553
1728330 553
1728340 553
1728350 553
1728360 553
1728370 553
1728380 554
1728390 554
1728400 554
1728410 555
1728420 555
1728430 555
1728440 555
1728450 555
1728460 555
1728470 555
1728480 555
1728490 555
1728500 555
1728510 555
1728520 555
1728530 555
1728540 554
1728550 554
1728560 554
1728570 554
1728580 554
1728590 554
1728600 554
1728610 554
1728620 554
1728630 553
1728640 553
1728650 553
1728660 553
1728670 553
1728680 553
1728690 553
1728700 553
1728710 553
1728720 553
1728730 553
1728740 552
1728750 552
1728760 552
1728770 552
1728780 552
1728790 552
1728800 552
1728810 552
1728820 552
1728830 552
1728840 552
1728850 552
1728860 552
1728870 552
1728880 552
1728890 552
1728900 552
1728910 552
1728920 552
1728930 552
1728940 552
1728950 552
1728960 552
1728970 552
1728980 552
1728990 552
1729000 552
1729010 551
1729020 552
1729030 552
1729040 552
1729050 552
1729060 552
1729070 552
1729080 552
1729090 552
1729100 552
1729110 552
1729120 552
1729130 552
1729140 552
1729150 552
1729160 552
1729170 552
1729180 552
1729190 552
1729200 552
1729210 552
1729220 553
1729230 553
1729240 553
1729250 553
1729260 553
1729270 553
1729280 553
1729290 553
1729300 553
1729310 553
1729320 553
1729330 553
1729340 553
1729350 553
1729360 552
1729370 552
1729380 552
1729390 552
1729400 552
1729410 552
1729420 552
1729430 552
1729440 552
1729450 552
1729460 552
1729470 552
1729480 552
1729490 552
1729500 551
1729510 551
1729520 551
1729530 551
1729540 551
1729550 551
1729560 551
1729570 550
1729580 550
1729590 550
1729600 550
1729610 550
1729620 549
1729630 549
1729640 549
1729650 549
1729660 548
1729670 548
1729680 548
1729690 548
1729700 547
1729710 547
1729720 547
1729730 547
1729740 546
1729750 546
1729760 546
1729770 546
1729780 545
1729790 545
1729800 545
1729810 544
1729820 544
1729830 543
1729840 543
1729850 543
1729860 543
1729870 543
1729880 543
1729890 543
1729900 543
1729910 542
1729920 542
1729930 542
1729940 542
1729950 542
1729960 542
1729970 542
1729980 542
1729990 542
1730000 542
1730010 541
1730020 541
1730030 541
1730040 541
1730050 541
1730060 541
1730070 541
1730080 541
1730090 541
1730100 540
1730110 540
1730120 540
1730130 540
1730140 539
1730150 539
1730160 539
1730170 538
1730180 538
1730190 537
1730200 536
1730210 535
1730220 534
1730230 533
1730240 532
1730250 531
1730260 531
1730270 531
1730280 530
1730290 530
1730300 530
1730310 530
1730320 530
1730330 530
1730340 530
1730350 530
1730360 529
1730370 530
1730380 530
1730390 530
1730400 529
1730410 529
1730420 529
1730430 529
1730440 528
1730450 528
1730460 528
1730470 528
1730480 527
1730490 527
1730500 527
1730510 527
1730520 527
1730530 527
1730540 527
1730550 527
1730560 527
1730570 527
1730580 527
1730590 528
1730600 528
1730610 529
1730620 531
1730630 533
1730640 535
1730650 537
1730660 539
1730670 540
1730680 542
1730690 543
1730700 544
1730710 545
1730720 546
1730730 547
1730740 548
1730750 548
1730760 549
1730770 550
1730780 550
1730790 551
1730800 552
1730810 553
1730820 553
1730830 554
1730840 555
1730850 555
1730860 556
1730870 557
1730880 557
1730890 558
1730900 558
1730910 559
1730920 559
1730930 559
1730940 559
1730950 559
1730960 559
1730970 559
1730980 559
1730990 559
1731000 559
1731010 559
1731020 559
1731030 559
1731040 559
1731050 559
1731060 558
1731070 558
1731080 558
1731090 558
1731100 557
1731110 557
1731120 557
1731130 557
1731140 557
1731150 556
1731160 556
1731170 556
1731180 556
1731190 556
1731200 556
1731210 556
1731220 556
1731230 555
1731240 555
1731250 555
1731260 555
1731270 555
1731280 555
1731290 555
1731300 555
1731310 555
1731320 555
1731330 555
1731340 555
1731350 555
1731360 555
1731370 554
1731380 554
1731390 554
1731400 554
1731410 554
1731420 554
1731430 554
1731440 554
1731450 554
1731460 554
1731470 554
1731480 554
1731490 554
1731500 554
1731510 554
1731520 553
1731530 553
1731540 553
1731550 553
1731560 553
1731570 553
1731580 553
1731590 553
1731600 554
1731610 554
1731620 554
1731630 554
1731640 554
1731650 554
1731660 554
1731670 554
1731680 554
1731690 555
1731700 555
1731710 555
1731720 555
1731730 555
1731740 555
1731750 555
1731760 555
1731770 555
1731780 555
1731790 555
1731800 555
1731810 554
1731820 554
1731830 554
1731840 554
1731850 554
1731860 554
1731870 554
1731880 554
1731890 553
1731900 553
1731910 553
1731920 553
1731930 553
1731940 553
1731950 553
1731960 552
1731970 552
1731980 552
1731990 552
1732000 552
1732010 552
1732020 552
1732030 551
1732040 551
1732050 551
1732060 551
1732070 551
1732080 551
1732090 550
1732100 550
1732110 550
1732120 550
1732130 550
1732140 550
1732150 550
1732160 549
1732170 549
1732180 549
1732190 549
1732200 549
1732210 549
1732220 549
1732230 549
1732240 548
1732250 548
1732260 548
1732270 548
1732280 548
1732290 548
1732300 548
1732310 548
1732320 548
1732330 548
1732340 548
1732350 547
1732360 547
1732370 547
1732380 547
1732390 547
1732400 546
1732410 546
1732420 546
1732430 545
1732440 545
1732450 545
1732460 544
1732470 544
1732480 544
1732490 544
1732500 543
1732510 543
1732520 543
1732530 543
1732540 542
1732550 542
1732560 542
1732570 542
1732580 541
1732590 541
1732600 541
1732610 540
1732620 540
1732630 540
1732640 540
1732650 539
1732660 539
1732670 539
1732680 539
1732690 538
1732700 538
1732710 538
1732720 538
1732730 538
1732740 538
1732750 537
1732760 536
1732770 535
1732780 535
1732790 535
1732800 534
1732810 534
1732820 533
1732830 533
1732840 532
1732850 532
1732860 531
1732870 530
1732880 530
1732890 529
1732900 529
1732910 528
1732920 528
1732930 528
1732940 527
1732950 527
1732960 527
1732970 527
1732980 526
1732990 526
1733000 526
1733010 525
1733020 524
1733030 524
1733040 523
1733050 523
1733060 523
1733070 522
1733080 521
1733090 521
1733100 520
1733110 519
1733120 518
1733130 518
1733140 518
1733150 517
1733160 517
1733170 517
1733180 516
1733190 516
1733200 516
1733210 515
1733220 515
1733230 515
1733240 515
1733250 515
1733260 515
1733270 515
1733280 516
1733290 516
1733300 516
1733310 516
1733320 517
1733330 518
1733340 519
1733350 520
1733360 521
1733370 521
1733380 521
1733390 522
1733400 522
1733410 523
1733420 523
1733430 524
1733440 524
1733450 525
1733460 525
1733470 526
1733480 526
1733490 526
1733500 527
1733510 527
1733520 527
1733530 527
1733540 528
1733550 528
1733560 528
1733570 528
1733580 529
1733590 529
1733600 529
1733610 529
1733620 529
1733630 529
1733640 529
1733650 529
1733660 529
1733670 529
1733680 529
1733690 529
1733700 529
1733710 529
1733720 529
1733730 529
1733740 529
1733750 529
1733760 529
1733770 529
1733780 529
1733790 529
1733800 529
1733810 529
1733820 529
1733830 529
1733840 529
1733850 529
1733860 529
1733870 529
1733880 529
1733890 529
1733900 529
1733910 529
1733920 529
1733930 529
1733940 529
1733950 529
1733960 529
1733970 529
1733980 529
1733990 529
1734000 529
1734010 529
1734020 529
1734030 529
1734040 529
1734050 529
1734060 529
1734070 529
1734080 529
1734090 530
1734100 530
1734110 530
1734120 530
1734130 530
1734140 531
1734150 531
1734160 531
1734170 531
1734180 531
1734190 532
1734200 532
1734210 532
1734220 532
1734230 533
1734240 533
1734250 533
1734260 534
1734270 534
1734280 534
1734290 534
1734300 535
1734310 535
1734320 535
1734330 535
1734340 536
1734350 536
1734360 536
1734370 537
1734380 537
1734390 537
1734400 538
1734410 538
1734420 538
1734430 539
1734440 539
1734450 539
1734460 540
1734470 540
1734480 540
1734490 541
1734500 541
1734510 541
1734520 542
1734530 542
1734540 542
1734550 543
1734560 543
1734570 544
1734580 544
1734590 544
1734600 545
1734610 545
1734620 545
1734630 546
1734640 547
1734650 547
1734660 547
1734670 548
1734680 548
1734690 549
1734700 549
1734710 550
1734720 550
1734730 550
1734740 551
1734750 551
1734760 551
1734770 552
1734780 552
1734790 552
1734800 552
1734810 553
1734820 553
1734830 553
1734840 554
1734850 554
1734860 554
1734870 555
1734880 555
1734890 555
1734900 556
1734910 556
1734920 556
1734930 557
1734940 557
1734950 557
1734960 557
1734970 558
1734980 558
1734990 558
1735000 559
1735010 559
1735020 559
1735030 559
1735040 559
1735050 560
1735060 560
1735070 560
1735080 560
1735090 560
1735100 560
1735110 561
1735120 561
1735130 561
1735140 561
1735150 561
1735160 561
1735170 561
1735180 561
1735190 562
1735200 562
1735210 562
1735220 561
1735230 561
1735240 561
1735250 561
1735260 561
1735270 561
1735280 561
1735290 561
1735300 561
1735310 561
1735320 561
1735330 561
1735340 561
1735350 561
1735360 561
1735370 561
1735380 561
1735390 561
1735400 561
1735410 561
1735420 561
1735430 561
1735440 561
1735450 561
1735460 561
1735470 561
1735480 561
1735490 561
1735500 561
1735510 561
1735520 561
1735530 561
1735540 561
1735550 561
1735560 561
1735570 561
1735580 561
1735590 561
1735600 561
1735610 561
1735620 561
1735630 561
1735640 561
1735650 561
1735660 560
1735670 560
1735680 560
1735690 560
1735700 560
1735710 560
1735720 560
1735730 560
1735740 560
1735750 560
1735760 560
1735770 560
1735780 560
1735790 560
1735800 560
1735810 561
1735820 561
1735830 561
1735840 561
1735850 561
1735860 561
1735870 561
1735880 561
1735890 561
1735900 561
1735910 561
1735920 561
1735930 561
1735940 561
1735950 561
1735960 561
1735970 561
1735980 561
1735990 561
1736000 561
1736010 561
1736020 561
1736030 561
1736040 561
1736050 561
1736060 561
1736070 561
1736080 561
1736090 561
1736100 561
1736110 561
1736120 561
1736130 561
1736140 561
1736150 561
1736160 561
1736170 561
1736180 561
1736190 561
1736200 561
1736210 561
1736220 561
1736230 561
1736240 561
1736250 561
1736260 561
1736270 561
1736280 561
1736290 560
1736300 560
1736310 560
1736320 560
1736330 560
1736340 560
1736350 560
1736360 560
1736370 560
1736380 560
1736390 560
1736400 560
1736410 560
1736420 559
1736430 559
1736440 559
1736450 559
1736460 559
1736470 559
1736480 559
1736490 559
1736500 559
1736510 558
1736520 558
1736530 558
1736540 558
1736550 558
1736560 558
1736570 558
1736580 558
1736590 558
1736600 558
1736610 558
1736620 558
1736630 557
1736640 557
1736650 557
1736660 557
1736670 557
1736680 557
1736690 557
1736700 557
1736710 557
1736720 557
1736730 556
1736740 556
1736750 556
1736760 556
1736770 556
1736780 556
1736790 556
1736800 556
1736810 555
1736820 555
1736830 555
1736840 555
1736850 555
1736860 555
1736870 555
1736880 554
1736890 554
1736900 554
1736910 554
1736920 554
1736930 554
1736940 554
1736950 554
1736960 554
1736970 553
1736980 553
1736990 553
1737000 553
1737010 553
1737020 553
1737030 553
1737040 553
1737050 553
1737060 553
1737070 553
1737080 553
1737090 552
1737100 552
1737110 552
1737120 552
1737130 552
1737140 552
1737150 551
1737160 551
1737170 551
1737180 551
1737190 551
1737200 551
1737210 551
1737220 550
1737230 550
1737240 550
1737250 550
1737260 550
1737270 550
1737280 550
1737290 549
1737300 549
1737310 549
1737320 549
1737330 549
1737340 549
1737350 549
1737360 549
1737370 548
1737380 548
1737390 548
1737400 548
1737410 548
1737420 548
1737430 547
1737440 547
1737450 547
1737460 547
1737470 547
1737480 547
1737490 547
1737500 546
1737510 546
1737520 546
1737530 546
1737540 545
1737550 545
1737560 545
1737570 545
1737580 544
1737590 544
1737600 544
1737610 544
1737620 544
1737630 543
1737640 543
1737650 543
1737660 543
1737670 543
1737680 542
1737690 542
1737700 542
1737710 542
1737720 541
1737730 541
1737740 541
1737750 541
1737760 541
1737770 540
1737780 540
1737790 540
1737800 540
1737810 540
1737820 540
1737830 540
1737840 540
1737850 539
1737860 539
1737870 539
1737880 539
1737890 539
1737900 538
1737910 538
1737920 538
1737930 538
1737940 538
1737950 538
1737960 538
1737970 537
1737980 537
1737990 537
1738000 537
1738010 537
1738020 537
1738030 537
1738040 537
1738050 537
1738060 537
1738070 537
1738080 537
1738090 537
1738100 537
1738110 537
1738120 537
1738130 537
1738140 537
1738150 537
1738160 537
1738170 537
1738180 537
1738190 537
1738200 537
1738210 537
1738220 537
1738230 537
1738240 537
1738250 537
1738260 537
1738270 537
1738280 537
1738290 537
1738300 537
1738310 537
1738320 537
1738330 537
1738340 537
1738350 538
1738360 538
1738370 538
1738380 538
1738390 538
1738400 538
1738410 538
1738420 537
1738430 537
1738440 537
1738450 537
1738460 537
1738470 537
1738480 537
1738490 537
1738500 537
1738510 537
1738520 537
1738530 537
1738540 537
1738550 536
1738560 536
1738570 536
1738580 536
1738590 536
1738600 536
1738610 535
1738620 535
1738630 535
1738640 535
1738650 535
1738660 534
1738670 534
1738680 534
1738690 534
1738700 534
1738710 534
1738720 533
1738730 533
1738740 534
1738750 534
1738760 534
1738770 534
1738780 534
1738790 535
1738800 535
1738810 535
1738820 535
1738830 535
1738840 535
1738850 536
1738860 536
1738870 536
1738880 536
1738890 536
1738900 537
1738910 537
1738920 537
1738930 537
1738940 537
1738950 538
1738960 538
1738970 538
1738980 538
1738990 539
1739000 539
1739010 539
1739020 539
1739030 539
1739040 539
1739050 539
1739060 539
1739070 539
1739080 540
1739090 540
1739100 540
1739110 540
1739120 540
1739130 540
1739140 540
1739150 540
1739160 540
1739170 540
1739180 540
1739190 540
1739200 540
1739210 540
1739220 540
1739230 540
1739240 541
1739250 541
1739260 541
1739270 541
1739280 541
1739290 541
1739300 540
1739310 540
1739320 540
1739330 540
1739340 540
1739350 540
1739360 540
1739370 540
1739380 540
1739390 540
1739400 539
1739410 539
1739420 539
1739430 539
1739440 539
1739450 538
1739460 538
1739470 538
1739480 537
1739490 537
1739500 537
1739510 536
1739520 536
1739530 537
1739540 537
1739550 538
1739560 538
1739570 538
1739580 538
1739590 538
1739600 538
1739610 538
1739620 538
1739630 538
1739640 538
1739650 538
1739660 538
1739670 538
1739680 538
1739690 538
1739700 538
1739710 538
1739720 538
1739730 537
1739740 537
1739750 537
1739760 537
1739770 537
1739780 537
1739790 536
1739800 536
1739810 536
1739820 536
1739830 536
1739840 535
1739850 535
1739860 535
1739870 535
1739880 535
1739890 534
1739900 534
1739910 534
1739920 534
1739930 534
1739940 533
1739950 533
1739960 533
1739970 533
1739980 533
1739990 533
