1720000 533
1720010 533
1720020 533
1720030 533
1720040 532
1720050 532
1720060 532
1720070 532
1720080 532
1720090 531
1720100 531
1720110 531
1720120 531
1720130 531
1720140 531
1720150 531
1720160 531
1720170 531
1720180 531
1720190 531
1720200 531
1720210 530
1720220 530
1720230 530
1720240 530
1720250 530
1720260 530
1720270 529
1720280 529
1720290 529
1720300 529
1720310 529
1720320 529
1720330 529
1720340 529
1720350 528
1720360 528
1720370 528
1720380 528
1720390 528
1720400 528
1720410 528
1720420 528
1720430 528
1720440 528
1720450 528
1720460 528
1720470 528
1720480 528
1720490 528
1720500 528
1720510 528
1720520 528
1720530 528
1720540 528
1720550 528
1720560 528
1720570 528
1720580 528
1720590 528
1720600 528
1720610 528
1720620 528
1720630 528
1720640 528
1720650 528
1720660 528
1720670 528
1720680 527
1720690 527
1720700 527
1720710 527
1720720 527
1720730 527
1720740 527
1720750 527
1720760 527
1720770 527
1720780 526
1720790 526
1720800 526
1720810 526
1720820 525
1720830 525
1720840 525
1720850 525
1720860 524
1720870 524
1720880 524
1720890 524
1720900 523
1720910 523
1720920 523
1720930 523
1720940 522
1720950 522
1720960 522
1720970 522
1720980 522
1720990 521
1721000 521
1721010 521
1721020 521
1721030 520
1721040 520
1721050 520
1721060 520
1721070 519
1721080 519
1721090 519
1721100 519
1721110 518
1721120 518
1721130 518
1721140 518
1721150 517
1721160 517
1721170 517
1721180 517
1721190 516
1721200 516
1721210 516
1721220 515
1721230 515
1721240 515
1721250 514
1721260 514
1721270 514
1721280 513
1721290 513
1721300 513
1721310 512
1721320 512
1721330 512
1721340 511
1721350 511
1721360 510
1721370 510
1721380 509
1721390 509
1721400 508
1721410 508
1721420 507
1721430 507
1721440 507
1721450 507
1721460 506
1721470 506
1721480 506
1721490 505
1721500 505
1721510 504
1721520 503
1721530 503
1721540 502
1721550 502
1721560 502
1721570 501
1721580 501
1721590 501
1721600 500
1721610 500
1721620 499
1721630 499
1721640 499
1721650 498
1721660 498
1721670 497
1721680 497
1721690 497
1721700 497
1721710 496
1721720 496
1721730 496
1721740 496
1721750 496
1721760 496
1721770 495
1721780 495
1721790 495
1721800 495
1721810 495
1721820 495
1721830 495
1721840 495
1721850 495
1721860 495
1721870 495
1721880 494
1721890 494
1721900 494
1721910 494
1721920 494
1721930 494
1721940 494
1721950 494
1721960 494
1721970 494
1721980 494
1721990 494
1722000 494
1722010 494
1722020 493
1722030 493
1722040 493
1722050 493
1722060 493
1722070 493
1722080 493
1722090 493
1722100 493
1722110 493
1722120 493
1722130 493
1722140 493
1722150 493
1722160 493
1722170 493
1722180 492
1722190 492
1722200 492
1722210 492
1722220 492
1722230 492
1722240 492
1722250 492
1722260 492
1722270 492
1722280 492
1722290 492
1722300 492
1722310 492
1722320 492
1722330 492
1722340 491
1722350 491
1722360 491
1722370 490
1722380 490
1722390 490
1722400 489
1722410 489
1722420 488
1722430 488
1722440 488
1722450 487
1722460 486
1722470 485
1722480 484
1722490 482
1722500 480
1722510 478
1722520 477
1722530 476
1722540 475
1722550 475
1722560 474
1722570 474
1722580 474
1722590 474
1722600 474
1722610 474
1722620 474
1722630 474
1722640 474
1722650 474
1722660 474
1722670 473
1722680 473
1722690 473
1722700 473
1722710 472
1722720 472
1722730 472
1722740 472
1722750 473
1722760 473
1722770 473
1722780 473
1722790 474
1722800 474
1722810 475
1722820 476
1722830 478
1722840 479
1722850 482
1722860 484
1722870 487
1722880 487
1722890 487
1722900 487
1722910 486
1722920 485
1722930 485
1722940 485
1722950 485
1722960 485
1722970 487
1722980 489
1722990 490
1723000 491
1723010 492
1723020 494
1723030 495
1723040 496
1723050 497
1723060 498
1723070 499
1723080 500
1723090 501
1723100 502
1723110 503
1723120 503
1723130 504
1723140 504
1723150 505
1723160 505
1723170 506
1723180 507
1723190 507
1723200 508
1723210 508
1723220 509
1723230 509
1723240 510
1723250 511
1723260 511
1723270 512
1723280 512
1723290 513
1723300 513
1723310 514
1723320 514
1723330 515
1723340 515
1723350 515
1723360 516
1723370 516
1723380 516
1723390 517
1723400 517
1723410 517
1723420 517
1723430 517
1723440 517
1723450 518
1723460 518
1723470 518
1723480 518
1723490 519
1723500 519
1723510 519
1723520 519
1723530 520
1723540 520
1723550 520
1723560 520
1723570 520
1723580 521
1723590 521
1723600 521
1723610 522
1723620 522
1723630 522
1723640 522
1723650 522
1723660 523
1723670 523
1723680 523
1723690 523
1723700 523
1723710 523
1723720 524
1723730 524
1723740 524
1723750 524
1723760 524
1723770 524
1723780 524
1723790 524
1723800 525
1723810 525
1723820 525
1723830 525
1723840 525
1723850 525
1723860 525
1723870 525
1723880 525
1723890 525
1723900 526
1723910 526
1723920 526
1723930 526
1723940 526
1723950 526
1723960 527
1723970 527
1723980 527
1723990 527
1724000 527
1724010 527
1724020 528
1724030 528
1724040 528
1724050 528
1724060 528
1724070 528
1724080 529
1724090 529
1724100 529
1724110 529
1724120 529
1724130 529
1724140 529
1724150 529
1724160 529
1724170 529
1724180 530
1724190 530
1724200 530
1724210 530
1724220 530
1724230 530
1724240 530
1724250 530
1724260 530
1724270 530
1724280 530
1724290 530
1724300 530
1724310 530
1724320 530
1724330 530
1724340 530
1724350 530
1724360 530
1724370 530
1724380 530
1724390 530
1724400 530
1724410 530
1724420 530
1724430 530
1724440 530
1724450 530
1724460 530
1724470 530
1724480 530
1724490 530
1724500 529
1724510 529
1724520 529
1724530 529
1724540 529
1724550 529
1724560 529
1724570 529
1724580 529
1724590 528
1724600 528
1724610 528
1724620 528
1724630 528
1724640 528
1724650 528
1724660 528
1724670 528
1724680 527
1724690 527
1724700 527
1724710 527
1724720 527
1724730 527
1724740 527
1724750 527
1724760 526
1724770 526
1724780 526
1724790 526
1724800 526
1724810 526
1724820 526
1724830 526
1724840 526
1724850 526
1724860 526
1724870 526
1724880 525
1724890 525
1724900 525
1724910 525
1724920 525
1724930 525
1724940 525
1724950 525
1724960 524
1724970 524
1724980 524
1724990 523
1725000 523
1725010 523
1725020 523
1725030 522
1725040 522
1725050 522
1725060 522
1725070 522
1725080 522
1725090 522
1725100 521
1725110 521
1725120 521
1725130 521
1725140 521
1725150 521
1725160 521
1725170 522
1725180 522
1725190 522
1725200 523
1725210 523
1725220 523
1725230 523
1725240 523
1725250 523
1725260 523
1725270 523
1725280 524
1725290 524
1725300 524
1725310 524
1725320 524
1725330 525
1725340 525
1725350 525
1725360 525
1725370 525
1725380 526
1725390 526
1725400 526
1725410 526
1725420 526
1725430 527
1725440 527
1725450 527
1725460 527
1725470 527
1725480 527
1725490 528
1725500 528
1725510 528
1725520 528
1725530 528
1725540 528
1725550 528
1725560 528
1725570 528
1725580 529
1725590 529
1725600 529
1725610 529
1725620 529
1725630 529
1725640 529
1725650 529
1725660 529
1725670 530
1725680 530
1725690 530
1725700 530
1725710 530
1725720 530
1725730 530
1725740 530
1725750 530
1725760 530
1725770 530
1725780 531
1725790 531
1725800 531
1725810 531
1725820 531
1725830 532
1725840 532
1725850 532
1725860 532
1725870 532
1725880 532
1725890 532
1725900 533
1725910 533
1725920 533
1725930 533
1725940 533
1725950 533
1725960 533
1725970 533
1725980 533
1725990 533
1726000 533
1726010 533
1726020 533
1726030 533
1726040 533
1726050 533
1726060 533
1726070 533
1726080 533
1726090 533
1726100 533
1726110 533
1726120 533
1726130 533
1726140 533
1726150 533
1726160 533
1726170 533
1726180 533
1726190 533
1726200 533
1726210 533
1726220 533
1726230 533
1726240 533
1726250 533
1726260 533
1726270 533
1726280 533
1726290 533
1726300 532
1726310 532
1726320 532
1726330 532
1726340 532
1726350 532
1726360 532
1726370 532
1726380 532
1726390 532
1726400 532
1726410 532
1726420 532
1726430 532
1726440 532
1726450 532
1726460 532
1726470 532
1726480 531
1726490 531
1726500 531
1726510 531
1726520 531
1726530 531
1726540 531
1726550 531
1726560 531
1726570 531
1726580 530
1726590 530
1726600 530
1726610 530
1726620 530
1726630 530
1726640 530
1726650 529
1726660 529
1726670 529
1726680 528
1726690 528
1726700 528
1726710 528
1726720 527
1726730 527
1726740 527
1726750 527
1726760 527
1726770 527
1726780 527
1726790 527
1726800 527
1726810 527
1726820 527
1726830 526
1726840 526
1726850 526
1726860 526
1726870 525
1726880 525
1726890 525
1726900 525
1726910 525
1726920 525
1726930 525
1726940 525
1726950 525
1726960 526
1726970 526
1726980 526
1726990 526
1727000 527
1727010 527
1727020 527
1727030 527
1727040 527
1727050 527
1727060 527
1727070 527
1727080 527
1727090 528
1727100 528
1727110 528
1727120 528
1727130 528
1727140 528
1727150 528
1727160 529
1727170 529
1727180 529
1727190 529
1727200 529
1727210 529
1727220 529
1727230 529
1727240 529
1727250 530
1727260 530
1727270 530
1727280 530
1727290 530
1727300 530
1727310 530
1727320 530
1727330 530
1727340 530
1727350 530
1727360 530
1727370 530
1727380 530
1727390 530
1727400 530
1727410 530
1727420 530
1727430 530
1727440 531
1727450 531
1727460 531
1727470 531
1727480 531
1727490 531
1727500 531
1727510 531
1727520 531
1727530 531
1727540 531
1727550 531
1727560 531
1727570 531
1727580 532
1727590 532
1727600 532
1727610 532
1727620 532
1727630 532
1727640 532
1727650 532
1727660 532
1727670 532
1727680 532
1727690 532
1727700 533
1727710 533
1727720 533
1727730 533
1727740 533
1727750 533
1727760 533
1727770 533
1727780 533
1727790 534
1727800 534
1727810 534
1727820 534
1727830 534
1727840 535
1727850 535
1727860 535
1727870 536
1727880 536
1727890 536
1727900 537
1727910 537
1727920 537
1727930 538
1727940 538
1727950 538
1727960 539
1727970 539
1727980 539
1727990 539
1728000 539
1728010 540
1728020 540
1728030 540
1728040 541
1728050 541
1728060 541
1728070 541
1728080 542
1728090 542
1728100 542
1728110 542
1728120 543
1728130 543
1728140 543
1728150 543
1728160 543
1728170 543
1728180 543
1728190 544
1728200 544
1728210 544
1728220 544
1728230 544
1728240 544
1728250 545
1728260 545
1728270 545
1728280 545
1728290 545
1728300 545
1728310 545
1728320 546
1728330 546
1728340 546
1728350 546
1728360 546
1728370 546
1728380 546
1728390 546
1728400 546
1728410 546
1728420 547
1728430 547
1728440 547
1728450 547
1728460 547
1728470 547
1728480 547
1728490 547
1728500 547
1728510 547
1728520 547
1728530 547
1728540 547
1728550 547
1728560 547
1728570 547
1728580 547
1728590 547
1728600 547
1728610 547
1728620 547
1728630 547
1728640 547
1728650 547
1728660 547
1728670 547
1728680 547
1728690 546
1728700 546
1728710 546
1728720 546
1728730 546
1728740 546
1728750 546
1728760 546
1728770 546
1728780 546
1728790 546
1728800 546
1728810 546
1728820 546
1728830 545
1728840 545
1728850 545
1728860 545
1728870 545
1728880 545
1728890 545
1728900 545
1728910 545
1728920 545
1728930 545
1728940 545
1728950 545
1728960 545
1728970 545
1728980 545
1728990 545
1729000 545
1729010 545
1729020 545
1729030 545
1729040 545
1729050 545
1729060 545
1729070 545
1729080 545
1729090 545
1729100 545
1729110 545
1729120 545
1729130 545
1729140 545
1729150 545
1729160 545
1729170 545
1729180 545
1729190 545
1729200 545
1729210 544
1729220 544
1729230 544
1729240 544
1729250 543
1729260 543
1729270 543
1729280 543
1729290 542
1729300 542
1729310 542
1729320 542
1729330 542
1729340 542
1729350 543
1729360 543
1729370 543
1729380 543
1729390 543
1729400 542
1729410 542
1729420 542
1729430 542
1729440 542
1729450 542
1729460 542
1729470 542
1729480 542
1729490 542
1729500 542
1729510 542
1729520 542
1729530 542
1729540 542
1729550 542
1729560 542
1729570 542
1729580 542
1729590 542
1729600 542
1729610 542
1729620 542
1729630 542
1729640 542
1729650 542
1729660 542
1729670 542
1729680 542
1729690 542
1729700 542
1729710 542
1729720 542
1729730 542
1729740 542
1729750 542
1729760 542
1729770 542
1729780 542
1729790 542
1729800 542
1729810 542
1729820 542
1729830 542
1729840 542
1729850 542
1729860 542
1729870 542
1729880 542
1729890 542
1729900 541
1729910 541
1729920 541
1729930 541
1729940 541
1729950 541
1729960 541
1729970 541
1729980 541
1729990 541
1730000 541
1730010 541
1730020 541
1730030 541
1730040 541
1730050 541
1730060 540
1730070 540
1730080 540
1730090 540
1730100 540
1730110 540
1730120 540
1730130 540
1730140 540
1730150 539
1730160 539
1730170 539
1730180 539
1730190 539
1730200 538
1730210 538
1730220 538
1730230 538
1730240 537
1730250 537
1730260 537
1730270 537
1730280 536
1730290 536
1730300 536
1730310 536
1730320 535
1730330 535
1730340 535
1730350 535
1730360 535
1730370 535
1730380 535
1730390 535
1730400 535
1730410 535
1730420 535
1730430 535
1730440 535
1730450 535
1730460 535
1730470 535
1730480 535
1730490 535
1730500 535
1730510 535
1730520 535
1730530 535
1730540 535
1730550 535
1730560 535
1730570 535
1730580 535
1730590 535
1730600 535
1730610 535
1730620 535
1730630 535
1730640 535
1730650 535
1730660 535
1730670 535
1730680 535
1730690 535
1730700 535
1730710 535
1730720 535
1730730 535
1730740 535
1730750 535
1730760 535
1730770 535
1730780 535
1730790 535
1730800 535
1730810 535
1730820 534
1730830 534
1730840 534
1730850 534
1730860 534
1730870 534
1730880 534
1730890 533
1730900 533
1730910 533
1730920 533
1730930 533
1730940 532
1730950 532
1730960 532
1730970 531
1730980 531
1730990 531
1731000 530
1731010 530
1731020 530
1731030 530
1731040 529
1731050 529
1731060 529
1731070 529
1731080 529
1731090 529
1731100 528
1731110 528
1731120 528
1731130 528
1731140 528
1731150 528
1731160 528
1731170 528
1731180 528
1731190 528
1731200 528
1731210 528
1731220 528
1731230 528
1731240 527
1731250 527
1731260 527
1731270 527
1731280 527
1731290 526
1731300 526
1731310 526
1731320 526
1731330 526
1731340 526
1731350 525
1731360 525
1731370 525
1731380 525
1731390 525
1731400 525
1731410 525
1731420 524
1731430 524
1731440 524
1731450 524
1731460 524
1731470 524
1731480 523
1731490 523
1731500 523
1731510 523
1731520 523
1731530 522
1731540 522
1731550 522
1731560 521
1731570 521
1731580 521
1731590 520
1731600 520
1731610 519
1731620 519
1731630 519
1731640 520
1731650 521
1731660 522
1731670 522
1731680 522
1731690 522
1731700 522
1731710 522
1731720 522
1731730 522
1731740 522
1731750 523
1731760 523
1731770 523
1731780 522
1731790 522
1731800 522
1731810 522
1731820 523
1731830 523
1731840 524
1731850 524
1731860 524
1731870 524
1731880 524
1731890 524
1731900 524
1731910 524
1731920 524
1731930 524
1731940 524
1731950 524
1731960 524
1731970 525
1731980 525
1731990 525
1732000 525
1732010 525
1732020 525
1732030 525
1732040 525
1732050 525
1732060 525
1732070 525
1732080 525
1732090 525
1732100 525
1732110 525
1732120 525
1732130 525
1732140 525
1732150 524
1732160 524
1732170 524
1732180 524
1732190 524
1732200 524
1732210 523
1732220 523
1732230 523
1732240 523
1732250 522
1732260 522
1732270 522
1732280 522
1732290 521
1732300 521
1732310 521
1732320 520
1732330 520
1732340 519
1732350 519
1732360 519
1732370 518
1732380 518
1732390 517
1732400 516
1732410 516
1732420 515
1732430 515
1732440 514
1732450 514
1732460 513
1732470 512
1732480 511
1732490 511
1732500 510
1732510 508
1732520 504
1732530 502
1732540 499
1732550 498
1732560 496
1732570 495
1732580 494
1732590 494
1732600 493
1732610 492
1732620 491
1732630 491
1732640 490
1732650 489
1732660 488
1732670 488
1732680 488
1732690 488
1732700 488
1732710 488
1732720 488
1732730 490
1732740 492
1732750 494
1732760 497
1732770 500
1732780 501
1732790 503
1732800 504
1732810 505
1732820 506
1732830 506
1732840 507
1732850 507
1732860 508
1732870 508
1732880 509
1732890 509
1732900 509
1732910 509
1732920 509
1732930 509
1732940 509
1732950 509
1732960 508
1732970 508
1732980 507
1732990 506
1733000 505
1733010 504
1733020 503
1733030 502
1733040 501
1733050 500
1733060 499
1733070 498
1733080 497
1733090 496
1733100 494
1733110 493
1733120 492
1733130 491
1733140 490
1733150 490
1733160 490
1733170 491
1733180 491
1733190 492
1733200 492
1733210 493
1733220 493
1733230 493
1733240 493
1733250 493
1733260 493
1733270 493
1733280 493
1733290 493
1733300 494
1733310 495
1733320 496
1733330 497
1733340 498
1733350 500
1733360 501
1733370 502
1733380 504
1733390 505
1733400 506
1733410 507
1733420 508
1733430 509
1733440 510
1733450 511
1733460 512
1733470 513
1733480 513
1733490 514
1733500 515
1733510 515
1733520 516
1733530 516
1733540 517
1733550 517
1733560 518
1733570 518
1733580 519
1733590 519
1733600 519
1733610 520
1733620 520
1733630 521
1733640 521
1733650 521
1733660 522
1733670 522
1733680 522
1733690 522
1733700 522
1733710 523
1733720 523
1733730 523
1733740 523
1733750 524
1733760 524
1733770 524
1733780 524
1733790 524
1733800 524
1733810 525
1733820 525
1733830 525
1733840 525
1733850 525
1733860 525
1733870 525
1733880 525
1733890 525
1733900 525
1733910 525
1733920 525
1733930 525
1733940 525
1733950 525
1733960 525
1733970 525
1733980 525
1733990 525
1734000 525
1734010 524
1734020 524
1734030 524
1734040 524
1734050 524
1734060 523
1734070 523
1734080 523
1734090 523
1734100 522
1734110 522
1734120 522
1734130 522
1734140 521
1734150 521
1734160 521
1734170 521
1734180 520
1734190 520
1734200 520
1734210 520
1734220 519
1734230 519
1734240 519
1734250 519
1734260 519
1734270 519
1734280 519
1734290 519
1734300 519
1734310 519
1734320 519
1734330 519
1734340 518
1734350 518
1734360 518
1734370 518
1734380 518
1734390 518
1734400 518
1734410 519
1734420 519
1734430 519
1734440 519
1734450 519
1734460 519
1734470 519
1734480 519
1734490 520
1734500 520
1734510 520
1734520 520
1734530 520
1734540 520
1734550 521
1734560 521
1734570 521
1734580 521
1734590 522
1734600 522
1734610 522
1734620 522
1734630 522
1734640 523
1734650 523
1734660 523
1734670 523
1734680 523
1734690 523
1734700 524
1734710 524
1734720 524
1734730 524
1734740 524
1734750 524
1734760 524
1734770 524
1734780 524
1734790 524
1734800 523
1734810 523
1734820 523
1734830 522
1734840 521
1734850 519
1734860 518
1734870 516
1734880 514
1734890 512
1734900 510
1734910 509
1734920 508
1734930 506
1734940 504
1734950 502
1734960 502
1734970 502
1734980 502
1734990 502
1735000 504
1735010 506
1735020 508
1735030 511
1735040 515
1735050 518
1735060 521
1735070 523
1735080 525
1735090 526
1735100 527
1735110 528
1735120 529
1735130 530
1735140 530
1735150 531
1735160 532
1735170 533
1735180 533
1735190 534
1735200 535
1735210 535
1735220 535
1735230 536
1735240 536
1735250 536
1735260 536
1735270 536
1735280 536
1735290 536
1735300 536
1735310 536
1735320 536
1735330 536
1735340 536
1735350 536
1735360 536
1735370 536
1735380 535
1735390 535
1735400 535
1735410 535
1735420 535
1735430 534
1735440 534
1735450 534
1735460 534
1735470 533
1735480 533
1735490 533
1735500 533
1735510 533
1735520 532
1735530 532
1735540 532
1735550 532
1735560 532
1735570 532
1735580 532
1735590 531
1735600 531
1735610 531
1735620 531
1735630 531
1735640 531
1735650 531
1735660 531
1735670 531
1735680 531
1735690 531
1735700 532
1735710 532
1735720 532
1735730 532
1735740 532
1735750 533
1735760 533
1735770 533
1735780 533
1735790 533
1735800 534
1735810 534
1735820 534
1735830 534
1735840 535
1735850 535
1735860 535
1735870 535
1735880 536
1735890 536
1735900 536
1735910 536
1735920 537
1735930 537
1735940 537
1735950 538
1735960 538
1735970 538
1735980 539
1735990 539
1736000 539
1736010 540
1736020 540
1736030 541
1736040 541
1736050 542
1736060 542
1736070 542
1736080 543
1736090 543
1736100 543
1736110 543
1736120 543
1736130 543
1736140 543
1736150 543
1736160 543
1736170 543
1736180 543
1736190 543
1736200 542
1736210 542
1736220 542
1736230 541
1736240 541
1736250 541
1736260 540
1736270 540
1736280 539
1736290 539
1736300 538
1736310 538
1736320 538
1736330 537
1736340 537
1736350 536
1736360 536
1736370 536
1736380 535
1736390 535
1736400 534
1736410 534
1736420 534
1736430 533
1736440 533
1736450 532
1736460 532
1736470 531
1736480 531
1736490 531
1736500 530
1736510 530
1736520 529
1736530 528
1736540 528
1736550 527
1736560 527
1736570 526
1736580 526
1736590 526
1736600 525
1736610 525
1736620 525
1736630 525
1736640 524
1736650 524
1736660 524
1736670 525
1736680 525
1736690 525
1736700 526
1736710 526
1736720 526
1736730 526
1736740 527
1736750 527
1736760 528
1736770 528
1736780 528
1736790 529
1736800 529
1736810 529
1736820 530
1736830 530
1736840 531
1736850 531
1736860 532
1736870 532
1736880 532
1736890 533
1736900 533
1736910 533
1736920 534
1736930 534
1736940 534
1736950 534
1736960 534
1736970 534
1736980 535
1736990 535
1737000 535
1737010 535
1737020 535
1737030 535
1737040 535
1737050 535
1737060 535
1737070 535
1737080 535
1737090 535
1737100 534
1737110 534
1737120 534
1737130 534
1737140 534
1737150 534
1737160 534
1737170 534
1737180 534
1737190 534
1737200 534
1737210 534
1737220 534
1737230 533
1737240 533
1737250 533
1737260 532
1737270 532
1737280 532
1737290 532
1737300 531
1737310 531
1737320 531
1737330 531
1737340 530
1737350 530
1737360 530
1737370 529
1737380 529
1737390 529
1737400 528
1737410 528
1737420 528
1737430 528
1737440 528
1737450 527
1737460 527
1737470 527
1737480 527
1737490 527
1737500 526
1737510 526
1737520 526
1737530 526
1737540 526
1737550 526
1737560 525
1737570 525
1737580 525
1737590 525
1737600 525
1737610 525
1737620 524
1737630 524
1737640 524
1737650 524
1737660 524
1737670 524
1737680 523
1737690 523
1737700 523
1737710 523
1737720 523
1737730 523
1737740 523
1737750 523
1737760 523
1737770 523
1737780 523
1737790 523
1737800 523
1737810 523
1737820 523
1737830 523
1737840 523
1737850 523
1737860 523
1737870 523
1737880 523
1737890 523
1737900 523
1737910 523
1737920 522
1737930 522
1737940 522
1737950 523
1737960 523
1737970 523
1737980 523
1737990 523
1738000 523
1738010 523
1738020 523
1738030 523
1738040 523
1738050 523
1738060 524
1738070 524
1738080 524
1738090 524
1738100 524
1738110 524
1738120 524
1738130 524
1738140 523
1738150 523
1738160 523
1738170 523
1738180 523
1738190 523
1738200 523
1738210 523
1738220 522
1738230 522
1738240 522
1738250 522
1738260 522
1738270 522
1738280 521
1738290 521
1738300 521
1738310 521
1738320 521
1738330 521
1738340 521
1738350 521
1738360 520
1738370 520
1738380 520
1738390 520
1738400 520
1738410 520
1738420 520
1738430 520
1738440 520
1738450 520
1738460 519
1738470 519
1738480 519
1738490 519
1738500 519
1738510 519
1738520 519
1738530 519
1738540 519
1738550 519
1738560 519
1738570 519
1738580 519
1738590 519
1738600 519
1738610 519
1738620 519
1738630 519
1738640 519
1738650 519
1738660 518
1738670 518
1738680 518
1738690 518
1738700 518
1738710 518
1738720 518
1738730 518
1738740 518
1738750 518
1738760 518
1738770 517
1738780 517
1738790 517
1738800 517
1738810 517
1738820 517
1738830 517
1738840 517
1738850 516
1738860 516
1738870 516
1738880 516
1738890 516
1738900 516
1738910 516
1738920 516
1738930 516
1738940 516
1738950 516
1738960 516
1738970 516
1738980 517
1738990 517
1739000 517
1739010 517
1739020 517
1739030 517
1739040 517
1739050 517
1739060 517
1739070 517
1739080 517
1739090 517
1739100 517
1739110 517
1739120 517
1739130 517
1739140 517
1739150 517
1739160 517
1739170 517
1739180 517
1739190 517
1739200 517
1739210 517
1739220 516
1739230 516
1739240 516
1739250 516
1739260 516
1739270 516
1739280 515
1739290 515
1739300 515
1739310 515
1739320 515
1739330 515
1739340 515
1739350 514
1739360 514
1739370 514
1739380 514
1739390 514
1739400 514
1739410 513
1739420 513
1739430 513
1739440 513
1739450 513
1739460 513
1739470 512
1739480 512
1739490 512
1739500 512
1739510 512
1739520 511
1739530 511
1739540 511
1739550 511
1739560 511
1739570 510
1739580 510
1739590 510
1739600 510
1739610 509
1739620 509
1739630 509
1739640 509
1739650 509
1739660 508
1739670 508
1739680 508
1739690 508
1739700 507
1739710 507
1739720 507
1739730 507
1739740 507
1739750 506
1739760 506
1739770 506
1739780 506
1739790 506
1739800 506
1739810 505
1739820 505
1739830 505
1739840 505
1739850 505
1739860 505
1739870 505
1739880 504
1739890 504
1739900 504
1739910 504
1739920 504
1739930 504
1739940 504
1739950 504
1739960 503
1739970 503
1739980 503
1739990 502
