1720000 484
1720010 483
1720020 483
1720030 482
1720040 481
1720050 480
1720060 480
1720070 479
1720080 478
1720090 476
1720100 474
1720110 473
1720120 471
1720130 470
1720140 470
1720150 469
1720160 468
1720170 468
1720180 467
1720190 467
1720200 467
1720210 467
1720220 467
1720230 468
1720240 468
1720250 469
1720260 471
1720270 473
1720280 477
1720290 481
1720300 485
1720310 488
1720320 489
1720330 490
1720340 491
1720350 491
1720360 491
1720370 492
1720380 492
1720390 493
1720400 494
1720410 495
1720420 495
1720430 495
1720440 496
1720450 496
1720460 496
1720470 496
1720480 497
1720490 497
1720500 497
1720510 497
1720520 497
1720530 497
1720540 497
1720550 497
1720560 497
1720570 497
1720580 497
1720590 497
1720600 497
1720610 497
1720620 497
1720630 496
1720640 496
1720650 496
1720660 496
1720670 495
1720680 495
1720690 495
1720700 494
1720710 493
1720720 493
1720730 493
1720740 492
1720750 492
1720760 492
1720770 492
1720780 491
1720790 490
1720800 489
1720810 489
1720820 489
1720830 489
1720840 490
1720850 492
1720860 492
1720870 493
1720880 494
1720890 494
1720900 495
1720910 496
1720920 496
1720930 497
1720940 497
1720950 497
1720960 498
1720970 498
1720980 499
1720990 499
1721000 500
1721010 500
1721020 500
1721030 501
1721040 501
1721050 501
1721060 501
1721070 502
1721080 502
1721090 502
1721100 502
1721110 502
1721120 502
1721130 503
1721140 503
1721150 503
1721160 503
1721170 503
1721180 503
1721190 504
1721200 504
1721210 504
1721220 504
1721230 504
1721240 504
1721250 504
1721260 505
1721270 505
1721280 505
1721290 505
1721300 505
1721310 505
1721320 505
1721330 505
1721340 505
1721350 505
1721360 505
1721370 505
1721380 506
1721390 506
1721400 506
1721410 506
1721420 506
1721430 506
1721440 506
1721450 506
1721460 506
1721470 506
1721480 506
1721490 506
1721500 506
1721510 506
1721520 506
1721530 506
1721540 506
1721550 506
1721560 506
1721570 506
1721580 506
1721590 506
1721600 506
1721610 505
1721620 505
1721630 505
1721640 505
1721650 505
1721660 505
1721670 504
1721680 504
1721690 504
1721700 504
1721710 504
1721720 503
1721730 503
1721740 503
1721750 503
1721760 503
1721770 502
1721780 502
1721790 502
1721800 502
1721810 501
1721820 501
1721830 501
1721840 501
1721850 500
1721860 500
1721870 500
1721880 499
1721890 499
1721900 499
1721910 499
1721920 498
1721930 498
1721940 498
1721950 497
1721960 497
1721970 497
1721980 497
1721990 497
1722000 496
1722010 496
1722020 496
1722030 495
1722040 495
1722050 495
1722060 495
1722070 494
1722080 494
1722090 494
1722100 494
1722110 493
1722120 493
1722130 493
1722140 493
1722150 492
1722160 492
1722170 492
1722180 491
1722190 491
1722200 491
1722210 490
1722220 490
1722230 490
1722240 490
1722250 489
1722260 489
1722270 489
1722280 488
1722290 488
1722300 488
1722310 487
1722320 487
1722330 487
1722340 486
1722350 486
1722360 485
1722370 485
1722380 485
1722390 484
1722400 484
1722410 484
1722420 483
1722430 483
1722440 483
1722450 482
1722460 482
1722470 482
1722480 481
1722490 481
1722500 481
1722510 481
1722520 481
1722530 480
1722540 480
1722550 480
1722560 480
1722570 480
1722580 480
1722590 480
1722600 480
1722610 480
1722620 480
1722630 480
1722640 480
1722650 480
1722660 480
1722670 480
1722680 480
1722690 481
1722700 481
1722710 481
1722720 481
1722730 481
1722740 481
1722750 481
1722760 481
1722770 481
1722780 481
1722790 481
1722800 481
1722810 482
1722820 482
1722830 482
1722840 482
1722850 482
1722860 482
1722870 482
1722880 482
1722890 482
1722900 482
1722910 482
1722920 482
1722930 482
1722940 482
1722950 482
1722960 482
1722970 482
1722980 482
1722990 482
1723000 482
1723010 482
1723020 482
1723030 482
1723040 482
1723050 482
1723060 481
1723070 481
1723080 481
1723090 481
1723100 481
1723110 481
1723120 480
1723130 480
1723140 480
1723150 479
1723160 479
1723170 479
1723180 478
1723190 478
1723200 478
1723210 478
1723220 477
1723230 477
1723240 477
1723250 477
1723260 477
1723270 476
1723280 475
1723290 474
1723300 473
1723310 473
1723320 472
1723330 471
1723340 471
1723350 470
1723360 470
1723370 469
1723380 469
1723390 468
1723400 468
1723410 467
1723420 466
1723430 466
1723440 465
1723450 464
1723460 463
1723470 463
1723480 462
1723490 461
1723500 461
1723510 460
1723520 459
1723530 459
1723540 458
1723550 458
1723560 457
1723570 457
1723580 456
1723590 455
1723600 454
1723610 453
1723620 452
1723630 451
1723640 450
1723650 449
1723660 448
1723670 448
1723680 448
1723690 447
1723700 447
1723710 447
1723720 447
1723730 447
1723740 447
1723750 447
1723760 447
1723770 447
1723780 447
1723790 447
1723800 447
1723810 447
1723820 447
1723830 447
1723840 447
1723850 447
1723860 447
1723870 447
1723880 447
1723890 447
1723900 447
1723910 447
1723920 446
1723930 446
1723940 445
1723950 445
1723960 445
1723970 446
1723980 447
1723990 448
1724000 450
1724010 451
1724020 452
1724030 453
1724040 453
1724050 454
1724060 454
1724070 454
1724080 455
1724090 455
1724100 455
1724110 455
1724120 455
1724130 455
1724140 455
1724150 456
1724160 456
1724170 456
1724180 456
1724190 456
1724200 456
1724210 457
1724220 457
1724230 457
1724240 458
1724250 458
1724260 458
1724270 458
1724280 459
1724290 459
1724300 459
1724310 460
1724320 460
1724330 460
1724340 460
1724350 461
1724360 461
1724370 461
1724380 462
1724390 462
1724400 462
1724410 463
1724420 463
1724430 463
1724440 463
1724450 464
1724460 464
1724470 464
1724480 464
1724490 464
1724500 465
1724510 465
1724520 466
1724530 466
1724540 466
1724550 467
1724560 467
1724570 467
1724580 468
1724590 468
1724600 469
1724610 469
1724620 469
1724630 470
1724640 470
1724650 471
1724660 471
1724670 471
1724680 472
1724690 472
1724700 473
1724710 473
1724720 473
1724730 474
1724740 474
1724750 474
1724760 474
1724770 475
1724780 475
1724790 475
1724800 475
1724810 475
1724820 475
1724830 475
1724840 475
1724850 475
1724860 475
1724870 474
1724880 474
1724890 474
1724900 474
1724910 473
1724920 473
1724930 473
1724940 473
1724950 473
1724960 473
1724970 474
1724980 475
1724990 475
1725000 475
1725010 475
1725020 476
1725030 476
1725040 476
1725050 476
1725060 476
1725070 476
1725080 476
1725090 476
1725100 476
1725110 476
1725120 476
1725130 476
1725140 476
1725150 476
1725160 476
1725170 476
1725180 476
1725190 477
1725200 476
1725210 476
1725220 476
1725230 476
1725240 476
1725250 477
1725260 477
1725270 477
1725280 477
1725290 478
1725300 478
1725310 478
1725320 479
1725330 479
1725340 479
1725350 479
1725360 479
1725370 479
1725380 479
1725390 479
1725400 480
1725410 480
1725420 480
1725430 481
1725440 481
1725450 481
1725460 481
1725470 481
1725480 481
1725490 481
1725500 481
1725510 481
1725520 481
1725530 481
1725540 481
1725550 481
1725560 481
1725570 481
1725580 480
1725590 480
1725600 480
1725610 479
1725620 478
1725630 477
1725640 476
1725650 476
1725660 475
1725670 474
1725680 473
1725690 473
1725700 472
1725710 471
1725720 471
1725730 470
1725740 470
1725750 470
1725760 470
1725770 469
1725780 470
1725790 470
1725800 470
1725810 470
1725820 470
1725830 470
1725840 470
1725850 470
1725860 471
1725870 471
1725880 472
1725890 473
1725900 474
1725910 475
1725920 475
1725930 475
1725940 474
1725950 474
1725960 475
1725970 477
1725980 477
1725990 478
1726000 478
1726010 479
1726020 480
1726030 480
1726040 481
1726050 481
1726060 482
1726070 482
1726080 482
1726090 482
1726100 482
1726110 482
1726120 482
1726130 481
1726140 481
1726150 481
1726160 480
1726170 478
1726180 476
1726190 476
1726200 476
1726210 475
1726220 475
1726230 474
1726240 472
1726250 471
1726260 470
1726270 469
1726280 468
1726290 466
1726300 464
1726310 464
1726320 465
1726330 466
1726340 468
1726350 470
1726360 474
1726370 476
1726380 478
1726390 480
1726400 481
1726410 482
1726420 483
1726430 485
1726440 486
1726450 487
1726460 488
1726470 489
1726480 489
1726490 490
1726500 490
1726510 491
1726520 491
1726530 492
1726540 492
1726550 493
1726560 494
1726570 494
1726580 494
1726590 495
1726600 495
1726610 496
1726620 496
1726630 496
1726640 497
1726650 497
1726660 497
1726670 498
1726680 498
1726690 498
1726700 498
1726710 499
1726720 499
1726730 500
1726740 500
1726750 500
1726760 501
1726770 501
1726780 501
1726790 501
1726800 502
1726810 502
1726820 502
1726830 502
1726840 502
1726850 502
1726860 502
1726870 502
1726880 503
1726890 503
1726900 503
1726910 503
1726920 503
1726930 503
1726940 503
1726950 503
1726960 503
1726970 503
1726980 504
1726990 504
1727000 504
1727010 504
1727020 504
1727030 505
1727040 505
1727050 505
1727060 505
1727070 505
1727080 506
1727090 506
1727100 506
1727110 506
1727120 506
1727130 507
1727140 507
1727150 507
1727160 507
1727170 507
1727180 507
1727190 507
1727200 508
1727210 508
1727220 508
1727230 508
1727240 508
1727250 508
1727260 508
1727270 508
1727280 509
1727290 509
1727300 509
1727310 509
1727320 509
1727330 510
1727340 510
1727350 510
1727360 510
1727370 510
1727380 510
1727390 511
1727400 511
1727410 511
1727420 511
1727430 511
1727440 511
1727450 511
1727460 512
1727470 512
1727480 512
1727490 512
1727500 512
1727510 512
1727520 512
1727530 512
1727540 513
1727550 513
1727560 513
1727570 513
1727580 513
1727590 513
1727600 514
1727610 514
1727620 514
1727630 514
1727640 514
1727650 514
1727660 514
1727670 514
1727680 514
1727690 514
1727700 515
1727710 515
1727720 515
1727730 515
1727740 515
1727750 515
1727760 515
1727770 515
1727780 516
1727790 516
1727800 516
1727810 516
1727820 516
1727830 516
1727840 516
1727850 516
1727860 516
1727870 516
1727880 516
1727890 517
1727900 517
1727910 517
1727920 517
1727930 517
1727940 517
1727950 517
1727960 517
1727970 517
1727980 517
1727990 517
1728000 517
1728010 517
1728020 517
1728030 517
1728040 517
1728050 517
1728060 517
1728070 517
1728080 517
1728090 517
1728100 517
1728110 517
1728120 516
1728130 516
1728140 516
1728150 516
1728160 516
1728170 516
1728180 516
1728190 516
1728200 516
1728210 516
1728220 516
1728230 515
1728240 515
1728250 515
1728260 515
1728270 514
1728280 514
1728290 514
1728300 515
1728310 515
1728320 515
1728330 515
1728340 515
1728350 515
1728360 514
1728370 514
1728380 514
1728390 514
1728400 514
1728410 514
1728420 513
1728430 513
1728440 513
1728450 513
1728460 513
1728470 513
1728480 513
1728490 513
1728500 513
1728510 513
1728520 513
1728530 512
1728540 512
1728550 512
1728560 512
1728570 512
1728580 511
1728590 511
1728600 511
1728610 511
1728620 511
1728630 511
1728640 511
1728650 511
1728660 511
1728670 511
1728680 511
1728690 510
1728700 510
1728710 510
1728720 510
1728730 510
1728740 510
1728750 510
1728760 510
1728770 510
1728780 509
1728790 509
1728800 509
1728810 509
1728820 509
1728830 509
1728840 509
1728850 509
1728860 509
1728870 509
1728880 509
1728890 509
1728900 509
1728910 508
1728920 508
1728930 508
1728940 508
1728950 508
1728960 508
1728970 508
1728980 508
1728990 508
1729000 508
1729010 508
1729020 508
1729030 508
1729040 509
1729050 509
1729060 508
1729070 509
1729080 509
1729090 509
1729100 510
1729110 510
1729120 510
1729130 511
1729140 511
1729150 511
1729160 511
1729170 512
1729180 512
1729190 512
1729200 512
1729210 512
1729220 513
1729230 513
1729240 512
1729250 513
1729260 513
1729270 513
1729280 513
1729290 513
1729300 513
1729310 513
1729320 513
1729330 514
1729340 514
1729350 514
1729360 514
1729370 515
1729380 515
1729390 515
1729400 515
1729410 515
1729420 515
1729430 515
1729440 515
1729450 515
1729460 515
1729470 515
1729480 514
1729490 514
1729500 514
1729510 514
1729520 514
1729530 513
1729540 513
1729550 513
1729560 512
1729570 512
1729580 512
1729590 512
1729600 511
1729610 511
1729620 511
1729630 511
1729640 511
1729650 511
1729660 511
1729670 511
1729680 511
1729690 511
1729700 510
1729710 510
1729720 510
1729730 510
1729740 510
1729750 510
1729760 509
1729770 509
1729780 509
1729790 509
1729800 509
1729810 509
1729820 508
1729830 508
1729840 508
1729850 507
1729860 507
1729870 507
1729880 507
1729890 506
1729900 506
1729910 506
1729920 505
1729930 505
1729940 504
1729950 505
1729960 505
1729970 505
1729980 505
1729990 505
1730000 505
1730010 505
1730020 505
1730030 504
1730040 505
1730050 505
1730060 505
1730070 505
1730080 505
1730090 505
1730100 505
1730110 504
1730120 503
1730130 503
1730140 502
1730150 501
1730160 501
1730170 501
1730180 500
1730190 500
1730200 499
1730210 498
1730220 498
1730230 497
1730240 496
1730250 496
1730260 496
1730270 495
1730280 495
1730290 494
1730300 494
1730310 495
1730320 495
1730330 495
1730340 496
1730350 497
1730360 497
1730370 499
1730380 500
1730390 501
1730400 501
1730410 501
1730420 502
1730430 503
1730440 503
1730450 504
1730460 504
1730470 504
1730480 505
1730490 505
1730500 506
1730510 506
1730520 506
1730530 507
1730540 507
1730550 507
1730560 507
1730570 508
1730580 508
1730590 508
1730600 508
1730610 507
1730620 507
1730630 507
1730640 508
1730650 509
1730660 509
1730670 509
1730680 509
1730690 509
1730700 510
1730710 511
1730720 511
1730730 511
1730740 511
1730750 511
1730760 511
1730770 511
1730780 512
1730790 512
1730800 512
1730810 512
1730820 512
1730830 512
1730840 512
1730850 512
1730860 512
1730870 512
1730880 511
1730890 511
1730900 511
1730910 511
1730920 511
1730930 511
1730940 512
1730950 512
1730960 512
1730970 512
1730980 512
1730990 512
1731000 512
1731010 513
1731020 513
1731030 513
1731040 513
1731050 514
1731060 514
1731070 515
1731080 515
1731090 516
1731100 516
1731110 516
1731120 516
1731130 517
1731140 517
1731150 517
1731160 517
1731170 518
1731180 518
1731190 518
1731200 518
1731210 518
1731220 519
1731230 519
1731240 519
1731250 519
1731260 519
1731270 519
1731280 520
1731290 520
1731300 520
1731310 520
1731320 520
1731330 521
1731340 521
1731350 521
1731360 522
1731370 522
1731380 522
1731390 522
1731400 523
1731410 523
1731420 523
1731430 524
1731440 524
1731450 524
1731460 525
1731470 525
1731480 525
1731490 526
1731500 526
1731510 527
1731520 527
1731530 528
1731540 528
1731550 528
1731560 529
1731570 529
1731580 530
1731590 530
1731600 531
1731610 531
1731620 531
1731630 532
1731640 532
1731650 533
1731660 533
1731670 533
1731680 534
1731690 534
1731700 534
1731710 535
1731720 535
1731730 535
1731740 536
1731750 536
1731760 537
1731770 537
1731780 537
1731790 537
1731800 537
1731810 538
1731820 538
1731830 538
1731840 539
1731850 539
1731860 539
1731870 539
1731880 539
1731890 539
1731900 539
1731910 539
1731920 539
1731930 539
1731940 539
1731950 539
1731960 539
1731970 539
1731980 539
1731990 539
1732000 539
1732010 539
1732020 539
1732030 539
1732040 538
1732050 538
1732060 538
1732070 538
1732080 538
1732090 538
1732100 538
1732110 538
1732120 538
1732130 538
1732140 538
1732150 538
1732160 538
1732170 538
1732180 538
1732190 537
1732200 537
1732210 537
1732220 537
1732230 537
1732240 537
1732250 537
1732260 536
1732270 536
1732280 536
1732290 536
1732300 536
1732310 536
1732320 536
1732330 536
1732340 535
1732350 535
1732360 535
1732370 535
1732380 535
1732390 535
1732400 535
1732410 535
1732420 535
1732430 534
1732440 534
1732450 534
1732460 534
1732470 534
1732480 533
1732490 533
1732500 533
1732510 533
1732520 533
1732530 533
1732540 533
1732550 533
1732560 532
1732570 532
1732580 532
1732590 532
1732600 532
1732610 532
1732620 532
1732630 532
1732640 531
1732650 531
1732660 531
1732670 531
1732680 531
1732690 531
1732700 531
1732710 531
1732720 531
1732730 531
1732740 530
1732750 530
1732760 530
1732770 530
1732780 530
1732790 530
1732800 530
1732810 530
1732820 530
1732830 530
1732840 530
1732850 530
1732860 530
1732870 530
1732880 530
1732890 530
1732900 529
1732910 529
1732920 529
1732930 529
1732940 529
1732950 529
1732960 529
1732970 529
1732980 529
1732990 529
1733000 529
1733010 529
1733020 528
1733030 528
1733040 528
1733050 528
1733060 528
1733070 528
1733080 528
1733090 528
1733100 528
1733110 527
1733120 527
1733130 527
1733140 527
1733150 527
1733160 527
1733170 526
1733180 526
1733190 526
1733200 526
1733210 526
1733220 526
1733230 526
1733240 526
1733250 525
1733260 525
1733270 525
1733280 525
1733290 524
1733300 523
1733310 522
1733320 523
1733330 524
1733340 525
1733350 524
1733360 524
1733370 524
1733380 523
1733390 523
1733400 523
1733410 523
1733420 524
1733430 524
1733440 524
1733450 524
1733460 523
1733470 523
1733480 523
1733490 523
1733500 523
1733510 523
1733520 522
1733530 522
1733540 522
1733550 521
1733560 521
1733570 521
1733580 521
1733590 521
1733600 521
1733610 521
1733620 521
1733630 521
1733640 521
1733650 520
1733660 520
1733670 520
1733680 520
1733690 520
1733700 520
1733710 520
1733720 520
1733730 520
1733740 520
1733750 520
1733760 520
1733770 520
1733780 520
1733790 520
1733800 520
1733810 520
1733820 520
1733830 520
1733840 519
1733850 519
1733860 519
1733870 519
1733880 519
1733890 518
1733900 518
1733910 518
1733920 518
1733930 519
1733940 519
1733950 519
1733960 518
1733970 518
1733980 518
1733990 518
1734000 518
1734010 518
1734020 517
1734030 517
1734040 517
1734050 517
1734060 517
1734070 517
1734080 516
1734090 516
1734100 516
1734110 516
1734120 516
1734130 515
1734140 515
1734150 515
1734160 515
1734170 514
1734180 514
1734190 514
1734200 513
1734210 513
1734220 513
1734230 512
1734240 512
1734250 511
1734260 511
1734270 510
1734280 510
1734290 509
1734300 508
1734310 508
1734320 507
1734330 507
1734340 507
1734350 507
1734360 506
1734370 506
1734380 506
1734390 506
1734400 506
1734410 505
1734420 505
1734430 505
1734440 504
1734450 504
1734460 504
1734470 504
1734480 503
1734490 503
1734500 503
1734510 503
1734520 502
1734530 502
1734540 502
1734550 502
1734560 502
1734570 502
1734580 502
1734590 502
1734600 502
1734610 502
1734620 502
1734630 502
1734640 503
1734650 503
1734660 504
1734670 505
1734680 506
1734690 507
1734700 509
1734710 509
1734720 510
1734730 510
1734740 510
1734750 510
1734760 510
1734770 510
1734780 510
1734790 510
1734800 510
1734810 510
1734820 510
1734830 510
1734840 511
1734850 511
1734860 511
1734870 511
1734880 511
1734890 511
1734900 511
1734910 511
1734920 511
1734930 511
1734940 511
1734950 511
1734960 510
1734970 510
1734980 510
1734990 510
1735000 510
1735010 510
1735020 509
1735030 509
1735040 509
1735050 508
1735060 508
1735070 507
1735080 506
1735090 505
1735100 505
1735110 504
1735120 504
1735130 503
1735140 503
1735150 502
1735160 502
1735170 501
1735180 501
1735190 501
1735200 502
1735210 502
1735220 503
1735230 503
1735240 504
1735250 505
1735260 505
1735270 506
1735280 507
1735290 508
1735300 509
1735310 510
1735320 511
1735330 511
1735340 511
1735350 512
1735360 512
1735370 512
1735380 512
1735390 512
1735400 513
1735410 513
1735420 513
1735430 513
1735440 514
1735450 514
1735460 514
1735470 514
1735480 514
1735490 514
1735500 513
1735510 513
1735520 514
1735530 514
1735540 514
1735550 514
1735560 514
1735570 514
1735580 514
1735590 514
1735600 514
1735610 514
1735620 514
1735630 514
1735640 514
1735650 514
1735660 514
1735670 514
1735680 514
1735690 514
1735700 514
1735710 514
1735720 514
1735730 514
1735740 514
1735750 513
1735760 513
1735770 513
1735780 513
1735790 513
1735800 513
1735810 513
1735820 513
1735830 513
1735840 513
1735850 513
1735860 513
1735870 513
1735880 512
1735890 512
1735900 512
1735910 512
1735920 511
1735930 511
1735940 511
1735950 511
1735960 511
1735970 510
1735980 510
1735990 510
1736000 510
1736010 510
1736020 509
1736030 509
1736040 509
1736050 508
1736060 508
1736070 508
1736080 508
1736090 507
1736100 507
1736110 507
1736120 507
1736130 506
1736140 506
1736150 506
1736160 506
1736170 505
1736180 505
1736190 505
1736200 505
1736210 504
1736220 504
1736230 504
1736240 504
1736250 504
1736260 503
1736270 503
1736280 503
1736290 503
1736300 502
1736310 502
1736320 502
1736330 502
1736340 502
1736350 501
1736360 501
1736370 501
1736380 501
1736390 500
1736400 500
1736410 500
1736420 500
1736430 499
1736440 499
1736450 499
1736460 499
1736470 498
1736480 498
1736490 498
1736500 498
1736510 498
1736520 497
1736530 497
1736540 497
1736550 497
1736560 496
1736570 496
1736580 496
1736590 496
1736600 495
1736610 495
1736620 495
1736630 495
1736640 495
1736650 494
1736660 494
1736670 494
1736680 494
1736690 494
1736700 494
1736710 493
1736720 493
1736730 493
1736740 493
1736750 493
1736760 493
1736770 492
1736780 492
1736790 492
1736800 492
1736810 492
1736820 491
1736830 491
1736840 491
1736850 491
1736860 490
1736870 490
1736880 490
1736890 490
1736900 490
1736910 489
1736920 489
1736930 489
1736940 488
1736950 488
1736960 487
1736970 486
1736980 486
1736990 485
1737000 485
1737010 485
1737020 484
1737030 484
1737040 483
1737050 483
1737060 482
1737070 482
1737080 481
1737090 481
1737100 481
1737110 480
1737120 480
1737130 479
1737140 478
1737150 477
1737160 477
1737170 476
1737180 475
1737190 475
1737200 474
1737210 474
1737220 473
1737230 472
1737240 471
1737250 471
1737260 470
1737270 469
1737280 468
1737290 468
1737300 468
1737310 467
1737320 467
1737330 467
1737340 467
1737350 467
1737360 466
1737370 466
1737380 466
1737390 467
1737400 467
1737410 468
1737420 469
1737430 470
1737440 471
1737450 472
1737460 473
1737470 474
1737480 474
1737490 474
1737500 474
1737510 475
1737520 475
1737530 475
1737540 475
1737550 476
1737560 476
1737570 476
1737580 477
1737590 477
1737600 477
1737610 477
1737620 477
1737630 477
1737640 478
1737650 478
1737660 478
1737670 478
1737680 478
1737690 478
1737700 478
1737710 477
1737720 477
1737730 477
1737740 477
1737750 477
1737760 477
1737770 477
1737780 477
1737790 477
1737800 477
1737810 477
1737820 476
1737830 476
1737840 476
1737850 476
1737860 476
1737870 475
1737880 475
1737890 475
1737900 475
1737910 475
1737920 474
1737930 474
1737940 474
1737950 474
1737960 473
1737970 473
1737980 473
1737990 472
1738000 472
1738010 472
1738020 471
1738030 471
1738040 470
1738050 469
1738060 467
1738070 466
1738080 466
1738090 466
1738100 467
1738110 467
1738120 467
1738130 467
1738140 467
1738150 466
1738160 466
1738170 465
1738180 465
1738190 465
1738200 464
1738210 464
1738220 463
1738230 463
1738240 463
1738250 463
1738260 463
1738270 463
1738280 463
1738290 462
1738300 462
1738310 462
1738320 462
1738330 462
1738340 463
1738350 463
1738360 463
1738370 463
1738380 463
1738390 463
1738400 462
1738410 462
1738420 462
1738430 461
1738440 461
1738450 462
1738460 462
1738470 462
1738480 462
1738490 462
1738500 462
1738510 462
1738520 462
1738530 462
1738540 462
1738550 462
1738560 462
1738570 462
1738580 462
1738590 462
1738600 462
1738610 462
1738620 461
1738630 461
1738640 461
1738650 460
1738660 459
1738670 459
1738680 458
1738690 458
1738700 458
1738710 458
1738720 458
1738730 460
1738740 461
1738750 463
1738760 464
1738770 465
1738780 466
1738790 467
1738800 467
1738810 467
1738820 467
1738830 468
1738840 468
1738850 468
1738860 468
1738870 468
1738880 469
1738890 469
1738900 469
1738910 469
1738920 469
1738930 470
1738940 470
1738950 470
1738960 470
1738970 470
1738980 470
1738990 470
1739000 470
1739010 470
1739020 470
1739030 470
1739040 470
1739050 470
1739060 470
1739070 470
1739080 470
1739090 470
1739100 470
1739110 470
1739120 470
1739130 470
1739140 470
1739150 470
1739160 470
1739170 470
1739180 470
1739190 470
1739200 470
1739210 470
1739220 470
1739230 470
1739240 470
1739250 470
1739260 470
1739270 470
1739280 470
1739290 470
1739300 469
1739310 469
1739320 469
1739330 469
1739340 469
1739350 469
1739360 469
1739370 468
1739380 468
1739390 468
1739400 468
1739410 467
1739420 467
1739430 467
1739440 467
1739450 466
1739460 466
1739470 466
1739480 465
1739490 465
1739500 464
1739510 463
1739520 461
1739530 460
1739540 458
1739550 457
1739560 456
1739570 455
1739580 454
1739590 453
1739600 453
1739610 452
1739620 452
1739630 451
1739640 450
1739650 450
1739660 449
1739670 449
1739680 448
1739690 448
1739700 448
1739710 448
1739720 447
1739730 447
1739740 447
1739750 447
1739760 447
1739770 447
1739780 447
1739790 448
1739800 450
1739810 454
1739820 457
1739830 460
1739840 463
1739850 465
1739860 468
1739870 470
1739880 472
1739890 475
1739900 477
1739910 480
1739920 483
1739930 486
1739940 490
1739950 494
1739960 496
1739970 498
1739980 499
1739990 500
