1720000 470
1720010 470
1720020 471
1720030 471
1720040 471
1720050 471
1720060 471
1720070 471
1720080 470
1720090 469
1720100 469
1720110 469
1720120 469
1720130 469
1720140 468
1720150 468
1720160 468
1720170 468
1720180 468
1720190 468
1720200 467
1720210 467
1720220 466
1720230 466
1720240 465
1720250 466
1720260 466
1720270 466
1720280 466
1720290 466
1720300 466
1720310 466
1720320 466
1720330 465
1720340 465
1720350 465
1720360 464
1720370 464
1720380 465
1720390 465
1720400 465
1720410 466
1720420 466
1720430 468
1720440 469
1720450 471
1720460 473
1720470 476
1720480 479
1720490 481
1720500 484
1720510 487
1720520 490
1720530 492
1720540 493
1720550 493
1720560 494
1720570 494
1720580 494
1720590 494
1720600 494
1720610 494
1720620 494
1720630 493
1720640 493
1720650 492
1720660 492
1720670 491
1720680 491
1720690 490
1720700 490
1720710 489
1720720 487
1720730 485
1720740 484
1720750 483
1720760 482
1720770 481
1720780 483
1720790 485
1720800 486
1720810 487
1720820 489
1720830 490
1720840 491
1720850 492
1720860 493
1720870 493
1720880 494
1720890 494
1720900 495
1720910 495
1720920 495
1720930 496
1720940 496
1720950 497
1720960 497
1720970 498
1720980 498
1720990 499
1721000 499
1721010 500
1721020 500
1721030 501
1721040 501
1721050 501
1721060 502
1721070 502
1721080 502
1721090 503
1721100 503
1721110 503
1721120 503
1721130 504
1721140 504
1721150 504
1721160 504
1721170 504
1721180 505
1721190 505
1721200 505
1721210 505
1721220 505
1721230 506
1721240 506
1721250 506
1721260 506
1721270 506
1721280 506
1721290 506
1721300 506
1721310 506
1721320 506
1721330 506
1721340 506
1721350 506
1721360 506
1721370 506
1721380 506
1721390 505
1721400 505
1721410 505
1721420 505
1721430 505
1721440 505
1721450 505
1721460 504
1721470 504
1721480 504
1721490 504
1721500 504
1721510 504
1721520 504
1721530 504
1721540 504
1721550 504
1721560 504
1721570 504
1721580 504
1721590 504
1721600 504
1721610 503
1721620 503
1721630 503
1721640 503
1721650 502
1721660 502
1721670 502
1721680 502
1721690 502
1721700 501
1721710 501
1721720 501
1721730 501
1721740 501
1721750 501
1721760 501
1721770 500
1721780 500
1721790 500
1721800 500
1721810 500
1721820 499
1721830 499
1721840 499
1721850 499
1721860 499
1721870 498
1721880 498
1721890 498
1721900 498
1721910 498
1721920 497
1721930 497
1721940 497
1721950 497
1721960 496
1721970 496
1721980 496
1721990 496
1722000 496
1722010 495
1722020 495
1722030 495
1722040 495
1722050 495
1722060 494
1722070 494
1722080 494
1722090 494
1722100 493
1722110 493
1722120 493
1722130 493
1722140 492
1722150 492
1722160 492
1722170 492
1722180 491
1722190 491
1722200 491
1722210 490
1722220 490
1722230 490
1722240 489
1722250 489
1722260 488
1722270 488
1722280 487
1722290 486
1722300 486
1722310 485
1722320 485
1722330 484
1722340 484
1722350 483
1722360 483
1722370 483
1722380 482
1722390 482
1722400 481
1722410 481
1722420 481
1722430 481
1722440 480
1722450 480
1722460 479
1722470 479
1722480 479
1722490 479
1722500 479
1722510 480
1722520 481
1722530 481
1722540 482
1722550 483
1722560 484
1722570 484
1722580 485
1722590 486
1722600 486
1722610 486
1722620 487
1722630 487
1722640 487
1722650 487
1722660 488
1722670 488
1722680 488
1722690 488
1722700 488
1722710 488
1722720 488
1722730 488
1722740 488
1722750 488
1722760 488
1722770 488
1722780 488
1722790 488
1722800 488
1722810 488
1722820 488
1722830 488
1722840 488
1722850 488
1722860 488
1722870 488
1722880 488
1722890 487
1722900 487
1722910 487
1722920 487
1722930 487
1722940 487
1722950 486
1722960 486
1722970 486
1722980 486
1722990 486
1723000 485
1723010 485
1723020 485
1723030 485
1723040 485
1723050 485
1723060 484
1723070 484
1723080 484
1723090 483
1723100 483
1723110 483
1723120 483
1723130 482
1723140 482
1723150 482
1723160 482
1723170 481
1723180 481
1723190 480
1723200 480
1723210 479
1723220 479
1723230 479
1723240 478
1723250 478
1723260 478
1723270 478
1723280 477
1723290 477
1723300 477
1723310 476
1723320 475
1723330 474
1723340 474
1723350 473
1723360 472
1723370 472
1723380 471
1723390 471
1723400 470
1723410 469
1723420 469
1723430 468
1723440 467
1723450 467
1723460 467
1723470 466
1723480 466
1723490 465
1723500 464
1723510 463
1723520 463
1723530 462
1723540 461
1723550 461
1723560 460
1723570 459
1723580 458
1723590 457
1723600 457
1723610 456
1723620 455
1723630 454
1723640 453
1723650 452
1723660 451
1723670 450
1723680 449
1723690 448
1723700 447
1723710 447
1723720 447
1723730 447
1723740 447
1723750 447
1723760 447
1723770 447
1723780 447
1723790 447
1723800 447
1723810 447
1723820 447
1723830 447
1723840 447
1723850 446
1723860 446
1723870 446
1723880 446
1723890 446
1723900 446
1723910 446
1723920 446
1723930 445
1723940 444
1723950 444
1723960 445
1723970 446
1723980 446
1723990 446
1724000 446
1724010 447
1724020 446
1724030 446
1724040 446
1724050 446
1724060 446
1724070 446
1724080 446
1724090 447
1724100 447
1724110 447
1724120 448
1724130 449
1724140 449
1724150 449
1724160 449
1724170 450
1724180 450
1724190 451
1724200 451
1724210 451
1724220 452
1724230 452
1724240 452
1724250 452
1724260 453
1724270 453
1724280 453
1724290 453
1724300 454
1724310 454
1724320 454
1724330 454
1724340 454
1724350 454
1724360 454
1724370 454
1724380 454
1724390 454
1724400 454
1724410 454
1724420 454
1724430 454
1724440 455
1724450 455
1724460 455
1724470 455
1724480 456
1724490 456
1724500 456
1724510 456
1724520 457
1724530 457
1724540 457
1724550 457
1724560 458
1724570 458
1724580 458
1724590 458
1724600 459
1724610 459
1724620 459
1724630 459
1724640 460
1724650 460
1724660 460
1724670 460
1724680 460
1724690 460
1724700 460
1724710 461
1724720 461
1724730 461
1724740 461
1724750 461
1724760 461
1724770 461
1724780 461
1724790 461
1724800 461
1724810 461
1724820 461
1724830 461
1724840 461
1724850 461
1724860 462
1724870 462
1724880 462
1724890 462
1724900 462
1724910 462
1724920 463
1724930 463
1724940 463
1724950 463
1724960 464
1724970 464
1724980 465
1724990 465
1725000 465
1725010 465
1725020 466
1725030 466
1725040 466
1725050 466
1725060 466
1725070 467
1725080 467
1725090 468
1725100 468
1725110 468
1725120 468
1725130 469
1725140 469
1725150 469
1725160 469
1725170 469
1725180 469
1725190 469
1725200 469
1725210 470
1725220 470
1725230 470
1725240 471
1725250 471
1725260 471
1725270 471
1725280 472
1725290 472
1725300 472
1725310 472
1725320 472
1725330 473
1725340 473
1725350 473
1725360 473
1725370 473
1725380 473
1725390 473
1725400 473
1725410 473
1725420 473
1725430 473
1725440 474
1725450 474
1725460 474
1725470 474
1725480 474
1725490 474
1725500 474
1725510 474
1725520 474
1725530 474
1725540 474
1725550 474
1725560 474
1725570 474
1725580 474
1725590 474
1725600 474
1725610 474
1725620 474
1725630 474
1725640 474
1725650 473
1725660 473
1725670 473
1725680 473
1725690 473
1725700 473
1725710 473
1725720 473
1725730 473
1725740 473
1725750 473
1725760 472
1725770 472
1725780 472
1725790 472
1725800 472
1725810 471
1725820 471
1725830 470
1725840 469
1725850 468
1725860 468
1725870 467
1725880 466
1725890 466
1725900 465
1725910 464
1725920 464
1725930 463
1725940 463
1725950 464
1725960 465
1725970 465
1725980 466
1725990 468
1726000 470
1726010 471
1726020 472
1726030 472
1726040 472
1726050 472
1726060 472
1726070 472
1726080 472
1726090 472
1726100 472
1726110 472
1726120 471
1726130 471
1726140 471
1726150 472
1726160 471
1726170 470
1726180 470
1726190 468
1726200 467
1726210 467
1726220 466
1726230 464
1726240 463
1726250 463
1726260 462
1726270 464
1726280 467
1726290 470
1726300 473
1726310 475
1726320 476
1726330 477
1726340 478
1726350 479
1726360 480
1726370 480
1726380 481
1726390 482
1726400 483
1726410 483
1726420 484
1726430 484
1726440 485
1726450 485
1726460 486
1726470 486
1726480 486
1726490 487
1726500 487
1726510 488
1726520 488
1726530 489
1726540 489
1726550 490
1726560 490
1726570 490
1726580 491
1726590 491
1726600 491
1726610 492
1726620 492
1726630 492
1726640 493
1726650 493
1726660 493
1726670 493
1726680 494
1726690 495
1726700 495
1726710 496
1726720 496
1726730 496
1726740 497
1726750 497
1726760 497
1726770 498
1726780 498
1726790 498
1726800 499
1726810 499
1726820 499
1726830 499
1726840 500
1726850 500
1726860 500
1726870 500
1726880 501
1726890 501
1726900 501
1726910 501
1726920 501
1726930 501
1726940 502
1726950 502
1726960 502
1726970 502
1726980 502
1726990 502
1727000 503
1727010 503
1727020 503
1727030 503
1727040 503
1727050 503
1727060 503
1727070 503
1727080 503
1727090 503
1727100 503
1727110 504
1727120 504
1727130 504
1727140 504
1727150 504
1727160 504
1727170 505
1727180 505
1727190 505
1727200 505
1727210 505
1727220 506
1727230 506
1727240 506
1727250 506
1727260 506
1727270 506
1727280 507
1727290 507
1727300 507
1727310 507
1727320 507
1727330 507
1727340 507
1727350 507
1727360 507
1727370 507
1727380 508
1727390 508
1727400 508
1727410 508
1727420 508
1727430 508
1727440 508
1727450 509
1727460 509
1727470 509
1727480 510
1727490 510
1727500 511
1727510 511
1727520 511
1727530 511
1727540 511
1727550 512
1727560 512
1727570 512
1727580 512
1727590 512
1727600 512
1727610 512
1727620 512
1727630 512
1727640 512
1727650 512
1727660 512
1727670 512
1727680 512
1727690 512
1727700 512
1727710 512
1727720 512
1727730 512
1727740 512
1727750 512
1727760 512
1727770 512
1727780 512
1727790 512
1727800 512
1727810 512
1727820 512
1727830 512
1727840 512
1727850 512
1727860 512
1727870 512
1727880 512
1727890 512
1727900 512
1727910 512
1727920 512
1727930 512
1727940 512
1727950 512
1727960 512
1727970 512
1727980 512
1727990 512
1728000 512
1728010 512
1728020 511
1728030 511
1728040 511
1728050 511
1728060 511
1728070 511
1728080 511
1728090 510
1728100 510
1728110 510
1728120 510
1728130 510
1728140 509
1728150 509
1728160 509
1728170 509
1728180 508
1728190 508
1728200 508
1728210 507
1728220 507
1728230 507
1728240 506
1728250 505
1728260 504
1728270 503
1728280 502
1728290 501
1728300 501
1728310 500
1728320 500
1728330 501
1728340 501
1728350 502
1728360 502
1728370 503
1728380 503
1728390 504
1728400 504
1728410 504
1728420 503
1728430 503
1728440 503
1728450 502
1728460 502
1728470 502
1728480 502
1728490 502
1728500 502
1728510 501
1728520 501
1728530 501
1728540 501
1728550 501
1728560 501
1728570 500
1728580 500
1728590 500
1728600 500
1728610 500
1728620 500
1728630 500
1728640 500
1728650 500
1728660 500
1728670 500
1728680 500
1728690 500
1728700 499
1728710 499
1728720 499
1728730 499
1728740 499
1728750 499
1728760 499
1728770 499
1728780 499
1728790 499
1728800 499
1728810 499
1728820 499
1728830 499
1728840 500
1728850 500
1728860 500
1728870 500
1728880 500
1728890 500
1728900 500
1728910 500
1728920 500
1728930 500
1728940 500
1728950 501
1728960 501
1728970 501
1728980 501
1728990 502
1729000 502
1729010 502
1729020 501
1729030 501
1729040 501
1729050 501
1729060 501
1729070 502
1729080 502
1729090 502
1729100 502
1729110 503
1729120 503
1729130 503
1729140 503
1729150 503
1729160 503
1729170 503
1729180 504
1729190 504
1729200 504
1729210 504
1729220 504
1729230 504
1729240 505
1729250 505
1729260 505
1729270 505
1729280 505
1729290 505
1729300 505
1729310 505
1729320 505
1729330 505
1729340 505
1729350 506
1729360 506
1729370 506
1729380 506
1729390 506
1729400 506
1729410 505
1729420 505
1729430 505
1729440 505
1729450 505
1729460 505
1729470 505
1729480 505
1729490 505
1729500 505
1729510 505
1729520 505
1729530 505
1729540 505
1729550 505
1729560 505
1729570 504
1729580 504
1729590 504
1729600 504
1729610 504
1729620 504
1729630 504
1729640 504
1729650 504
1729660 503
1729670 503
1729680 503
1729690 503
1729700 502
1729710 502
1729720 502
1729730 502
1729740 502
1729750 502
1729760 502
1729770 502
1729780 502
1729790 501
1729800 501
1729810 501
1729820 501
1729830 501
1729840 501
1729850 500
1729860 499
1729870 498
1729880 498
1729890 497
1729900 497
1729910 497
1729920 497
1729930 496
1729940 496
1729950 495
1729960 495
1729970 494
1729980 494
1729990 494
1730000 493
1730010 493
1730020 493
1730030 492
1730040 492
1730050 492
1730060 492
1730070 492
1730080 492
1730090 492
1730100 492
1730110 492
1730120 492
1730130 492
1730140 492
1730150 492
1730160 492
1730170 492
1730180 492
1730190 492
1730200 492
1730210 492
1730220 492
1730230 493
1730240 493
1730250 493
1730260 493
1730270 494
1730280 494
1730290 494
1730300 495
1730310 495
1730320 496
1730330 496
1730340 497
1730350 498
1730360 498
1730370 498
1730380 498
1730390 498
1730400 499
1730410 499
1730420 499
1730430 499
1730440 499
1730450 499
1730460 499
1730470 500
1730480 500
1730490 500
1730500 501
1730510 501
1730520 502
1730530 502
1730540 502
1730550 503
1730560 503
1730570 504
1730580 504
1730590 505
1730600 506
1730610 506
1730620 507
1730630 507
1730640 507
1730650 507
1730660 508
1730670 508
1730680 508
1730690 509
1730700 509
1730710 510
1730720 510
1730730 511
1730740 511
1730750 511
1730760 512
1730770 512
1730780 513
1730790 513
1730800 513
1730810 514
1730820 514
1730830 514
1730840 514
1730850 515
1730860 515
1730870 516
1730880 517
1730890 518
1730900 518
1730910 519
1730920 519
1730930 520
1730940 520
1730950 520
1730960 520
1730970 520
1730980 521
1730990 521
1731000 521
1731010 521
1731020 521
1731030 521
1731040 521
1731050 522
1731060 522
1731070 522
1731080 522
1731090 522
1731100 523
1731110 523
1731120 523
1731130 523
1731140 523
1731150 524
1731160 524
1731170 525
1731180 525
1731190 526
1731200 526
1731210 526
1731220 527
1731230 527
1731240 527
1731250 527
1731260 528
1731270 528
1731280 528
1731290 529
1731300 529
1731310 529
1731320 529
1731330 529
1731340 530
1731350 530
1731360 530
1731370 530
1731380 531
1731390 531
1731400 531
1731410 532
1731420 532
1731430 532
1731440 532
1731450 533
1731460 533
1731470 533
1731480 533
1731490 534
1731500 534
1731510 534
1731520 534
1731530 535
1731540 535
1731550 535
1731560 535
1731570 536
1731580 536
1731590 536
1731600 536
1731610 537
1731620 537
1731630 537
1731640 537
1731650 537
1731660 537
1731670 537
1731680 537
1731690 537
1731700 537
1731710 538
1731720 538
1731730 538
1731740 538
1731750 538
1731760 538
1731770 537
1731780 537
1731790 537
1731800 537
1731810 537
1731820 537
1731830 537
1731840 537
1731850 537
1731860 537
1731870 537
1731880 537
1731890 536
1731900 536
1731910 536
1731920 536
1731930 536
1731940 536
1731950 536
1731960 536
1731970 536
1731980 536
1731990 536
1732000 536
1732010 536
1732020 536
1732030 536
1732040 536
1732050 536
1732060 535
1732070 535
1732080 535
1732090 535
1732100 534
1732110 534
1732120 534
1732130 534
1732140 534
1732150 534
1732160 533
1732170 533
1732180 533
1732190 533
1732200 533
1732210 532
1732220 532
1732230 532
1732240 531
1732250 531
1732260 531
1732270 531
1732280 531
1732290 531
1732300 531
1732310 531
1732320 531
1732330 530
1732340 530
1732350 530
1732360 530
1732370 530
1732380 530
1732390 530
1732400 530
1732410 530
1732420 530
1732430 530
1732440 530
1732450 530
1732460 530
1732470 530
1732480 530
1732490 530
1732500 530
1732510 530
1732520 530
1732530 530
1732540 529
1732550 529
1732560 529
1732570 529
1732580 529
1732590 529
1732600 529
1732610 529
1732620 529
1732630 529
1732640 529
1732650 529
1732660 529
1732670 529
1732680 528
1732690 528
1732700 528
1732710 528
1732720 528
1732730 528
1732740 528
1732750 528
1732760 528
1732770 528
1732780 528
1732790 528
1732800 528
1732810 528
1732820 528
1732830 528
1732840 528
1732850 528
1732860 528
1732870 528
1732880 528
1732890 528
1732900 528
1732910 528
1732920 528
1732930 528
1732940 528
1732950 528
1732960 528
1732970 528
1732980 528
1732990 528
1733000 528
1733010 528
1733020 528
1733030 528
1733040 528
1733050 528
1733060 527
1733070 527
1733080 527
1733090 527
1733100 527
1733110 527
1733120 527
1733130 527
1733140 527
1733150 527
1733160 527
1733170 527
1733180 527
1733190 527
1733200 526
1733210 526
1733220 526
1733230 526
1733240 526
1733250 526
1733260 526
1733270 526
1733280 526
1733290 526
1733300 526
1733310 526
1733320 526
1733330 526
1733340 525
1733350 525
1733360 525
1733370 524
1733380 524
1733390 524
1733400 524
1733410 524
1733420 524
1733430 524
1733440 524
1733450 524
1733460 524
1733470 523
1733480 523
1733490 523
1733500 523
1733510 523
1733520 523
1733530 523
1733540 523
1733550 523
1733560 522
1733570 522
1733580 522
1733590 522
1733600 522
1733610 522
1733620 522
1733630 521
1733640 521
1733650 521
1733660 521
1733670 521
1733680 521
1733690 521
1733700 521
1733710 521
1733720 521
1733730 521
1733740 521
1733750 521
1733760 521
1733770 521
1733780 521
1733790 521
1733800 520
1733810 520
1733820 520
1733830 520
1733840 520
1733850 520
1733860 519
1733870 519
1733880 519
1733890 519
1733900 519
1733910 518
1733920 518
1733930 518
1733940 517
1733950 517
1733960 516
1733970 516
1733980 516
1733990 515
1734000 515
1734010 515
1734020 515
1734030 515
1734040 515
1734050 515
1734060 515
1734070 514
1734080 514
1734090 514
1734100 513
1734110 513
1734120 513
1734130 512
1734140 512
1734150 512
1734160 512
1734170 511
1734180 511
1734190 511
1734200 511
1734210 511
1734220 511
1734230 512
1734240 512
1734250 512
1734260 511
1734270 511
1734280 511
1734290 511
1734300 510
1734310 510
1734320 510
1734330 510
1734340 510
1734350 510
1734360 510
1734370 510
1734380 510
1734390 509
1734400 509
1734410 509
1734420 509
1734430 509
1734440 509
1734450 509
1734460 509
1734470 508
1734480 508
1734490 509
1734500 509
1734510 509
1734520 509
1734530 509
1734540 509
1734550 509
1734560 508
1734570 508
1734580 508
1734590 508
1734600 508
1734610 508
1734620 508
1734630 508
1734640 508
1734650 508
1734660 507
1734670 507
1734680 507
1734690 507
1734700 507
1734710 507
1734720 507
1734730 508
1734740 508
1734750 508
1734760 508
1734770 509
1734780 509
1734790 509
1734800 510
1734810 510
1734820 510
1734830 510
1734840 511
1734850 511
1734860 511
1734870 511
1734880 512
1734890 512
1734900 512
1734910 512
1734920 512
1734930 512
1734940 512
1734950 512
1734960 512
1734970 512
1734980 511
1734990 511
1735000 511
1735010 511
1735020 511
1735030 511
1735040 511
1735050 511
1735060 511
1735070 511
1735080 510
1735090 510
1735100 510
1735110 509
1735120 509
1735130 509
1735140 509
1735150 509
1735160 510
1735170 510
1735180 510
1735190 511
1735200 511
1735210 511
1735220 511
1735230 511
1735240 512
1735250 512
1735260 512
1735270 512
1735280 513
1735290 513
1735300 513
1735310 513
1735320 513
1735330 513
1735340 513
1735350 513
1735360 513
1735370 514
1735380 514
1735390 514
1735400 514
1735410 514
1735420 514
1735430 514
1735440 514
1735450 515
1735460 515
1735470 515
1735480 515
1735490 515
1735500 515
1735510 515
1735520 515
1735530 515
1735540 515
1735550 515
1735560 515
1735570 515
1735580 515
1735590 515
1735600 515
1735610 515
1735620 514
1735630 514
1735640 514
1735650 514
1735660 514
1735670 514
1735680 514
1735690 514
1735700 514
1735710 513
1735720 513
1735730 513
1735740 513
1735750 512
1735760 512
1735770 512
1735780 511
1735790 511
1735800 511
1735810 511
1735820 510
1735830 510
1735840 510
1735850 510
1735860 509
1735870 509
1735880 509
1735890 509
1735900 509
1735910 509
1735920 508
1735930 508
1735940 508
1735950 508
1735960 507
1735970 507
1735980 507
1735990 507
1736000 506
1736010 506
1736020 506
1736030 506
1736040 505
1736050 505
1736060 505
1736070 505
1736080 505
1736090 504
1736100 504
1736110 504
1736120 504
1736130 504
1736140 503
1736150 503
1736160 503
1736170 503
1736180 503
1736190 503
1736200 502
1736210 502
1736220 502
1736230 502
1736240 502
1736250 502
1736260 502
1736270 501
1736280 501
1736290 501
1736300 501
1736310 501
1736320 501
1736330 500
1736340 500
1736350 500
1736360 500
1736370 500
1736380 499
1736390 499
1736400 499
1736410 499
1736420 499
1736430 499
1736440 498
1736450 498
1736460 498
1736470 498
1736480 498
1736490 498
1736500 498
1736510 498
1736520 497
1736530 497
1736540 497
1736550 497
1736560 497
1736570 497
1736580 497
1736590 496
1736600 496
1736610 496
1736620 496
1736630 496
1736640 496
1736650 495
1736660 495
1736670 495
1736680 495
1736690 495
1736700 494
1736710 494
1736720 494
1736730 494
1736740 493
1736750 493
1736760 492
1736770 492
1736780 492
1736790 491
1736800 491
1736810 490
1736820 490
1736830 489
1736840 489
1736850 488
1736860 488
1736870 487
1736880 487
1736890 486
1736900 486
1736910 485
1736920 485
1736930 484
1736940 484
1736950 483
1736960 483
1736970 482
1736980 481
1736990 481
1737000 480
1737010 480
1737020 479
1737030 479
1737040 478
1737050 477
1737060 477
1737070 476
1737080 475
1737090 474
1737100 474
1737110 473
1737120 472
1737130 471
1737140 470
1737150 470
1737160 470
1737170 470
1737180 470
1737190 470
1737200 470
1737210 470
1737220 470
1737230 470
1737240 471
1737250 473
1737260 475
1737270 476
1737280 476
1737290 476
1737300 476
1737310 476
1737320 477
1737330 477
1737340 477
1737350 477
1737360 478
1737370 478
1737380 478
1737390 478
1737400 479
1737410 479
1737420 479
1737430 479
1737440 479
1737450 479
1737460 480
1737470 480
1737480 480
1737490 480
1737500 480
1737510 481
1737520 481
1737530 481
1737540 481
1737550 481
1737560 481
1737570 481
1737580 481
1737590 481
1737600 481
1737610 481
1737620 481
1737630 481
1737640 481
1737650 481
1737660 481
1737670 481
1737680 481
1737690 480
1737700 480
1737710 480
1737720 480
1737730 480
1737740 480
1737750 479
1737760 479
1737770 479
1737780 479
1737790 479
1737800 478
1737810 478
1737820 478
1737830 477
1737840 477
1737850 477
1737860 477
1737870 476
1737880 476
1737890 475
1737900 474
1737910 473
1737920 473
1737930 472
1737940 472
1737950 472
1737960 472
1737970 472
1737980 472
1737990 472
1738000 472
1738010 472
1738020 472
1738030 472
1738040 471
1738050 471
1738060 471
1738070 471
1738080 470
1738090 470
1738100 470
1738110 470
1738120 470
1738130 470
1738140 470
1738150 470
1738160 470
1738170 470
1738180 470
1738190 470
1738200 470
1738210 470
1738220 470
1738230 470
1738240 470
1738250 470
1738260 470
1738270 470
1738280 470
1738290 469
1738300 469
1738310 469
1738320 469
1738330 469
1738340 469
1738350 469
1738360 469
1738370 469
1738380 469
1738390 469
1738400 469
1738410 468
1738420 468
1738430 468
1738440 468
1738450 468
1738460 468
1738470 468
1738480 468
1738490 468
1738500 468
1738510 468
1738520 468
1738530 468
1738540 468
1738550 468
1738560 468
1738570 467
1738580 467
1738590 467
1738600 467
1738610 467
1738620 466
1738630 466
1738640 466
1738650 465
1738660 464
1738670 464
1738680 463
1738690 463
1738700 462
1738710 462
1738720 462
1738730 462
1738740 462
1738750 462
1738760 462
1738770 462
1738780 462
1738790 463
1738800 464
1738810 465
1738820 467
1738830 468
1738840 470
1738850 471
1738860 471
1738870 472
1738880 472
1738890 473
1738900 473
1738910 473
1738920 473
1738930 473
1738940 473
1738950 473
1738960 473
1738970 473
1738980 473
1738990 473
1739000 473
1739010 473
1739020 473
1739030 473
1739040 473
1739050 473
1739060 473
1739070 473
1739080 473
1739090 473
1739100 473
1739110 473
1739120 473
1739130 473
1739140 473
1739150 473
1739160 473
1739170 473
1739180 473
1739190 473
1739200 474
1739210 474
1739220 474
1739230 474
1739240 474
1739250 474
1739260 474
1739270 474
1739280 474
1739290 473
1739300 473
1739310 473
1739320 473
1739330 473
1739340 472
1739350 472
1739360 472
1739370 472
1739380 472
1739390 471
1739400 471
1739410 471
1739420 471
1739430 471
1739440 470
1739450 470
1739460 469
1739470 469
1739480 469
1739490 469
1739500 468
1739510 467
1739520 466
1739530 465
1739540 464
1739550 463
1739560 461
1739570 460
1739580 458
1739590 457
1739600 456
1739610 455
1739620 453
1739630 452
1739640 452
1739650 451
1739660 450
1739670 449
1739680 449
1739690 447
1739700 447
1739710 447
1739720 447
1739730 447
1739740 447
1739750 447
1739760 447
1739770 447
1739780 446
1739790 447
1739800 449
1739810 452
1739820 455
1739830 458
1739840 461
1739850 463
1739860 464
1739870 466
1739880 468
1739890 470
1739900 472
1739910 475
1739920 477
1739930 480
1739940 483
1739950 486
1739960 489
1739970 492
1739980 494
1739990 495
