1720000 494
1720010 494
1720020 494
1720030 494
1720040 494
1720050 494
1720060 494
1720070 494
1720080 494
1720090 493
1720100 493
1720110 493
1720120 493
1720130 493
1720140 493
1720150 493
1720160 493
1720170 492
1720180 492
1720190 492
1720200 492
1720210 492
1720220 492
1720230 492
1720240 492
1720250 491
1720260 491
1720270 491
1720280 490
1720290 490
1720300 489
1720310 488
1720320 487
1720330 486
1720340 485
1720350 483
1720360 481
1720370 479
1720380 478
1720390 477
1720400 476
1720410 475
1720420 475
1720430 474
1720440 473
1720450 472
1720460 472
1720470 471
1720480 470
1720490 470
1720500 469
1720510 469
1720520 468
1720530 467
1720540 467
1720550 466
1720560 466
1720570 465
1720580 465
1720590 464
1720600 464
1720610 464
1720620 464
1720630 463
1720640 463
1720650 463
1720660 463
1720670 462
1720680 462
1720690 462
1720700 462
1720710 462
1720720 462
1720730 462
1720740 462
1720750 462
1720760 462
1720770 462
1720780 462
1720790 462
1720800 462
1720810 462
1720820 462
1720830 462
1720840 462
1720850 462
1720860 462
1720870 462
1720880 462
1720890 462
1720900 462
1720910 462
1720920 461
1720930 461
1720940 461
1720950 460
1720960 460
1720970 460
1720980 459
1720990 459
1721000 459
1721010 459
1721020 459
1721030 459
1721040 459
1721050 459
1721060 459
1721070 459
1721080 458
1721090 458
1721100 459
1721110 459
1721120 460
1721130 461
1721140 462
1721150 464
1721160 466
1721170 469
1721180 471
1721190 473
1721200 474
1721210 476
1721220 479
1721230 482
1721240 485
1721250 488
1721260 490
1721270 491
1721280 491
1721290 491
1721300 492
1721310 492
1721320 492
1721330 492
1721340 492
1721350 492
1721360 492
1721370 492
1721380 492
1721390 492
1721400 492
1721410 492
1721420 492
1721430 491
1721440 491
1721450 491
1721460 490
1721470 490
1721480 490
1721490 490
1721500 490
1721510 489
1721520 489
1721530 489
1721540 488
1721550 488
1721560 488
1721570 488
1721580 488
1721590 488
1721600 488
1721610 487
1721620 487
1721630 487
1721640 487
1721650 487
1721660 487
1721670 487
1721680 487
1721690 487
1721700 487
1721710 487
1721720 487
1721730 488
1721740 488
1721750 488
1721760 489
1721770 489
1721780 489
1721790 490
1721800 490
1721810 490
1721820 490
1721830 490
1721840 490
1721850 490
1721860 490
1721870 490
1721880 490
1721890 490
1721900 490
1721910 490
1721920 490
1721930 490
1721940 490
1721950 490
1721960 490
1721970 490
1721980 490
1721990 490
1722000 490
1722010 489
1722020 489
1722030 489
1722040 489
1722050 489
1722060 488
1722070 488
1722080 488
1722090 488
1722100 487
1722110 487
1722120 487
1722130 487
1722140 486
1722150 486
1722160 486
1722170 485
1722180 485
1722190 485
1722200 484
1722210 484
1722220 484
1722230 483
1722240 483
1722250 483
1722260 482
1722270 482
1722280 481
1722290 481
1722300 480
1722310 479
1722320 479
1722330 478
1722340 477
1722350 477
1722360 476
1722370 475
1722380 474
1722390 473
1722400 472
1722410 471
1722420 471
1722430 468
1722440 466
1722450 464
1722460 463
1722470 464
1722480 466
1722490 467
1722500 468
1722510 470
1722520 472
1722530 474
1722540 476
1722550 479
1722560 481
1722570 483
1722580 483
1722590 483
1722600 484
1722610 484
1722620 484
1722630 484
1722640 484
1722650 485
1722660 485
1722670 485
1722680 485
1722690 486
1722700 486
1722710 486
1722720 486
1722730 486
1722740 486
1722750 486
1722760 487
1722770 487
1722780 487
1722790 487
1722800 487
1722810 487
1722820 487
1722830 488
1722840 488
1722850 488
1722860 489
1722870 489
1722880 489
1722890 489
1722900 489
1722910 489
1722920 489
1722930 489
1722940 489
1722950 489
1722960 488
1722970 488
1722980 488
1722990 488
1723000 488
1723010 488
1723020 488
1723030 488
1723040 488
1723050 487
1723060 487
1723070 487
1723080 487
1723090 487
1723100 487
1723110 486
1723120 486
1723130 486
1723140 486
1723150 486
1723160 486
1723170 485
1723180 485
1723190 485
1723200 485
1723210 485
1723220 484
1723230 484
1723240 484
1723250 484
1723260 484
1723270 483
1723280 483
1723290 483
1723300 483
1723310 482
1723320 482
1723330 482
1723340 482
1723350 482
1723360 481
1723370 481
1723380 480
1723390 480
1723400 480
1723410 479
1723420 479
1723430 478
1723440 478
1723450 477
1723460 477
1723470 477
1723480 476
1723490 476
1723500 476
1723510 476
1723520 476
1723530 475
1723540 475
1723550 475
1723560 475
1723570 474
1723580 474
1723590 474
1723600 474
1723610 473
1723620 473
1723630 472
1723640 472
1723650 471
1723660 471
1723670 470
1723680 470
1723690 469
1723700 469
1723710 469
1723720 468
1723730 468
1723740 467
1723750 467
1723760 466
1723770 465
1723780 465
1723790 464
1723800 463
1723810 462
1723820 461
1723830 460
1723840 459
1723850 458
1723860 457
1723870 457
1723880 456
1723890 455
1723900 455
1723910 454
1723920 453
1723930 452
1723940 452
1723950 451
1723960 451
1723970 450
1723980 450
1723990 449
1724000 448
1724010 448
1724020 447
1724030 447
1724040 446
1724050 446
1724060 446
1724070 445
1724080 445
1724090 444
1724100 444
1724110 444
1724120 444
1724130 444
1724140 444
1724150 444
1724160 443
1724170 443
1724180 443
1724190 443
1724200 443
1724210 443
1724220 443
1724230 443
1724240 443
1724250 443
1724260 443
1724270 443
1724280 443
1724290 443
1724300 443
1724310 443
1724320 443
1724330 443
1724340 443
1724350 443
1724360 443
1724370 443
1724380 443
1724390 443
1724400 443
1724410 443
1724420 443
1724430 443
1724440 443
1724450 443
1724460 443
1724470 443
1724480 442
1724490 442
1724500 442
1724510 442
1724520 442
1724530 442
1724540 441
1724550 441
1724560 441
1724570 442
1724580 442
1724590 442
1724600 442
1724610 442
1724620 442
1724630 443
1724640 443
1724650 443
1724660 443
1724670 443
1724680 443
1724690 443
1724700 443
1724710 443
1724720 444
1724730 444
1724740 444
1724750 444
1724760 444
1724770 444
1724780 444
1724790 444
1724800 445
1724810 445
1724820 445
1724830 445
1724840 445
1724850 445
1724860 445
1724870 446
1724880 446
1724890 446
1724900 446
1724910 446
1724920 447
1724930 448
1724940 448
1724950 449
1724960 449
1724970 450
1724980 450
1724990 450
1725000 450
1725010 450
1725020 450
1725030 449
1725040 449
1725050 449
1725060 449
1725070 449
1725080 449
1725090 449
1725100 449
1725110 449
1725120 451
1725130 453
1725140 453
1725150 452
1725160 450
1725170 449
1725180 449
1725190 449
1725200 449
1725210 449
1725220 449
1725230 450
1725240 450
1725250 450
1725260 451
1725270 451
1725280 451
1725290 451
1725300 451
1725310 451
1725320 451
1725330 452
1725340 452
1725350 452
1725360 452
1725370 452
1725380 452
1725390 453
1725400 453
1725410 453
1725420 453
1725430 454
1725440 454
1725450 454
1725460 454
1725470 454
1725480 454
1725490 455
1725500 455
1725510 455
1725520 455
1725530 455
1725540 455
1725550 455
1725560 455
1725570 455
1725580 456
1725590 456
1725600 456
1725610 456
1725620 457
1725630 457
1725640 457
1725650 457
1725660 457
1725670 458
1725680 458
1725690 458
1725700 458
1725710 458
1725720 459
1725730 459
1725740 460
1725750 460
1725760 460
1725770 460
1725780 461
1725790 461
1725800 461
1725810 461
1725820 461
1725830 461
1725840 461
1725850 461
1725860 461
1725870 461
1725880 462
1725890 462
1725900 462
1725910 463
1725920 463
1725930 463
1725940 463
1725950 464
1725960 464
1725970 464
1725980 464
1725990 464
1726000 464
1726010 465
1726020 465
1726030 465
1726040 465
1726050 465
1726060 465
1726070 465
1726080 465
1726090 465
1726100 465
1726110 466
1726120 466
1726130 466
1726140 467
1726150 467
1726160 467
1726170 467
1726180 467
1726190 468
1726200 468
1726210 468
1726220 469
1726230 470
1726240 470
1726250 470
1726260 470
1726270 470
1726280 470
1726290 470
1726300 470
1726310 470
1726320 471
1726330 471
1726340 471
1726350 471
1726360 471
1726370 471
1726380 471
1726390 471
1726400 472
1726410 472
1726420 472
1726430 472
1726440 472
1726450 472
1726460 473
1726470 473
1726480 473
1726490 473
1726500 474
1726510 474
1726520 474
1726530 474
1726540 474
1726550 474
1726560 474
1726570 473
1726580 473
1726590 473
1726600 474
1726610 474
1726620 475
1726630 476
1726640 476
1726650 477
1726660 477
1726670 477
1726680 477
1726690 478
1726700 478
1726710 478
1726720 478
1726730 479
1726740 479
1726750 479
1726760 480
1726770 480
1726780 480
1726790 481
1726800 481
1726810 481
1726820 482
1726830 482
1726840 482
1726850 482
1726860 483
1726870 483
1726880 483
1726890 483
1726900 483
1726910 484
1726920 484
1726930 484
1726940 484
1726950 485
1726960 485
1726970 485
1726980 485
1726990 486
1727000 486
1727010 486
1727020 486
1727030 487
1727040 487
1727050 487
1727060 488
1727070 488
1727080 488
1727090 488
1727100 488
1727110 489
1727120 489
1727130 489
1727140 489
1727150 489
1727160 490
1727170 490
1727180 490
1727190 490
1727200 490
1727210 490
1727220 490
1727230 491
1727240 491
1727250 491
1727260 491
1727270 491
1727280 491
1727290 491
1727300 491
1727310 491
1727320 491
1727330 491
1727340 491
1727350 491
1727360 491
1727370 491
1727380 491
1727390 491
1727400 490
1727410 490
1727420 490
1727430 490
1727440 490
1727450 490
1727460 489
1727470 489
1727480 489
1727490 489
1727500 489
1727510 489
1727520 489
1727530 490
1727540 490
1727550 490
1727560 490
1727570 490
1727580 490
1727590 490
1727600 490
1727610 489
1727620 489
1727630 489
1727640 489
1727650 489
1727660 489
1727670 489
1727680 489
1727690 489
1727700 489
1727710 489
1727720 489
1727730 489
1727740 489
1727750 489
1727760 489
1727770 489
1727780 489
1727790 489
1727800 489
1727810 489
1727820 489
1727830 489
1727840 489
1727850 489
1727860 489
1727870 489
1727880 489
1727890 489
1727900 489
1727910 489
1727920 489
1727930 489
1727940 489
1727950 489
1727960 488
1727970 488
1727980 488
1727990 488
1728000 488
1728010 488
1728020 488
1728030 488
1728040 488
1728050 488
1728060 488
1728070 488
1728080 488
1728090 487
1728100 487
1728110 487
1728120 487
1728130 487
1728140 487
1728150 487
1728160 487
1728170 487
1728180 486
1728190 486
1728200 486
1728210 486
1728220 486
1728230 486
1728240 485
1728250 485
1728260 485
1728270 485
1728280 485
1728290 485
1728300 484
1728310 484
1728320 484
1728330 484
1728340 484
1728350 483
1728360 483
1728370 483
1728380 483
1728390 483
1728400 483
1728410 483
1728420 483
1728430 483
1728440 483
1728450 483
1728460 483
1728470 483
1728480 483
1728490 483
1728500 483
1728510 483
1728520 483
1728530 484
1728540 484
1728550 484
1728560 484
1728570 485
1728580 485
1728590 485
1728600 485
1728610 486
1728620 486
1728630 486
1728640 486
1728650 486
1728660 486
1728670 486
1728680 487
1728690 487
1728700 487
1728710 487
1728720 487
1728730 488
1728740 488
1728750 488
1728760 488
1728770 488
1728780 488
1728790 489
1728800 489
1728810 489
1728820 489
1728830 489
1728840 490
1728850 490
1728860 490
1728870 490
1728880 490
1728890 490
1728900 491
1728910 491
1728920 491
1728930 491
1728940 491
1728950 491
1728960 492
1728970 492
1728980 492
1728990 492
1729000 492
1729010 492
1729020 493
1729030 493
1729040 493
1729050 493
1729060 493
1729070 493
1729080 493
1729090 494
1729100 494
1729110 494
1729120 494
1729130 494
1729140 494
1729150 494
1729160 494
1729170 494
1729180 494
1729190 494
1729200 495
1729210 495
1729220 495
1729230 495
1729240 495
1729250 495
1729260 495
1729270 495
1729280 495
1729290 495
1729300 495
1729310 495
1729320 495
1729330 495
1729340 495
1729350 495
1729360 495
1729370 495
1729380 495
1729390 495
1729400 495
1729410 495
1729420 495
1729430 495
1729440 494
1729450 494
1729460 494
1729470 494
1729480 494
1729490 494
1729500 493
1729510 493
1729520 493
1729530 493
1729540 493
1729550 493
1729560 493
1729570 493
1729580 492
1729590 492
1729600 490
1729610 488
1729620 486
1729630 485
1729640 484
1729650 482
1729660 481
1729670 479
1729680 479
1729690 480
1729700 481
1729710 482
1729720 483
1729730 484
1729740 486
1729750 488
1729760 490
1729770 491
1729780 492
1729790 493
1729800 494
1729810 495
1729820 496
1729830 496
1729840 497
1729850 498
1729860 499
1729870 500
1729880 500
1729890 501
1729900 501
1729910 501
1729920 502
1729930 502
1729940 502
1729950 502
1729960 502
1729970 503
1729980 503
1729990 503
1730000 504
1730010 504
1730020 504
1730030 505
1730040 505
1730050 506
1730060 506
1730070 506
1730080 506
1730090 506
1730100 506
1730110 506
1730120 506
1730130 506
1730140 505
1730150 505
1730160 505
1730170 505
1730180 505
1730190 505
1730200 505
1730210 505
1730220 505
1730230 505
1730240 505
1730250 505
1730260 505
1730270 505
1730280 505
1730290 505
1730300 505
1730310 505
1730320 504
1730330 504
1730340 504
1730350 505
1730360 505
1730370 505
1730380 505
1730390 505
1730400 505
1730410 505
1730420 505
1730430 505
1730440 505
1730450 506
1730460 506
1730470 506
1730480 506
1730490 506
1730500 506
1730510 506
1730520 506
1730530 507
1730540 507
1730550 507
1730560 507
1730570 507
1730580 507
1730590 507
1730600 507
1730610 507
1730620 507
1730630 507
1730640 507
1730650 508
1730660 508
1730670 508
1730680 509
1730690 509
1730700 510
1730710 511
1730720 511
1730730 512
1730740 513
1730750 514
1730760 514
1730770 515
1730780 516
1730790 517
1730800 517
1730810 518
1730820 518
1730830 519
1730840 520
1730850 520
1730860 521
1730870 521
1730880 522
1730890 522
1730900 522
1730910 522
1730920 522
1730930 522
1730940 522
1730950 522
1730960 522
1730970 522
1730980 522
1730990 522
1731000 522
1731010 522
1731020 522
1731030 522
1731040 522
1731050 522
1731060 522
1731070 523
1731080 523
1731090 523
1731100 523
1731110 523
1731120 523
1731130 523
1731140 523
1731150 524
1731160 524
1731170 524
1731180 524
1731190 524
1731200 524
1731210 524
1731220 523
1731230 523
1731240 523
1731250 523
1731260 523
1731270 523
1731280 523
1731290 523
1731300 523
1731310 523
1731320 523
1731330 523
1731340 523
1731350 523
1731360 523
1731370 523
1731380 522
1731390 522
1731400 522
1731410 522
1731420 522
1731430 522
1731440 522
1731450 522
1731460 522
1731470 522
1731480 522
1731490 522
1731500 522
1731510 522
1731520 522
1731530 521
1731540 521
1731550 521
1731560 521
1731570 521
1731580 521
1731590 521
1731600 521
1731610 521
1731620 521
1731630 521
1731640 521
1731650 521
1731660 521
1731670 521
1731680 520
1731690 520
1731700 520
1731710 520
1731720 520
1731730 519
1731740 519
1731750 519
1731760 519
1731770 519
1731780 519
1731790 519
1731800 519
1731810 519
1731820 519
1731830 519
1731840 519
1731850 519
1731860 519
1731870 519
1731880 519
1731890 518
1731900 518
1731910 518
1731920 518
1731930 518
1731940 518
1731950 518
1731960 518
1731970 519
1731980 519
1731990 519
1732000 519
1732010 519
1732020 519
1732030 519
1732040 519
1732050 519
1732060 520
1732070 520
1732080 520
1732090 520
1732100 520
1732110 519
1732120 519
1732130 519
1732140 519
1732150 519
1732160 519
1732170 519
1732180 519
1732190 519
1732200 519
1732210 519
1732220 519
1732230 519
1732240 519
1732250 519
1732260 519
1732270 519
1732280 519
1732290 519
1732300 519
1732310 518
1732320 518
1732330 518
1732340 518
1732350 518
1732360 518
1732370 518
1732380 518
1732390 518
1732400 518
1732410 518
1732420 518
1732430 519
1732440 519
1732450 519
1732460 519
1732470 520
1732480 520
1732490 520
1732500 521
1732510 521
1732520 521
1732530 521
1732540 522
1732550 522
1732560 522
1732570 522
1732580 523
1732590 523
1732600 523
1732610 524
1732620 524
1732630 524
1732640 524
1732650 524
1732660 525
1732670 525
1732680 525
1732690 525
1732700 526
1732710 526
1732720 526
1732730 526
1732740 526
1732750 527
1732760 527
1732770 527
1732780 527
1732790 527
1732800 527
1732810 527
1732820 527
1732830 527
1732840 527
1732850 527
1732860 527
1732870 527
1732880 527
1732890 527
1732900 527
1732910 527
1732920 527
1732930 527
1732940 527
1732950 527
1732960 527
1732970 527
1732980 527
1732990 527
1733000 527
1733010 527
1733020 527
1733030 527
1733040 527
1733050 527
1733060 527
1733070 527
1733080 527
1733090 527
1733100 527
1733110 527
1733120 527
1733130 527
1733140 527
1733150 527
1733160 527
1733170 527
1733180 527
1733190 527
1733200 527
1733210 527
1733220 527
1733230 527
1733240 527
1733250 527
1733260 527
1733270 527
1733280 527
1733290 526
1733300 526
1733310 526
1733320 526
1733330 526
1733340 526
1733350 526
1733360 526
1733370 526
1733380 526
1733390 526
1733400 526
1733410 525
1733420 525
1733430 525
1733440 525
1733450 525
1733460 525
1733470 525
1733480 525
1733490 524
1733500 524
1733510 524
1733520 524
1733530 524
1733540 524
1733550 524
1733560 523
1733570 523
1733580 523
1733590 523
1733600 523
1733610 523
1733620 523
1733630 523
1733640 523
1733650 522
1733660 522
1733670 522
1733680 522
1733690 522
1733700 522
1733710 522
1733720 522
1733730 522
1733740 522
1733750 522
1733760 522
1733770 522
1733780 522
1733790 522
1733800 522
1733810 522
1733820 522
1733830 522
1733840 522
1733850 522
1733860 522
1733870 523
1733880 523
1733890 523
1733900 523
1733910 523
1733920 523
1733930 523
1733940 523
1733950 523
1733960 523
1733970 523
1733980 523
1733990 523
1734000 523
1734010 523
1734020 523
1734030 523
1734040 523
1734050 523
1734060 523
1734070 523
1734080 523
1734090 523
1734100 523
1734110 523
1734120 523
1734130 523
1734140 523
1734150 523
1734160 523
1734170 523
1734180 523
1734190 523
1734200 523
1734210 523
1734220 522
1734230 522
1734240 522
1734250 522
1734260 522
1734270 522
1734280 522
1734290 522
1734300 522
1734310 522
1734320 522
1734330 521
1734340 521
1734350 521
1734360 521
1734370 521
1734380 521
1734390 521
1734400 521
1734410 521
1734420 521
1734430 521
1734440 521
1734450 521
1734460 521
1734470 520
1734480 520
1734490 520
1734500 520
1734510 520
1734520 520
1734530 520
1734540 519
1734550 519
1734560 519
1734570 519
1734580 519
1734590 519
1734600 518
1734610 518
1734620 518
1734630 518
1734640 518
1734650 518
1734660 517
1734670 517
1734680 517
1734690 517
1734700 517
1734710 517
1734720 517
1734730 517
1734740 517
1734750 517
1734760 517
1734770 517
1734780 517
1734790 517
1734800 517
1734810 517
1734820 517
1734830 516
1734840 516
1734850 516
1734860 516
1734870 516
1734880 516
1734890 516
1734900 516
1734910 516
1734920 517
1734930 517
1734940 517
1734950 517
1734960 517
1734970 517
1734980 517
1734990 517
1735000 516
1735010 516
1735020 516
1735030 516
1735040 516
1735050 516
1735060 516
1735070 516
1735080 516
1735090 515
1735100 515
1735110 515
1735120 515
1735130 514
1735140 514
1735150 514
1735160 514
1735170 513
1735180 513
1735190 513
1735200 512
1735210 512
1735220 512
1735230 511
1735240 511
1735250 511
1735260 511
1735270 510
1735280 510
1735290 510
1735300 510
1735310 509
1735320 509
1735330 509
1735340 508
1735350 508
1735360 507
1735370 507
1735380 507
1735390 507
1735400 506
1735410 506
1735420 506
1735430 505
1735440 505
1735450 505
1735460 504
1735470 504
1735480 504
1735490 503
1735500 503
1735510 503
1735520 502
1735530 502
1735540 502
1735550 502
1735560 501
1735570 501
1735580 501
1735590 501
1735600 500
1735610 500
1735620 500
1735630 499
1735640 499
1735650 498
1735660 498
1735670 497
1735680 497
1735690 497
1735700 496
1735710 496
1735720 496
1735730 495
1735740 495
1735750 495
1735760 494
1735770 494
1735780 494
1735790 494
1735800 493
1735810 493
1735820 493
1735830 493
1735840 493
1735850 493
1735860 492
1735870 492
1735880 491
1735890 491
1735900 491
1735910 490
1735920 490
1735930 490
1735940 490
1735950 490
1735960 490
1735970 490
1735980 490
1735990 489
1736000 489
1736010 489
1736020 489
1736030 488
1736040 488
1736050 488
1736060 488
1736070 488
1736080 487
1736090 487
1736100 487
1736110 487
1736120 486
1736130 486
1736140 486
1736150 486
1736160 486
1736170 485
1736180 485
1736190 485
1736200 485
1736210 484
1736220 484
1736230 483
1736240 483
1736250 482
1736260 482
1736270 482
1736280 482
1736290 483
1736300 483
1736310 482
1736320 482
1736330 482
1736340 482
1736350 482
1736360 482
1736370 482
1736380 482
1736390 482
1736400 482
1736410 482
1736420 482
1736430 482
1736440 482
1736450 482
1736460 482
1736470 481
1736480 481
1736490 481
1736500 481
1736510 481
1736520 481
1736530 481
1736540 481
1736550 480
1736560 480
1736570 480
1736580 480
1736590 480
1736600 480
1736610 480
1736620 480
1736630 480
1736640 480
1736650 480
1736660 479
1736670 479
1736680 479
1736690 479
1736700 479
1736710 479
1736720 479
1736730 479
1736740 479
1736750 479
1736760 479
1736770 479
1736780 479
1736790 479
1736800 478
1736810 478
1736820 478
1736830 478
1736840 478
1736850 478
1736860 478
1736870 479
1736880 479
1736890 478
1736900 478
1736910 477
1736920 477
1736930 478
1736940 479
1736950 480
1736960 480
1736970 480
1736980 481
1736990 481
1737000 482
1737010 482
1737020 483
1737030 483
1737040 483
1737050 484
1737060 484
1737070 484
1737080 485
1737090 485
1737100 485
1737110 485
1737120 486
1737130 486
1737140 487
1737150 487
1737160 487
1737170 487
1737180 487
1737190 488
1737200 488
1737210 488
1737220 488
1737230 488
1737240 488
1737250 488
1737260 488
1737270 488
1737280 488
1737290 488
1737300 488
1737310 488
1737320 488
1737330 488
1737340 488
1737350 488
1737360 488
1737370 488
1737380 489
1737390 489
1737400 488
1737410 488
1737420 488
1737430 488
1737440 488
1737450 488
1737460 488
1737470 488
1737480 488
1737490 488
1737500 488
1737510 488
1737520 488
1737530 488
1737540 488
1737550 488
1737560 487
1737570 487
1737580 487
1737590 487
1737600 487
1737610 487
1737620 487
1737630 487
1737640 487
1737650 487
1737660 487
1737670 487
1737680 487
1737690 487
1737700 487
1737710 487
1737720 487
1737730 487
1737740 487
1737750 487
1737760 487
1737770 487
1737780 487
1737790 487
1737800 487
1737810 487
1737820 487
1737830 487
1737840 487
1737850 487
1737860 487
1737870 487
1737880 487
1737890 487
1737900 487
1737910 487
1737920 487
1737930 487
1737940 487
1737950 487
1737960 487
1737970 487
1737980 487
1737990 487
1738000 487
1738010 487
1738020 487
1738030 487
1738040 487
1738050 487
1738060 487
1738070 487
1738080 487
1738090 487
1738100 487
1738110 487
1738120 487
1738130 487
1738140 487
1738150 486
1738160 486
1738170 486
1738180 486
1738190 486
1738200 486
1738210 486
1738220 485
1738230 485
1738240 485
1738250 485
1738260 485
1738270 485
1738280 484
1738290 484
1738300 484
1738310 484
1738320 483
1738330 483
1738340 483
1738350 483
1738360 483
1738370 482
1738380 482
1738390 482
1738400 482
1738410 481
1738420 481
1738430 481
1738440 481
1738450 480
1738460 480
1738470 480
1738480 479
1738490 479
1738500 479
1738510 478
1738520 478
1738530 477
1738540 477
1738550 476
1738560 476
1738570 476
1738580 476
1738590 475
1738600 475
1738610 475
1738620 474
1738630 474
1738640 474
1738650 473
1738660 473
1738670 473
1738680 472
1738690 472
1738700 472
1738710 472
1738720 472
1738730 471
1738740 471
1738750 471
1738760 471
1738770 471
1738780 471
1738790 471
1738800 471
1738810 471
1738820 471
1738830 471
1738840 472
1738850 472
1738860 472
1738870 472
1738880 472
1738890 472
1738900 473
1738910 473
1738920 473
1738930 473
1738940 473
1738950 474
1738960 474
1738970 474
1738980 474
1738990 474
1739000 474
1739010 474
1739020 475
1739030 475
1739040 475
1739050 475
1739060 475
1739070 475
1739080 475
1739090 474
1739100 474
1739110 474
1739120 474
1739130 474
1739140 473
1739150 473
1739160 473
1739170 473
1739180 473
1739190 472
1739200 472
1739210 472
1739220 471
1739230 471
1739240 471
1739250 471
1739260 470
1739270 470
1739280 470
1739290 470
1739300 469
1739310 469
1739320 469
1739330 468
1739340 468
1739350 468
1739360 467
1739370 467
1739380 467
1739390 466
1739400 465
1739410 465
1739420 464
1739430 464
1739440 463
1739450 463
1739460 462
1739470 461
1739480 461
1739490 460
1739500 460
1739510 459
1739520 459
1739530 458
1739540 458
1739550 458
1739560 457
1739570 457
1739580 456
1739590 456
1739600 455
1739610 455
1739620 454
1739630 454
1739640 453
1739650 453
1739660 452
1739670 452
1739680 451
1739690 451
1739700 450
1739710 449
1739720 448
1739730 447
1739740 447
1739750 446
1739760 446
1739770 446
1739780 445
1739790 445
1739800 445
1739810 445
1739820 445
1739830 445
1739840 445
1739850 445
1739860 445
1739870 445
1739880 445
1739890 445
1739900 445
1739910 445
1739920 445
1739930 445
1739940 445
1739950 445
1739960 446
1739970 447
1739980 450
1739990 452
