1720000 502
1720010 502
1720020 503
1720030 503
1720040 504
1720050 504
1720060 505
1720070 505
1720080 506
1720090 506
1720100 507
1720110 508
1720120 509
1720130 509
1720140 510
1720150 510
1720160 511
1720170 511
1720180 512
1720190 512
1720200 512
1720210 513
1720220 513
1720230 513
1720240 514
1720250 514
1720260 514
1720270 514
1720280 514
1720290 514
1720300 514
1720310 514
1720320 515
1720330 515
1720340 515
1720350 515
1720360 515
1720370 515
1720380 515
1720390 515
1720400 515
1720410 515
1720420 515
1720430 515
1720440 515
1720450 515
1720460 515
1720470 515
1720480 515
1720490 515
1720500 515
1720510 515
1720520 515
1720530 514
1720540 514
1720550 514
1720560 514
1720570 514
1720580 514
1720590 514
1720600 514
1720610 514
1720620 514
1720630 514
1720640 513
1720650 513
1720660 513
1720670 513
1720680 513
1720690 512
1720700 512
1720710 512
1720720 512
1720730 512
1720740 512
1720750 512
1720760 512
1720770 512
1720780 512
1720790 511
1720800 511
1720810 511
1720820 511
1720830 511
1720840 511
1720850 511
1720860 511
1720870 510
1720880 510
1720890 510
1720900 510
1720910 510
1720920 510
1720930 510
1720940 509
1720950 509
1720960 509
1720970 509
1720980 509
1720990 509
1721000 509
1721010 509
1721020 509
1721030 508
1721040 508
1721050 508
1721060 508
1721070 507
1721080 507
1721090 507
1721100 507
1721110 507
1721120 506
1721130 506
1721140 506
1721150 506
1721160 506
1721170 505
1721180 505
1721190 505
1721200 505
1721210 504
1721220 504
1721230 504
1721240 504
1721250 503
1721260 503
1721270 503
1721280 502
1721290 502
1721300 502
1721310 502
1721320 501
1721330 501
1721340 501
1721350 501
1721360 501
1721370 500
1721380 500
1721390 500
1721400 500
1721410 500
1721420 499
1721430 499
1721440 499
1721450 499
1721460 499
1721470 498
1721480 498
1721490 498
1721500 498
1721510 498
1721520 497
1721530 497
1721540 497
1721550 497
1721560 497
1721570 497
1721580 497
1721590 497
1721600 497
1721610 496
1721620 496
1721630 496
1721640 496
1721650 496
1721660 496
1721670 496
1721680 495
1721690 495
1721700 495
1721710 495
1721720 495
1721730 495
1721740 495
1721750 495
1721760 494
1721770 494
1721780 494
1721790 494
1721800 494
1721810 494
1721820 494
1721830 494
1721840 494
1721850 493
1721860 493
1721870 493
1721880 493
1721890 493
1721900 493
1721910 493
1721920 493
1721930 493
1721940 493
1721950 492
1721960 492
1721970 492
1721980 492
1721990 492
1722000 492
1722010 492
1722020 492
1722030 492
1722040 492
1722050 492
1722060 492
1722070 491
1722080 491
1722090 491
1722100 491
1722110 491
1722120 491
1722130 491
1722140 491
1722150 491
1722160 491
1722170 491
1722180 491
1722190 491
1722200 491
1722210 491
1722220 491
1722230 491
1722240 490
1722250 490
1722260 490
1722270 490
1722280 490
1722290 490
1722300 490
1722310 490
1722320 490
1722330 490
1722340 489
1722350 489
1722360 489
1722370 489
1722380 489
1722390 489
1722400 489
1722410 488
1722420 488
1722430 488
1722440 488
1722450 488
1722460 488
1722470 488
1722480 488
1722490 488
1722500 488
1722510 488
1722520 488
1722530 488
1722540 488
1722550 488
1722560 487
1722570 487
1722580 487
1722590 487
1722600 487
1722610 487
1722620 487
1722630 486
1722640 486
1722650 486
1722660 486
1722670 486
1722680 486
1722690 486
1722700 486
1722710 485
1722720 485
1722730 485
1722740 485
1722750 485
1722760 485
1722770 485
1722780 485
1722790 485
1722800 484
1722810 484
1722820 484
1722830 484
1722840 484
1722850 484
1722860 484
1722870 484
1722880 484
1722890 484
1722900 483
1722910 483
1722920 483
1722930 483
1722940 483
1722950 483
1722960 483
1722970 483
1722980 483
1722990 483
1723000 483
1723010 483
1723020 483
1723030 483
1723040 483
1723050 483
1723060 483
1723070 483
1723080 483
1723090 483
1723100 483
1723110 483
1723120 483
1723130 483
1723140 483
1723150 483
1723160 483
1723170 483
1723180 483
1723190 483
1723200 483
1723210 483
1723220 483
1723230 484
1723240 484
1723250 484
1723260 484
1723270 484
1723280 484
1723290 484
1723300 484
1723310 484
1723320 484
1723330 484
1723340 484
1723350 484
1723360 484
1723370 484
1723380 484
1723390 484
1723400 484
1723410 484
1723420 484
1723430 484
1723440 484
1723450 484
1723460 484
1723470 484
1723480 484
1723490 484
1723500 484
1723510 484
1723520 484
1723530 484
1723540 484
1723550 484
1723560 483
1723570 483
1723580 483
1723590 483
1723600 483
1723610 483
1723620 483
1723630 483
1723640 483
1723650 483
1723660 482
1723670 482
1723680 482
1723690 482
1723700 481
1723710 481
1723720 481
1723730 481
1723740 481
1723750 481
1723760 480
1723770 480
1723780 480
1723790 480
1723800 480
1723810 480
1723820 480
1723830 480
1723840 480
1723850 480
1723860 480
1723870 479
1723880 479
1723890 479
1723900 479
1723910 478
1723920 478
1723930 478
1723940 478
1723950 477
1723960 477
1723970 477
1723980 477
1723990 476
1724000 476
1724010 476
1724020 475
1724030 474
1724040 474
1724050 474
1724060 475
1724070 476
1724080 476
1724090 477
1724100 477
1724110 477
1724120 477
1724130 477
1724140 477
1724150 477
1724160 477
1724170 477
1724180 477
1724190 477
1724200 477
1724210 477
1724220 477
1724230 477
1724240 477
1724250 477
1724260 477
1724270 476
1724280 476
1724290 476
1724300 476
1724310 476
1724320 476
1724330 476
1724340 476
1724350 475
1724360 475
1724370 475
1724380 475
1724390 475
1724400 475
1724410 474
1724420 474
1724430 474
1724440 474
1724450 474
1724460 474
1724470 474
1724480 473
1724490 473
1724500 473
1724510 473
1724520 473
1724530 473
1724540 473
1724550 473
1724560 472
1724570 472
1724580 470
1724590 470
1724600 470
1724610 470
1724620 471
1724630 471
1724640 471
1724650 470
1724660 470
1724670 470
1724680 470
1724690 470
1724700 469
1724710 469
1724720 469
1724730 469
1724740 469
1724750 468
1724760 468
1724770 468
1724780 468
1724790 467
1724800 467
1724810 467
1724820 467
1724830 466
1724840 466
1724850 465
1724860 465
1724870 464
1724880 464
1724890 463
1724900 463
1724910 462
1724920 462
1724930 461
1724940 461
1724950 461
1724960 460
1724970 460
1724980 460
1724990 460
1725000 460
1725010 460
1725020 460
1725030 459
1725040 459
1725050 458
1725060 458
1725070 457
1725080 456
1725090 455
1725100 454
1725110 454
1725120 454
1725130 455
1725140 455
1725150 455
1725160 456
1725170 456
1725180 456
1725190 457
1725200 457
1725210 457
1725220 457
1725230 456
1725240 456
1725250 456
1725260 456
1725270 456
1725280 455
1725290 455
1725300 454
1725310 453
1725320 450
1725330 448
1725340 446
1725350 444
1725360 443
1725370 442
1725380 441
1725390 441
1725400 440
1725410 438
1725420 437
1725430 438
1725440 437
1725450 437
1725460 437
1725470 438
1725480 438
1725490 438
1725500 437
1725510 436
1725520 435
1725530 435
1725540 434
1725550 433
1725560 431
1725570 430
1725580 428
1725590 427
1725600 425
1725610 424
1725620 423
1725630 422
1725640 421
1725650 419
1725660 418
1725670 417
1725680 416
1725690 415
1725700 414
1725710 413
1725720 413
1725730 413
1725740 413
1725750 413
1725760 413
1725770 414
1725780 416
1725790 418
1725800 420
1725810 423
1725820 426
1725830 430
1725840 434
1725850 436
1725860 438
1725870 439
1725880 441
1725890 443
1725900 444
1725910 445
1725920 445
1725930 445
1725940 446
1725950 446
1725960 446
1725970 446
1725980 446
1725990 446
1726000 446
1726010 446
1726020 446
1726030 447
1726040 447
1726050 447
1726060 448
1726070 448
1726080 448
1726090 449
1726100 449
1726110 448
1726120 446
1726130 443
1726140 440
1726150 436
1726160 432
1726170 428
1726180 424
1726190 418
1726200 411
1726210 404
1726220 398
1726230 394
1726240 392
1726250 392
1726260 392
1726270 392
1726280 392
1726290 392
1726300 392
1726310 393
1726320 393
1726330 394
1726340 394
1726350 394
1726360 394
1726370 394
1726380 394
1726390 394
1726400 394
1726410 394
1726420 394
1726430 394
1726440 394
1726450 394
1726460 394
1726470 394
1726480 394
1726490 394
1726500 394
1726510 394
1726520 394
1726530 394
1726540 394
1726550 394
1726560 394
1726570 394
1726580 394
1726590 394
1726600 394
1726610 394
1726620 394
1726630 394
1726640 394
1726650 394
1726660 394
1726670 395
1726680 395
1726690 395
1726700 396
1726710 397
1726720 398
1726730 400
1726740 401
1726750 403
1726760 404
1726770 405
1726780 407
1726790 408
1726800 410
1726810 411
1726820 413
1726830 414
1726840 416
1726850 417
1726860 419
1726870 420
1726880 422
1726890 423
1726900 425
1726910 426
1726920 428
1726930 429
1726940 431
1726950 432
1726960 433
1726970 434
1726980 435
1726990 435
1727000 436
1727010 436
1727020 436
1727030 434
1727040 431
1727050 427
1727060 424
1727070 424
1727080 423
1727090 422
1727100 420
1727110 419
1727120 419
1727130 419
1727140 418
1727150 418
1727160 419
1727170 418
1727180 418
1727190 418
1727200 419
1727210 420
1727220 423
1727230 423
1727240 424
1727250 425
1727260 427
1727270 428
1727280 426
1727290 423
1727300 420
1727310 418
1727320 418
1727330 419
1727340 421
1727350 423
1727360 424
1727370 423
1727380 423
1727390 423
1727400 426
1727410 429
1727420 432
1727430 435
1727440 437
1727450 437
1727460 434
1727470 431
1727480 429
1727490 428
1727500 427
1727510 426
1727520 427
1727530 427
1727540 428
1727550 429
1727560 429
1727570 429
1727580 428
1727590 428
1727600 428
1727610 429
1727620 430
1727630 432
1727640 434
1727650 436
1727660 438
1727670 439
1727680 441
1727690 442
1727700 442
1727710 443
1727720 443
1727730 444
1727740 444
1727750 444
1727760 444
1727770 444
1727780 444
1727790 444
1727800 444
1727810 444
1727820 445
1727830 446
1727840 446
1727850 447
1727860 448
1727870 449
1727880 450
1727890 451
1727900 452
1727910 453
1727920 454
1727930 455
1727940 456
1727950 457
1727960 458
1727970 459
1727980 460
1727990 461
1728000 461
1728010 462
1728020 462
1728030 462
1728040 462
1728050 462
1728060 461
1728070 460
1728080 458
1728090 455
1728100 452
1728110 449
1728120 447
1728130 444
1728140 442
1728150 440
1728160 437
1728170 435
1728180 433
1728190 431
1728200 429
1728210 428
1728220 427
1728230 426
1728240 425
1728250 424
1728260 423
1728270 421
1728280 418
1728290 417
1728300 418
1728310 421
1728320 424
1728330 428
1728340 432
1728350 435
1728360 438
1728370 441
1728380 444
1728390 447
1728400 450
1728410 452
1728420 455
1728430 457
1728440 459
1728450 461
1728460 461
1728470 462
1728480 463
1728490 464
1728500 465
1728510 467
1728520 468
1728530 469
1728540 470
1728550 471
1728560 472
1728570 473
1728580 474
1728590 475
1728600 476
1728610 478
1728620 479
1728630 480
1728640 482
1728650 483
1728660 485
1728670 486
1728680 488
1728690 490
1728700 491
1728710 493
1728720 495
1728730 496
1728740 498
1728750 499
1728760 501
1728770 502
1728780 504
1728790 505
1728800 507
1728810 508
1728820 509
1728830 510
1728840 511
1728850 511
1728860 512
1728870 512
1728880 513
1728890 513
1728900 514
1728910 514
1728920 515
1728930 515
1728940 515
1728950 515
1728960 515
1728970 515
1728980 515
1728990 515
1729000 515
1729010 515
1729020 516
1729030 516
1729040 516
1729050 517
1729060 517
1729070 518
1729080 518
1729090 518
1729100 518
1729110 518
1729120 518
1729130 518
1729140 518
1729150 518
1729160 518
1729170 518
1729180 518
1729190 518
1729200 518
1729210 519
1729220 519
1729230 520
1729240 520
1729250 519
1729260 519
1729270 519
1729280 519
1729290 519
1729300 519
1729310 519
1729320 519
1729330 520
1729340 520
1729350 521
1729360 521
1729370 521
1729380 522
1729390 522
1729400 522
1729410 523
1729420 524
1729430 525
1729440 525
1729450 526
1729460 527
1729470 528
1729480 529
1729490 530
1729500 531
1729510 532
1729520 533
1729530 534
1729540 535
1729550 535
1729560 535
1729570 535
1729580 534
1729590 533
1729600 531
1729610 528
1729620 524
1729630 520
1729640 515
1729650 511
1729660 507
1729670 503
1729680 499
1729690 496
1729700 493
1729710 490
1729720 487
1729730 485
1729740 482
1729750 480
1729760 479
1729770 476
1729780 474
1729790 472
1729800 471
1729810 469
1729820 468
1729830 466
1729840 464
1729850 462
1729860 461
1729870 458
1729880 456
1729890 455
1729900 457
1729910 460
1729920 461
1729930 462
1729940 465
1729950 467
1729960 470
1729970 473
1729980 475
1729990 478
1730000 481
1730010 484
1730020 487
1730030 490
1730040 493
1730050 495
1730060 498
1730070 500
1730080 502
1730090 503
1730100 505
1730110 507
1730120 509
1730130 511
1730140 512
1730150 513
1730160 513
1730170 513
1730180 513
1730190 512
1730200 511
1730210 509
1730220 508
1730230 507
1730240 506
1730250 504
1730260 503
1730270 502
1730280 501
1730290 499
1730300 498
1730310 497
1730320 496
1730330 496
1730340 495
1730350 494
1730360 493
1730370 493
1730380 492
1730390 491
1730400 490
1730410 490
1730420 489
1730430 488
1730440 488
1730450 487
1730460 487
1730470 486
1730480 486
1730490 485
1730500 484
1730510 484
1730520 483
1730530 483
1730540 482
1730550 481
1730560 481
1730570 480
1730580 479
1730590 479
1730600 478
1730610 477
1730620 476
1730630 475
1730640 475
1730650 474
1730660 473
1730670 473
1730680 472
1730690 471
1730700 470
1730710 469
1730720 468
1730730 467
1730740 465
1730750 462
1730760 461
1730770 462
1730780 464
1730790 466
1730800 468
1730810 470
1730820 471
1730830 473
1730840 474
1730850 476
1730860 478
1730870 479
1730880 480
1730890 481
1730900 482
1730910 483
1730920 482
1730930 480
1730940 477
1730950 474
1730960 471
1730970 468
1730980 465
1730990 463
1731000 462
1731010 460
1731020 457
1731030 452
1731040 446
1731050 441
1731060 437
1731070 434
1731080 431
1731090 428
1731100 423
1731110 419
1731120 417
1731130 413
1731140 409
1731150 406
1731160 402
1731170 398
1731180 392
1731190 388
1731200 385
1731210 383
1731220 383
1731230 382
1731240 383
1731250 383
1731260 383
1731270 383
1731280 383
1731290 383
1731300 383
1731310 383
1731320 383
1731330 383
1731340 383
1731350 383
1731360 383
1731370 383
1731380 383
1731390 383
1731400 382
1731410 382
1731420 382
1731430 382
1731440 382
1731450 382
1731460 382
1731470 382
1731480 384
1731490 386
1731500 391
1731510 396
1731520 400
1731530 404
1731540 406
1731550 410
1731560 414
1731570 419
1731580 423
1731590 427
1731600 431
1731610 436
1731620 441
1731630 442
1731640 443
1731650 444
1731660 447
1731670 450
1731680 454
1731690 458
1731700 461
1731710 465
1731720 467
1731730 469
1731740 469
1731750 469
1731760 468
1731770 467
1731780 465
1731790 464
1731800 462
1731810 461
1731820 459
1731830 458
1731840 456
1731850 454
1731860 453
1731870 451
1731880 449
1731890 447
1731900 445
1731910 443
1731920 441
1731930 439
1731940 437
1731950 435
1731960 433
1731970 431
1731980 429
1731990 428
1732000 426
1732010 425
1732020 425
1732030 424
1732040 422
1732050 421
1732060 420
1732070 418
1732080 417
1732090 416
1732100 414
1732110 413
1732120 412
1732130 411
1732140 410
1732150 409
1732160 408
1732170 408
1732180 407
1732190 406
1732200 405
1732210 404
1732220 404
1732230 403
1732240 402
1732250 401
1732260 400
1732270 400
1732280 399
1732290 398
1732300 397
1732310 396
1732320 395
1732330 394
1732340 394
1732350 394
1732360 394
1732370 394
1732380 393
1732390 392
1732400 392
1732410 391
1732420 391
1732430 390
1732440 389
1732450 388
1732460 387
1732470 386
1732480 385
1732490 384
1732500 383
1732510 382
1732520 381
1732530 382
1732540 382
1732550 382
1732560 381
1732570 381
1732580 381
1732590 381
1732600 381
1732610 381
1732620 381
1732630 381
1732640 382
1732650 382
1732660 382
1732670 382
1732680 382
1732690 382
1732700 383
1732710 383
1732720 383
1732730 383
1732740 383
1732750 384
1732760 385
1732770 385
1732780 385
1732790 386
1732800 386
1732810 386
1732820 386
1732830 387
1732840 388
1732850 390
1732860 394
1732870 397
1732880 400
1732890 402
1732900 404
1732910 407
1732920 410
1732930 412
1732940 415
1732950 418
1732960 421
1732970 424
1732980 426
1732990 429
1733000 431
1733010 433
1733020 435
1733030 437
1733040 438
1733050 439
1733060 441
1733070 442
1733080 444
1733090 446
1733100 448
1733110 450
1733120 452
1733130 454
1733140 456
1733150 458
1733160 460
1733170 462
1733180 464
1733190 465
1733200 466
1733210 467
1733220 467
1733230 467
1733240 467
1733250 468
1733260 468
1733270 469
1733280 470
1733290 471
1733300 472
1733310 472
1733320 473
1733330 473
1733340 474
1733350 475
1733360 475
1733370 476
1733380 476
1733390 476
1733400 476
1733410 476
1733420 476
1733430 475
1733440 474
1733450 472
1733460 471
1733470 470
1733480 469
1733490 469
1733500 468
1733510 468
1733520 468
1733530 468
1733540 469
1733550 471
1733560 473
1733570 474
1733580 475
1733590 476
1733600 477
1733610 477
1733620 478
1733630 478
1733640 478
1733650 479
1733660 479
1733670 480
1733680 481
1733690 481
1733700 482
1733710 482
1733720 483
1733730 483
1733740 483
1733750 483
1733760 483
1733770 484
1733780 484
1733790 484
1733800 485
1733810 486
1733820 486
1733830 487
1733840 488
1733850 489
1733860 489
1733870 490
1733880 490
1733890 491
1733900 491
1733910 492
1733920 492
1733930 493
1733940 493
1733950 494
1733960 494
1733970 494
1733980 495
1733990 495
1734000 496
1734010 497
1734020 497
1734030 497
1734040 498
1734050 498
1734060 499
1734070 499
1734080 499
1734090 500
1734100 500
1734110 500
1734120 500
1734130 500
1734140 500
1734150 500
1734160 499
1734170 499
1734180 499
1734190 499
1734200 499
1734210 499
1734220 499
1734230 498
1734240 498
1734250 498
1734260 497
1734270 497
1734280 496
1734290 496
1734300 495
1734310 494
1734320 494
1734330 493
1734340 493
1734350 492
1734360 491
1734370 491
1734380 490
1734390 489
1734400 489
1734410 488
1734420 487
1734430 487
1734440 486
1734450 485
1734460 485
1734470 484
1734480 483
1734490 483
1734500 482
1734510 482
1734520 481
1734530 480
1734540 480
1734550 479
1734560 478
1734570 477
1734580 476
1734590 476
1734600 475
1734610 474
1734620 473
1734630 472
1734640 471
1734650 470
1734660 469
1734670 468
1734680 468
1734690 467
1734700 466
1734710 465
1734720 464
1734730 463
1734740 462
1734750 461
1734760 460
1734770 459
1734780 457
1734790 454
1734800 453
1734810 453
1734820 456
1734830 458
1734840 460
1734850 462
1734860 464
1734870 466
1734880 467
1734890 467
1734900 468
1734910 468
1734920 468
1734930 469
1734940 469
1734950 470
1734960 471
1734970 472
1734980 473
1734990 473
1735000 474
1735010 475
1735020 476
1735030 477
1735040 478
1735050 478
1735060 479
1735070 479
1735080 479
1735090 479
1735100 479
1735110 479
1735120 479
1735130 479
1735140 479
1735150 479
1735160 479
1735170 478
1735180 478
1735190 478
1735200 478
1735210 478
1735220 477
1735230 477
1735240 476
1735250 476
1735260 476
1735270 476
1735280 475
1735290 475
1735300 474
1735310 474
1735320 473
1735330 473
1735340 472
1735350 472
1735360 472
1735370 471
1735380 470
1735390 470
1735400 469
1735410 468
1735420 467
1735430 466
1735440 465
1735450 464
1735460 464
1735470 463
1735480 462
1735490 462
1735500 461
1735510 460
1735520 460
1735530 459
1735540 459
1735550 458
1735560 458
1735570 458
1735580 457
1735590 457
1735600 457
1735610 457
1735620 456
1735630 456
1735640 455
1735650 455
1735660 454
1735670 454
1735680 453
1735690 452
1735700 453
1735710 454
1735720 456
1735730 457
1735740 458
1735750 460
1735760 460
1735770 461
1735780 462
1735790 462
1735800 462
1735810 463
1735820 463
1735830 463
1735840 463
1735850 463
1735860 463
1735870 463
1735880 462
1735890 462
1735900 462
1735910 462
1735920 462
1735930 462
1735940 461
1735950 461
1735960 461
1735970 460
1735980 460
1735990 460
1736000 459
1736010 459
1736020 459
1736030 458
1736040 458
1736050 458
1736060 458
1736070 457
1736080 457
1736090 457
1736100 457
1736110 456
1736120 456
1736130 456
1736140 456
1736150 456
1736160 456
1736170 456
1736180 457
1736190 457
1736200 457
1736210 457
1736220 457
1736230 458
1736240 458
1736250 458
1736260 459
1736270 459
1736280 459
1736290 459
1736300 460
1736310 460
1736320 461
1736330 461
1736340 462
1736350 462
1736360 463
1736370 463
1736380 464
1736390 464
1736400 464
1736410 464
1736420 464
1736430 464
1736440 465
1736450 465
1736460 465
1736470 466
1736480 467
1736490 467
1736500 467
1736510 467
1736520 466
1736530 466
1736540 467
1736550 467
1736560 467
1736570 468
1736580 469
1736590 469
1736600 469
1736610 470
1736620 470
1736630 471
1736640 471
1736650 471
1736660 471
1736670 472
1736680 472
1736690 472
1736700 473
1736710 473
1736720 473
1736730 473
1736740 473
1736750 473
1736760 473
1736770 473
1736780 473
1736790 474
1736800 474
1736810 474
1736820 474
1736830 474
1736840 474
1736850 475
1736860 475
1736870 475
1736880 475
1736890 475
1736900 475
1736910 475
1736920 476
1736930 476
1736940 476
1736950 476
1736960 476
1736970 476
1736980 476
1736990 477
1737000 477
1737010 477
1737020 477
1737030 477
1737040 477
1737050 477
1737060 478
1737070 478
1737080 478
1737090 478
1737100 478
1737110 478
1737120 478
1737130 478
1737140 479
1737150 479
1737160 479
1737170 479
1737180 479
1737190 479
1737200 480
1737210 480
1737220 480
1737230 480
1737240 480
1737250 480
1737260 480
1737270 480
1737280 481
1737290 481
1737300 481
1737310 481
1737320 481
1737330 481
1737340 481
1737350 481
1737360 481
1737370 481
1737380 481
1737390 482
1737400 482
1737410 482
1737420 482
1737430 482
1737440 483
1737450 483
1737460 483
1737470 483
1737480 483
1737490 484
1737500 484
1737510 484
1737520 484
1737530 484
1737540 484
1737550 484
1737560 485
1737570 485
1737580 485
1737590 485
1737600 485
1737610 485
1737620 485
1737630 485
1737640 485
1737650 485
1737660 485
1737670 485
1737680 485
1737690 485
1737700 485
1737710 485
1737720 485
1737730 485
1737740 485
1737750 485
1737760 485
1737770 485
1737780 485
1737790 486
1737800 486
1737810 486
1737820 486
1737830 486
1737840 486
1737850 486
1737860 486
1737870 486
1737880 486
1737890 486
1737900 486
1737910 486
1737920 486
1737930 486
1737940 485
1737950 485
1737960 485
1737970 485
1737980 485
1737990 485
1738000 485
1738010 485
1738020 485
1738030 485
1738040 485
1738050 485
1738060 485
1738070 485
1738080 485
1738090 484
1738100 484
1738110 484
1738120 484
1738130 484
1738140 484
1738150 484
1738160 484
1738170 484
1738180 484
1738190 484
1738200 483
1738210 483
1738220 483
1738230 483
1738240 483
1738250 483
1738260 483
1738270 483
1738280 483
1738290 483
1738300 483
1738310 483
1738320 482
1738330 482
1738340 482
1738350 482
1738360 482
1738370 482
1738380 482
1738390 482
1738400 482
1738410 482
1738420 481
1738430 481
1738440 481
1738450 481
1738460 481
1738470 481
1738480 481
1738490 481
1738500 481
1738510 481
1738520 480
1738530 480
1738540 480
1738550 480
1738560 480
1738570 480
1738580 480
1738590 480
1738600 480
1738610 480
1738620 479
1738630 479
1738640 479
1738650 479
1738660 479
1738670 479
1738680 479
1738690 479
1738700 479
1738710 479
1738720 479
1738730 479
1738740 479
1738750 479
1738760 478
1738770 478
1738780 478
1738790 478
1738800 478
1738810 478
1738820 478
1738830 478
1738840 478
1738850 478
1738860 478
1738870 478
1738880 478
1738890 478
1738900 478
1738910 479
1738920 479
1738930 479
1738940 479
1738950 479
1738960 479
1738970 479
1738980 479
1738990 479
1739000 479
1739010 479
1739020 479
1739030 479
1739040 479
1739050 478
1739060 478
1739070 478
1739080 478
1739090 478
1739100 478
1739110 478
1739120 478
1739130 478
1739140 478
1739150 478
1739160 478
1739170 478
1739180 478
1739190 478
1739200 477
1739210 477
1739220 477
1739230 477
1739240 477
1739250 477
1739260 477
1739270 477
1739280 477
1739290 477
1739300 476
1739310 476
1739320 476
1739330 476
1739340 476
1739350 476
1739360 476
1739370 476
1739380 476
1739390 476
1739400 476
1739410 476
1739420 476
1739430 476
1739440 476
1739450 476
1739460 476
1739470 476
1739480 475
1739490 475
1739500 475
1739510 475
1739520 475
1739530 475
1739540 475
1739550 475
1739560 475
1739570 474
1739580 475
1739590 475
1739600 474
1739610 474
1739620 474
1739630 474
1739640 475
1739650 475
1739660 474
1739670 475
1739680 475
1739690 475
1739700 476
1739710 476
1739720 477
1739730 477
1739740 477
1739750 478
1739760 478
1739770 478
1739780 478
1739790 478
1739800 478
1739810 478
1739820 478
1739830 478
1739840 478
1739850 478
1739860 478
1739870 478
1739880 478
1739890 478
1739900 479
1739910 479
1739920 479
1739930 480
1739940 480
1739950 480
1739960 480
1739970 480
1739980 480
1739990 480
