1720000 460
1720010 460
1720020 459
1720030 457
1720040 456
1720050 456
1720060 455
1720070 455
1720080 454
1720090 454
1720100 453
1720110 452
1720120 452
1720130 453
1720140 453
1720150 455
1720160 455
1720170 455
1720180 456
1720190 456
1720200 457
1720210 458
1720220 459
1720230 459
1720240 459
1720250 459
1720260 460
1720270 461
1720280 461
1720290 462
1720300 462
1720310 462
1720320 462
1720330 463
1720340 463
1720350 463
1720360 463
1720370 463
1720380 464
1720390 464
1720400 465
1720410 465
1720420 466
1720430 466
1720440 467
1720450 467
1720460 468
1720470 468
1720480 468
1720490 468
1720500 468
1720510 468
1720520 468
1720530 468
1720540 468
1720550 467
1720560 465
1720570 462
1720580 458
1720590 456
1720600 454
1720610 452
1720620 450
1720630 447
1720640 445
1720650 442
1720660 440
1720670 440
1720680 442
1720690 444
1720700 446
1720710 447
1720720 449
1720730 449
1720740 450
1720750 451
1720760 451
1720770 452
1720780 453
1720790 454
1720800 456
1720810 457
1720820 459
1720830 460
1720840 462
1720850 464
1720860 466
1720870 468
1720880 470
1720890 472
1720900 474
1720910 476
1720920 477
1720930 479
1720940 480
1720950 481
1720960 482
1720970 482
1720980 482
1720990 482
1721000 483
1721010 483
1721020 483
1721030 483
1721040 483
1721050 483
1721060 484
1721070 484
1721080 484
1721090 484
1721100 484
1721110 484
1721120 484
1721130 483
1721140 483
1721150 483
1721160 483
1721170 483
1721180 483
1721190 483
1721200 483
1721210 483
1721220 483
1721230 482
1721240 482
1721250 482
1721260 482
1721270 482
1721280 482
1721290 482
1721300 482
1721310 482
1721320 482
1721330 482
1721340 483
1721350 483
1721360 483
1721370 483
1721380 483
1721390 483
1721400 483
1721410 483
1721420 483
1721430 483
1721440 483
1721450 483
1721460 483
1721470 483
1721480 483
1721490 483
1721500 483
1721510 483
1721520 482
1721530 482
1721540 482
1721550 482
1721560 481
1721570 481
1721580 481
1721590 480
1721600 480
1721610 480
1721620 480
1721630 480
1721640 480
1721650 481
1721660 481
1721670 481
1721680 481
1721690 481
1721700 481
1721710 481
1721720 481
1721730 481
1721740 481
1721750 480
1721760 480
1721770 480
1721780 480
1721790 480
1721800 480
1721810 479
1721820 478
1721830 478
1721840 477
1721850 476
1721860 475
1721870 474
1721880 473
1721890 472
1721900 471
1721910 470
1721920 470
1721930 469
1721940 469
1721950 468
1721960 467
1721970 467
1721980 466
1721990 465
1722000 464
1722010 464
1722020 463
1722030 462
1722040 462
1722050 461
1722060 461
1722070 460
1722080 460
1722090 459
1722100 459
1722110 459
1722120 458
1722130 458
1722140 457
1722150 457
1722160 456
1722170 456
1722180 455
1722190 455
1722200 455
1722210 454
1722220 454
1722230 454
1722240 454
1722250 454
1722260 453
1722270 453
1722280 453
1722290 453
1722300 452
1722310 452
1722320 451
1722330 451
1722340 450
1722350 450
1722360 450
1722370 450
1722380 450
1722390 450
1722400 451
1722410 451
1722420 452
1722430 452
1722440 452
1722450 453
1722460 453
1722470 453
1722480 453
1722490 453
1722500 454
1722510 454
1722520 454
1722530 455
1722540 455
1722550 455
1722560 455
1722570 456
1722580 456
1722590 456
1722600 456
1722610 456
1722620 457
1722630 457
1722640 457
1722650 457
1722660 458
1722670 459
1722680 460
1722690 461
1722700 463
1722710 464
1722720 465
1722730 465
1722740 466
1722750 466
1722760 467
1722770 467
1722780 468
1722790 468
1722800 468
1722810 468
1722820 468
1722830 468
1722840 469
1722850 469
1722860 469
1722870 469
1722880 469
1722890 468
1722900 468
1722910 468
1722920 469
1722930 469
1722940 470
1722950 470
1722960 471
1722970 471
1722980 471
1722990 471
1723000 472
1723010 472
1723020 472
1723030 472
1723040 471
1723050 471
1723060 470
1723070 470
1723080 470
1723090 469
1723100 469
1723110 469
1723120 468
1723130 468
1723140 468
1723150 468
1723160 467
1723170 467
1723180 467
1723190 467
1723200 467
1723210 467
1723220 467
1723230 467
1723240 466
1723250 466
1723260 466
1723270 466
1723280 466
1723290 466
1723300 466
1723310 466
1723320 466
1723330 466
1723340 466
1723350 465
1723360 465
1723370 465
1723380 465
1723390 465
1723400 464
1723410 464
1723420 464
1723430 464
1723440 464
1723450 464
1723460 463
1723470 463
1723480 463
1723490 463
1723500 463
1723510 462
1723520 462
1723530 462
1723540 461
1723550 461
1723560 461
1723570 461
1723580 460
1723590 460
1723600 460
1723610 460
1723620 460
1723630 459
1723640 459
1723650 459
1723660 459
1723670 459
1723680 459
1723690 458
1723700 459
1723710 459
1723720 459
1723730 459
1723740 458
1723750 458
1723760 458
1723770 458
1723780 458
1723790 458
1723800 458
1723810 458
1723820 459
1723830 459
1723840 460
1723850 461
1723860 462
1723870 463
1723880 463
1723890 463
1723900 464
1723910 464
1723920 464
1723930 465
1723940 465
1723950 466
1723960 466
1723970 467
1723980 468
1723990 468
1724000 469
1724010 469
1724020 469
1724030 470
1724040 470
1724050 470
1724060 471
1724070 471
1724080 471
1724090 472
1724100 472
1724110 473
1724120 473
1724130 474
1724140 474
1724150 474
1724160 474
1724170 474
1724180 475
1724190 475
1724200 475
1724210 475
1724220 474
1724230 474
1724240 474
1724250 474
1724260 474
1724270 474
1724280 475
1724290 475
1724300 475
1724310 475
1724320 474
1724330 474
1724340 474
1724350 474
1724360 474
1724370 474
1724380 474
1724390 474
1724400 475
1724410 475
1724420 475
1724430 475
1724440 475
1724450 475
1724460 475
1724470 475
1724480 475
1724490 475
1724500 475
1724510 475
1724520 475
1724530 475
1724540 475
1724550 475
1724560 475
1724570 475
1724580 475
1724590 475
1724600 475
1724610 475
1724620 475
1724630 474
1724640 474
1724650 474
1724660 474
1724670 475
1724680 475
1724690 475
1724700 475
1724710 475
1724720 475
1724730 475
1724740 475
1724750 475
1724760 475
1724770 476
1724780 476
1724790 476
1724800 476
1724810 477
1724820 477
1724830 477
1724840 477
1724850 477
1724860 477
1724870 477
1724880 477
1724890 476
1724900 476
1724910 476
1724920 476
1724930 475
1724940 475
1724950 475
1724960 475
1724970 475
1724980 474
1724990 474
1725000 474
1725010 473
1725020 473
1725030 473
1725040 473
1725050 472
1725060 471
1725070 471
1725080 471
1725090 470
1725100 469
1725110 469
1725120 468
1725130 468
1725140 467
1725150 466
1725160 466
1725170 466
1725180 465
1725190 465
1725200 464
1725210 464
1725220 463
1725230 463
1725240 463
1725250 462
1725260 462
1725270 462
1725280 461
1725290 460
1725300 460
1725310 459
1725320 459
1725330 458
1725340 457
1725350 456
1725360 456
1725370 455
1725380 454
1725390 453
1725400 452
1725410 450
1725420 449
1725430 447
1725440 445
1725450 442
1725460 439
1725470 435
1725480 433
1725490 431
1725500 429
1725510 427
1725520 425
1725530 423
1725540 422
1725550 421
1725560 420
1725570 419
1725580 418
1725590 416
1725600 412
1725610 408
1725620 404
1725630 401
1725640 399
1725650 398
1725660 397
1725670 397
1725680 397
1725690 397
1725700 397
1725710 397
1725720 397
1725730 397
1725740 397
1725750 397
1725760 397
1725770 397
1725780 397
1725790 397
1725800 397
1725810 398
1725820 398
1725830 398
1725840 398
1725850 398
1725860 398
1725870 398
1725880 398
1725890 398
1725900 398
1725910 398
1725920 398
1725930 398
1725940 398
1725950 398
1725960 398
1725970 399
1725980 399
1725990 399
1726000 399
1726010 399
1726020 399
1726030 400
1726040 400
1726050 400
1726060 401
1726070 401
1726080 401
1726090 401
1726100 401
1726110 402
1726120 402
1726130 402
1726140 402
1726150 402
1726160 402
1726170 402
1726180 402
1726190 402
1726200 402
1726210 402
1726220 402
1726230 402
1726240 401
1726250 401
1726260 401
1726270 401
1726280 401
1726290 401
1726300 401
1726310 401
1726320 401
1726330 400
1726340 400
1726350 400
1726360 400
1726370 400
1726380 400
1726390 400
1726400 400
1726410 399
1726420 399
1726430 399
1726440 399
1726450 399
1726460 399
1726470 399
1726480 399
1726490 399
1726500 399
1726510 399
1726520 399
1726530 399
1726540 398
1726550 398
1726560 398
1726570 398
1726580 398
1726590 398
1726600 398
1726610 398
1726620 398
1726630 398
1726640 398
1726650 398
1726660 397
1726670 397
1726680 397
1726690 397
1726700 397
1726710 397
1726720 396
1726730 396
1726740 396
1726750 396
1726760 396
1726770 397
1726780 397
1726790 397
1726800 398
1726810 398
1726820 398
1726830 397
1726840 397
1726850 397
1726860 397
1726870 397
1726880 397
1726890 397
1726900 397
1726910 397
1726920 397
1726930 397
1726940 397
1726950 397
1726960 396
1726970 396
1726980 396
1726990 396
1727000 396
1727010 396
1727020 396
1727030 396
1727040 396
1727050 396
1727060 397
1727070 399
1727080 403
1727090 407
1727100 413
1727110 419
1727120 423
1727130 427
1727140 430
1727150 433
1727160 436
1727170 439
1727180 441
1727190 444
1727200 446
1727210 448
1727220 448
1727230 447
1727240 446
1727250 445
1727260 444
1727270 444
1727280 443
1727290 442
1727300 441
1727310 442
1727320 442
1727330 444
1727340 445
1727350 445
1727360 445
1727370 445
1727380 445
1727390 445
1727400 445
1727410 443
1727420 441
1727430 437
1727440 433
1727450 429
1727460 425
1727470 422
1727480 418
1727490 415
1727500 413
1727510 412
1727520 412
1727530 411
1727540 411
1727550 413
1727560 416
1727570 419
1727580 421
1727590 424
1727600 426
1727610 427
1727620 429
1727630 431
1727640 434
1727650 436
1727660 439
1727670 441
1727680 443
1727690 444
1727700 445
1727710 446
1727720 447
1727730 447
1727740 447
1727750 447
1727760 447
1727770 447
1727780 446
1727790 446
1727800 445
1727810 444
1727820 444
1727830 444
1727840 444
1727850 444
1727860 445
1727870 448
1727880 450
1727890 453
1727900 455
1727910 457
1727920 458
1727930 460
1727940 462
1727950 465
1727960 467
1727970 469
1727980 472
1727990 473
1728000 475
1728010 476
1728020 478
1728030 479
1728040 480
1728050 481
1728060 482
1728070 483
1728080 484
1728090 484
1728100 485
1728110 486
1728120 487
1728130 487
1728140 488
1728150 488
1728160 489
1728170 489
1728180 490
1728190 491
1728200 491
1728210 492
1728220 493
1728230 493
1728240 494
1728250 495
1728260 496
1728270 496
1728280 497
1728290 498
1728300 499
1728310 499
1728320 500
1728330 500
1728340 501
1728350 502
1728360 502
1728370 503
1728380 503
1728390 504
1728400 504
1728410 505
1728420 505
1728430 506
1728440 507
1728450 507
1728460 508
1728470 508
1728480 509
1728490 509
1728500 509
1728510 509
1728520 510
1728530 510
1728540 510
1728550 510
1728560 510
1728570 510
1728580 510
1728590 510
1728600 510
1728610 510
1728620 510
1728630 510
1728640 510
1728650 510
1728660 509
1728670 509
1728680 509
1728690 509
1728700 509
1728710 509
1728720 509
1728730 509
1728740 509
1728750 509
1728760 509
1728770 509
1728780 509
1728790 510
1728800 510
1728810 510
1728820 510
1728830 510
1728840 510
1728850 511
1728860 512
1728870 512
1728880 513
1728890 513
1728900 514
1728910 515
1728920 516
1728930 517
1728940 518
1728950 519
1728960 520
1728970 521
1728980 522
1728990 523
1729000 524
1729010 526
1729020 527
1729030 528
1729040 529
1729050 529
1729060 530
1729070 531
1729080 532
1729090 533
1729100 533
1729110 534
1729120 535
1729130 536
1729140 537
1729150 538
1729160 539
1729170 540
1729180 541
1729190 542
1729200 543
1729210 545
1729220 546
1729230 547
1729240 548
1729250 549
1729260 550
1729270 551
1729280 552
1729290 553
1729300 554
1729310 556
1729320 557
1729330 558
1729340 560
1729350 561
1729360 563
1729370 564
1729380 565
1729390 567
1729400 568
1729410 569
1729420 570
1729430 571
1729440 572
1729450 574
1729460 575
1729470 575
1729480 576
1729490 576
1729500 577
1729510 578
1729520 578
1729530 579
1729540 580
1729550 581
1729560 583
1729570 584
1729580 584
1729590 584
1729600 583
1729610 583
1729620 582
1729630 582
1729640 581
1729650 581
1729660 580
1729670 578
1729680 576
1729690 574
1729700 571
1729710 570
1729720 568
1729730 566
1729740 564
1729750 563
1729760 561
1729770 559
1729780 558
1729790 557
1729800 556
1729810 555
1729820 553
1729830 552
1729840 551
1729850 550
1729860 548
1729870 547
1729880 546
1729890 545
1729900 544
1729910 543
1729920 542
1729930 541
1729940 540
1729950 539
1729960 538
1729970 538
1729980 537
1729990 536
1730000 535
1730010 534
1730020 533
1730030 532
1730040 531
1730050 530
1730060 529
1730070 528
1730080 528
1730090 527
1730100 526
1730110 525
1730120 524
1730130 523
1730140 522
1730150 521
1730160 520
1730170 519
1730180 518
1730190 517
1730200 516
1730210 515
1730220 514
1730230 513
1730240 512
1730250 511
1730260 510
1730270 509
1730280 508
1730290 507
1730300 506
1730310 505
1730320 504
1730330 504
1730340 503
1730350 502
1730360 501
1730370 501
1730380 500
1730390 499
1730400 498
1730410 497
1730420 497
1730430 496
1730440 495
1730450 495
1730460 494
1730470 494
1730480 493
1730490 493
1730500 493
1730510 492
1730520 492
1730530 491
1730540 491
1730550 490
1730560 490
1730570 490
1730580 490
1730590 489
1730600 490
1730610 490
1730620 490
1730630 490
1730640 490
1730650 490
1730660 490
1730670 490
1730680 490
1730690 490
1730700 490
1730710 490
1730720 490
1730730 490
1730740 490
1730750 490
1730760 490
1730770 490
1730780 490
1730790 490
1730800 490
1730810 490
1730820 490
1730830 490
1730840 490
1730850 490
1730860 490
1730870 490
1730880 491
1730890 490
1730900 490
1730910 490
1730920 490
1730930 490
1730940 490
1730950 490
1730960 490
1730970 489
1730980 489
1730990 489
1731000 489
1731010 489
1731020 489
1731030 489
1731040 489
1731050 489
1731060 488
1731070 488
1731080 488
1731090 488
1731100 487
1731110 487
1731120 486
1731130 485
1731140 484
1731150 483
1731160 482
1731170 481
1731180 480
1731190 479
1731200 479
1731210 478
1731220 477
1731230 476
1731240 475
1731250 475
1731260 474
1731270 473
1731280 473
1731290 472
1731300 472
1731310 472
1731320 473
1731330 474
1731340 475
1731350 476
1731360 477
1731370 477
1731380 478
1731390 479
1731400 481
1731410 482
1731420 484
1731430 486
1731440 488
1731450 490
1731460 492
1731470 493
1731480 494
1731490 494
1731500 494
1731510 494
1731520 493
1731530 493
1731540 493
1731550 493
1731560 494
1731570 494
1731580 494
1731590 495
1731600 495
1731610 495
1731620 495
1731630 495
1731640 495
1731650 495
1731660 495
1731670 496
1731680 496
1731690 496
1731700 496
1731710 496
1731720 497
1731730 497
1731740 496
1731750 496
1731760 496
1731770 496
1731780 496
1731790 496
1731800 496
1731810 496
1731820 496
1731830 497
1731840 497
1731850 497
1731860 497
1731870 497
1731880 497
1731890 497
1731900 497
1731910 497
1731920 497
1731930 496
1731940 496
1731950 496
1731960 495
1731970 495
1731980 494
1731990 494
1732000 494
1732010 494
1732020 493
1732030 493
1732040 493
1732050 493
1732060 492
1732070 492
1732080 492
1732090 491
1732100 490
1732110 490
1732120 490
1732130 489
1732140 489
1732150 489
1732160 488
1732170 488
1732180 488
1732190 487
1732200 487
1732210 487
1732220 487
1732230 486
1732240 486
1732250 486
1732260 486
1732270 486
1732280 485
1732290 485
1732300 485
1732310 485
1732320 484
1732330 484
1732340 484
1732350 483
1732360 483
1732370 483
1732380 483
1732390 482
1732400 482
1732410 482
1732420 481
1732430 481
1732440 481
1732450 481
1732460 481
1732470 480
1732480 480
1732490 480
1732500 480
1732510 480
1732520 479
1732530 479
1732540 479
1732550 479
1732560 479
1732570 479
1732580 478
1732590 478
1732600 478
1732610 478
1732620 478
1732630 477
1732640 477
1732650 477
1732660 477
1732670 476
1732680 476
1732690 475
1732700 475
1732710 475
1732720 474
1732730 474
1732740 473
1732750 473
1732760 473
1732770 472
1732780 472
1732790 471
1732800 470
1732810 470
1732820 469
1732830 469
1732840 468
1732850 467
1732860 466
1732870 464
1732880 462
1732890 458
1732900 455
1732910 452
1732920 450
1732930 448
1732940 445
1732950 442
1732960 439
1732970 436
1732980 433
1732990 431
1733000 428
1733010 426
1733020 423
1733030 419
1733040 416
1733050 413
1733060 410
1733070 408
1733080 406
1733090 405
1733100 403
1733110 402
1733120 401
1733130 400
1733140 399
1733150 398
1733160 397
1733170 396
1733180 395
1733190 394
1733200 393
1733210 392
1733220 391
1733230 390
1733240 389
1733250 388
1733260 388
1733270 387
1733280 386
1733290 385
1733300 384
1733310 384
1733320 383
1733330 383
1733340 382
1733350 381
1733360 381
1733370 380
1733380 381
1733390 381
1733400 381
1733410 380
1733420 380
1733430 380
1733440 380
1733450 380
1733460 380
1733470 381
1733480 383
1733490 388
1733500 393
1733510 399
1733520 404
1733530 408
1733540 413
1733550 417
1733560 419
1733570 421
1733580 420
1733590 418
1733600 415
1733610 410
1733620 405
1733630 399
1733640 395
1733650 392
1733660 391
1733670 391
1733680 393
1733690 395
1733700 399
1733710 403
1733720 406
1733730 410
1733740 412
1733750 415
1733760 418
1733770 420
1733780 422
1733790 424
1733800 426
1733810 427
1733820 429
1733830 430
1733840 431
1733850 432
1733860 433
1733870 433
1733880 434
1733890 434
1733900 435
1733910 435
1733920 434
1733930 434
1733940 433
1733950 431
1733960 429
1733970 428
1733980 427
1733990 427
1734000 427
1734010 427
1734020 427
1734030 428
1734040 428
1734050 428
1734060 429
1734070 429
1734080 429
1734090 430
1734100 430
1734110 431
1734120 431
1734130 432
1734140 432
1734150 433
1734160 433
1734170 434
1734180 435
1734190 436
1734200 437
1734210 438
1734220 439
1734230 440
1734240 440
1734250 441
1734260 441
1734270 441
1734280 441
1734290 441
1734300 441
1734310 441
1734320 441
1734330 441
1734340 441
1734350 442
1734360 442
1734370 442
1734380 443
1734390 443
1734400 443
1734410 443
1734420 444
1734430 444
1734440 444
1734450 444
1734460 445
1734470 445
1734480 445
1734490 446
1734500 446
1734510 446
1734520 447
1734530 447
1734540 447
1734550 448
1734560 448
1734570 448
1734580 448
1734590 448
1734600 448
1734610 448
1734620 448
1734630 448
1734640 448
1734650 449
1734660 449
1734670 449
1734680 449
1734690 449
1734700 449
1734710 450
1734720 450
1734730 450
1734740 450
1734750 451
1734760 451
1734770 451
1734780 452
1734790 452
1734800 452
1734810 453
1734820 453
1734830 454
1734840 454
1734850 455
1734860 456
1734870 456
1734880 457
1734890 458
1734900 458
1734910 459
1734920 460
1734930 460
1734940 461
1734950 462
1734960 463
1734970 463
1734980 464
1734990 465
1735000 466
1735010 467
1735020 467
1735030 468
1735040 468
1735050 469
1735060 469
1735070 470
1735080 470
1735090 471
1735100 472
1735110 472
1735120 473
1735130 473
1735140 474
1735150 474
1735160 474
1735170 474
1735180 474
1735190 475
1735200 475
1735210 475
1735220 475
1735230 475
1735240 475
1735250 475
1735260 475
1735270 475
1735280 475
1735290 475
1735300 475
1735310 475
1735320 475
1735330 475
1735340 475
1735350 475
1735360 475
1735370 476
1735380 476
1735390 476
1735400 477
1735410 477
1735420 477
1735430 477
1735440 478
1735450 478
1735460 478
1735470 479
1735480 479
1735490 480
1735500 480
1735510 480
1735520 480
1735530 481
1735540 481
1735550 481
1735560 482
1735570 482
1735580 482
1735590 483
1735600 483
1735610 483
1735620 483
1735630 483
1735640 483
1735650 484
1735660 484
1735670 484
1735680 484
1735690 484
1735700 484
1735710 484
1735720 484
1735730 484
1735740 484
1735750 484
1735760 484
1735770 484
1735780 484
1735790 484
1735800 484
1735810 484
1735820 484
1735830 484
1735840 484
1735850 484
1735860 484
1735870 484
1735880 484
1735890 484
1735900 484
1735910 484
1735920 484
1735930 484
1735940 484
1735950 484
1735960 484
1735970 484
1735980 484
1735990 484
1736000 484
1736010 484
1736020 484
1736030 485
1736040 485
1736050 485
1736060 485
1736070 485
1736080 485
1736090 484
1736100 484
1736110 485
1736120 485
1736130 485
1736140 484
1736150 484
1736160 484
1736170 484
1736180 484
1736190 484
1736200 484
1736210 484
1736220 484
1736230 484
1736240 484
1736250 484
1736260 484
1736270 484
1736280 484
1736290 484
1736300 484
1736310 484
1736320 484
1736330 484
1736340 484
1736350 484
1736360 484
1736370 484
1736380 483
1736390 483
1736400 483
1736410 483
1736420 483
1736430 483
1736440 483
1736450 483
1736460 483
1736470 483
1736480 482
1736490 482
1736500 482
1736510 482
1736520 482
1736530 482
1736540 482
1736550 482
1736560 482
1736570 482
1736580 481
1736590 481
1736600 481
1736610 481
1736620 481
1736630 481
1736640 481
1736650 481
1736660 481
1736670 480
1736680 480
1736690 480
1736700 480
1736710 480
1736720 480
1736730 480
1736740 480
1736750 480
1736760 480
1736770 480
1736780 480
1736790 480
1736800 480
1736810 480
1736820 480
1736830 480
1736840 480
1736850 480
1736860 480
1736870 480
1736880 480
1736890 480
1736900 479
1736910 479
1736920 479
1736930 479
1736940 479
1736950 479
1736960 479
1736970 478
1736980 478
1736990 478
1737000 478
1737010 478
1737020 478
1737030 478
1737040 478
1737050 478
1737060 477
1737070 477
1737080 477
1737090 477
1737100 477
1737110 477
1737120 477
1737130 476
1737140 476
1737150 476
1737160 476
1737170 476
1737180 476
1737190 476
1737200 476
1737210 475
1737220 475
1737230 475
1737240 475
1737250 475
1737260 475
1737270 475
1737280 474
1737290 474
1737300 474
1737310 474
1737320 474
1737330 473
1737340 473
1737350 473
1737360 473
1737370 472
1737380 472
1737390 472
1737400 472
1737410 471
1737420 470
1737430 469
1737440 468
1737450 466
1737460 464
1737470 464
1737480 464
1737490 465
1737500 467
1737510 468
1737520 469
1737530 470
1737540 470
1737550 470
1737560 470
1737570 470
1737580 471
1737590 471
1737600 472
1737610 473
1737620 473
1737630 474
1737640 474
1737650 474
1737660 475
1737670 475
1737680 476
1737690 476
1737700 476
1737710 477
1737720 477
1737730 477
1737740 477
1737750 478
1737760 478
1737770 478
1737780 478
1737790 478
1737800 478
1737810 479
1737820 479
1737830 479
1737840 479
1737850 478
1737860 478
1737870 478
1737880 478
1737890 478
1737900 478
1737910 478
1737920 478
1737930 477
1737940 477
1737950 477
1737960 477
1737970 477
1737980 477
1737990 477
1738000 477
1738010 476
1738020 476
1738030 476
1738040 476
1738050 476
1738060 476
1738070 476
1738080 476
1738090 476
1738100 476
1738110 475
1738120 475
1738130 475
1738140 475
1738150 475
1738160 475
1738170 475
1738180 475
1738190 475
1738200 475
1738210 474
1738220 474
1738230 474
1738240 474
1738250 474
1738260 474
1738270 474
1738280 474
1738290 473
1738300 473
1738310 473
1738320 473
1738330 473
1738340 473
1738350 473
1738360 473
1738370 473
1738380 474
1738390 474
1738400 474
1738410 474
1738420 474
1738430 474
1738440 474
1738450 474
1738460 474
1738470 474
1738480 473
1738490 473
1738500 473
1738510 473
1738520 473
1738530 473
1738540 473
1738550 473
1738560 473
1738570 473
1738580 473
1738590 473
1738600 473
1738610 473
1738620 473
1738630 473
1738640 473
1738650 473
1738660 473
1738670 473
1738680 473
1738690 473
1738700 473
1738710 473
1738720 473
1738730 473
1738740 473
1738750 473
1738760 473
1738770 473
1738780 473
1738790 472
1738800 472
1738810 472
1738820 472
1738830 472
1738840 472
1738850 472
1738860 472
1738870 472
1738880 472
1738890 472
1738900 472
1738910 472
1738920 471
1738930 471
1738940 471
1738950 471
1738960 471
1738970 471
1738980 471
1738990 471
1739000 470
1739010 470
1739020 470
1739030 470
1739040 470
1739050 470
1739060 470
1739070 470
1739080 470
1739090 470
1739100 469
1739110 469
1739120 469
1739130 469
1739140 469
1739150 469
1739160 468
1739170 468
1739180 467
1739190 468
1739200 468
1739210 468
1739220 468
1739230 467
1739240 467
1739250 467
1739260 467
1739270 467
1739280 467
1739290 466
1739300 466
1739310 466
1739320 466
1739330 466
1739340 465
1739350 465
1739360 465
1739370 465
1739380 464
1739390 464
1739400 464
1739410 464
1739420 464
1739430 463
1739440 463
1739450 463
1739460 463
1739470 463
1739480 462
1739490 462
1739500 461
1739510 461
1739520 460
1739530 460
1739540 459
1739550 459
1739560 458
1739570 458
1739580 458
1739590 457
1739600 457
1739610 457
1739620 456
1739630 456
1739640 456
1739650 456
1739660 455
1739670 455
1739680 455
1739690 455
1739700 455
1739710 455
1739720 455
1739730 454
1739740 454
1739750 454
1739760 453
1739770 453
1739780 452
1739790 452
1739800 451
1739810 451
1739820 450
1739830 449
1739840 449
1739850 448
1739860 447
1739870 446
1739880 445
1739890 444
1739900 443
1739910 442
1739920 441
1739930 440
1739940 440
1739950 439
1739960 440
1739970 440
1739980 440
1739990 440
