1720000 473
1720010 473
1720020 473
1720030 473
1720040 473
1720050 472
1720060 472
1720070 472
1720080 472
1720090 472
1720100 471
1720110 471
1720120 471
1720130 470
1720140 469
1720150 468
1720160 466
1720170 464
1720180 462
1720190 460
1720200 459
1720210 458
1720220 458
1720230 456
1720240 455
1720250 456
1720260 457
1720270 458
1720280 458
1720290 458
1720300 458
1720310 459
1720320 460
1720330 461
1720340 462
1720350 463
1720360 464
1720370 464
1720380 465
1720390 466
1720400 468
1720410 469
1720420 470
1720430 471
1720440 472
1720450 473
1720460 474
1720470 476
1720480 477
1720490 478
1720500 479
1720510 480
1720520 482
1720530 483
1720540 484
1720550 485
1720560 487
1720570 488
1720580 489
1720590 491
1720600 492
1720610 493
1720620 494
1720630 496
1720640 497
1720650 498
1720660 498
1720670 499
1720680 500
1720690 501
1720700 502
1720710 502
1720720 503
1720730 503
1720740 504
1720750 504
1720760 505
1720770 505
1720780 505
1720790 505
1720800 505
1720810 505
1720820 505
1720830 506
1720840 506
1720850 506
1720860 506
1720870 506
1720880 506
1720890 506
1720900 506
1720910 506
1720920 507
1720930 507
1720940 507
1720950 507
1720960 507
1720970 506
1720980 506
1720990 506
1721000 506
1721010 506
1721020 505
1721030 505
1721040 505
1721050 505
1721060 504
1721070 504
1721080 504
1721090 504
1721100 504
1721110 504
1721120 504
1721130 505
1721140 505
1721150 505
1721160 505
1721170 505
1721180 505
1721190 505
1721200 505
1721210 505
1721220 505
1721230 505
1721240 504
1721250 504
1721260 504
1721270 504
1721280 504
1721290 504
1721300 503
1721310 503
1721320 503
1721330 503
1721340 503
1721350 503
1721360 502
1721370 502
1721380 502
1721390 501
1721400 501
1721410 501
1721420 500
1721430 500
1721440 500
1721450 500
1721460 499
1721470 499
1721480 499
1721490 498
1721500 498
1721510 498
1721520 498
1721530 498
1721540 498
1721550 498
1721560 498
1721570 498
1721580 498
1721590 498
1721600 498
1721610 498
1721620 498
1721630 498
1721640 497
1721650 497
1721660 497
1721670 497
1721680 496
1721690 496
1721700 496
1721710 496
1721720 496
1721730 495
1721740 495
1721750 495
1721760 495
1721770 494
1721780 494
1721790 493
1721800 493
1721810 492
1721820 491
1721830 491
1721840 491
1721850 491
1721860 490
1721870 490
1721880 489
1721890 489
1721900 488
1721910 488
1721920 487
1721930 486
1721940 486
1721950 485
1721960 484
1721970 484
1721980 483
1721990 482
1722000 482
1722010 481
1722020 480
1722030 480
1722040 479
1722050 479
1722060 478
1722070 477
1722080 476
1722090 475
1722100 475
1722110 474
1722120 473
1722130 473
1722140 473
1722150 473
1722160 473
1722170 474
1722180 476
1722190 477
1722200 478
1722210 479
1722220 479
1722230 480
1722240 480
1722250 480
1722260 481
1722270 481
1722280 481
1722290 480
1722300 480
1722310 480
1722320 480
1722330 479
1722340 479
1722350 479
1722360 479
1722370 479
1722380 479
1722390 478
1722400 478
1722410 478
1722420 478
1722430 477
1722440 477
1722450 477
1722460 476
1722470 476
1722480 476
1722490 475
1722500 475
1722510 475
1722520 474
1722530 473
1722540 473
1722550 473
1722560 473
1722570 473
1722580 473
1722590 472
1722600 472
1722610 472
1722620 472
1722630 472
1722640 472
1722650 472
1722660 472
1722670 472
1722680 472
1722690 472
1722700 473
1722710 473
1722720 473
1722730 473
1722740 473
1722750 474
1722760 474
1722770 474
1722780 474
1722790 475
1722800 475
1722810 475
1722820 475
1722830 474
1722840 474
1722850 474
1722860 474
1722870 474
1722880 474
1722890 473
1722900 473
1722910 473
1722920 473
1722930 473
1722940 473
1722950 473
1722960 473
1722970 472
1722980 472
1722990 472
1723000 472
1723010 472
1723020 472
1723030 472
1723040 472
1723050 472
1723060 472
1723070 472
1723080 472
1723090 472
1723100 471
1723110 471
1723120 471
1723130 471
1723140 471
1723150 471
1723160 471
1723170 471
1723180 471
1723190 471
1723200 471
1723210 471
1723220 471
1723230 471
1723240 470
1723250 470
1723260 470
1723270 470
1723280 470
1723290 469
1723300 469
1723310 469
1723320 469
1723330 468
1723340 468
1723350 467
1723360 467
1723370 466
1723380 466
1723390 466
1723400 465
1723410 465
1723420 465
1723430 466
1723440 466
1723450 466
1723460 466
1723470 466
1723480 466
1723490 466
1723500 467
1723510 467
1723520 467
1723530 468
1723540 468
1723550 468
1723560 468
1723570 468
1723580 468
1723590 469
1723600 469
1723610 469
1723620 469
1723630 470
1723640 470
1723650 471
1723660 471
1723670 471
1723680 472
1723690 472
1723700 472
1723710 473
1723720 473
1723730 473
1723740 473
1723750 473
1723760 473
1723770 473
1723780 473
1723790 473
1723800 473
1723810 473
1723820 473
1723830 473
1723840 473
1723850 473
1723860 473
1723870 474
1723880 474
1723890 474
1723900 474
1723910 474
1723920 474
1723930 474
1723940 474
1723950 474
1723960 473
1723970 473
1723980 473
1723990 473
1724000 473
1724010 473
1724020 473
1724030 473
1724040 472
1724050 472
1724060 472
1724070 472
1724080 472
1724090 472
1724100 472
1724110 472
1724120 472
1724130 472
1724140 472
1724150 472
1724160 472
1724170 472
1724180 472
1724190 472
1724200 472
1724210 472
1724220 472
1724230 472
1724240 473
1724250 473
1724260 473
1724270 473
1724280 473
1724290 473
1724300 473
1724310 473
1724320 473
1724330 473
1724340 473
1724350 473
1724360 473
1724370 473
1724380 473
1724390 472
1724400 472
1724410 472
1724420 472
1724430 471
1724440 471
1724450 471
1724460 471
1724470 471
1724480 471
1724490 471
1724500 470
1724510 470
1724520 470
1724530 470
1724540 470
1724550 470
1724560 470
1724570 470
1724580 470
1724590 470
1724600 470
1724610 470
1724620 470
1724630 470
1724640 470
1724650 470
1724660 470
1724670 470
1724680 470
1724690 470
1724700 470
1724710 470
1724720 470
1724730 470
1724740 470
1724750 470
1724760 470
1724770 470
1724780 470
1724790 471
1724800 471
1724810 471
1724820 471
1724830 471
1724840 471
1724850 471
1724860 471
1724870 472
1724880 472
1724890 472
1724900 472
1724910 473
1724920 473
1724930 473
1724940 473
1724950 473
1724960 473
1724970 474
1724980 474
1724990 474
1725000 474
1725010 474
1725020 474
1725030 475
1725040 475
1725050 475
1725060 476
1725070 476
1725080 476
1725090 476
1725100 477
1725110 477
1725120 477
1725130 477
1725140 477
1725150 477
1725160 477
1725170 477
1725180 477
1725190 477
1725200 477
1725210 477
1725220 477
1725230 477
1725240 477
1725250 477
1725260 477
1725270 478
1725280 478
1725290 478
1725300 478
1725310 478
1725320 479
1725330 479
1725340 478
1725350 478
1725360 478
1725370 478
1725380 477
1725390 477
1725400 477
1725410 477
1725420 477
1725430 476
1725440 476
1725450 476
1725460 476
1725470 476
1725480 475
1725490 475
1725500 475
1725510 474
1725520 473
1725530 473
1725540 472
1725550 471
1725560 470
1725570 469
1725580 469
1725590 468
1725600 468
1725610 467
1725620 467
1725630 467
1725640 467
1725650 467
1725660 467
1725670 467
1725680 467
1725690 466
1725700 466
1725710 466
1725720 466
1725730 465
1725740 465
1725750 464
1725760 464
1725770 463
1725780 462
1725790 462
1725800 461
1725810 461
1725820 460
1725830 459
1725840 458
1725850 457
1725860 456
1725870 455
1725880 453
1725890 452
1725900 451
1725910 450
1725920 449
1725930 449
1725940 449
1725950 449
1725960 449
1725970 449
1725980 449
1725990 449
1726000 449
1726010 448
1726020 447
1726030 447
1726040 446
1726050 445
1726060 444
1726070 443
1726080 442
1726090 441
1726100 441
1726110 440
1726120 439
1726130 438
1726140 438
1726150 437
1726160 436
1726170 436
1726180 436
1726190 436
1726200 435
1726210 435
1726220 435
1726230 436
1726240 436
1726250 436
1726260 436
1726270 436
1726280 436
1726290 435
1726300 435
1726310 435
1726320 435
1726330 435
1726340 433
1726350 430
1726360 427
1726370 425
1726380 424
1726390 420
1726400 416
1726410 412
1726420 408
1726430 404
1726440 402
1726450 401
1726460 400
1726470 399
1726480 399
1726490 399
1726500 398
1726510 398
1726520 398
1726530 398
1726540 398
1726550 398
1726560 398
1726570 398
1726580 398
1726590 398
1726600 398
1726610 398
1726620 398
1726630 398
1726640 397
1726650 397
1726660 397
1726670 397
1726680 397
1726690 397
1726700 397
1726710 398
1726720 398
1726730 398
1726740 398
1726750 398
1726760 398
1726770 398
1726780 398
1726790 398
1726800 398
1726810 398
1726820 398
1726830 398
1726840 398
1726850 398
1726860 398
1726870 398
1726880 398
1726890 398
1726900 398
1726910 398
1726920 397
1726930 397
1726940 397
1726950 396
1726960 396
1726970 396
1726980 396
1726990 397
1727000 398
1727010 400
1727020 402
1727030 404
1727040 405
1727050 405
1727060 405
1727070 404
1727080 404
1727090 403
1727100 403
1727110 402
1727120 402
1727130 401
1727140 400
1727150 400
1727160 398
1727170 397
1727180 397
1727190 397
1727200 396
1727210 396
1727220 396
1727230 396
1727240 395
1727250 395
1727260 395
1727270 395
1727280 395
1727290 396
1727300 396
1727310 396
1727320 396
1727330 397
1727340 397
1727350 397
1727360 398
1727370 402
1727380 406
1727390 411
1727400 415
1727410 419
1727420 423
1727430 427
1727440 430
1727450 434
1727460 438
1727470 441
1727480 445
1727490 448
1727500 451
1727510 454
1727520 456
1727530 458
1727540 460
1727550 462
1727560 464
1727570 466
1727580 467
1727590 468
1727600 469
1727610 471
1727620 472
1727630 473
1727640 474
1727650 475
1727660 476
1727670 477
1727680 478
1727690 479
1727700 480
1727710 481
1727720 482
1727730 482
1727740 483
1727750 484
1727760 485
1727770 485
1727780 486
1727790 486
1727800 486
1727810 486
1727820 487
1727830 487
1727840 487
1727850 487
1727860 487
1727870 487
1727880 487
1727890 487
1727900 486
1727910 486
1727920 486
1727930 486
1727940 486
1727950 486
1727960 486
1727970 486
1727980 486
1727990 486
1728000 486
1728010 486
1728020 486
1728030 486
1728040 486
1728050 486
1728060 486
1728070 486
1728080 486
1728090 487
1728100 487
1728110 487
1728120 487
1728130 487
1728140 488
1728150 488
1728160 488
1728170 488
1728180 489
1728190 489
1728200 490
1728210 490
1728220 490
1728230 490
1728240 490
1728250 491
1728260 491
1728270 491
1728280 491
1728290 492
1728300 492
1728310 493
1728320 493
1728330 494
1728340 494
1728350 495
1728360 495
1728370 496
1728380 496
1728390 497
1728400 497
1728410 498
1728420 498
1728430 499
1728440 499
1728450 500
1728460 501
1728470 501
1728480 501
1728490 502
1728500 502
1728510 503
1728520 503
1728530 504
1728540 504
1728550 505
1728560 506
1728570 506
1728580 507
1728590 508
1728600 508
1728610 508
1728620 508
1728630 508
1728640 508
1728650 508
1728660 508
1728670 508
1728680 509
1728690 509
1728700 509
1728710 508
1728720 508
1728730 508
1728740 509
1728750 509
1728760 509
1728770 509
1728780 509
1728790 509
1728800 509
1728810 509
1728820 510
1728830 510
1728840 510
1728850 511
1728860 511
1728870 511
1728880 511
1728890 512
1728900 513
1728910 514
1728920 515
1728930 516
1728940 516
1728950 517
1728960 518
1728970 518
1728980 519
1728990 520
1729000 521
1729010 522
1729020 523
1729030 524
1729040 526
1729050 527
1729060 528
1729070 529
1729080 529
1729090 530
1729100 531
1729110 532
1729120 533
1729130 533
1729140 534
1729150 535
1729160 536
1729170 537
1729180 538
1729190 539
1729200 541
1729210 542
1729220 543
1729230 545
1729240 547
1729250 549
1729260 550
1729270 551
1729280 552
1729290 554
1729300 555
1729310 556
1729320 557
1729330 559
1729340 560
1729350 561
1729360 562
1729370 563
1729380 564
1729390 565
1729400 566
1729410 567
1729420 568
1729430 569
1729440 570
1729450 570
1729460 571
1729470 572
1729480 573
1729490 574
1729500 575
1729510 576
1729520 577
1729530 578
1729540 579
1729550 580
1729560 581
1729570 582
1729580 583
1729590 585
1729600 586
1729610 586
1729620 586
1729630 586
1729640 585
1729650 585
1729660 585
1729670 584
1729680 584
1729690 583
1729700 583
1729710 582
1729720 582
1729730 581
1729740 581
1729750 580
1729760 580
1729770 579
1729780 578
1729790 577
1729800 577
1729810 576
1729820 576
1729830 575
1729840 574
1729850 572
1729860 570
1729870 568
1729880 567
1729890 566
1729900 564
1729910 563
1729920 561
1729930 560
1729940 559
1729950 557
1729960 556
1729970 554
1729980 553
1729990 551
1730000 549
1730010 547
1730020 545
1730030 543
1730040 541
1730050 539
1730060 537
1730070 535
1730080 533
1730090 532
1730100 531
1730110 529
1730120 528
1730130 527
1730140 526
1730150 525
1730160 524
1730170 523
1730180 522
1730190 521
1730200 520
1730210 519
1730220 519
1730230 518
1730240 517
1730250 517
1730260 516
1730270 515
1730280 515
1730290 514
1730300 513
1730310 513
1730320 512
1730330 512
1730340 511
1730350 510
1730360 510
1730370 509
1730380 508
1730390 508
1730400 507
1730410 507
1730420 506
1730430 505
1730440 505
1730450 505
1730460 504
1730470 504
1730480 504
1730490 503
1730500 503
1730510 502
1730520 502
1730530 501
1730540 501
1730550 501
1730560 500
1730570 500
1730580 499
1730590 499
1730600 499
1730610 498
1730620 498
1730630 498
1730640 497
1730650 496
1730660 496
1730670 495
1730680 495
1730690 494
1730700 494
1730710 493
1730720 493
1730730 492
1730740 491
1730750 491
1730760 490
1730770 490
1730780 489
1730790 489
1730800 489
1730810 488
1730820 488
1730830 488
1730840 487
1730850 487
1730860 487
1730870 486
1730880 486
1730890 485
1730900 485
1730910 485
1730920 484
1730930 484
1730940 484
1730950 485
1730960 485
1730970 486
1730980 487
1730990 487
1731000 488
1731010 489
1731020 489
1731030 490
1731040 490
1731050 491
1731060 491
1731070 491
1731080 491
1731090 492
1731100 492
1731110 492
1731120 492
1731130 493
1731140 493
1731150 493
1731160 493
1731170 493
1731180 493
1731190 493
1731200 493
1731210 493
1731220 493
1731230 493
1731240 493
1731250 493
1731260 493
1731270 493
1731280 493
1731290 493
1731300 493
1731310 494
1731320 494
1731330 494
1731340 494
1731350 495
1731360 495
1731370 495
1731380 496
1731390 496
1731400 496
1731410 496
1731420 496
1731430 496
1731440 496
1731450 496
1731460 497
1731470 497
1731480 497
1731490 497
1731500 497
1731510 497
1731520 497
1731530 497
1731540 497
1731550 497
1731560 497
1731570 497
1731580 496
1731590 496
1731600 495
1731610 495
1731620 495
1731630 494
1731640 494
1731650 493
1731660 493
1731670 492
1731680 492
1731690 491
1731700 491
1731710 490
1731720 490
1731730 489
1731740 489
1731750 488
1731760 487
1731770 487
1731780 486
1731790 486
1731800 485
1731810 485
1731820 484
1731830 484
1731840 483
1731850 483
1731860 483
1731870 482
1731880 482
1731890 482
1731900 482
1731910 481
1731920 481
1731930 481
1731940 480
1731950 480
1731960 479
1731970 478
1731980 478
1731990 477
1732000 477
1732010 477
1732020 477
1732030 477
1732040 477
1732050 476
1732060 476
1732070 476
1732080 476
1732090 476
1732100 476
1732110 476
1732120 476
1732130 476
1732140 476
1732150 475
1732160 475
1732170 475
1732180 475
1732190 475
1732200 475
1732210 475
1732220 475
1732230 475
1732240 474
1732250 474
1732260 475
1732270 475
1732280 475
1732290 475
1732300 475
1732310 474
1732320 474
1732330 474
1732340 474
1732350 474
1732360 474
1732370 474
1732380 474
1732390 474
1732400 475
1732410 475
1732420 475
1732430 475
1732440 475
1732450 475
1732460 475
1732470 475
1732480 475
1732490 474
1732500 474
1732510 474
1732520 474
1732530 474
1732540 474
1732550 475
1732560 475
1732570 475
1732580 475
1732590 475
1732600 474
1732610 474
1732620 473
1732630 472
1732640 471
1732650 471
1732660 470
1732670 469
1732680 468
1732690 467
1732700 465
1732710 464
1732720 463
1732730 461
1732740 460
1732750 458
1732760 457
1732770 456
1732780 455
1732790 454
1732800 453
1732810 451
1732820 450
1732830 449
1732840 448
1732850 448
1732860 447
1732870 446
1732880 444
1732890 443
1732900 441
1732910 438
1732920 436
1732930 434
1732940 432
1732950 431
1732960 429
1732970 427
1732980 426
1732990 424
1733000 423
1733010 421
1733020 420
1733030 419
1733040 418
1733050 416
1733060 415
1733070 414
1733080 413
1733090 411
1733100 410
1733110 409
1733120 408
1733130 407
1733140 406
1733150 405
1733160 404
1733170 403
1733180 401
1733190 400
1733200 399
1733210 398
1733220 397
1733230 396
1733240 395
1733250 394
1733260 393
1733270 393
1733280 392
1733290 390
1733300 389
1733310 388
1733320 387
1733330 386
1733340 385
1733350 383
1733360 382
1733370 381
1733380 381
1733390 381
1733400 381
1733410 381
1733420 381
1733430 381
1733440 381
1733450 380
1733460 380
1733470 380
1733480 380
1733490 380
1733500 380
1733510 380
1733520 383
1733530 388
1733540 393
1733550 398
1733560 404
1733570 409
1733580 413
1733590 418
1733600 422
1733610 427
1733620 431
1733630 435
1733640 439
1733650 443
1733660 446
1733670 448
1733680 450
1733690 451
1733700 451
1733710 451
1733720 451
1733730 450
1733740 450
1733750 449
1733760 449
1733770 449
1733780 449
1733790 449
1733800 449
1733810 448
1733820 448
1733830 447
1733840 446
1733850 445
1733860 444
1733870 443
1733880 442
1733890 442
1733900 441
1733910 441
1733920 440
1733930 440
1733940 439
1733950 437
1733960 436
1733970 434
1733980 433
1733990 431
1734000 430
1734010 429
1734020 428
1734030 427
1734040 426
1734050 425
1734060 424
1734070 423
1734080 422
1734090 421
1734100 421
1734110 420
1734120 419
1734130 418
1734140 418
1734150 417
1734160 416
1734170 415
1734180 414
1734190 414
1734200 413
1734210 412
1734220 411
1734230 410
1734240 409
1734250 408
1734260 408
1734270 408
1734280 408
1734290 408
1734300 408
1734310 408
1734320 408
1734330 408
1734340 407
1734350 407
1734360 407
1734370 407
1734380 408
1734390 408
1734400 409
1734410 410
1734420 410
1734430 411
1734440 411
1734450 412
1734460 412
1734470 413
1734480 413
1734490 414
1734500 415
1734510 416
1734520 417
1734530 419
1734540 421
1734550 423
1734560 424
1734570 426
1734580 427
1734590 429
1734600 431
1734610 432
1734620 433
1734630 434
1734640 435
1734650 436
1734660 437
1734670 439
1734680 440
1734690 441
1734700 442
1734710 443
1734720 444
1734730 445
1734740 446
1734750 447
1734760 448
1734770 448
1734780 449
1734790 449
1734800 450
1734810 450
1734820 450
1734830 450
1734840 450
1734850 450
1734860 450
1734870 450
1734880 450
1734890 450
1734900 451
1734910 451
1734920 451
1734930 451
1734940 451
1734950 452
1734960 452
1734970 452
1734980 452
1734990 453
1735000 453
1735010 454
1735020 454
1735030 454
1735040 455
1735050 455
1735060 455
1735070 455
1735080 455
1735090 455
1735100 456
1735110 457
1735120 457
1735130 458
1735140 459
1735150 460
1735160 460
1735170 461
1735180 462
1735190 463
1735200 463
1735210 464
1735220 464
1735230 465
1735240 466
1735250 466
1735260 467
1735270 467
1735280 468
1735290 468
1735300 469
1735310 470
1735320 471
1735330 471
1735340 472
1735350 472
1735360 472
1735370 473
1735380 473
1735390 473
1735400 472
1735410 472
1735420 472
1735430 472
1735440 473
1735450 473
1735460 473
1735470 473
1735480 473
1735490 473
1735500 473
1735510 474
1735520 474
1735530 474
1735540 474
1735550 474
1735560 474
1735570 474
1735580 473
1735590 473
1735600 473
1735610 472
1735620 472
1735630 472
1735640 471
1735650 470
1735660 469
1735670 468
1735680 467
1735690 466
1735700 466
1735710 466
1735720 466
1735730 465
1735740 465
1735750 465
1735760 465
1735770 466
1735780 466
1735790 466
1735800 467
1735810 467
1735820 468
1735830 468
1735840 469
1735850 469
1735860 470
1735870 470
1735880 470
1735890 471
1735900 471
1735910 472
1735920 472
1735930 473
1735940 473
1735950 474
1735960 474
1735970 474
1735980 475
1735990 475
1736000 475
1736010 476
1736020 476
1736030 476
1736040 477
1736050 477
1736060 477
1736070 477
1736080 477
1736090 477
1736100 478
1736110 478
1736120 478
1736130 478
1736140 478
1736150 478
1736160 478
1736170 479
1736180 479
1736190 479
1736200 479
1736210 479
1736220 480
1736230 480
1736240 480
1736250 481
1736260 481
1736270 481
1736280 481
1736290 481
1736300 481
1736310 481
1736320 481
1736330 481
1736340 481
1736350 481
1736360 481
1736370 481
1736380 482
1736390 482
1736400 482
1736410 482
1736420 482
1736430 482
1736440 482
1736450 483
1736460 483
1736470 483
1736480 483
1736490 483
1736500 483
1736510 483
1736520 483
1736530 483
1736540 484
1736550 484
1736560 484
1736570 484
1736580 484
1736590 484
1736600 484
1736610 484
1736620 484
1736630 484
1736640 484
1736650 484
1736660 484
1736670 484
1736680 484
1736690 484
1736700 484
1736710 484
1736720 484
1736730 484
1736740 484
1736750 484
1736760 484
1736770 484
1736780 484
1736790 484
1736800 484
1736810 484
1736820 484
1736830 484
1736840 484
1736850 484
1736860 483
1736870 483
1736880 483
1736890 483
1736900 483
1736910 483
1736920 483
1736930 483
1736940 483
1736950 482
1736960 482
1736970 482
1736980 482
1736990 482
1737000 482
1737010 482
1737020 482
1737030 481
1737040 481
1737050 481
1737060 481
1737070 481
1737080 481
1737090 481
1737100 481
1737110 481
1737120 481
1737130 481
1737140 480
1737150 480
1737160 480
1737170 479
1737180 479
1737190 479
1737200 479
1737210 479
1737220 479
1737230 478
1737240 478
1737250 478
1737260 477
1737270 476
1737280 476
1737290 476
1737300 477
1737310 477
1737320 478
1737330 478
1737340 478
1737350 478
1737360 478
1737370 478
1737380 478
1737390 478
1737400 478
1737410 478
1737420 478
1737430 479
1737440 479
1737450 479
1737460 479
1737470 480
1737480 480
1737490 480
1737500 480
1737510 480
1737520 480
1737530 480
1737540 480
1737550 480
1737560 480
1737570 480
1737580 480
1737590 480
1737600 480
1737610 480
1737620 480
1737630 481
1737640 481
1737650 481
1737660 481
1737670 481
1737680 481
1737690 482
1737700 482
1737710 482
1737720 482
1737730 482
1737740 482
1737750 482
1737760 481
1737770 481
1737780 481
1737790 481
1737800 481
1737810 481
1737820 481
1737830 481
1737840 481
1737850 481
1737860 481
1737870 481
1737880 481
1737890 481
1737900 481
1737910 481
1737920 481
1737930 481
1737940 480
1737950 480
1737960 480
1737970 480
1737980 480
1737990 480
1738000 480
1738010 480
1738020 480
1738030 480
1738040 480
1738050 480
1738060 480
1738070 479
1738080 479
1738090 479
1738100 479
1738110 479
1738120 479
1738130 479
1738140 479
1738150 479
1738160 478
1738170 478
1738180 478
1738190 478
1738200 478
1738210 478
1738220 478
1738230 478
1738240 477
1738250 477
1738260 477
1738270 477
1738280 477
1738290 477
1738300 476
1738310 476
1738320 476
1738330 476
1738340 476
1738350 476
1738360 475
1738370 475
1738380 475
1738390 475
1738400 475
1738410 475
1738420 474
1738430 474
1738440 474
1738450 474
1738460 474
1738470 474
1738480 474
1738490 473
1738500 473
1738510 473
1738520 473
1738530 472
1738540 472
1738550 472
1738560 472
1738570 472
1738580 472
1738590 471
1738600 471
1738610 471
1738620 471
1738630 471
1738640 471
1738650 471
1738660 470
1738670 470
1738680 470
1738690 470
1738700 470
1738710 470
1738720 470
1738730 470
1738740 470
1738750 470
1738760 470
1738770 469
1738780 468
1738790 468
1738800 468
1738810 468
1738820 468
1738830 468
1738840 467
1738850 467
1738860 467
1738870 467
1738880 467
1738890 467
1738900 467
1738910 467
1738920 467
1738930 466
1738940 466
1738950 466
1738960 466
1738970 466
1738980 465
1738990 465
1739000 465
1739010 465
1739020 465
1739030 465
1739040 465
1739050 465
1739060 465
1739070 465
1739080 465
1739090 464
1739100 464
1739110 464
1739120 464
1739130 464
1739140 465
1739150 465
1739160 466
1739170 467
1739180 466
1739190 465
1739200 464
1739210 464
1739220 464
1739230 464
1739240 464
1739250 464
1739260 464
1739270 463
1739280 463
1739290 463
1739300 463
1739310 463
1739320 463
1739330 464
1739340 463
1739350 462
1739360 462
1739370 462
1739380 462
1739390 461
1739400 461
1739410 461
1739420 461
1739430 460
1739440 460
1739450 460
1739460 459
1739470 459
1739480 458
1739490 458
1739500 457
1739510 456
1739520 455
1739530 455
1739540 454
1739550 453
1739560 452
1739570 452
1739580 453
1739590 454
1739600 456
1739610 457
1739620 459
1739630 462
1739640 465
1739650 468
1739660 469
1739670 470
1739680 470
1739690 470
1739700 471
1739710 471
1739720 471
1739730 471
1739740 472
1739750 472
1739760 472
1739770 472
1739780 472
1739790 472
1739800 471
1739810 471
1739820 471
1739830 471
1739840 470
1739850 470
1739860 470
1739870 470
1739880 469
1739890 469
1739900 469
1739910 469
1739920 468
1739930 468
1739940 468
1739950 468
1739960 468
1739970 468
1739980 468
1739990 468
