1720000 461
1720010 461
1720020 462
1720030 462
1720040 463
1720050 463
1720060 464
1720070 464
1720080 464
1720090 465
1720100 465
1720110 465
1720120 465
1720130 466
1720140 466
1720150 466
1720160 466
1720170 466
1720180 466
1720190 466
1720200 466
1720210 466
1720220 467
1720230 467
1720240 467
1720250 467
1720260 467
1720270 467
1720280 467
1720290 467
1720300 467
1720310 468
1720320 468
1720330 468
1720340 468
1720350 468
1720360 468
1720370 469
1720380 469
1720390 469
1720400 469
1720410 469
1720420 469
1720430 470
1720440 470
1720450 470
1720460 470
1720470 470
1720480 471
1720490 471
1720500 471
1720510 472
1720520 472
1720530 472
1720540 472
1720550 473
1720560 473
1720570 473
1720580 473
1720590 473
1720600 473
1720610 473
1720620 473
1720630 472
1720640 472
1720650 471
1720660 470
1720670 468
1720680 465
1720690 463
1720700 461
1720710 459
1720720 456
1720730 454
1720740 452
1720750 450
1720760 448
1720770 444
1720780 441
1720790 438
1720800 436
1720810 435
1720820 437
1720830 441
1720840 444
1720850 446
1720860 448
1720870 450
1720880 451
1720890 453
1720900 455
1720910 457
1720920 459
1720930 461
1720940 463
1720950 466
1720960 470
1720970 474
1720980 477
1720990 478
1721000 479
1721010 479
1721020 479
1721030 479
1721040 479
1721050 479
1721060 479
1721070 479
1721080 479
1721090 479
1721100 479
1721110 479
1721120 479
1721130 479
1721140 479
1721150 479
1721160 479
1721170 479
1721180 479
1721190 479
1721200 479
1721210 479
1721220 479
1721230 479
1721240 478
1721250 478
1721260 477
1721270 477
1721280 476
1721290 476
1721300 476
1721310 476
1721320 475
1721330 475
1721340 475
1721350 475
1721360 475
1721370 475
1721380 475
1721390 475
1721400 475
1721410 475
1721420 475
1721430 476
1721440 476
1721450 476
1721460 476
1721470 476
1721480 476
1721490 475
1721500 475
1721510 475
1721520 475
1721530 474
1721540 474
1721550 474
1721560 474
1721570 473
1721580 473
1721590 473
1721600 472
1721610 472
1721620 472
1721630 472
1721640 472
1721650 472
1721660 473
1721670 473
1721680 473
1721690 472
1721700 472
1721710 471
1721720 470
1721730 469
1721740 468
1721750 466
1721760 465
1721770 464
1721780 463
1721790 462
1721800 461
1721810 461
1721820 460
1721830 460
1721840 459
1721850 459
1721860 459
1721870 458
1721880 458
1721890 457
1721900 457
1721910 457
1721920 456
1721930 456
1721940 456
1721950 455
1721960 455
1721970 454
1721980 454
1721990 454
1722000 453
1722010 453
1722020 453
1722030 453
1722040 452
1722050 452
1722060 452
1722070 451
1722080 451
1722090 451
1722100 451
1722110 450
1722120 450
1722130 450
1722140 450
1722150 450
1722160 449
1722170 449
1722180 449
1722190 449
1722200 449
1722210 448
1722220 448
1722230 448
1722240 447
1722250 447
1722260 447
1722270 447
1722280 447
1722290 446
1722300 446
1722310 446
1722320 446
1722330 446
1722340 445
1722350 445
1722360 445
1722370 445
1722380 444
1722390 444
1722400 444
1722410 444
1722420 444
1722430 444
1722440 444
1722450 444
1722460 445
1722470 445
1722480 445
1722490 445
1722500 445
1722510 445
1722520 445
1722530 445
1722540 445
1722550 445
1722560 445
1722570 445
1722580 446
1722590 446
1722600 446
1722610 447
1722620 446
1722630 446
1722640 446
1722650 447
1722660 449
1722670 450
1722680 451
1722690 452
1722700 453
1722710 455
1722720 456
1722730 458
1722740 459
1722750 460
1722760 461
1722770 463
1722780 464
1722790 465
1722800 466
1722810 468
1722820 469
1722830 469
1722840 469
1722850 469
1722860 469
1722870 469
1722880 468
1722890 468
1722900 468
1722910 468
1722920 467
1722930 467
1722940 467
1722950 466
1722960 466
1722970 465
1722980 465
1722990 464
1723000 464
1723010 464
1723020 464
1723030 464
1723040 464
1723050 464
1723060 464
1723070 464
1723080 464
1723090 463
1723100 463
1723110 463
1723120 463
1723130 462
1723140 462
1723150 462
1723160 462
1723170 462
1723180 462
1723190 461
1723200 461
1723210 461
1723220 461
1723230 461
1723240 461
1723250 461
1723260 461
1723270 461
1723280 461
1723290 461
1723300 461
1723310 461
1723320 461
1723330 461
1723340 461
1723350 460
1723360 460
1723370 460
1723380 460
1723390 460
1723400 460
1723410 460
1723420 460
1723430 460
1723440 460
1723450 459
1723460 459
1723470 459
1723480 459
1723490 459
1723500 459
1723510 459
1723520 459
1723530 459
1723540 459
1723550 459
1723560 459
1723570 459
1723580 459
1723590 459
1723600 459
1723610 459
1723620 459
1723630 460
1723640 460
1723650 460
1723660 460
1723670 460
1723680 460
1723690 460
1723700 460
1723710 460
1723720 460
1723730 459
1723740 459
1723750 460
1723760 460
1723770 460
1723780 460
1723790 460
1723800 460
1723810 460
1723820 459
1723830 459
1723840 459
1723850 459
1723860 459
1723870 457
1723880 456
1723890 454
1723900 453
1723910 454
1723920 455
1723930 455
1723940 456
1723950 458
1723960 460
1723970 461
1723980 462
1723990 463
1724000 464
1724010 465
1724020 465
1724030 466
1724040 467
1724050 467
1724060 468
1724070 468
1724080 469
1724090 470
1724100 470
1724110 470
1724120 470
1724130 470
1724140 470
1724150 470
1724160 470
1724170 470
1724180 470
1724190 470
1724200 469
1724210 469
1724220 469
1724230 469
1724240 469
1724250 469
1724260 469
1724270 469
1724280 469
1724290 469
1724300 469
1724310 469
1724320 469
1724330 469
1724340 469
1724350 469
1724360 470
1724370 470
1724380 470
1724390 471
1724400 471
1724410 471
1724420 472
1724430 472
1724440 473
1724450 473
1724460 473
1724470 473
1724480 473
1724490 473
1724500 473
1724510 473
1724520 474
1724530 474
1724540 474
1724550 474
1724560 474
1724570 474
1724580 474
1724590 475
1724600 475
1724610 475
1724620 475
1724630 475
1724640 475
1724650 475
1724660 475
1724670 475
1724680 475
1724690 475
1724700 475
1724710 475
1724720 474
1724730 474
1724740 474
1724750 473
1724760 473
1724770 472
1724780 471
1724790 470
1724800 470
1724810 470
1724820 470
1724830 470
1724840 470
1724850 469
1724860 469
1724870 468
1724880 468
1724890 467
1724900 467
1724910 466
1724920 466
1724930 466
1724940 465
1724950 465
1724960 464
1724970 464
1724980 463
1724990 463
1725000 462
1725010 462
1725020 461
1725030 461
1725040 460
1725050 460
1725060 459
1725070 458
1725080 458
1725090 457
1725100 457
1725110 456
1725120 455
1725130 454
1725140 453
1725150 452
1725160 451
1725170 449
1725180 447
1725190 445
1725200 442
1725210 440
1725220 438
1725230 437
1725240 435
1725250 435
1725260 435
1725270 436
1725280 437
1725290 438
1725300 438
1725310 438
1725320 438
1725330 439
1725340 438
1725350 438
1725360 437
1725370 434
1725380 432
1725390 428
1725400 426
1725410 423
1725420 421
1725430 419
1725440 416
1725450 414
1725460 412
1725470 410
1725480 407
1725490 404
1725500 401
1725510 400
1725520 399
1725530 399
1725540 398
1725550 397
1725560 397
1725570 397
1725580 398
1725590 398
1725600 399
1725610 399
1725620 399
1725630 399
1725640 399
1725650 399
1725660 399
1725670 399
1725680 399
1725690 399
1725700 399
1725710 399
1725720 399
1725730 399
1725740 399
1725750 399
1725760 399
1725770 399
1725780 400
1725790 400
1725800 401
1725810 401
1725820 402
1725830 403
1725840 404
1725850 405
1725860 406
1725870 407
1725880 407
1725890 408
1725900 408
1725910 408
1725920 409
1725930 409
1725940 409
1725950 409
1725960 409
1725970 409
1725980 410
1725990 411
1726000 411
1726010 412
1726020 412
1726030 412
1726040 413
1726050 413
1726060 413
1726070 413
1726080 413
1726090 412
1726100 411
1726110 411
1726120 412
1726130 412
1726140 412
1726150 412
1726160 412
1726170 413
1726180 413
1726190 413
1726200 413
1726210 413
1726220 414
1726230 414
1726240 414
1726250 414
1726260 414
1726270 414
1726280 414
1726290 414
1726300 414
1726310 414
1726320 414
1726330 414
1726340 414
1726350 414
1726360 414
1726370 413
1726380 413
1726390 412
1726400 412
1726410 412
1726420 412
1726430 412
1726440 411
1726450 410
1726460 409
1726470 406
1726480 404
1726490 402
1726500 401
1726510 401
1726520 401
1726530 401
1726540 401
1726550 402
1726560 402
1726570 402
1726580 402
1726590 402
1726600 402
1726610 402
1726620 402
1726630 402
1726640 402
1726650 403
1726660 404
1726670 405
1726680 406
1726690 406
1726700 406
1726710 405
1726720 405
1726730 404
1726740 403
1726750 403
1726760 401
1726770 400
1726780 400
1726790 399
1726800 398
1726810 398
1726820 398
1726830 398
1726840 398
1726850 398
1726860 399
1726870 399
1726880 400
1726890 401
1726900 401
1726910 402
1726920 403
1726930 404
1726940 406
1726950 409
1726960 412
1726970 415
1726980 419
1726990 423
1727000 426
1727010 429
1727020 431
1727030 434
1727040 436
1727050 439
1727060 441
1727070 444
1727080 446
1727090 449
1727100 451
1727110 454
1727120 456
1727130 457
1727140 459
1727150 460
1727160 462
1727170 464
1727180 465
1727190 467
1727200 467
1727210 467
1727220 467
1727230 467
1727240 467
1727250 467
1727260 466
1727270 466
1727280 466
1727290 465
1727300 465
1727310 465
1727320 464
1727330 464
1727340 464
1727350 464
1727360 464
1727370 464
1727380 464
1727390 463
1727400 463
1727410 462
1727420 460
1727430 458
1727440 456
1727450 453
1727460 451
1727470 448
1727480 447
1727490 445
1727500 443
1727510 441
1727520 439
1727530 437
1727540 435
1727550 434
1727560 433
1727570 431
1727580 430
1727590 429
1727600 429
1727610 428
1727620 428
1727630 427
1727640 427
1727650 426
1727660 425
1727670 423
1727680 421
1727690 420
1727700 421
1727710 423
1727720 425
1727730 427
1727740 429
1727750 431
1727760 433
1727770 435
1727780 438
1727790 440
1727800 443
1727810 446
1727820 449
1727830 452
1727840 454
1727850 457
1727860 460
1727870 462
1727880 466
1727890 470
1727900 473
1727910 476
1727920 478
1727930 480
1727940 482
1727950 483
1727960 484
1727970 485
1727980 486
1727990 487
1728000 488
1728010 489
1728020 490
1728030 490
1728040 490
1728050 490
1728060 491
1728070 491
1728080 491
1728090 492
1728100 492
1728110 492
1728120 492
1728130 493
1728140 493
1728150 493
1728160 494
1728170 494
1728180 495
1728190 495
1728200 496
1728210 497
1728220 497
1728230 498
1728240 499
1728250 499
1728260 499
1728270 500
1728280 500
1728290 501
1728300 501
1728310 502
1728320 503
1728330 503
1728340 504
1728350 504
1728360 503
1728370 503
1728380 503
1728390 503
1728400 504
1728410 504
1728420 504
1728430 504
1728440 504
1728450 504
1728460 504
1728470 504
1728480 503
1728490 503
1728500 503
1728510 503
1728520 502
1728530 502
1728540 502
1728550 502
1728560 502
1728570 502
1728580 501
1728590 501
1728600 501
1728610 500
1728620 500
1728630 499
1728640 498
1728650 497
1728660 497
1728670 496
1728680 496
1728690 495
1728700 495
1728710 495
1728720 495
1728730 495
1728740 496
1728750 496
1728760 496
1728770 497
1728780 497
1728790 498
1728800 499
1728810 500
1728820 501
1728830 502
1728840 504
1728850 505
1728860 506
1728870 506
1728880 507
1728890 508
1728900 509
1728910 510
1728920 512
1728930 513
1728940 514
1728950 516
1728960 517
1728970 519
1728980 520
1728990 522
1729000 523
1729010 523
1729020 524
1729030 524
1729040 524
1729050 525
1729060 525
1729070 526
1729080 526
1729090 527
1729100 528
1729110 528
1729120 529
1729130 530
1729140 530
1729150 531
1729160 532
1729170 533
1729180 534
1729190 535
1729200 536
1729210 537
1729220 538
1729230 539
1729240 540
1729250 541
1729260 541
1729270 542
1729280 543
1729290 544
1729300 545
1729310 546
1729320 547
1729330 549
1729340 550
1729350 552
1729360 554
1729370 555
1729380 556
1729390 557
1729400 558
1729410 558
1729420 559
1729430 559
1729440 559
1729450 560
1729460 560
1729470 561
1729480 561
1729490 561
1729500 562
1729510 564
1729520 566
1729530 568
1729540 569
1729550 569
1729560 570
1729570 570
1729580 570
1729590 569
1729600 568
1729610 567
1729620 565
1729630 562
1729640 558
1729650 555
1729660 553
1729670 552
1729680 552
1729690 551
1729700 551
1729710 550
1729720 550
1729730 549
1729740 549
1729750 548
1729760 548
1729770 547
1729780 546
1729790 545
1729800 544
1729810 544
1729820 543
1729830 542
1729840 541
1729850 540
1729860 540
1729870 539
1729880 538
1729890 537
1729900 537
1729910 536
1729920 535
1729930 534
1729940 534
1729950 533
1729960 532
1729970 532
1729980 531
1729990 530
1730000 529
1730010 529
1730020 528
1730030 527
1730040 527
1730050 526
1730060 525
1730070 524
1730080 524
1730090 523
1730100 522
1730110 522
1730120 521
1730130 520
1730140 519
1730150 519
1730160 518
1730170 517
1730180 516
1730190 515
1730200 514
1730210 513
1730220 511
1730230 510
1730240 509
1730250 508
1730260 507
1730270 506
1730280 506
1730290 505
1730300 504
1730310 503
1730320 503
1730330 502
1730340 501
1730350 500
1730360 500
1730370 499
1730380 499
1730390 498
1730400 498
1730410 498
1730420 498
1730430 498
1730440 498
1730450 498
1730460 498
1730470 498
1730480 498
1730490 498
1730500 499
1730510 499
1730520 499
1730530 499
1730540 499
1730550 498
1730560 498
1730570 498
1730580 498
1730590 498
1730600 498
1730610 499
1730620 499
1730630 499
1730640 499
1730650 499
1730660 498
1730670 498
1730680 498
1730690 498
1730700 498
1730710 498
1730720 498
1730730 498
1730740 498
1730750 498
1730760 498
1730770 499
1730780 499
1730790 499
1730800 499
1730810 498
1730820 498
1730830 498
1730840 498
1730850 498
1730860 498
1730870 498
1730880 498
1730890 498
1730900 498
1730910 497
1730920 497
1730930 497
1730940 497
1730950 497
1730960 497
1730970 496
1730980 496
1730990 496
1731000 496
1731010 496
1731020 495
1731030 495
1731040 495
1731050 494
1731060 494
1731070 494
1731080 494
1731090 493
1731100 493
1731110 493
1731120 492
1731130 492
1731140 491
1731150 491
1731160 490
1731170 490
1731180 489
1731190 488
1731200 487
1731210 486
1731220 486
1731230 485
1731240 485
1731250 484
1731260 482
1731270 481
1731280 480
1731290 479
1731300 478
1731310 477
1731320 476
1731330 475
1731340 474
1731350 473
1731360 472
1731370 471
1731380 470
1731390 469
1731400 468
1731410 468
1731420 467
1731430 466
1731440 465
1731450 465
1731460 465
1731470 465
1731480 465
1731490 466
1731500 466
1731510 467
1731520 468
1731530 469
1731540 471
1731550 472
1731560 474
1731570 476
1731580 478
1731590 479
1731600 480
1731610 481
1731620 481
1731630 481
1731640 482
1731650 482
1731660 483
1731670 483
1731680 483
1731690 484
1731700 484
1731710 484
1731720 485
1731730 485
1731740 486
1731750 487
1731760 487
1731770 488
1731780 489
1731790 489
1731800 489
1731810 490
1731820 490
1731830 490
1731840 490
1731850 490
1731860 490
1731870 490
1731880 490
1731890 489
1731900 489
1731910 489
1731920 488
1731930 488
1731940 488
1731950 487
1731960 486
1731970 486
1731980 485
1731990 484
1732000 484
1732010 483
1732020 483
1732030 483
1732040 482
1732050 482
1732060 482
1732070 481
1732080 481
1732090 481
1732100 480
1732110 480
1732120 480
1732130 480
1732140 479
1732150 479
1732160 479
1732170 479
1732180 479
1732190 478
1732200 478
1732210 478
1732220 478
1732230 478
1732240 478
1732250 478
1732260 478
1732270 478
1732280 478
1732290 478
1732300 478
1732310 478
1732320 478
1732330 479
1732340 479
1732350 479
1732360 480
1732370 480
1732380 481
1732390 481
1732400 481
1732410 481
1732420 482
1732430 482
1732440 482
1732450 483
1732460 483
1732470 484
1732480 484
1732490 484
1732500 485
1732510 485
1732520 486
1732530 486
1732540 487
1732550 487
1732560 487
1732570 487
1732580 487
1732590 487
1732600 487
1732610 487
1732620 487
1732630 487
1732640 487
1732650 487
1732660 487
1732670 487
1732680 487
1732690 487
1732700 486
1732710 486
1732720 486
1732730 485
1732740 485
1732750 484
1732760 484
1732770 483
1732780 483
1732790 482
1732800 481
1732810 480
1732820 479
1732830 478
1732840 477
1732850 475
1732860 473
1732870 471
1732880 469
1732890 466
1732900 463
1732910 460
1732920 457
1732930 454
1732940 450
1732950 447
1732960 444
1732970 441
1732980 437
1732990 434
1733000 430
1733010 427
1733020 423
1733030 420
1733040 418
1733050 415
1733060 413
1733070 411
1733080 409
1733090 407
1733100 406
1733110 404
1733120 403
1733130 401
1733140 400
1733150 399
1733160 398
1733170 397
1733180 396
1733190 394
1733200 393
1733210 392
1733220 391
1733230 390
1733240 389
1733250 388
1733260 387
1733270 385
1733280 382
1733290 380
1733300 379
1733310 380
1733320 380
1733330 379
1733340 378
1733350 378
1733360 378
1733370 378
1733380 379
1733390 379
1733400 379
1733410 380
1733420 380
1733430 380
1733440 383
1733450 387
1733460 393
1733470 398
1733480 402
1733490 405
1733500 408
1733510 411
1733520 412
1733530 414
1733540 415
1733550 414
1733560 413
1733570 409
1733580 405
1733590 401
1733600 397
1733610 394
1733620 391
1733630 389
1733640 388
1733650 387
1733660 388
1733670 389
1733680 390
1733690 393
1733700 396
1733710 399
1733720 402
1733730 405
1733740 408
1733750 411
1733760 414
1733770 417
1733780 419
1733790 422
1733800 424
1733810 425
1733820 426
1733830 427
1733840 428
1733850 428
1733860 429
1733870 429
1733880 430
1733890 430
1733900 430
1733910 430
1733920 429
1733930 429
1733940 429
1733950 429
1733960 428
1733970 428
1733980 428
1733990 427
1734000 427
1734010 427
1734020 426
1734030 426
1734040 426
1734050 426
1734060 426
1734070 426
1734080 427
1734090 428
1734100 428
1734110 429
1734120 430
1734130 431
1734140 433
1734150 433
1734160 434
1734170 434
1734180 435
1734190 435
1734200 436
1734210 436
1734220 437
1734230 437
1734240 437
1734250 437
1734260 437
1734270 437
1734280 438
1734290 438
1734300 438
1734310 438
1734320 438
1734330 438
1734340 439
1734350 439
1734360 439
1734370 439
1734380 439
1734390 439
1734400 439
1734410 439
1734420 439
1734430 439
1734440 439
1734450 439
1734460 439
1734470 439
1734480 439
1734490 439
1734500 439
1734510 439
1734520 439
1734530 439
1734540 439
1734550 439
1734560 439
1734570 439
1734580 439
1734590 440
1734600 440
1734610 440
1734620 440
1734630 440
1734640 440
1734650 440
1734660 441
1734670 441
1734680 441
1734690 441
1734700 441
1734710 441
1734720 442
1734730 442
1734740 444
1734750 444
1734760 445
1734770 445
1734780 446
1734790 447
1734800 447
1734810 448
1734820 449
1734830 450
1734840 450
1734850 451
1734860 452
1734870 452
1734880 453
1734890 454
1734900 455
1734910 455
1734920 456
1734930 456
1734940 457
1734950 457
1734960 458
1734970 458
1734980 459
1734990 459
1735000 460
1735010 460
1735020 461
1735030 462
1735040 462
1735050 463
1735060 463
1735070 463
1735080 463
1735090 464
1735100 464
1735110 464
1735120 464
1735130 465
1735140 465
1735150 465
1735160 466
1735170 466
1735180 467
1735190 467
1735200 467
1735210 467
1735220 468
1735230 468
1735240 469
1735250 469
1735260 470
1735270 470
1735280 471
1735290 471
1735300 472
1735310 472
1735320 473
1735330 473
1735340 474
1735350 474
1735360 475
1735370 475
1735380 476
1735390 476
1735400 476
1735410 477
1735420 477
1735430 478
1735440 479
1735450 479
1735460 480
1735470 480
1735480 480
1735490 480
1735500 481
1735510 481
1735520 481
1735530 481
1735540 482
1735550 482
1735560 482
1735570 482
1735580 482
1735590 482
1735600 482
1735610 482
1735620 482
1735630 481
1735640 481
1735650 481
1735660 481
1735670 481
1735680 481
1735690 481
1735700 481
1735710 481
1735720 481
1735730 481
1735740 481
1735750 481
1735760 480
1735770 480
1735780 480
1735790 480
1735800 480
1735810 480
1735820 480
1735830 480
1735840 480
1735850 480
1735860 480
1735870 481
1735880 481
1735890 481
1735900 481
1735910 481
1735920 481
1735930 481
1735940 481
1735950 481
1735960 482
1735970 482
1735980 482
1735990 482
1736000 482
1736010 482
1736020 483
1736030 483
1736040 483
1736050 483
1736060 483
1736070 484
1736080 484
1736090 484
1736100 484
1736110 484
1736120 484
1736130 483
1736140 483
1736150 483
1736160 483
1736170 483
1736180 483
1736190 483
1736200 483
1736210 483
1736220 482
1736230 482
1736240 482
1736250 482
1736260 482
1736270 482
1736280 481
1736290 481
1736300 481
1736310 481
1736320 480
1736330 480
1736340 480
1736350 480
1736360 480
1736370 480
1736380 479
1736390 479
1736400 479
1736410 479
1736420 479
1736430 478
1736440 478
1736450 478
1736460 478
1736470 478
1736480 478
1736490 478
1736500 478
1736510 477
1736520 477
1736530 477
1736540 477
1736550 477
1736560 477
1736570 477
1736580 477
1736590 477
1736600 477
1736610 477
1736620 477
1736630 477
1736640 477
1736650 477
1736660 477
1736670 477
1736680 477
1736690 477
1736700 477
1736710 477
1736720 477
1736730 477
1736740 477
1736750 477
1736760 477
1736770 477
1736780 478
1736790 478
1736800 478
1736810 478
1736820 479
1736830 479
1736840 479
1736850 479
1736860 478
1736870 478
1736880 478
1736890 478
1736900 478
1736910 478
1736920 478
1736930 478
1736940 478
1736950 478
1736960 477
1736970 477
1736980 477
1736990 477
1737000 477
1737010 477
1737020 476
1737030 476
1737040 476
1737050 476
1737060 476
1737070 476
1737080 476
1737090 476
1737100 475
1737110 475
1737120 475
1737130 475
1737140 475
1737150 474
1737160 474
1737170 474
1737180 474
1737190 473
1737200 473
1737210 473
1737220 473
1737230 472
1737240 472
1737250 472
1737260 472
1737270 472
1737280 472
1737290 471
1737300 471
1737310 471
1737320 471
1737330 471
1737340 470
1737350 470
1737360 470
1737370 469
1737380 469
1737390 468
1737400 467
1737410 466
1737420 465
1737430 464
1737440 463
1737450 462
1737460 463
1737470 464
1737480 465
1737490 466
1737500 466
1737510 467
1737520 468
1737530 468
1737540 469
1737550 469
1737560 470
1737570 470
1737580 471
1737590 471
1737600 472
1737610 472
1737620 473
1737630 474
1737640 474
1737650 475
1737660 475
1737670 475
1737680 476
1737690 476
1737700 477
1737710 477
1737720 478
1737730 478
1737740 478
1737750 479
1737760 479
1737770 479
1737780 479
1737790 479
1737800 479
1737810 478
1737820 478
1737830 478
1737840 478
1737850 478
1737860 477
1737870 477
1737880 477
1737890 477
1737900 477
1737910 476
1737920 476
1737930 476
1737940 476
1737950 476
1737960 476
1737970 475
1737980 475
1737990 475
1738000 475
1738010 475
1738020 475
1738030 475
1738040 475
1738050 475
1738060 475
1738070 475
1738080 475
1738090 475
1738100 475
1738110 475
1738120 475
1738130 475
1738140 475
1738150 475
1738160 475
1738170 475
1738180 475
1738190 475
1738200 475
1738210 475
1738220 475
1738230 475
1738240 475
1738250 475
1738260 475
1738270 475
1738280 475
1738290 475
1738300 475
1738310 475
1738320 476
1738330 476
1738340 476
1738350 476
1738360 476
1738370 476
1738380 476
1738390 476
1738400 476
1738410 476
1738420 476
1738430 476
1738440 476
1738450 476
1738460 476
1738470 476
1738480 476
1738490 476
1738500 476
1738510 476
1738520 475
1738530 475
1738540 475
1738550 475
1738560 475
1738570 475
1738580 475
1738590 475
1738600 475
1738610 475
1738620 475
1738630 475
1738640 475
1738650 475
1738660 475
1738670 475
1738680 475
1738690 475
1738700 474
1738710 474
1738720 474
1738730 474
1738740 474
1738750 474
1738760 474
1738770 474
1738780 474
1738790 473
1738800 473
1738810 473
1738820 473
1738830 473
1738840 473
1738850 473
1738860 473
1738870 473
1738880 472
1738890 472
1738900 472
1738910 472
1738920 472
1738930 472
1738940 471
1738950 471
1738960 471
1738970 471
1738980 471
1738990 471
1739000 470
1739010 470
1739020 470
1739030 470
1739040 470
1739050 470
1739060 470
1739070 470
1739080 469
1739090 469
1739100 469
1739110 469
1739120 469
1739130 469
1739140 468
1739150 468
1739160 468
1739170 467
1739180 467
1739190 467
1739200 468
1739210 467
1739220 467
1739230 467
1739240 467
1739250 467
1739260 467
1739270 467
1739280 466
1739290 466
1739300 466
1739310 466
1739320 466
1739330 466
1739340 466
1739350 465
1739360 465
1739370 465
1739380 465
1739390 465
1739400 465
1739410 465
1739420 464
1739430 464
1739440 464
1739450 464
1739460 464
1739470 464
1739480 464
1739490 464
1739500 463
1739510 463
1739520 463
1739530 463
1739540 463
1739550 463
1739560 463
1739570 463
1739580 462
1739590 462
1739600 462
1739610 462
1739620 461
1739630 461
1739640 461
1739650 461
1739660 461
1739670 460
1739680 460
1739690 460
1739700 460
1739710 459
1739720 459
1739730 459
1739740 458
1739750 458
1739760 458
1739770 457
1739780 457
1739790 457
1739800 456
1739810 456
1739820 455
1739830 455
1739840 455
1739850 455
1739860 455
1739870 454
1739880 454
1739890 453
1739900 452
1739910 451
1739920 451
1739930 450
1739940 449
1739950 449
1739960 448
1739970 447
1739980 447
1739990 446
