1720000 455
1720010 455
1720020 454
1720030 454
1720040 454
1720050 454
1720060 454
1720070 454
1720080 454
1720090 454
1720100 453
1720110 453
1720120 453
1720130 452
1720140 450
1720150 448
1720160 446
1720170 444
1720180 442
1720190 440
1720200 437
1720210 435
1720220 432
1720230 429
1720240 427
1720250 424
1720260 422
1720270 420
1720280 419
1720290 419
1720300 418
1720310 417
1720320 416
1720330 416
1720340 416
1720350 416
1720360 416
1720370 415
1720380 414
1720390 413
1720400 413
1720410 413
1720420 414
1720430 415
1720440 417
1720450 421
1720460 425
1720470 428
1720480 431
1720490 434
1720500 437
1720510 440
1720520 442
1720530 445
1720540 447
1720550 450
1720560 452
1720570 454
1720580 456
1720590 458
1720600 459
1720610 460
1720620 462
1720630 463
1720640 464
1720650 465
1720660 465
1720670 466
1720680 467
1720690 467
1720700 468
1720710 469
1720720 469
1720730 469
1720740 470
1720750 471
1720760 472
1720770 473
1720780 474
1720790 475
1720800 476
1720810 477
1720820 478
1720830 478
1720840 479
1720850 481
1720860 482
1720870 483
1720880 483
1720890 484
1720900 485
1720910 485
1720920 486
1720930 487
1720940 487
1720950 488
1720960 489
1720970 489
1720980 490
1720990 491
1721000 491
1721010 491
1721020 491
1721030 491
1721040 492
1721050 492
1721060 492
1721070 492
1721080 492
1721090 492
1721100 492
1721110 492
1721120 492
1721130 492
1721140 492
1721150 492
1721160 492
1721170 492
1721180 492
1721190 492
1721200 492
1721210 492
1721220 492
1721230 492
1721240 492
1721250 492
1721260 491
1721270 491
1721280 491
1721290 491
1721300 491
1721310 491
1721320 491
1721330 491
1721340 491
1721350 491
1721360 490
1721370 490
1721380 490
1721390 489
1721400 489
1721410 489
1721420 488
1721430 488
1721440 488
1721450 487
1721460 487
1721470 487
1721480 486
1721490 486
1721500 486
1721510 485
1721520 485
1721530 485
1721540 485
1721550 484
1721560 484
1721570 484
1721580 484
1721590 484
1721600 484
1721610 484
1721620 483
1721630 483
1721640 483
1721650 483
1721660 482
1721670 482
1721680 482
1721690 482
1721700 482
1721710 482
1721720 482
1721730 482
1721740 482
1721750 481
1721760 481
1721770 481
1721780 481
1721790 480
1721800 480
1721810 480
1721820 480
1721830 480
1721840 479
1721850 479
1721860 478
1721870 478
1721880 477
1721890 476
1721900 476
1721910 475
1721920 475
1721930 474
1721940 474
1721950 473
1721960 473
1721970 472
1721980 472
1721990 472
1722000 471
1722010 471
1722020 470
1722030 470
1722040 469
1722050 469
1722060 468
1722070 468
1722080 467
1722090 466
1722100 466
1722110 465
1722120 464
1722130 463
1722140 463
1722150 462
1722160 460
1722170 459
1722180 457
1722190 455
1722200 453
1722210 451
1722220 449
1722230 447
1722240 445
1722250 443
1722260 442
1722270 440
1722280 438
1722290 436
1722300 434
1722310 432
1722320 431
1722330 430
1722340 430
1722350 430
1722360 431
1722370 432
1722380 433
1722390 432
1722400 432
1722410 432
1722420 432
1722430 432
1722440 432
1722450 432
1722460 432
1722470 432
1722480 433
1722490 433
1722500 434
1722510 434
1722520 433
1722530 432
1722540 431
1722550 429
1722560 427
1722570 424
1722580 422
1722590 419
1722600 416
1722610 414
1722620 412
1722630 410
1722640 408
1722650 406
1722660 406
1722670 405
1722680 405
1722690 405
1722700 405
1722710 404
1722720 404
1722730 404
1722740 403
1722750 403
1722760 403
1722770 404
1722780 405
1722790 406
1722800 409
1722810 412
1722820 416
1722830 420
1722840 426
1722850 431
1722860 434
1722870 437
1722880 439
1722890 442
1722900 444
1722910 445
1722920 446
1722930 447
1722940 448
1722950 448
1722960 448
1722970 448
1722980 449
1722990 449
1723000 449
1723010 449
1723020 449
1723030 449
1723040 449
1723050 449
1723060 449
1723070 449
1723080 449
1723090 449
1723100 448
1723110 448
1723120 448
1723130 447
1723140 447
1723150 446
1723160 446
1723170 445
1723180 445
1723190 444
1723200 444
1723210 444
1723220 443
1723230 443
1723240 442
1723250 442
1723260 441
1723270 441
1723280 441
1723290 440
1723300 439
1723310 439
1723320 438
1723330 437
1723340 435
1723350 434
1723360 433
1723370 432
1723380 428
1723390 425
1723400 422
1723410 420
1723420 419
1723430 417
1723440 416
1723450 413
1723460 411
1723470 407
1723480 405
1723490 403
1723500 402
1723510 401
1723520 401
1723530 401
1723540 401
1723550 401
1723560 402
1723570 402
1723580 402
1723590 402
1723600 402
1723610 402
1723620 402
1723630 402
1723640 402
1723650 402
1723660 403
1723670 404
1723680 405
1723690 407
1723700 409
1723710 411
1723720 413
1723730 415
1723740 417
1723750 419
1723760 421
1723770 423
1723780 425
1723790 427
1723800 429
1723810 432
1723820 433
1723830 434
1723840 433
1723850 433
1723860 433
1723870 432
1723880 433
1723890 433
1723900 433
1723910 434
1723920 434
1723930 434
1723940 435
1723950 436
1723960 436
1723970 436
1723980 436
1723990 437
1724000 437
1724010 437
1724020 437
1724030 438
1724040 438
1724050 439
1724060 439
1724070 439
1724080 440
1724090 440
1724100 441
1724110 441
1724120 442
1724130 443
1724140 443
1724150 443
1724160 443
1724170 444
1724180 444
1724190 445
1724200 445
1724210 445
1724220 446
1724230 446
1724240 446
1724250 446
1724260 446
1724270 446
1724280 447
1724290 447
1724300 447
1724310 447
1724320 447
1724330 448
1724340 448
1724350 448
1724360 447
1724370 447
1724380 447
1724390 447
1724400 446
1724410 446
1724420 445
1724430 445
1724440 444
1724450 444
1724460 443
1724470 443
1724480 443
1724490 443
1724500 443
1724510 442
1724520 442
1724530 442
1724540 441
1724550 441
1724560 441
1724570 440
1724580 440
1724590 440
1724600 439
1724610 439
1724620 439
1724630 438
1724640 438
1724650 437
1724660 437
1724670 437
1724680 437
1724690 437
1724700 437
1724710 436
1724720 436
1724730 436
1724740 435
1724750 435
1724760 435
1724770 435
1724780 434
1724790 434
1724800 434
1724810 434
1724820 434
1724830 433
1724840 432
1724850 431
1724860 430
1724870 429
1724880 427
1724890 425
1724900 422
1724910 419
1724920 417
1724930 415
1724940 413
1724950 411
1724960 410
1724970 408
1724980 406
1724990 405
1725000 404
1725010 403
1725020 403
1725030 403
1725040 403
1725050 403
1725060 403
1725070 403
1725080 402
1725090 402
1725100 402
1725110 402
1725120 402
1725130 402
1725140 402
1725150 402
1725160 402
1725170 402
1725180 402
1725190 402
1725200 403
1725210 405
1725220 409
1725230 416
1725240 425
1725250 435
1725260 440
1725270 444
1725280 447
1725290 447
1725300 448
1725310 449
1725320 450
1725330 451
1725340 452
1725350 452
1725360 453
1725370 454
1725380 454
1725390 455
1725400 455
1725410 455
1725420 456
1725430 456
1725440 457
1725450 458
1725460 458
1725470 459
1725480 459
1725490 460
1725500 461
1725510 461
1725520 462
1725530 462
1725540 463
1725550 463
1725560 464
1725570 464
1725580 465
1725590 465
1725600 466
1725610 467
1725620 467
1725630 468
1725640 468
1725650 469
1725660 470
1725670 471
1725680 471
1725690 472
1725700 472
1725710 473
1725720 474
1725730 475
1725740 475
1725750 476
1725760 477
1725770 477
1725780 478
1725790 478
1725800 479
1725810 479
1725820 479
1725830 480
1725840 480
1725850 480
1725860 481
1725870 481
1725880 481
1725890 482
1725900 482
1725910 482
1725920 482
1725930 483
1725940 483
1725950 483
1725960 483
1725970 483
1725980 483
1725990 483
1726000 483
1726010 483
1726020 483
1726030 483
1726040 483
1726050 483
1726060 482
1726070 482
1726080 482
1726090 482
1726100 482
1726110 482
1726120 481
1726130 481
1726140 481
1726150 480
1726160 480
1726170 480
1726180 479
1726190 479
1726200 479
1726210 478
1726220 478
1726230 477
1726240 476
1726250 476
1726260 475
1726270 474
1726280 473
1726290 472
1726300 472
1726310 471
1726320 470
1726330 469
1726340 468
1726350 467
1726360 465
1726370 462
1726380 460
1726390 459
1726400 459
1726410 458
1726420 458
1726430 458
1726440 460
1726450 463
1726460 466
1726470 469
1726480 471
1726490 473
1726500 475
1726510 475
1726520 476
1726530 476
1726540 476
1726550 477
1726560 477
1726570 477
1726580 477
1726590 478
1726600 478
1726610 478
1726620 478
1726630 478
1726640 478
1726650 479
1726660 479
1726670 479
1726680 479
1726690 479
1726700 479
1726710 479
1726720 479
1726730 479
1726740 480
1726750 480
1726760 480
1726770 480
1726780 480
1726790 480
1726800 480
1726810 480
1726820 480
1726830 480
1726840 480
1726850 480
1726860 480
1726870 481
1726880 481
1726890 481
1726900 481
1726910 481
1726920 481
1726930 481
1726940 482
1726950 482
1726960 482
1726970 482
1726980 482
1726990 482
1727000 483
1727010 483
1727020 483
1727030 483
1727040 484
1727050 484
1727060 484
1727070 484
1727080 485
1727090 485
1727100 485
1727110 486
1727120 486
1727130 487
1727140 487
1727150 487
1727160 488
1727170 488
1727180 488
1727190 489
1727200 489
1727210 489
1727220 489
1727230 490
1727240 490
1727250 490
1727260 491
1727270 491
1727280 491
1727290 491
1727300 491
1727310 492
1727320 492
1727330 492
1727340 492
1727350 493
1727360 493
1727370 493
1727380 494
1727390 494
1727400 494
1727410 495
1727420 495
1727430 496
1727440 496
1727450 497
1727460 497
1727470 498
1727480 499
1727490 499
1727500 500
1727510 500
1727520 501
1727530 501
1727540 502
1727550 503
1727560 504
1727570 505
1727580 505
1727590 505
1727600 506
1727610 506
1727620 506
1727630 507
1727640 507
1727650 507
1727660 508
1727670 508
1727680 508
1727690 509
1727700 509
1727710 509
1727720 509
1727730 509
1727740 509
1727750 509
1727760 509
1727770 510
1727780 510
1727790 510
1727800 510
1727810 510
1727820 510
1727830 510
1727840 510
1727850 510
1727860 510
1727870 510
1727880 510
1727890 511
1727900 511
1727910 511
1727920 511
1727930 511
1727940 511
1727950 511
1727960 511
1727970 511
1727980 511
1727990 511
1728000 511
1728010 511
1728020 511
1728030 511
1728040 511
1728050 511
1728060 511
1728070 512
1728080 512
1728090 512
1728100 512
1728110 512
1728120 512
1728130 512
1728140 512
1728150 512
1728160 512
1728170 512
1728180 512
1728190 512
1728200 512
1728210 512
1728220 512
1728230 511
1728240 511
1728250 511
1728260 511
1728270 511
1728280 511
1728290 511
1728300 511
1728310 510
1728320 510
1728330 510
1728340 510
1728350 510
1728360 510
1728370 509
1728380 509
1728390 509
1728400 509
1728410 509
1728420 509
1728430 508
1728440 508
1728450 508
1728460 508
1728470 508
1728480 508
1728490 508
1728500 508
1728510 507
1728520 507
1728530 507
1728540 507
1728550 507
1728560 506
1728570 506
1728580 506
1728590 506
1728600 506
1728610 506
1728620 506
1728630 505
1728640 505
1728650 505
1728660 505
1728670 505
1728680 506
1728690 507
1728700 507
1728710 508
1728720 508
1728730 509
1728740 509
1728750 510
1728760 511
1728770 512
1728780 513
1728790 514
1728800 515
1728810 516
1728820 516
1728830 516
1728840 517
1728850 517
1728860 517
1728870 518
1728880 518
1728890 518
1728900 519
1728910 520
1728920 520
1728930 521
1728940 521
1728950 522
1728960 523
1728970 523
1728980 524
1728990 524
1729000 524
1729010 525
1729020 525
1729030 526
1729040 527
1729050 527
1729060 527
1729070 528
1729080 528
1729090 529
1729100 529
1729110 529
1729120 530
1729130 530
1729140 530
1729150 530
1729160 530
1729170 530
1729180 531
1729190 531
1729200 531
1729210 531
1729220 531
1729230 531
1729240 531
1729250 531
1729260 531
1729270 531
1729280 531
1729290 530
1729300 530
1729310 530
1729320 530
1729330 529
1729340 529
1729350 529
1729360 528
1729370 528
1729380 528
1729390 527
1729400 527
1729410 527
1729420 526
1729430 526
1729440 526
1729450 525
1729460 525
1729470 525
1729480 525
1729490 525
1729500 524
1729510 524
1729520 524
1729530 523
1729540 523
1729550 523
1729560 522
1729570 522
1729580 521
1729590 521
1729600 521
1729610 520
1729620 520
1729630 520
1729640 520
1729650 519
1729660 519
1729670 518
1729680 518
1729690 518
1729700 517
1729710 517
1729720 517
1729730 516
1729740 516
1729750 516
1729760 516
1729770 515
1729780 515
1729790 515
1729800 514
1729810 514
1729820 513
1729830 513
1729840 512
1729850 512
1729860 512
1729870 512
1729880 512
1729890 512
1729900 512
1729910 512
1729920 512
1729930 512
1729940 512
1729950 512
1729960 512
1729970 512
1729980 512
1729990 512
1730000 512
1730010 512
1730020 513
1730030 513
1730040 513
1730050 513
1730060 513
1730070 513
1730080 514
1730090 514
1730100 514
1730110 514
1730120 515
1730130 515
1730140 516
1730150 516
1730160 517
1730170 517
1730180 518
1730190 518
1730200 518
1730210 518
1730220 518
1730230 518
1730240 518
1730250 518
1730260 518
1730270 517
1730280 517
1730290 517
1730300 517
1730310 517
1730320 517
1730330 517
1730340 517
1730350 517
1730360 517
1730370 517
1730380 517
1730390 517
1730400 517
1730410 516
1730420 516
1730430 516
1730440 516
1730450 516
1730460 516
1730470 517
1730480 516
1730490 516
1730500 516
1730510 516
1730520 516
1730530 516
1730540 516
1730550 516
1730560 516
1730570 516
1730580 516
1730590 516
1730600 516
1730610 516
1730620 516
1730630 516
1730640 515
1730650 515
1730660 515
1730670 515
1730680 515
1730690 515
1730700 515
1730710 515
1730720 515
1730730 515
1730740 515
1730750 515
1730760 515
1730770 515
1730780 515
1730790 515
1730800 514
1730810 514
1730820 514
1730830 514
1730840 514
1730850 513
1730860 513
1730870 513
1730880 513
1730890 512
1730900 512
1730910 512
1730920 512
1730930 511
1730940 511
1730950 511
1730960 510
1730970 510
1730980 509
1730990 509
1731000 509
1731010 508
1731020 508
1731030 507
1731040 507
1731050 506
1731060 506
1731070 506
1731080 505
1731090 505
1731100 504
1731110 504
1731120 503
1731130 502
1731140 502
1731150 501
1731160 500
1731170 500
1731180 499
1731190 498
1731200 497
1731210 496
1731220 495
1731230 494
1731240 494
1731250 493
1731260 494
1731270 494
1731280 495
1731290 496
1731300 498
1731310 499
1731320 500
1731330 501
1731340 501
1731350 501
1731360 502
1731370 502
1731380 503
1731390 503
1731400 503
1731410 504
1731420 504
1731430 504
1731440 504
1731450 504
1731460 504
1731470 504
1731480 504
1731490 504
1731500 505
1731510 505
1731520 505
1731530 505
1731540 505
1731550 505
1731560 505
1731570 505
1731580 505
1731590 505
1731600 505
1731610 505
1731620 505
1731630 505
1731640 505
1731650 504
1731660 504
1731670 504
1731680 504
1731690 504
1731700 504
1731710 504
1731720 504
1731730 504
1731740 504
1731750 504
1731760 504
1731770 504
1731780 504
1731790 504
1731800 504
1731810 504
1731820 504
1731830 504
1731840 504
1731850 504
1731860 504
1731870 504
1731880 505
1731890 505
1731900 505
1731910 505
1731920 505
1731930 505
1731940 505
1731950 505
1731960 505
1731970 505
1731980 505
1731990 505
1732000 505
1732010 504
1732020 504
1732030 504
1732040 504
1732050 504
1732060 504
1732070 504
1732080 504
1732090 504
1732100 504
1732110 504
1732120 504
1732130 504
1732140 504
1732150 504
1732160 503
1732170 503
1732180 503
1732190 503
1732200 503
1732210 503
1732220 503
1732230 503
1732240 503
1732250 503
1732260 503
1732270 503
1732280 503
1732290 503
1732300 502
1732310 502
1732320 502
1732330 502
1732340 502
1732350 501
1732360 501
1732370 501
1732380 501
1732390 500
1732400 500
1732410 500
1732420 499
1732430 499
1732440 498
1732450 498
1732460 497
1732470 497
1732480 496
1732490 496
1732500 496
1732510 495
1732520 494
1732530 494
1732540 493
1732550 492
1732560 491
1732570 490
1732580 489
1732590 487
1732600 485
1732610 483
1732620 481
1732630 480
1732640 478
1732650 478
1732660 477
1732670 477
1732680 477
1732690 477
1732700 477
1732710 477
1732720 476
1732730 476
1732740 476
1732750 476
1732760 476
1732770 475
1732780 475
1732790 475
1732800 474
1732810 474
1732820 473
1732830 473
1732840 472
1732850 471
1732860 470
1732870 469
1732880 467
1732890 466
1732900 465
1732910 464
1732920 463
1732930 462
1732940 462
1732950 463
1732960 463
1732970 465
1732980 467
1732990 469
1733000 471
1733010 474
1733020 476
1733030 477
1733040 478
1733050 479
1733060 479
1733070 480
1733080 480
1733090 480
1733100 480
1733110 480
1733120 480
1733130 480
1733140 480
1733150 480
1733160 480
1733170 480
1733180 480
1733190 479
1733200 479
1733210 478
1733220 478
1733230 477
1733240 477
1733250 476
1733260 476
1733270 475
1733280 475
1733290 474
1733300 473
1733310 472
1733320 472
1733330 471
1733340 470
1733350 469
1733360 469
1733370 468
1733380 467
1733390 466
1733400 466
1733410 465
1733420 464
1733430 464
1733440 463
1733450 462
1733460 461
1733470 461
1733480 460
1733490 459
1733500 458
1733510 458
1733520 457
1733530 456
1733540 455
1733550 453
1733560 449
1733570 445
1733580 443
1733590 439
1733600 437
1733610 436
1733620 435
1733630 434
1733640 434
1733650 431
1733660 427
1733670 421
1733680 414
1733690 407
1733700 400
1733710 392
1733720 385
1733730 380
1733740 378
1733750 376
1733760 375
1733770 375
1733780 375
1733790 375
1733800 376
1733810 377
1733820 377
1733830 377
1733840 377
1733850 377
1733860 377
1733870 377
1733880 378
1733890 378
1733900 379
1733910 380
1733920 380
1733930 381
1733940 382
1733950 383
1733960 384
1733970 386
1733980 387
1733990 389
1734000 390
1734010 392
1734020 394
1734030 395
1734040 397
1734050 399
1734060 401
1734070 403
1734080 405
1734090 407
1734100 409
1734110 411
1734120 412
1734130 413
1734140 415
1734150 416
1734160 417
1734170 418
1734180 419
1734190 420
1734200 422
1734210 423
1734220 425
1734230 426
1734240 427
1734250 428
1734260 429
1734270 430
1734280 431
1734290 432
1734300 433
1734310 434
1734320 435
1734330 436
1734340 437
1734350 438
1734360 439
1734370 440
1734380 442
1734390 444
1734400 446
1734410 448
1734420 449
1734430 449
1734440 449
1734450 449
1734460 449
1734470 449
1734480 449
1734490 449
1734500 449
1734510 450
1734520 450
1734530 450
1734540 450
1734550 450
1734560 450
1734570 450
1734580 449
1734590 449
1734600 450
1734610 450
1734620 450
1734630 450
1734640 450
1734650 451
1734660 451
1734670 452
1734680 452
1734690 453
1734700 453
1734710 454
1734720 455
1734730 456
1734740 456
1734750 457
1734760 458
1734770 458
1734780 459
1734790 460
1734800 460
1734810 460
1734820 461
1734830 461
1734840 461
1734850 461
1734860 462
1734870 462
1734880 462
1734890 462
1734900 462
1734910 462
1734920 462
1734930 462
1734940 462
1734950 462
1734960 462
1734970 462
1734980 461
1734990 461
1735000 461
1735010 461
1735020 461
1735030 460
1735040 460
1735050 460
1735060 460
1735070 459
1735080 459
1735090 459
1735100 459
1735110 458
1735120 458
1735130 458
1735140 457
1735150 457
1735160 457
1735170 457
1735180 457
1735190 456
1735200 456
1735210 456
1735220 455
1735230 455
1735240 454
1735250 454
1735260 453
1735270 453
1735280 452
1735290 452
1735300 451
1735310 451
1735320 450
1735330 450
1735340 449
1735350 449
1735360 448
1735370 448
1735380 447
1735390 447
1735400 446
1735410 445
1735420 445
1735430 444
1735440 443
1735450 441
1735460 439
1735470 437
1735480 435
1735490 433
1735500 432
1735510 430
1735520 426
1735530 426
1735540 429
1735550 431
1735560 432
1735570 432
1735580 431
1735590 432
1735600 436
1735610 440
1735620 443
1735630 446
1735640 448
1735650 450
1735660 451
1735670 452
1735680 453
1735690 454
1735700 455
1735710 456
1735720 456
1735730 457
1735740 458
1735750 458
1735760 459
1735770 459
1735780 460
1735790 460
1735800 461
1735810 461
1735820 461
1735830 462
1735840 462
1735850 462
1735860 462
1735870 461
1735880 461
1735890 461
1735900 460
1735910 460
1735920 460
1735930 459
1735940 459
1735950 459
1735960 458
1735970 458
1735980 457
1735990 457
1736000 457
1736010 456
1736020 456
1736030 455
1736040 455
1736050 455
1736060 454
1736070 454
1736080 453
1736090 453
1736100 453
1736110 453
1736120 452
1736130 452
1736140 452
1736150 452
1736160 452
1736170 452
1736180 451
1736190 451
1736200 451
1736210 451
1736220 451
1736230 451
1736240 451
1736250 451
1736260 451
1736270 451
1736280 451
1736290 451
1736300 451
1736310 451
1736320 451
1736330 450
1736340 450
1736350 450
1736360 450
1736370 450
1736380 450
1736390 449
1736400 449
1736410 448
1736420 448
1736430 448
1736440 447
1736450 447
1736460 447
1736470 446
1736480 446
1736490 445
1736500 445
1736510 445
1736520 444
1736530 444
1736540 443
1736550 443
1736560 442
1736570 441
1736580 441
1736590 439
1736600 438
1736610 437
1736620 435
1736630 434
1736640 432
1736650 430
1736660 429
1736670 428
1736680 426
1736690 425
1736700 424
1736710 423
1736720 422
1736730 421
1736740 419
1736750 418
1736760 416
1736770 414
1736780 411
1736790 411
1736800 412
1736810 414
1736820 415
1736830 416
1736840 417
1736850 418
1736860 419
1736870 421
1736880 422
1736890 423
1736900 425
1736910 426
1736920 428
1736930 429
1736940 431
1736950 433
1736960 436
1736970 438
1736980 441
1736990 444
1737000 447
1737010 451
1737020 452
1737030 453
1737040 454
1737050 455
1737060 456
1737070 457
1737080 458
1737090 459
1737100 459
1737110 459
1737120 459
1737130 459
1737140 458
1737150 458
1737160 458
1737170 457
1737180 457
1737190 457
1737200 456
1737210 456
1737220 456
1737230 456
1737240 456
1737250 455
1737260 455
1737270 455
1737280 455
1737290 455
1737300 454
1737310 454
1737320 454
1737330 454
1737340 454
1737350 453
1737360 453
1737370 453
1737380 453
1737390 452
1737400 452
1737410 452
1737420 452
1737430 451
1737440 451
1737450 451
1737460 450
1737470 450
1737480 450
1737490 449
1737500 449
1737510 448
1737520 448
1737530 448
1737540 447
1737550 447
1737560 446
1737570 446
1737580 445
1737590 445
1737600 445
1737610 444
1737620 444
1737630 443
1737640 442
1737650 440
1737660 439
1737670 438
1737680 437
1737690 435
1737700 434
1737710 434
1737720 434
1737730 434
1737740 434
1737750 433
1737760 433
1737770 432
1737780 432
1737790 431
1737800 430
1737810 429
1737820 430
1737830 431
1737840 431
1737850 430
1737860 429
1737870 428
1737880 427
1737890 427
1737900 428
1737910 429
1737920 431
1737930 433
1737940 434
1737950 434
1737960 435
1737970 436
1737980 436
1737990 436
1738000 437
1738010 437
1738020 438
1738030 438
1738040 438
1738050 439
1738060 439
1738070 439
1738080 440
1738090 440
1738100 441
1738110 441
1738120 442
1738130 442
1738140 443
1738150 444
1738160 444
1738170 445
1738180 446
1738190 446
1738200 447
1738210 447
1738220 448
1738230 448
1738240 449
1738250 449
1738260 450
1738270 450
1738280 451
1738290 451
1738300 452
1738310 452
1738320 452
1738330 453
1738340 453
1738350 454
1738360 454
1738370 455
1738380 455
1738390 455
1738400 456
1738410 456
1738420 456
1738430 456
1738440 456
1738450 456
1738460 456
1738470 457
1738480 457
1738490 457
1738500 457
1738510 457
1738520 457
1738530 456
1738540 456
1738550 456
1738560 456
1738570 456
1738580 456
1738590 456
1738600 456
1738610 456
1738620 456
1738630 457
1738640 457
1738650 457
1738660 457
1738670 457
1738680 457
1738690 457
1738700 458
1738710 458
1738720 459
1738730 459
1738740 459
1738750 459
1738760 460
1738770 460
1738780 460
1738790 460
1738800 461
1738810 461
1738820 461
1738830 461
1738840 461
1738850 462
1738860 462
1738870 462
1738880 462
1738890 462
1738900 462
1738910 462
1738920 462
1738930 462
1738940 463
1738950 463
1738960 463
1738970 463
1738980 463
1738990 463
1739000 463
1739010 463
1739020 463
1739030 463
1739040 464
1739050 464
1739060 464
1739070 464
1739080 464
1739090 464
1739100 464
1739110 464
1739120 464
1739130 464
1739140 464
1739150 463
1739160 463
1739170 463
1739180 463
1739190 464
1739200 464
1739210 464
1739220 464
1739230 464
1739240 464
1739250 464
1739260 464
1739270 464
1739280 464
1739290 464
1739300 464
1739310 464
1739320 464
1739330 464
1739340 464
1739350 464
1739360 465
1739370 465
1739380 465
1739390 465
1739400 466
1739410 466
1739420 466
1739430 466
1739440 466
1739450 466
1739460 466
1739470 465
1739480 466
1739490 466
1739500 465
1739510 465
1739520 465
1739530 465
1739540 465
1739550 465
1739560 465
1739570 464
1739580 464
1739590 464
1739600 464
1739610 464
1739620 464
1739630 464
1739640 463
1739650 463
1739660 463
1739670 463
1739680 463
1739690 463
1739700 463
1739710 463
1739720 463
1739730 463
1739740 463
1739750 462
1739760 462
1739770 462
1739780 462
1739790 462
1739800 462
1739810 461
1739820 461
1739830 461
1739840 461
1739850 461
1739860 461
1739870 461
1739880 461
1739890 460
1739900 460
1739910 460
1739920 460
1739930 460
1739940 460
1739950 460
1739960 460
1739970 460
1739980 459
1739990 459
