1720000 419
1720010 419
1720020 419
1720030 420
1720040 420
1720050 421
1720060 421
1720070 422
1720080 423
1720090 423
1720100 424
1720110 424
1720120 424
1720130 424
1720140 425
1720150 425
1720160 426
1720170 426
1720180 426
1720190 426
1720200 425
1720210 425
1720220 424
1720230 423
1720240 422
1720250 421
1720260 421
1720270 420
1720280 419
1720290 419
1720300 418
1720310 417
1720320 417
1720330 416
1720340 416
1720350 416
1720360 416
1720370 416
1720380 416
1720390 416
1720400 415
1720410 415
1720420 416
1720430 416
1720440 416
1720450 417
1720460 420
1720470 423
1720480 427
1720490 432
1720500 437
1720510 442
1720520 447
1720530 453
1720540 459
1720550 462
1720560 461
1720570 457
1720580 453
1720590 450
1720600 449
1720610 448
1720620 447
1720630 447
1720640 448
1720650 448
1720660 448
1720670 448
1720680 449
1720690 451
1720700 452
1720710 453
1720720 454
1720730 455
1720740 455
1720750 455
1720760 455
1720770 454
1720780 453
1720790 452
1720800 454
1720810 456
1720820 458
1720830 459
1720840 461
1720850 462
1720860 463
1720870 463
1720880 463
1720890 463
1720900 463
1720910 463
1720920 463
1720930 463
1720940 463
1720950 463
1720960 462
1720970 462
1720980 461
1720990 461
1721000 460
1721010 460
1721020 460
1721030 460
1721040 460
1721050 460
1721060 460
1721070 460
1721080 461
1721090 461
1721100 461
1721110 461
1721120 461
1721130 461
1721140 461
1721150 461
1721160 461
1721170 462
1721180 462
1721190 462
1721200 462
1721210 463
1721220 463
1721230 463
1721240 463
1721250 464
1721260 464
1721270 464
1721280 465
1721290 465
1721300 465
1721310 466
1721320 466
1721330 467
1721340 467
1721350 467
1721360 468
1721370 468
1721380 469
1721390 469
1721400 469
1721410 470
1721420 470
1721430 470
1721440 470
1721450 470
1721460 470
1721470 470
1721480 469
1721490 469
1721500 469
1721510 469
1721520 469
1721530 469
1721540 469
1721550 470
1721560 470
1721570 470
1721580 470
1721590 470
1721600 470
1721610 470
1721620 470
1721630 471
1721640 471
1721650 471
1721660 471
1721670 471
1721680 471
1721690 471
1721700 471
1721710 471
1721720 471
1721730 470
1721740 469
1721750 469
1721760 468
1721770 468
1721780 467
1721790 466
1721800 466
1721810 465
1721820 465
1721830 464
1721840 463
1721850 463
1721860 462
1721870 462
1721880 461
1721890 461
1721900 460
1721910 460
1721920 459
1721930 459
1721940 458
1721950 458
1721960 457
1721970 457
1721980 456
1721990 456
1722000 456
1722010 455
1722020 455
1722030 455
1722040 454
1722050 454
1722060 454
1722070 453
1722080 453
1722090 452
1722100 452
1722110 452
1722120 452
1722130 451
1722140 451
1722150 451
1722160 450
1722170 450
1722180 450
1722190 450
1722200 450
1722210 450
1722220 450
1722230 450
1722240 450
1722250 450
1722260 450
1722270 450
1722280 450
1722290 450
1722300 451
1722310 451
1722320 451
1722330 451
1722340 451
1722350 452
1722360 452
1722370 452
1722380 453
1722390 454
1722400 454
1722410 454
1722420 453
1722430 453
1722440 453
1722450 452
1722460 452
1722470 451
1722480 450
1722490 449
1722500 448
1722510 448
1722520 447
1722530 445
1722540 444
1722550 443
1722560 442
1722570 441
1722580 440
1722590 439
1722600 438
1722610 437
1722620 436
1722630 435
1722640 434
1722650 432
1722660 431
1722670 430
1722680 429
1722690 428
1722700 427
1722710 425
1722720 424
1722730 423
1722740 422
1722750 420
1722760 419
1722770 417
1722780 415
1722790 412
1722800 410
1722810 408
1722820 407
1722830 406
1722840 404
1722850 404
1722860 404
1722870 404
1722880 403
1722890 403
1722900 402
1722910 402
1722920 402
1722930 403
1722940 403
1722950 404
1722960 404
1722970 406
1722980 408
1722990 412
1723000 416
1723010 420
1723020 422
1723030 423
1723040 423
1723050 423
1723060 423
1723070 422
1723080 422
1723090 422
1723100 421
1723110 421
1723120 421
1723130 420
1723140 420
1723150 419
1723160 419
1723170 418
1723180 418
1723190 417
1723200 416
1723210 416
1723220 415
1723230 414
1723240 414
1723250 413
1723260 412
1723270 411
1723280 411
1723290 411
1723300 410
1723310 410
1723320 410
1723330 409
1723340 409
1723350 408
1723360 408
1723370 407
1723380 406
1723390 406
1723400 405
1723410 405
1723420 405
1723430 404
1723440 404
1723450 404
1723460 404
1723470 404
1723480 403
1723490 403
1723500 403
1723510 403
1723520 403
1723530 403
1723540 403
1723550 402
1723560 402
1723570 402
1723580 402
1723590 401
1723600 401
1723610 401
1723620 402
1723630 405
1723640 411
1723650 416
1723660 421
1723670 426
1723680 430
1723690 434
1723700 438
1723710 440
1723720 442
1723730 443
1723740 443
1723750 443
1723760 443
1723770 443
1723780 443
1723790 442
1723800 442
1723810 442
1723820 442
1723830 442
1723840 441
1723850 441
1723860 441
1723870 440
1723880 440
1723890 440
1723900 440
1723910 440
1723920 439
1723930 439
1723940 438
1723950 438
1723960 438
1723970 437
1723980 437
1723990 436
1724000 436
1724010 435
1724020 435
1724030 434
1724040 434
1724050 433
1724060 433
1724070 433
1724080 432
1724090 432
1724100 431
1724110 431
1724120 431
1724130 430
1724140 430
1724150 429
1724160 429
1724170 428
1724180 427
1724190 426
1724200 426
1724210 425
1724220 425
1724230 424
1724240 423
1724250 423
1724260 422
1724270 421
1724280 420
1724290 419
1724300 418
1724310 417
1724320 416
1724330 415
1724340 415
1724350 413
1724360 411
1724370 410
1724380 409
1724390 409
1724400 408
1724410 408
1724420 407
1724430 407
1724440 407
1724450 406
1724460 406
1724470 406
1724480 405
1724490 405
1724500 405
1724510 405
1724520 405
1724530 404
1724540 404
1724550 404
1724560 404
1724570 403
1724580 403
1724590 402
1724600 402
1724610 403
1724620 405
1724630 407
1724640 410
1724650 414
1724660 418
1724670 422
1724680 425
1724690 427
1724700 428
1724710 428
1724720 429
1724730 430
1724740 432
1724750 433
1724760 434
1724770 434
1724780 435
1724790 435
1724800 436
1724810 436
1724820 437
1724830 437
1724840 438
1724850 439
1724860 440
1724870 441
1724880 441
1724890 442
1724900 443
1724910 444
1724920 445
1724930 446
1724940 447
1724950 448
1724960 449
1724970 450
1724980 451
1724990 453
1725000 454
1725010 455
1725020 455
1725030 455
1725040 456
1725050 456
1725060 457
1725070 457
1725080 458
1725090 458
1725100 459
1725110 459
1725120 460
1725130 460
1725140 461
1725150 461
1725160 462
1725170 462
1725180 463
1725190 464
1725200 464
1725210 465
1725220 466
1725230 466
1725240 467
1725250 467
1725260 468
1725270 469
1725280 469
1725290 469
1725300 470
1725310 470
1725320 471
1725330 471
1725340 472
1725350 472
1725360 472
1725370 473
1725380 473
1725390 473
1725400 474
1725410 474
1725420 474
1725430 475
1725440 475
1725450 476
1725460 476
1725470 476
1725480 477
1725490 477
1725500 477
1725510 478
1725520 478
1725530 478
1725540 479
1725550 479
1725560 480
1725570 480
1725580 480
1725590 480
1725600 481
1725610 481
1725620 481
1725630 482
1725640 482
1725650 482
1725660 482
1725670 482
1725680 483
1725690 483
1725700 483
1725710 483
1725720 483
1725730 483
1725740 483
1725750 483
1725760 484
1725770 484
1725780 484
1725790 485
1725800 485
1725810 484
1725820 484
1725830 484
1725840 484
1725850 484
1725860 484
1725870 484
1725880 483
1725890 483
1725900 483
1725910 483
1725920 483
1725930 483
1725940 483
1725950 482
1725960 482
1725970 482
1725980 482
1725990 481
1726000 481
1726010 481
1726020 481
1726030 481
1726040 481
1726050 480
1726060 480
1726070 480
1726080 480
1726090 480
1726100 480
1726110 479
1726120 479
1726130 479
1726140 479
1726150 478
1726160 478
1726170 478
1726180 477
1726190 477
1726200 476
1726210 475
1726220 475
1726230 474
1726240 474
1726250 473
1726260 471
1726270 470
1726280 470
1726290 470
1726300 470
1726310 470
1726320 470
1726330 470
1726340 471
1726350 472
1726360 474
1726370 476
1726380 476
1726390 477
1726400 477
1726410 477
1726420 478
1726430 478
1726440 478
1726450 479
1726460 479
1726470 480
1726480 480
1726490 480
1726500 481
1726510 481
1726520 481
1726530 482
1726540 482
1726550 483
1726560 483
1726570 483
1726580 484
1726590 484
1726600 485
1726610 485
1726620 485
1726630 485
1726640 486
1726650 486
1726660 486
1726670 486
1726680 486
1726690 486
1726700 486
1726710 486
1726720 486
1726730 486
1726740 486
1726750 486
1726760 486
1726770 486
1726780 486
1726790 486
1726800 486
1726810 486
1726820 486
1726830 486
1726840 486
1726850 487
1726860 487
1726870 488
1726880 489
1726890 489
1726900 490
1726910 490
1726920 491
1726930 492
1726940 492
1726950 493
1726960 493
1726970 494
1726980 495
1726990 495
1727000 496
1727010 497
1727020 497
1727030 498
1727040 499
1727050 500
1727060 500
1727070 501
1727080 502
1727090 502
1727100 503
1727110 504
1727120 505
1727130 505
1727140 506
1727150 507
1727160 508
1727170 509
1727180 509
1727190 510
1727200 510
1727210 511
1727220 512
1727230 513
1727240 513
1727250 514
1727260 514
1727270 515
1727280 516
1727290 517
1727300 517
1727310 518
1727320 519
1727330 519
1727340 520
1727350 520
1727360 521
1727370 521
1727380 522
1727390 522
1727400 523
1727410 523
1727420 523
1727430 523
1727440 524
1727450 524
1727460 524
1727470 524
1727480 524
1727490 524
1727500 524
1727510 524
1727520 524
1727530 524
1727540 524
1727550 524
1727560 523
1727570 523
1727580 523
1727590 523
1727600 523
1727610 523
1727620 523
1727630 523
1727640 523
1727650 523
1727660 523
1727670 522
1727680 522
1727690 522
1727700 522
1727710 522
1727720 522
1727730 522
1727740 522
1727750 521
1727760 521
1727770 521
1727780 521
1727790 521
1727800 520
1727810 520
1727820 520
1727830 520
1727840 520
1727850 520
1727860 519
1727870 519
1727880 519
1727890 519
1727900 519
1727910 518
1727920 518
1727930 518
1727940 518
1727950 517
1727960 517
1727970 517
1727980 517
1727990 517
1728000 516
1728010 516
1728020 516
1728030 516
1728040 516
1728050 516
1728060 515
1728070 515
1728080 515
1728090 515
1728100 515
1728110 515
1728120 514
1728130 514
1728140 514
1728150 514
1728160 514
1728170 514
1728180 513
1728190 513
1728200 513
1728210 513
1728220 513
1728230 513
1728240 513
1728250 513
1728260 513
1728270 513
1728280 512
1728290 512
1728300 512
1728310 512
1728320 512
1728330 512
1728340 512
1728350 512
1728360 512
1728370 512
1728380 512
1728390 512
1728400 512
1728410 512
1728420 512
1728430 512
1728440 512
1728450 513
1728460 513
1728470 513
1728480 513
1728490 513
1728500 513
1728510 514
1728520 514
1728530 514
1728540 514
1728550 514
1728560 514
1728570 515
1728580 515
1728590 515
1728600 515
1728610 515
1728620 516
1728630 516
1728640 516
1728650 516
1728660 517
1728670 517
1728680 517
1728690 518
1728700 518
1728710 518
1728720 518
1728730 518
1728740 519
1728750 519
1728760 519
1728770 519
1728780 519
1728790 520
1728800 520
1728810 520
1728820 520
1728830 520
1728840 520
1728850 520
1728860 520
1728870 520
1728880 520
1728890 520
1728900 520
1728910 520
1728920 520
1728930 520
1728940 520
1728950 520
1728960 520
1728970 520
1728980 520
1728990 520
1729000 520
1729010 521
1729020 521
1729030 521
1729040 521
1729050 521
1729060 521
1729070 522
1729080 522
1729090 522
1729100 522
1729110 522
1729120 522
1729130 522
1729140 522
1729150 522
1729160 523
1729170 523
1729180 523
1729190 523
1729200 524
1729210 524
1729220 524
1729230 524
1729240 524
1729250 524
1729260 524
1729270 525
1729280 525
1729290 525
1729300 525
1729310 525
1729320 525
1729330 526
1729340 526
1729350 526
1729360 527
1729370 527
1729380 527
1729390 527
1729400 528
1729410 528
1729420 529
1729430 529
1729440 530
1729450 530
1729460 531
1729470 531
1729480 531
1729490 532
1729500 532
1729510 533
1729520 533
1729530 533
1729540 533
1729550 534
1729560 534
1729570 534
1729580 534
1729590 535
1729600 535
1729610 535
1729620 535
1729630 535
1729640 535
1729650 536
1729660 536
1729670 536
1729680 536
1729690 536
1729700 537
1729710 537
1729720 537
1729730 538
1729740 538
1729750 538
1729760 539
1729770 539
1729780 539
1729790 539
1729800 539
1729810 540
1729820 540
1729830 540
1729840 540
1729850 540
1729860 540
1729870 540
1729880 541
1729890 541
1729900 541
1729910 541
1729920 541
1729930 541
1729940 541
1729950 541
1729960 541
1729970 541
1729980 541
1729990 541
1730000 541
1730010 541
1730020 541
1730030 541
1730040 541
1730050 541
1730060 541
1730070 542
1730080 542
1730090 542
1730100 542
1730110 543
1730120 543
1730130 543
1730140 543
1730150 543
1730160 543
1730170 542
1730180 542
1730190 542
1730200 542
1730210 542
1730220 542
1730230 541
1730240 541
1730250 541
1730260 541
1730270 541
1730280 541
1730290 541
1730300 540
1730310 540
1730320 540
1730330 540
1730340 539
1730350 539
1730360 539
1730370 538
1730380 538
1730390 538
1730400 537
1730410 537
1730420 537
1730430 537
1730440 536
1730450 536
1730460 535
1730470 535
1730480 535
1730490 534
1730500 534
1730510 534
1730520 533
1730530 533
1730540 533
1730550 532
1730560 532
1730570 532
1730580 531
1730590 531
1730600 531
1730610 530
1730620 530
1730630 529
1730640 529
1730650 529
1730660 529
1730670 528
1730680 527
1730690 527
1730700 526
1730710 526
1730720 525
1730730 525
1730740 524
1730750 524
1730760 523
1730770 523
1730780 523
1730790 522
1730800 521
1730810 521
1730820 520
1730830 519
1730840 519
1730850 518
1730860 517
1730870 517
1730880 516
1730890 515
1730900 515
1730910 514
1730920 513
1730930 513
1730940 512
1730950 511
1730960 511
1730970 510
1730980 509
1730990 509
1731000 508
1731010 507
1731020 507
1731030 506
1731040 506
1731050 505
1731060 504
1731070 503
1731080 502
1731090 500
1731100 500
1731110 501
1731120 501
1731130 500
1731140 500
1731150 500
1731160 499
1731170 499
1731180 498
1731190 498
1731200 498
1731210 498
1731220 497
1731230 497
1731240 497
1731250 496
1731260 496
1731270 496
1731280 496
1731290 496
1731300 496
1731310 496
1731320 496
1731330 496
1731340 496
1731350 496
1731360 496
1731370 495
1731380 496
1731390 496
1731400 496
1731410 497
1731420 498
1731430 498
1731440 498
1731450 498
1731460 498
1731470 499
1731480 499
1731490 499
1731500 499
1731510 500
1731520 500
1731530 500
1731540 501
1731550 501
1731560 501
1731570 502
1731580 502
1731590 502
1731600 502
1731610 501
1731620 501
1731630 500
1731640 499
1731650 499
1731660 498
1731670 498
1731680 498
1731690 498
1731700 498
1731710 497
1731720 497
1731730 499
1731740 500
1731750 502
1731760 503
1731770 503
1731780 504
1731790 505
1731800 505
1731810 506
1731820 507
1731830 507
1731840 508
1731850 508
1731860 509
1731870 509
1731880 510
1731890 511
1731900 511
1731910 512
1731920 512
1731930 513
1731940 513
1731950 513
1731960 514
1731970 514
1731980 515
1731990 515
1732000 516
1732010 516
1732020 517
1732030 517
1732040 518
1732050 519
1732060 519
1732070 520
1732080 522
1732090 523
1732100 524
1732110 525
1732120 526
1732130 527
1732140 527
1732150 528
1732160 528
1732170 528
1732180 527
1732190 527
1732200 526
1732210 525
1732220 524
1732230 523
1732240 523
1732250 522
1732260 522
1732270 522
1732280 522
1732290 522
1732300 522
1732310 522
1732320 522
1732330 522
1732340 523
1732350 523
1732360 523
1732370 523
1732380 524
1732390 524
1732400 524
1732410 523
1732420 523
1732430 523
1732440 523
1732450 522
1732460 522
1732470 522
1732480 522
1732490 521
1732500 521
1732510 520
1732520 520
1732530 519
1732540 519
1732550 519
1732560 518
1732570 518
1732580 518
1732590 517
1732600 517
1732610 517
1732620 516
1732630 516
1732640 516
1732650 515
1732660 515
1732670 514
1732680 513
1732690 513
1732700 512
1732710 511
1732720 511
1732730 510
1732740 509
1732750 508
1732760 508
1732770 507
1732780 506
1732790 506
1732800 505
1732810 504
1732820 503
1732830 503
1732840 502
1732850 501
1732860 500
1732870 499
1732880 499
1732890 498
1732900 497
1732910 497
1732920 496
1732930 495
1732940 495
1732950 494
1732960 493
1732970 492
1732980 492
1732990 491
1733000 490
1733010 489
1733020 488
1733030 488
1733040 487
1733050 486
1733060 485
1733070 485
1733080 484
1733090 483
1733100 483
1733110 482
1733120 481
1733130 481
1733140 480
1733150 479
1733160 479
1733170 478
1733180 478
1733190 477
1733200 476
1733210 476
1733220 475
1733230 475
1733240 474
1733250 473
1733260 473
1733270 472
1733280 471
1733290 471
1733300 470
1733310 469
1733320 469
1733330 468
1733340 468
1733350 467
1733360 466
1733370 466
1733380 465
1733390 465
1733400 464
1733410 464
1733420 463
1733430 463
1733440 463
1733450 462
1733460 462
1733470 461
1733480 461
1733490 460
1733500 460
1733510 459
1733520 458
1733530 457
1733540 456
1733550 455
1733560 455
1733570 454
1733580 454
1733590 453
1733600 453
1733610 452
1733620 451
1733630 451
1733640 450
1733650 449
1733660 448
1733670 447
1733680 446
1733690 446
1733700 445
1733710 444
1733720 443
1733730 442
1733740 441
1733750 440
1733760 439
1733770 439
1733780 438
1733790 438
1733800 437
1733810 436
1733820 436
1733830 436
1733840 435
1733850 435
1733860 434
1733870 434
1733880 432
1733890 431
1733900 429
1733910 428
1733920 426
1733930 425
1733940 424
1733950 423
1733960 421
1733970 419
1733980 418
1733990 416
1734000 414
1734010 412
1734020 411
1734030 410
1734040 409
1734050 408
1734060 407
1734070 406
1734080 406
1734090 405
1734100 404
1734110 403
1734120 402
1734130 401
1734140 398
1734150 395
1734160 391
1734170 388
1734180 385
1734190 382
1734200 380
1734210 379
1734220 379
1734230 379
1734240 378
1734250 377
1734260 377
1734270 377
1734280 377
1734290 377
1734300 377
1734310 377
1734320 377
1734330 377
1734340 377
1734350 377
1734360 377
1734370 376
1734380 376
1734390 375
1734400 375
1734410 375
1734420 375
1734430 376
1734440 377
1734450 380
1734460 384
1734470 387
1734480 391
1734490 395
1734500 398
1734510 401
1734520 404
1734530 407
1734540 410
1734550 413
1734560 415
1734570 418
1734580 420
1734590 421
1734600 422
1734610 424
1734620 426
1734630 427
1734640 427
1734650 428
1734660 428
1734670 428
1734680 428
1734690 428
1734700 427
1734710 427
1734720 427
1734730 427
1734740 427
1734750 427
1734760 427
1734770 426
1734780 426
1734790 426
1734800 426
1734810 425
1734820 425
1734830 424
1734840 424
1734850 423
1734860 423
1734870 422
1734880 421
1734890 421
1734900 420
1734910 419
1734920 418
1734930 416
1734940 415
1734950 413
1734960 411
1734970 408
1734980 406
1734990 403
1735000 401
1735010 398
1735020 396
1735030 395
1735040 393
1735050 392
1735060 391
1735070 390
1735080 390
1735090 390
1735100 390
1735110 389
1735120 387
1735130 385
1735140 385
1735150 384
1735160 383
1735170 383
1735180 382
1735190 382
1735200 381
1735210 380
1735220 380
1735230 379
1735240 379
1735250 378
1735260 377
1735270 377
1735280 376
1735290 376
1735300 375
1735310 375
1735320 375
1735330 374
1735340 374
1735350 373
1735360 373
1735370 373
1735380 373
1735390 374
1735400 373
1735410 372
1735420 372
1735430 372
1735440 372
1735450 373
1735460 373
1735470 374
1735480 376
1735490 379
1735500 382
1735510 383
1735520 384
1735530 384
1735540 384
1735550 384
1735560 383
1735570 383
1735580 383
1735590 383
1735600 383
1735610 383
1735620 382
1735630 382
1735640 381
1735650 381
1735660 380
1735670 379
1735680 378
1735690 377
1735700 376
1735710 375
1735720 375
1735730 374
1735740 374
1735750 374
1735760 374
1735770 373
1735780 373
1735790 373
1735800 373
1735810 373
1735820 373
1735830 373
1735840 372
1735850 371
1735860 371
1735870 371
1735880 372
1735890 374
1735900 375
1735910 376
1735920 378
1735930 383
1735940 389
1735950 395
1735960 399
1735970 403
1735980 406
1735990 409
1736000 411
1736010 414
1736020 416
1736030 419
1736040 422
1736050 425
1736060 427
1736070 430
1736080 431
1736090 432
1736100 432
1736110 433
1736120 433
1736130 433
1736140 433
1736150 432
1736160 432
1736170 432
1736180 432
1736190 431
1736200 431
1736210 430
1736220 430
1736230 429
1736240 429
1736250 428
1736260 427
1736270 427
1736280 426
1736290 425
1736300 424
1736310 423
1736320 422
1736330 421
1736340 420
1736350 419
1736360 419
1736370 418
1736380 416
1736390 415
1736400 416
1736410 417
1736420 418
1736430 418
1736440 418
1736450 418
1736460 416
1736470 414
1736480 411
1736490 408
1736500 406
1736510 404
1736520 402
1736530 400
1736540 398
1736550 395
1736560 392
1736570 390
1736580 389
1736590 389
1736600 391
1736610 392
1736620 394
1736630 395
1736640 398
1736650 400
1736660 403
1736670 405
1736680 408
1736690 409
1736700 411
1736710 413
1736720 414
1736730 416
1736740 418
1736750 421
1736760 423
1736770 425
1736780 427
1736790 429
1736800 430
1736810 431
1736820 432
1736830 433
1736840 433
1736850 434
1736860 434
1736870 435
1736880 435
1736890 435
1736900 435
1736910 435
1736920 435
1736930 435
1736940 435
1736950 435
1736960 435
1736970 435
1736980 435
1736990 434
1737000 434
1737010 434
1737020 434
1737030 433
1737040 432
1737050 431
1737060 431
1737070 430
1737080 429
1737090 428
1737100 427
1737110 427
1737120 427
1737130 426
1737140 426
1737150 425
1737160 425
1737170 425
1737180 425
1737190 425
1737200 425
1737210 425
1737220 424
1737230 423
1737240 423
1737250 422
1737260 421
1737270 420
1737280 419
1737290 419
1737300 418
1737310 417
1737320 416
1737330 414
1737340 413
1737350 412
1737360 411
1737370 410
1737380 409
1737390 408
1737400 407
1737410 405
1737420 403
1737430 402
1737440 402
1737450 402
1737460 403
1737470 404
1737480 406
1737490 408
1737500 409
1737510 412
1737520 414
1737530 417
1737540 419
1737550 421
1737560 423
1737570 424
1737580 426
1737590 427
1737600 428
1737610 430
1737620 431
1737630 433
1737640 435
1737650 436
1737660 437
1737670 438
1737680 438
1737690 439
1737700 440
1737710 441
1737720 442
1737730 443
1737740 444
1737750 445
1737760 446
1737770 447
1737780 447
1737790 447
1737800 447
1737810 447
1737820 447
1737830 447
1737840 448
1737850 448
1737860 448
1737870 448
1737880 449
1737890 449
1737900 449
1737910 449
1737920 449
1737930 449
1737940 449
1737950 449
1737960 449
1737970 449
1737980 450
1737990 450
1738000 450
1738010 450
1738020 450
1738030 450
1738040 450
1738050 450
1738060 450
1738070 450
1738080 450
1738090 450
1738100 450
1738110 450
1738120 450
1738130 450
1738140 450
1738150 450
1738160 450
1738170 449
1738180 449
1738190 449
1738200 449
1738210 449
1738220 449
1738230 448
1738240 448
1738250 448
1738260 448
1738270 448
1738280 447
1738290 447
1738300 447
1738310 447
1738320 446
1738330 446
1738340 446
1738350 446
1738360 445
1738370 445
1738380 445
1738390 445
1738400 445
1738410 445
1738420 445
1738430 445
1738440 445
1738450 445
1738460 445
1738470 445
1738480 446
1738490 446
1738500 446
1738510 446
1738520 447
1738530 447
1738540 447
1738550 448
1738560 448
1738570 448
1738580 448
1738590 449
1738600 449
1738610 449
1738620 449
1738630 449
1738640 449
1738650 449
1738660 449
1738670 449
1738680 449
1738690 449
1738700 449
1738710 450
1738720 450
1738730 450
1738740 450
1738750 450
1738760 450
1738770 450
1738780 450
1738790 450
1738800 451
1738810 451
1738820 450
1738830 450
1738840 450
1738850 450
1738860 450
1738870 450
1738880 450
1738890 449
1738900 449
1738910 449
1738920 449
1738930 448
1738940 448
1738950 448
1738960 448
1738970 448
1738980 448
1738990 448
1739000 448
1739010 448
1739020 447
1739030 447
1739040 447
1739050 447
1739060 446
1739070 446
1739080 446
1739090 446
1739100 446
1739110 446
1739120 446
1739130 445
1739140 445
1739150 445
1739160 445
1739170 446
1739180 446
1739190 446
1739200 446
1739210 446
1739220 446
1739230 446
1739240 446
1739250 446
1739260 446
1739270 447
1739280 447
1739290 448
1739300 447
1739310 447
1739320 446
1739330 446
1739340 446
1739350 446
1739360 446
1739370 446
1739380 446
1739390 447
1739400 447
1739410 447
1739420 447
1739430 447
1739440 447
1739450 447
1739460 448
1739470 448
1739480 448
1739490 448
1739500 448
1739510 448
1739520 448
1739530 448
1739540 448
1739550 448
1739560 448
1739570 448
1739580 448
1739590 449
1739600 449
1739610 449
1739620 449
1739630 449
1739640 449
1739650 449
1739660 448
1739670 448
1739680 448
1739690 448
1739700 448
1739710 448
1739720 448
1739730 448
1739740 447
1739750 447
1739760 447
1739770 447
1739780 447
1739790 447
1739800 447
1739810 447
1739820 447
1739830 446
1739840 446
1739850 446
1739860 446
1739870 445
1739880 445
1739890 445
1739900 445
1739910 444
1739920 444
1739930 444
1739940 443
1739950 443
1739960 443
1739970 442
1739980 442
1739990 442
