1720000 453
1720010 453
1720020 452
1720030 452
1720040 452
1720050 452
1720060 452
1720070 452
1720080 452
1720090 453
1720100 454
1720110 454
1720120 454
1720130 454
1720140 455
1720150 455
1720160 457
1720170 458
1720180 458
1720190 459
1720200 459
1720210 460
1720220 461
1720230 461
1720240 461
1720250 461
1720260 461
1720270 461
1720280 461
1720290 461
1720300 461
1720310 461
1720320 461
1720330 461
1720340 462
1720350 462
1720360 462
1720370 462
1720380 462
1720390 462
1720400 462
1720410 462
1720420 462
1720430 462
1720440 462
1720450 462
1720460 462
1720470 462
1720480 462
1720490 462
1720500 462
1720510 462
1720520 462
1720530 462
1720540 462
1720550 462
1720560 462
1720570 462
1720580 462
1720590 462
1720600 462
1720610 462
1720620 462
1720630 462
1720640 462
1720650 462
1720660 462
1720670 462
1720680 462
1720690 462
1720700 461
1720710 461
1720720 461
1720730 461
1720740 461
1720750 461
1720760 461
1720770 460
1720780 461
1720790 461
1720800 462
1720810 462
1720820 462
1720830 462
1720840 463
1720850 463
1720860 463
1720870 463
1720880 464
1720890 464
1720900 464
1720910 465
1720920 465
1720930 465
1720940 466
1720950 466
1720960 466
1720970 467
1720980 467
1720990 467
1721000 468
1721010 468
1721020 468
1721030 469
1721040 469
1721050 469
1721060 470
1721070 470
1721080 470
1721090 471
1721100 471
1721110 472
1721120 472
1721130 473
1721140 473
1721150 474
1721160 474
1721170 473
1721180 473
1721190 473
1721200 473
1721210 473
1721220 473
1721230 472
1721240 472
1721250 472
1721260 472
1721270 472
1721280 471
1721290 471
1721300 471
1721310 471
1721320 470
1721330 470
1721340 470
1721350 470
1721360 470
1721370 469
1721380 469
1721390 469
1721400 469
1721410 469
1721420 468
1721430 468
1721440 468
1721450 468
1721460 468
1721470 468
1721480 467
1721490 467
1721500 467
1721510 467
1721520 467
1721530 467
1721540 467
1721550 467
1721560 467
1721570 467
1721580 467
1721590 467
1721600 467
1721610 467
1721620 466
1721630 466
1721640 466
1721650 466
1721660 466
1721670 465
1721680 464
1721690 463
1721700 463
1721710 464
1721720 465
1721730 465
1721740 465
1721750 464
1721760 464
1721770 464
1721780 464
1721790 464
1721800 464
1721810 463
1721820 463
1721830 463
1721840 463
1721850 463
1721860 462
1721870 462
1721880 462
1721890 462
1721900 461
1721910 461
1721920 460
1721930 460
1721940 459
1721950 459
1721960 459
1721970 458
1721980 458
1721990 458
1722000 457
1722010 457
1722020 456
1722030 456
1722040 455
1722050 455
1722060 454
1722070 454
1722080 453
1722090 453
1722100 452
1722110 451
1722120 450
1722130 450
1722140 449
1722150 448
1722160 447
1722170 446
1722180 445
1722190 444
1722200 444
1722210 443
1722220 442
1722230 441
1722240 440
1722250 439
1722260 438
1722270 436
1722280 434
1722290 433
1722300 430
1722310 428
1722320 426
1722330 425
1722340 424
1722350 425
1722360 426
1722370 426
1722380 427
1722390 428
1722400 428
1722410 428
1722420 427
1722430 426
1722440 425
1722450 424
1722460 422
1722470 421
1722480 419
1722490 417
1722500 416
1722510 417
1722520 417
1722530 415
1722540 413
1722550 412
1722560 412
1722570 412
1722580 413
1722590 413
1722600 414
1722610 415
1722620 416
1722630 416
1722640 416
1722650 416
1722660 416
1722670 415
1722680 413
1722690 411
1722700 409
1722710 408
1722720 408
1722730 407
1722740 408
1722750 408
1722760 408
1722770 408
1722780 408
1722790 408
1722800 408
1722810 408
1722820 408
1722830 408
1722840 408
1722850 408
1722860 408
1722870 408
1722880 408
1722890 408
1722900 408
1722910 408
1722920 408
1722930 408
1722940 408
1722950 408
1722960 408
1722970 409
1722980 410
1722990 413
1723000 416
1723010 418
1723020 421
1723030 423
1723040 425
1723050 428
1723060 430
1723070 432
1723080 433
1723090 434
1723100 435
1723110 436
1723120 436
1723130 437
1723140 438
1723150 439
1723160 440
1723170 441
1723180 441
1723190 442
1723200 442
1723210 443
1723220 444
1723230 445
1723240 446
1723250 447
1723260 448
1723270 449
1723280 450
1723290 451
1723300 452
1723310 454
1723320 455
1723330 456
1723340 458
1723350 459
1723360 460
1723370 462
1723380 464
1723390 465
1723400 467
1723410 468
1723420 469
1723430 470
1723440 471
1723450 472
1723460 472
1723470 473
1723480 473
1723490 474
1723500 475
1723510 476
1723520 476
1723530 477
1723540 477
1723550 477
1723560 477
1723570 477
1723580 477
1723590 476
1723600 476
1723610 476
1723620 476
1723630 476
1723640 476
1723650 476
1723660 476
1723670 476
1723680 476
1723690 476
1723700 476
1723710 477
1723720 477
1723730 478
1723740 478
1723750 479
1723760 480
1723770 480
1723780 481
1723790 481
1723800 482
1723810 482
1723820 483
1723830 483
1723840 484
1723850 484
1723860 485
1723870 485
1723880 485
1723890 486
1723900 486
1723910 486
1723920 487
1723930 487
1723940 487
1723950 487
1723960 487
1723970 487
1723980 487
1723990 487
1724000 487
1724010 487
1724020 487
1724030 487
1724040 487
1724050 487
1724060 487
1724070 487
1724080 487
1724090 487
1724100 487
1724110 487
1724120 487
1724130 487
1724140 487
1724150 487
1724160 487
1724170 487
1724180 487
1724190 487
1724200 487
1724210 486
1724220 486
1724230 486
1724240 486
1724250 486
1724260 486
1724270 486
1724280 485
1724290 485
1724300 485
1724310 485
1724320 486
1724330 486
1724340 486
1724350 486
1724360 486
1724370 487
1724380 487
1724390 487
1724400 488
1724410 488
1724420 489
1724430 490
1724440 490
1724450 491
1724460 491
1724470 491
1724480 491
1724490 491
1724500 492
1724510 492
1724520 492
1724530 492
1724540 492
1724550 492
1724560 492
1724570 492
1724580 492
1724590 492
1724600 492
1724610 492
1724620 492
1724630 492
1724640 492
1724650 492
1724660 492
1724670 492
1724680 492
1724690 493
1724700 493
1724710 493
1724720 493
1724730 494
1724740 494
1724750 494
1724760 494
1724770 494
1724780 494
1724790 495
1724800 494
1724810 494
1724820 494
1724830 494
1724840 494
1724850 494
1724860 494
1724870 494
1724880 494
1724890 494
1724900 494
1724910 494
1724920 494
1724930 494
1724940 494
1724950 494
1724960 494
1724970 494
1724980 493
1724990 493
1725000 493
1725010 493
1725020 493
1725030 493
1725040 493
1725050 493
1725060 493
1725070 493
1725080 493
1725090 493
1725100 493
1725110 493
1725120 493
1725130 493
1725140 493
1725150 494
1725160 494
1725170 494
1725180 494
1725190 494
1725200 494
1725210 494
1725220 494
1725230 494
1725240 494
1725250 494
1725260 494
1725270 494
1725280 494
1725290 494
1725300 494
1725310 494
1725320 494
1725330 495
1725340 495
1725350 495
1725360 495
1725370 495
1725380 495
1725390 495
1725400 495
1725410 495
1725420 495
1725430 495
1725440 495
1725450 495
1725460 495
1725470 495
1725480 495
1725490 495
1725500 495
1725510 495
1725520 495
1725530 495
1725540 495
1725550 495
1725560 495
1725570 495
1725580 495
1725590 495
1725600 495
1725610 495
1725620 495
1725630 495
1725640 495
1725650 494
1725660 494
1725670 494
1725680 494
1725690 494
1725700 494
1725710 493
1725720 493
1725730 493
1725740 493
1725750 493
1725760 493
1725770 493
1725780 493
1725790 493
1725800 493
1725810 493
1725820 493
1725830 493
1725840 493
1725850 493
1725860 493
1725870 493
1725880 493
1725890 493
1725900 493
1725910 492
1725920 493
1725930 493
1725940 493
1725950 493
1725960 493
1725970 493
1725980 493
1725990 492
1726000 492
1726010 492
1726020 491
1726030 490
1726040 489
1726050 488
1726060 488
1726070 489
1726080 490
1726090 490
1726100 490
1726110 490
1726120 490
1726130 490
1726140 489
1726150 489
1726160 490
1726170 490
1726180 490
1726190 490
1726200 490
1726210 490
1726220 490
1726230 490
1726240 491
1726250 491
1726260 491
1726270 491
1726280 491
1726290 491
1726300 491
1726310 492
1726320 492
1726330 492
1726340 492
1726350 492
1726360 492
1726370 492
1726380 492
1726390 492
1726400 492
1726410 493
1726420 493
1726430 493
1726440 493
1726450 493
1726460 493
1726470 493
1726480 493
1726490 493
1726500 493
1726510 493
1726520 494
1726530 494
1726540 494
1726550 494
1726560 494
1726570 494
1726580 494
1726590 494
1726600 494
1726610 493
1726620 493
1726630 493
1726640 493
1726650 493
1726660 493
1726670 493
1726680 493
1726690 493
1726700 493
1726710 493
1726720 493
1726730 493
1726740 493
1726750 494
1726760 494
1726770 495
1726780 496
1726790 496
1726800 497
1726810 497
1726820 498
1726830 498
1726840 498
1726850 498
1726860 498
1726870 498
1726880 498
1726890 498
1726900 498
1726910 498
1726920 498
1726930 498
1726940 498
1726950 498
1726960 498
1726970 498
1726980 498
1726990 498
1727000 498
1727010 498
1727020 498
1727030 498
1727040 498
1727050 498
1727060 498
1727070 498
1727080 498
1727090 498
1727100 498
1727110 498
1727120 498
1727130 498
1727140 498
1727150 497
1727160 497
1727170 497
1727180 497
1727190 497
1727200 497
1727210 497
1727220 497
1727230 497
1727240 497
1727250 497
1727260 496
1727270 496
1727280 496
1727290 497
1727300 497
1727310 496
1727320 496
1727330 496
1727340 496
1727350 496
1727360 496
1727370 496
1727380 496
1727390 496
1727400 496
1727410 496
1727420 496
1727430 496
1727440 496
1727450 496
1727460 496
1727470 495
1727480 495
1727490 495
1727500 495
1727510 495
1727520 495
1727530 495
1727540 494
1727550 495
1727560 495
1727570 495
1727580 496
1727590 496
1727600 497
1727610 497
1727620 498
1727630 498
1727640 498
1727650 498
1727660 498
1727670 498
1727680 498
1727690 499
1727700 499
1727710 499
1727720 499
1727730 499
1727740 499
1727750 500
1727760 500
1727770 500
1727780 500
1727790 501
1727800 501
1727810 501
1727820 501
1727830 502
1727840 502
1727850 502
1727860 502
1727870 502
1727880 503
1727890 503
1727900 503
1727910 503
1727920 504
1727930 504
1727940 504
1727950 505
1727960 505
1727970 505
1727980 505
1727990 506
1728000 506
1728010 506
1728020 507
1728030 507
1728040 507
1728050 508
1728060 508
1728070 508
1728080 509
1728090 509
1728100 509
1728110 510
1728120 510
1728130 511
1728140 511
1728150 512
1728160 512
1728170 512
1728180 513
1728190 513
1728200 514
1728210 514
1728220 515
1728230 515
1728240 516
1728250 516
1728260 516
1728270 517
1728280 517
1728290 518
1728300 518
1728310 518
1728320 519
1728330 519
1728340 519
1728350 520
1728360 520
1728370 520
1728380 521
1728390 521
1728400 522
1728410 522
1728420 523
1728430 523
1728440 524
1728450 524
1728460 525
1728470 525
1728480 526
1728490 526
1728500 526
1728510 527
1728520 527
1728530 528
1728540 528
1728550 529
1728560 529
1728570 529
1728580 530
1728590 530
1728600 531
1728610 531
1728620 531
1728630 531
1728640 532
1728650 532
1728660 532
1728670 532
1728680 533
1728690 533
1728700 533
1728710 533
1728720 533
1728730 533
1728740 533
1728750 534
1728760 534
1728770 534
1728780 534
1728790 534
1728800 534
1728810 534
1728820 534
1728830 534
1728840 534
1728850 534
1728860 534
1728870 534
1728880 534
1728890 534
1728900 534
1728910 534
1728920 534
1728930 534
1728940 534
1728950 534
1728960 534
1728970 534
1728980 534
1728990 534
1729000 533
1729010 533
1729020 533
1729030 533
1729040 533
1729050 533
1729060 533
1729070 533
1729080 533
1729090 533
1729100 533
1729110 533
1729120 533
1729130 533
1729140 533
1729150 533
1729160 533
1729170 533
1729180 533
1729190 533
1729200 533
1729210 533
1729220 533
1729230 533
1729240 533
1729250 533
1729260 533
1729270 533
1729280 533
1729290 533
1729300 533
1729310 533
1729320 533
1729330 533
1729340 532
1729350 532
1729360 532
1729370 532
1729380 532
1729390 532
1729400 532
1729410 533
1729420 533
1729430 533
1729440 533
1729450 533
1729460 533
1729470 533
1729480 533
1729490 533
1729500 533
1729510 533
1729520 533
1729530 533
1729540 533
1729550 533
1729560 533
1729570 533
1729580 533
1729590 533
1729600 533
1729610 533
1729620 533
1729630 533
1729640 533
1729650 533
1729660 533
1729670 533
1729680 533
1729690 533
1729700 533
1729710 532
1729720 532
1729730 532
1729740 532
1729750 533
1729760 533
1729770 533
1729780 532
1729790 532
1729800 532
1729810 532
1729820 532
1729830 532
1729840 532
1729850 532
1729860 531
1729870 531
1729880 531
1729890 531
1729900 531
1729910 531
1729920 531
1729930 530
1729940 530
1729950 530
1729960 530
1729970 530
1729980 530
1729990 529
1730000 529
1730010 529
1730020 529
1730030 529
1730040 529
1730050 528
1730060 528
1730070 528
1730080 528
1730090 527
1730100 527
1730110 527
1730120 527
1730130 526
1730140 526
1730150 526
1730160 526
1730170 525
1730180 525
1730190 524
1730200 524
1730210 524
1730220 523
1730230 523
1730240 522
1730250 522
1730260 521
1730270 521
1730280 520
1730290 520
1730300 519
1730310 519
1730320 519
1730330 518
1730340 518
1730350 517
1730360 517
1730370 516
1730380 515
1730390 515
1730400 514
1730410 514
1730420 513
1730430 513
1730440 512
1730450 512
1730460 511
1730470 510
1730480 510
1730490 509
1730500 509
1730510 508
1730520 508
1730530 508
1730540 507
1730550 507
1730560 507
1730570 507
1730580 506
1730590 506
1730600 505
1730610 505
1730620 504
1730630 504
1730640 503
1730650 503
1730660 503
1730670 503
1730680 503
1730690 503
1730700 502
1730710 502
1730720 502
1730730 502
1730740 502
1730750 502
1730760 502
1730770 502
1730780 501
1730790 501
1730800 501
1730810 501
1730820 501
1730830 501
1730840 501
1730850 501
1730860 501
1730870 501
1730880 500
1730890 500
1730900 500
1730910 499
1730920 499
1730930 499
1730940 498
1730950 498
1730960 498
1730970 498
1730980 498
1730990 498
1731000 498
1731010 499
1731020 499
1731030 500
1731040 500
1731050 501
1731060 501
1731070 501
1731080 501
1731090 501
1731100 501
1731110 500
1731120 500
1731130 500
1731140 500
1731150 500
1731160 500
1731170 500
1731180 501
1731190 501
1731200 501
1731210 501
1731220 501
1731230 502
1731240 502
1731250 503
1731260 504
1731270 504
1731280 505
1731290 505
1731300 506
1731310 506
1731320 507
1731330 507
1731340 508
1731350 508
1731360 509
1731370 510
1731380 510
1731390 510
1731400 511
1731410 511
1731420 512
1731430 512
1731440 512
1731450 513
1731460 513
1731470 513
1731480 513
1731490 514
1731500 514
1731510 514
1731520 514
1731530 515
1731540 515
1731550 515
1731560 516
1731570 516
1731580 516
1731590 516
1731600 517
1731610 517
1731620 517
1731630 518
1731640 518
1731650 518
1731660 519
1731670 519
1731680 520
1731690 520
1731700 520
1731710 521
1731720 521
1731730 521
1731740 522
1731750 522
1731760 522
1731770 523
1731780 523
1731790 524
1731800 524
1731810 524
1731820 524
1731830 524
1731840 524
1731850 524
1731860 524
1731870 523
1731880 523
1731890 523
1731900 523
1731910 522
1731920 522
1731930 521
1731940 521
1731950 520
1731960 520
1731970 519
1731980 519
1731990 518
1732000 518
1732010 517
1732020 516
1732030 516
1732040 515
1732050 514
1732060 514
1732070 513
1732080 512
1732090 512
1732100 511
1732110 510
1732120 509
1732130 509
1732140 508
1732150 507
1732160 506
1732170 506
1732180 505
1732190 504
1732200 503
1732210 502
1732220 501
1732230 501
1732240 500
1732250 499
1732260 498
1732270 497
1732280 497
1732290 496
1732300 495
1732310 493
1732320 492
1732330 490
1732340 489
1732350 487
1732360 486
1732370 484
1732380 483
1732390 482
1732400 481
1732410 480
1732420 479
1732430 479
1732440 478
1732450 477
1732460 477
1732470 477
1732480 476
1732490 476
1732500 476
1732510 475
1732520 474
1732530 473
1732540 473
1732550 476
1732560 478
1732570 481
1732580 483
1732590 484
1732600 486
1732610 486
1732620 487
1732630 488
1732640 488
1732650 489
1732660 490
1732670 490
1732680 490
1732690 491
1732700 491
1732710 491
1732720 490
1732730 490
1732740 490
1732750 489
1732760 489
1732770 488
1732780 488
1732790 488
1732800 487
1732810 487
1732820 486
1732830 486
1732840 486
1732850 485
1732860 485
1732870 484
1732880 484
1732890 483
1732900 483
1732910 482
1732920 482
1732930 481
1732940 481
1732950 480
1732960 480
1732970 479
1732980 479
1732990 478
1733000 478
1733010 478
1733020 477
1733030 477
1733040 476
1733050 476
1733060 475
1733070 475
1733080 474
1733090 473
1733100 473
1733110 472
1733120 472
1733130 471
1733140 471
1733150 471
1733160 470
1733170 470
1733180 470
1733190 470
1733200 469
1733210 469
1733220 469
1733230 468
1733240 468
1733250 468
1733260 468
1733270 468
1733280 467
1733290 467
1733300 467
1733310 467
1733320 466
1733330 466
1733340 466
1733350 466
1733360 466
1733370 465
1733380 465
1733390 465
1733400 465
1733410 464
1733420 464
1733430 464
1733440 464
1733450 464
1733460 464
1733470 464
1733480 463
1733490 463
1733500 463
1733510 463
1733520 463
1733530 463
1733540 463
1733550 463
1733560 462
1733570 462
1733580 462
1733590 461
1733600 461
1733610 461
1733620 461
1733630 460
1733640 460
1733650 460
1733660 460
1733670 460
1733680 460
1733690 459
1733700 459
1733710 459
1733720 459
1733730 459
1733740 459
1733750 458
1733760 458
1733770 458
1733780 457
1733790 457
1733800 456
1733810 456
1733820 455
1733830 454
1733840 454
1733850 451
1733860 449
1733870 446
1733880 443
1733890 440
1733900 438
1733910 436
1733920 434
1733930 432
1733940 431
1733950 429
1733960 427
1733970 428
1733980 430
1733990 433
1734000 437
1734010 441
1734020 445
1734030 448
1734040 451
1734050 454
1734060 456
1734070 458
1734080 459
1734090 459
1734100 459
1734110 459
1734120 458
1734130 458
1734140 457
1734150 457
1734160 456
1734170 456
1734180 456
1734190 455
1734200 455
1734210 455
1734220 455
1734230 455
1734240 455
1734250 455
1734260 455
1734270 454
1734280 454
1734290 454
1734300 454
1734310 453
1734320 453
1734330 452
1734340 452
1734350 452
1734360 451
1734370 451
1734380 451
1734390 451
1734400 450
1734410 450
1734420 450
1734430 450
1734440 451
1734450 451
1734460 451
1734470 451
1734480 451
1734490 451
1734500 451
1734510 451
1734520 451
1734530 451
1734540 451
1734550 451
1734560 451
1734570 451
1734580 451
1734590 451
1734600 451
1734610 450
1734620 450
1734630 449
1734640 447
1734650 446
1734660 445
1734670 443
1734680 440
1734690 437
1734700 435
1734710 432
1734720 430
1734730 428
1734740 425
1734750 422
1734760 419
1734770 416
1734780 412
1734790 411
1734800 412
1734810 416
1734820 419
1734830 423
1734840 427
1734850 431
1734860 435
1734870 438
1734880 441
1734890 443
1734900 445
1734910 447
1734920 448
1734930 449
1734940 450
1734950 451
1734960 452
1734970 452
1734980 453
1734990 453
1735000 454
1735010 455
1735020 456
1735030 456
1735040 457
1735050 458
1735060 458
1735070 459
1735080 459
1735090 460
1735100 460
1735110 460
1735120 460
1735130 460
1735140 460
1735150 460
1735160 460
1735170 460
1735180 460
1735190 460
1735200 460
1735210 460
1735220 460
1735230 460
1735240 460
1735250 459
1735260 459
1735270 459
1735280 459
1735290 459
1735300 459
1735310 459
1735320 459
1735330 459
1735340 458
1735350 458
1735360 458
1735370 459
1735380 459
1735390 459
1735400 459
1735410 459
1735420 459
1735430 459
1735440 459
1735450 459
1735460 459
1735470 459
1735480 458
1735490 458
1735500 458
1735510 458
1735520 458
1735530 458
1735540 457
1735550 457
1735560 457
1735570 457
1735580 457
1735590 457
1735600 457
1735610 457
1735620 457
1735630 457
1735640 457
1735650 457
1735660 457
1735670 457
1735680 457
1735690 457
1735700 456
1735710 456
1735720 456
1735730 456
1735740 456
1735750 456
1735760 456
1735770 456
1735780 456
1735790 456
1735800 456
1735810 456
1735820 456
1735830 455
1735840 455
1735850 455
1735860 455
1735870 455
1735880 455
1735890 455
1735900 455
1735910 455
1735920 454
1735930 454
1735940 454
1735950 454
1735960 454
1735970 454
1735980 454
1735990 454
1736000 454
1736010 454
1736020 454
1736030 453
1736040 453
1736050 453
1736060 453
1736070 453
1736080 453
1736090 452
1736100 452
1736110 452
1736120 452
1736130 452
1736140 452
1736150 452
1736160 451
1736170 451
1736180 451
1736190 451
1736200 451
1736210 450
1736220 450
1736230 450
1736240 449
1736250 449
1736260 449
1736270 449
1736280 449
1736290 448
1736300 448
1736310 448
1736320 448
1736330 448
1736340 448
1736350 448
1736360 447
1736370 447
1736380 447
1736390 446
1736400 446
1736410 446
1736420 445
1736430 445
1736440 445
1736450 444
1736460 444
1736470 443
1736480 443
1736490 443
1736500 443
1736510 442
1736520 442
1736530 441
1736540 441
1736550 441
1736560 440
1736570 440
1736580 440
1736590 439
1736600 439
1736610 438
1736620 438
1736630 438
1736640 437
1736650 437
1736660 436
1736670 436
1736680 436
1736690 435
1736700 435
1736710 434
1736720 434
1736730 434
1736740 434
1736750 433
1736760 433
1736770 432
1736780 431
1736790 430
1736800 430
1736810 429
1736820 428
1736830 428
1736840 427
1736850 426
1736860 424
1736870 423
1736880 421
1736890 420
1736900 418
1736910 416
1736920 414
1736930 412
1736940 411
1736950 409
1736960 409
1736970 408
1736980 408
1736990 408
1737000 408
1737010 408
1737020 408
1737030 408
1737040 408
1737050 409
1737060 410
1737070 411
1737080 411
1737090 411
1737100 411
1737110 411
1737120 411
1737130 412
1737140 412
1737150 413
1737160 413
1737170 414
1737180 414
1737190 415
1737200 415
1737210 416
1737220 416
1737230 417
1737240 418
1737250 419
1737260 419
1737270 420
1737280 421
1737290 421
1737300 422
1737310 423
1737320 423
1737330 424
1737340 425
1737350 425
1737360 426
1737370 426
1737380 426
1737390 426
1737400 425
1737410 425
1737420 426
1737430 427
1737440 427
1737450 428
1737460 428
1737470 428
1737480 428
1737490 428
1737500 428
1737510 428
1737520 428
1737530 428
1737540 428
1737550 428
1737560 428
1737570 427
1737580 427
1737590 427
1737600 427
1737610 427
1737620 427
1737630 426
1737640 426
1737650 426
1737660 426
1737670 426
1737680 426
1737690 426
1737700 426
1737710 425
1737720 425
1737730 425
1737740 424
1737750 424
1737760 423
1737770 423
1737780 422
1737790 422
1737800 421
1737810 421
1737820 420
1737830 420
1737840 419
1737850 419
1737860 418
1737870 418
1737880 417
1737890 417
1737900 416
1737910 415
1737920 414
1737930 414
1737940 413
1737950 412
1737960 411
1737970 410
1737980 410
1737990 409
1738000 408
1738010 408
1738020 407
1738030 407
1738040 406
1738050 405
1738060 404
1738070 404
1738080 403
1738090 402
1738100 401
1738110 401
1738120 400
1738130 399
1738140 398
1738150 397
1738160 397
1738170 396
1738180 396
1738190 395
1738200 395
1738210 395
1738220 395
1738230 394
1738240 394
1738250 394
1738260 394
1738270 394
1738280 393
1738290 393
1738300 393
1738310 393
1738320 393
1738330 393
1738340 392
1738350 392
1738360 391
1738370 391
1738380 390
1738390 389
1738400 388
1738410 387
1738420 386
1738430 385
1738440 384
1738450 383
1738460 382
1738470 381
1738480 379
1738490 378
1738500 377
1738510 377
1738520 376
1738530 375
1738540 374
1738550 373
1738560 372
1738570 372
1738580 371
1738590 371
1738600 370
1738610 370
1738620 370
1738630 370
1738640 369
1738650 369
1738660 369
1738670 369
1738680 369
1738690 370
1738700 370
1738710 369
1738720 369
1738730 369
1738740 369
1738750 369
1738760 369
1738770 369
1738780 369
1738790 369
1738800 370
1738810 372
1738820 376
1738830 382
1738840 388
1738850 394
1738860 399
1738870 404
1738880 408
1738890 410
1738900 412
1738910 414
1738920 415
1738930 416
1738940 417
1738950 418
1738960 419
1738970 419
1738980 419
1738990 419
1739000 419
1739010 419
1739020 419
1739030 419
1739040 419
1739050 419
1739060 419
1739070 419
1739080 419
1739090 419
1739100 419
1739110 419
1739120 420
1739130 419
1739140 419
1739150 418
1739160 417
1739170 416
1739180 415
1739190 415
1739200 415
1739210 414
1739220 414
1739230 414
1739240 413
1739250 413
1739260 412
1739270 412
1739280 412
1739290 411
1739300 411
1739310 411
1739320 410
1739330 409
1739340 408
1739350 407
1739360 405
1739370 404
1739380 403
1739390 403
1739400 404
1739410 405
1739420 404
1739430 404
1739440 404
1739450 403
1739460 403
1739470 403
1739480 403
1739490 403
1739500 403
1739510 402
1739520 402
1739530 402
1739540 402
1739550 401
1739560 399
1739570 398
1739580 396
1739590 395
1739600 394
1739610 393
1739620 392
1739630 391
1739640 391
1739650 390
1739660 389
1739670 387
1739680 386
1739690 384
1739700 384
1739710 384
1739720 384
1739730 383
1739740 383
1739750 383
1739760 383
1739770 382
1739780 382
1739790 382
1739800 381
1739810 381
1739820 381
1739830 380
1739840 380
1739850 379
1739860 379
1739870 378
1739880 378
1739890 376
1739900 373
1739910 370
1739920 369
1739930 369
1739940 369
1739950 370
1739960 370
1739970 371
1739980 371
1739990 371
