1720000 447
1720010 448
1720020 448
1720030 449
1720040 449
1720050 450
1720060 450
1720070 450
1720080 451
1720090 451
1720100 452
1720110 452
1720120 452
1720130 453
1720140 453
1720150 454
1720160 454
1720170 455
1720180 456
1720190 456
1720200 457
1720210 458
1720220 458
1720230 459
1720240 460
1720250 460
1720260 461
1720270 461
1720280 461
1720290 462
1720300 462
1720310 463
1720320 463
1720330 464
1720340 464
1720350 465
1720360 465
1720370 465
1720380 466
1720390 466
1720400 466
1720410 467
1720420 467
1720430 468
1720440 468
1720450 468
1720460 468
1720470 468
1720480 468
1720490 468
1720500 468
1720510 468
1720520 469
1720530 469
1720540 469
1720550 469
1720560 469
1720570 468
1720580 468
1720590 468
1720600 467
1720610 467
1720620 467
1720630 467
1720640 466
1720650 466
1720660 466
1720670 466
1720680 466
1720690 466
1720700 466
1720710 465
1720720 465
1720730 465
1720740 465
1720750 465
1720760 465
1720770 465
1720780 465
1720790 465
1720800 465
1720810 465
1720820 465
1720830 465
1720840 465
1720850 465
1720860 465
1720870 464
1720880 464
1720890 464
1720900 464
1720910 464
1720920 464
1720930 464
1720940 464
1720950 464
1720960 465
1720970 465
1720980 465
1720990 465
1721000 465
1721010 465
1721020 465
1721030 465
1721040 466
1721050 466
1721060 466
1721070 466
1721080 466
1721090 466
1721100 467
1721110 467
1721120 467
1721130 467
1721140 467
1721150 468
1721160 468
1721170 468
1721180 468
1721190 469
1721200 469
1721210 469
1721220 469
1721230 469
1721240 469
1721250 470
1721260 470
1721270 470
1721280 470
1721290 471
1721300 471
1721310 471
1721320 472
1721330 472
1721340 472
1721350 472
1721360 472
1721370 472
1721380 472
1721390 472
1721400 472
1721410 471
1721420 471
1721430 471
1721440 471
1721450 471
1721460 470
1721470 470
1721480 470
1721490 470
1721500 469
1721510 469
1721520 469
1721530 469
1721540 469
1721550 468
1721560 468
1721570 468
1721580 468
1721590 468
1721600 467
1721610 467
1721620 467
1721630 467
1721640 467
1721650 466
1721660 466
1721670 466
1721680 466
1721690 466
1721700 465
1721710 465
1721720 465
1721730 465
1721740 465
1721750 465
1721760 464
1721770 464
1721780 464
1721790 464
1721800 464
1721810 464
1721820 464
1721830 463
1721840 463
1721850 463
1721860 463
1721870 463
1721880 463
1721890 463
1721900 463
1721910 463
1721920 463
1721930 463
1721940 463
1721950 463
1721960 463
1721970 463
1721980 462
1721990 462
1722000 462
1722010 462
1722020 462
1722030 462
1722040 462
1722050 462
1722060 462
1722070 462
1722080 462
1722090 462
1722100 462
1722110 462
1722120 462
1722130 462
1722140 462
1722150 462
1722160 462
1722170 462
1722180 462
1722190 462
1722200 462
1722210 462
1722220 462
1722230 462
1722240 462
1722250 462
1722260 462
1722270 462
1722280 462
1722290 462
1722300 462
1722310 462
1722320 462
1722330 462
1722340 462
1722350 462
1722360 462
1722370 461
1722380 461
1722390 461
1722400 461
1722410 461
1722420 461
1722430 461
1722440 461
1722450 461
1722460 461
1722470 461
1722480 460
1722490 460
1722500 460
1722510 461
1722520 461
1722530 461
1722540 461
1722550 461
1722560 461
1722570 461
1722580 461
1722590 461
1722600 461
1722610 461
1722620 461
1722630 462
1722640 462
1722650 463
1722660 463
1722670 463
1722680 463
1722690 462
1722700 462
1722710 462
1722720 461
1722730 461
1722740 461
1722750 460
1722760 459
1722770 458
1722780 457
1722790 455
1722800 453
1722810 452
1722820 450
1722830 448
1722840 447
1722850 446
1722860 445
1722870 444
1722880 443
1722890 441
1722900 440
1722910 439
1722920 438
1722930 437
1722940 437
1722950 437
1722960 437
1722970 437
1722980 436
1722990 435
1723000 433
1723010 432
1723020 431
1723030 429
1723040 428
1723050 427
1723060 427
1723070 426
1723080 424
1723090 423
1723100 422
1723110 420
1723120 419
1723130 417
1723140 416
1723150 415
1723160 413
1723170 411
1723180 409
1723190 408
1723200 407
1723210 407
1723220 406
1723230 406
1723240 406
1723250 406
1723260 406
1723270 406
1723280 406
1723290 406
1723300 406
1723310 406
1723320 406
1723330 406
1723340 406
1723350 406
1723360 406
1723370 406
1723380 406
1723390 406
1723400 406
1723410 406
1723420 406
1723430 406
1723440 406
1723450 406
1723460 406
1723470 406
1723480 406
1723490 406
1723500 406
1723510 406
1723520 406
1723530 406
1723540 406
1723550 406
1723560 406
1723570 407
1723580 407
1723590 407
1723600 408
1723610 408
1723620 408
1723630 409
1723640 410
1723650 411
1723660 412
1723670 414
1723680 415
1723690 417
1723700 418
1723710 420
1723720 422
1723730 425
1723740 427
1723750 429
1723760 431
1723770 434
1723780 436
1723790 438
1723800 441
1723810 443
1723820 445
1723830 447
1723840 448
1723850 450
1723860 451
1723870 452
1723880 453
1723890 454
1723900 454
1723910 454
1723920 454
1723930 455
1723940 455
1723950 456
1723960 456
1723970 457
1723980 457
1723990 458
1724000 458
1724010 458
1724020 458
1724030 459
1724040 459
1724050 459
1724060 459
1724070 459
1724080 459
1724090 459
1724100 459
1724110 459
1724120 459
1724130 459
1724140 459
1724150 459
1724160 460
1724170 460
1724180 460
1724190 460
1724200 460
1724210 460
1724220 460
1724230 460
1724240 460
1724250 460
1724260 460
1724270 460
1724280 460
1724290 461
1724300 460
1724310 460
1724320 460
1724330 461
1724340 461
1724350 460
1724360 459
1724370 459
1724380 458
1724390 457
1724400 455
1724410 454
1724420 453
1724430 454
1724440 456
1724450 458
1724460 460
1724470 462
1724480 464
1724490 465
1724500 466
1724510 466
1724520 467
1724530 467
1724540 468
1724550 468
1724560 468
1724570 468
1724580 468
1724590 468
1724600 468
1724610 467
1724620 467
1724630 466
1724640 465
1724650 464
1724660 463
1724670 463
1724680 464
1724690 464
1724700 465
1724710 466
1724720 467
1724730 468
1724740 468
1724750 469
1724760 470
1724770 471
1724780 471
1724790 472
1724800 473
1724810 473
1724820 474
1724830 474
1724840 474
1724850 475
1724860 475
1724870 475
1724880 475
1724890 476
1724900 476
1724910 476
1724920 476
1724930 476
1724940 476
1724950 476
1724960 476
1724970 476
1724980 476
1724990 476
1725000 476
1725010 476
1725020 476
1725030 476
1725040 477
1725050 477
1725060 477
1725070 477
1725080 477
1725090 478
1725100 478
1725110 478
1725120 478
1725130 478
1725140 478
1725150 478
1725160 478
1725170 478
1725180 478
1725190 478
1725200 477
1725210 476
1725220 476
1725230 475
1725240 475
1725250 475
1725260 476
1725270 476
1725280 476
1725290 476
1725300 476
1725310 476
1725320 476
1725330 476
1725340 476
1725350 477
1725360 477
1725370 477
1725380 477
1725390 477
1725400 478
1725410 478
1725420 478
1725430 478
1725440 478
1725450 478
1725460 479
1725470 479
1725480 479
1725490 479
1725500 479
1725510 479
1725520 480
1725530 480
1725540 480
1725550 480
1725560 480
1725570 481
1725580 481
1725590 481
1725600 482
1725610 482
1725620 482
1725630 482
1725640 482
1725650 483
1725660 483
1725670 483
1725680 483
1725690 483
1725700 483
1725710 483
1725720 483
1725730 483
1725740 484
1725750 484
1725760 484
1725770 484
1725780 484
1725790 484
1725800 484
1725810 484
1725820 484
1725830 483
1725840 483
1725850 483
1725860 484
1725870 485
1725880 485
1725890 485
1725900 485
1725910 485
1725920 485
1725930 485
1725940 486
1725950 486
1725960 486
1725970 486
1725980 486
1725990 486
1726000 486
1726010 486
1726020 486
1726030 486
1726040 486
1726050 486
1726060 486
1726070 486
1726080 486
1726090 486
1726100 486
1726110 486
1726120 486
1726130 486
1726140 486
1726150 486
1726160 485
1726170 484
1726180 483
1726190 483
1726200 483
1726210 482
1726220 482
1726230 482
1726240 481
1726250 481
1726260 480
1726270 480
1726280 479
1726290 479
1726300 479
1726310 479
1726320 479
1726330 479
1726340 479
1726350 479
1726360 480
1726370 481
1726380 482
1726390 484
1726400 486
1726410 488
1726420 491
1726430 493
1726440 494
1726450 496
1726460 497
1726470 498
1726480 499
1726490 499
1726500 500
1726510 501
1726520 502
1726530 503
1726540 504
1726550 505
1726560 505
1726570 506
1726580 507
1726590 508
1726600 508
1726610 509
1726620 509
1726630 510
1726640 511
1726650 511
1726660 512
1726670 512
1726680 513
1726690 513
1726700 514
1726710 514
1726720 515
1726730 515
1726740 515
1726750 516
1726760 516
1726770 517
1726780 517
1726790 517
1726800 518
1726810 518
1726820 519
1726830 519
1726840 519
1726850 519
1726860 520
1726870 520
1726880 520
1726890 520
1726900 520
1726910 520
1726920 521
1726930 521
1726940 521
1726950 521
1726960 522
1726970 522
1726980 522
1726990 522
1727000 522
1727010 522
1727020 522
1727030 522
1727040 521
1727050 521
1727060 521
1727070 520
1727080 520
1727090 520
1727100 519
1727110 519
1727120 519
1727130 518
1727140 518
1727150 518
1727160 517
1727170 517
1727180 517
1727190 516
1727200 516
1727210 516
1727220 515
1727230 515
1727240 514
1727250 514
1727260 514
1727270 514
1727280 513
1727290 513
1727300 513
1727310 513
1727320 512
1727330 512
1727340 512
1727350 511
1727360 511
1727370 510
1727380 510
1727390 509
1727400 509
1727410 508
1727420 508
1727430 507
1727440 507
1727450 507
1727460 506
1727470 506
1727480 506
1727490 506
1727500 505
1727510 505
1727520 505
1727530 505
1727540 505
1727550 504
1727560 504
1727570 504
1727580 504
1727590 504
1727600 504
1727610 504
1727620 503
1727630 503
1727640 503
1727650 503
1727660 503
1727670 503
1727680 503
1727690 502
1727700 502
1727710 502
1727720 502
1727730 502
1727740 503
1727750 503
1727760 503
1727770 503
1727780 503
1727790 503
1727800 503
1727810 503
1727820 503
1727830 503
1727840 503
1727850 503
1727860 503
1727870 503
1727880 503
1727890 503
1727900 503
1727910 503
1727920 503
1727930 503
1727940 503
1727950 503
1727960 503
1727970 503
1727980 504
1727990 504
1728000 504
1728010 504
1728020 505
1728030 505
1728040 505
1728050 505
1728060 506
1728070 506
1728080 506
1728090 507
1728100 507
1728110 508
1728120 508
1728130 508
1728140 509
1728150 509
1728160 510
1728170 510
1728180 511
1728190 511
1728200 512
1728210 512
1728220 513
1728230 513
1728240 513
1728250 514
1728260 514
1728270 515
1728280 515
1728290 516
1728300 517
1728310 517
1728320 518
1728330 518
1728340 519
1728350 520
1728360 521
1728370 522
1728380 522
1728390 523
1728400 524
1728410 525
1728420 526
1728430 527
1728440 528
1728450 529
1728460 530
1728470 531
1728480 532
1728490 533
1728500 535
1728510 536
1728520 537
1728530 539
1728540 540
1728550 542
1728560 543
1728570 544
1728580 545
1728590 546
1728600 547
1728610 548
1728620 550
1728630 551
1728640 552
1728650 554
1728660 554
1728670 555
1728680 556
1728690 557
1728700 557
1728710 557
1728720 557
1728730 558
1728740 558
1728750 559
1728760 559
1728770 559
1728780 559
1728790 558
1728800 558
1728810 558
1728820 558
1728830 557
1728840 557
1728850 556
1728860 556
1728870 555
1728880 554
1728890 554
1728900 553
1728910 552
1728920 552
1728930 551
1728940 550
1728950 550
1728960 549
1728970 549
1728980 548
1728990 548
1729000 547
1729010 547
1729020 546
1729030 546
1729040 545
1729050 545
1729060 544
1729070 544
1729080 543
1729090 543
1729100 542
1729110 542
1729120 541
1729130 541
1729140 540
1729150 540
1729160 539
1729170 539
1729180 539
1729190 538
1729200 538
1729210 538
1729220 537
1729230 537
1729240 537
1729250 536
1729260 536
1729270 535
1729280 535
1729290 535
1729300 535
1729310 534
1729320 534
1729330 534
1729340 534
1729350 533
1729360 533
1729370 532
1729380 532
1729390 532
1729400 532
1729410 531
1729420 531
1729430 531
1729440 531
1729450 530
1729460 530
1729470 529
1729480 529
1729490 529
1729500 529
1729510 528
1729520 528
1729530 528
1729540 528
1729550 527
1729560 527
1729570 527
1729580 527
1729590 527
1729600 527
1729610 526
1729620 526
1729630 526
1729640 526
1729650 526
1729660 525
1729670 525
1729680 525
1729690 525
1729700 524
1729710 524
1729720 524
1729730 524
1729740 523
1729750 523
1729760 523
1729770 523
1729780 523
1729790 523
1729800 522
1729810 522
1729820 522
1729830 522
1729840 522
1729850 522
1729860 522
1729870 521
1729880 521
1729890 521
1729900 521
1729910 521
1729920 520
1729930 520
1729940 520
1729950 520
1729960 519
1729970 519
1729980 519
1729990 519
1730000 519
1730010 519
1730020 518
1730030 518
1730040 518
1730050 518
1730060 518
1730070 518
1730080 518
1730090 517
1730100 517
1730110 517
1730120 517
1730130 517
1730140 517
1730150 517
1730160 517
1730170 517
1730180 516
1730190 516
1730200 516
1730210 515
1730220 515
1730230 515
1730240 514
1730250 514
1730260 514
1730270 513
1730280 513
1730290 513
1730300 513
1730310 513
1730320 514
1730330 514
1730340 515
1730350 515
1730360 516
1730370 516
1730380 516
1730390 516
1730400 516
1730410 516
1730420 516
1730430 515
1730440 515
1730450 515
1730460 514
1730470 514
1730480 514
1730490 513
1730500 513
1730510 513
1730520 512
1730530 512
1730540 512
1730550 511
1730560 511
1730570 511
1730580 511
1730590 510
1730600 509
1730610 509
1730620 508
1730630 508
1730640 508
1730650 507
1730660 507
1730670 507
1730680 506
1730690 506
1730700 505
1730710 505
1730720 504
1730730 504
1730740 503
1730750 503
1730760 502
1730770 502
1730780 502
1730790 501
1730800 501
1730810 501
1730820 500
1730830 500
1730840 500
1730850 499
1730860 499
1730870 499
1730880 498
1730890 498
1730900 498
1730910 498
1730920 497
1730930 497
1730940 497
1730950 497
1730960 497
1730970 497
1730980 497
1730990 496
1731000 495
1731010 495
1731020 495
1731030 494
1731040 494
1731050 493
1731060 493
1731070 492
1731080 491
1731090 490
1731100 489
1731110 488
1731120 487
1731130 487
1731140 487
1731150 487
1731160 486
1731170 486
1731180 485
1731190 484
1731200 483
1731210 482
1731220 480
1731230 479
1731240 478
1731250 477
1731260 476
1731270 476
1731280 477
1731290 479
1731300 480
1731310 481
1731320 483
1731330 484
1731340 486
1731350 487
1731360 489
1731370 490
1731380 491
1731390 492
1731400 492
1731410 493
1731420 494
1731430 494
1731440 495
1731450 495
1731460 496
1731470 496
1731480 497
1731490 497
1731500 497
1731510 497
1731520 497
1731530 498
1731540 498
1731550 498
1731560 498
1731570 498
1731580 498
1731590 498
1731600 498
1731610 498
1731620 498
1731630 497
1731640 497
1731650 497
1731660 497
1731670 497
1731680 497
1731690 497
1731700 497
1731710 497
1731720 497
1731730 497
1731740 497
1731750 497
1731760 497
1731770 497
1731780 497
1731790 497
1731800 496
1731810 496
1731820 495
1731830 495
1731840 495
1731850 495
1731860 495
1731870 496
1731880 496
1731890 496
1731900 496
1731910 497
1731920 497
1731930 497
1731940 497
1731950 498
1731960 498
1731970 499
1731980 499
1731990 499
1732000 499
1732010 500
1732020 500
1732030 500
1732040 500
1732050 500
1732060 500
1732070 500
1732080 500
1732090 500
1732100 501
1732110 501
1732120 501
1732130 501
1732140 501
1732150 501
1732160 501
1732170 500
1732180 500
1732190 499
1732200 499
1732210 498
1732220 497
1732230 496
1732240 495
1732250 494
1732260 494
1732270 493
1732280 492
1732290 491
1732300 490
1732310 489
1732320 488
1732330 487
1732340 486
1732350 485
1732360 484
1732370 482
1732380 481
1732390 479
1732400 477
1732410 475
1732420 472
1732430 469
1732440 466
1732450 463
1732460 461
1732470 460
1732480 458
1732490 457
1732500 455
1732510 454
1732520 452
1732530 451
1732540 449
1732550 447
1732560 446
1732570 444
1732580 442
1732590 440
1732600 438
1732610 435
1732620 431
1732630 430
1732640 428
1732650 428
1732660 428
1732670 429
1732680 431
1732690 432
1732700 432
1732710 432
1732720 432
1732730 433
1732740 433
1732750 434
1732760 434
1732770 434
1732780 435
1732790 435
1732800 435
1732810 436
1732820 436
1732830 436
1732840 436
1732850 437
1732860 438
1732870 439
1732880 440
1732890 441
1732900 441
1732910 440
1732920 440
1732930 438
1732940 436
1732950 433
1732960 432
1732970 431
1732980 430
1732990 429
1733000 427
1733010 426
1733020 425
1733030 426
1733040 426
1733050 425
1733060 424
1733070 423
1733080 422
1733090 421
1733100 419
1733110 417
1733120 416
1733130 413
1733140 411
1733150 410
1733160 411
1733170 412
1733180 412
1733190 411
1733200 411
1733210 412
1733220 412
1733230 413
1733240 415
1733250 416
1733260 418
1733270 420
1733280 422
1733290 425
1733300 427
1733310 429
1733320 431
1733330 433
1733340 436
1733350 438
1733360 440
1733370 441
1733380 443
1733390 444
1733400 445
1733410 446
1733420 447
1733430 448
1733440 448
1733450 448
1733460 448
1733470 448
1733480 447
1733490 447
1733500 446
1733510 446
1733520 445
1733530 445
1733540 445
1733550 444
1733560 443
1733570 442
1733580 441
1733590 441
1733600 442
1733610 444
1733620 445
1733630 445
1733640 446
1733650 446
1733660 445
1733670 444
1733680 443
1733690 443
1733700 442
1733710 442
1733720 441
1733730 441
1733740 440
1733750 439
1733760 438
1733770 438
1733780 436
1733790 433
1733800 430
1733810 428
1733820 425
1733830 423
1733840 420
1733850 418
1733860 415
1733870 412
1733880 409
1733890 406
1733900 404
1733910 402
1733920 399
1733930 397
1733940 395
1733950 393
1733960 392
1733970 391
1733980 390
1733990 389
1734000 388
1734010 388
1734020 387
1734030 387
1734040 386
1734050 386
1734060 385
1734070 384
1734080 383
1734090 382
1734100 382
1734110 382
1734120 381
1734130 381
1734140 380
1734150 380
1734160 380
1734170 379
1734180 379
1734190 378
1734200 378
1734210 378
1734220 378
1734230 377
1734240 377
1734250 377
1734260 377
1734270 376
1734280 376
1734290 376
1734300 376
1734310 376
1734320 375
1734330 374
1734340 374
1734350 374
1734360 374
1734370 374
1734380 374
1734390 374
1734400 377
1734410 381
1734420 384
1734430 386
1734440 387
1734450 388
1734460 388
1734470 388
1734480 388
1734490 388
1734500 388
1734510 388
1734520 388
1734530 388
1734540 388
1734550 388
1734560 388
1734570 387
1734580 387
1734590 387
1734600 387
1734610 388
1734620 388
1734630 388
1734640 387
1734650 387
1734660 387
1734670 387
1734680 387
1734690 387
1734700 387
1734710 387
1734720 387
1734730 387
1734740 386
1734750 386
1734760 386
1734770 386
1734780 386
1734790 386
1734800 386
1734810 386
1734820 386
1734830 386
1734840 386
1734850 386
1734860 386
1734870 386
1734880 385
1734890 385
1734900 385
1734910 385
1734920 385
1734930 384
1734940 384
1734950 384
1734960 383
1734970 383
1734980 383
1734990 382
1735000 382
1735010 382
1735020 382
1735030 381
1735040 381
1735050 381
1735060 381
1735070 381
1735080 381
1735090 380
1735100 380
1735110 380
1735120 380
1735130 379
1735140 379
1735150 379
1735160 379
1735170 379
1735180 378
1735190 378
1735200 378
1735210 378
1735220 378
1735230 377
1735240 377
1735250 376
1735260 376
1735270 376
1735280 375
1735290 375
1735300 374
1735310 374
1735320 374
1735330 374
1735340 374
1735350 374
1735360 374
1735370 374
1735380 373
1735390 372
1735400 372
1735410 372
1735420 372
1735430 373
1735440 375
1735450 378
1735460 383
1735470 388
1735480 393
1735490 398
1735500 403
1735510 407
1735520 411
1735530 414
1735540 417
1735550 419
1735560 422
1735570 425
1735580 427
1735590 430
1735600 432
1735610 433
1735620 434
1735630 434
1735640 435
1735650 435
1735660 436
1735670 436
1735680 436
1735690 436
1735700 436
1735710 436
1735720 436
1735730 436
1735740 436
1735750 436
1735760 436
1735770 436
1735780 436
1735790 436
1735800 436
1735810 436
1735820 436
1735830 436
1735840 436
1735850 436
1735860 436
1735870 436
1735880 436
1735890 436
1735900 436
1735910 436
1735920 436
1735930 436
1735940 436
1735950 436
1735960 437
1735970 437
1735980 437
1735990 437
1736000 437
1736010 437
1736020 437
1736030 437
1736040 437
1736050 436
1736060 436
1736070 436
1736080 436
1736090 436
1736100 436
1736110 436
1736120 436
1736130 436
1736140 435
1736150 435
1736160 435
1736170 434
1736180 434
1736190 433
1736200 433
1736210 433
1736220 432
1736230 432
1736240 431
1736250 431
1736260 429
1736270 427
1736280 425
1736290 422
1736300 420
1736310 419
1736320 417
1736330 415
1736340 412
1736350 409
1736360 407
1736370 404
1736380 401
1736390 397
1736400 393
1736410 390
1736420 391
1736430 393
1736440 395
1736450 396
1736460 395
1736470 391
1736480 387
1736490 382
1736500 380
1736510 378
1736520 377
1736530 376
1736540 375
1736550 374
1736560 373
1736570 373
1736580 372
1736590 372
1736600 372
1736610 372
1736620 372
1736630 372
1736640 372
1736650 372
1736660 372
1736670 372
1736680 371
1736690 371
1736700 371
1736710 371
1736720 371
1736730 371
1736740 371
1736750 371
1736760 371
1736770 371
1736780 371
1736790 372
1736800 372
1736810 372
1736820 372
1736830 372
1736840 372
1736850 372
1736860 372
1736870 372
1736880 372
1736890 372
1736900 372
1736910 372
1736920 372
1736930 372
1736940 372
1736950 372
1736960 372
1736970 372
1736980 372
1736990 372
1737000 372
1737010 372
1737020 372
1737030 372
1737040 372
1737050 372
1737060 372
1737070 372
1737080 372
1737090 372
1737100 372
1737110 372
1737120 372
1737130 372
1737140 372
1737150 372
1737160 372
1737170 372
1737180 372
1737190 371
1737200 371
1737210 371
1737220 371
1737230 371
1737240 371
1737250 371
1737260 371
1737270 371
1737280 371
1737290 371
1737300 371
1737310 371
1737320 371
1737330 371
1737340 371
1737350 371
1737360 371
1737370 371
1737380 371
1737390 371
1737400 371
1737410 371
1737420 371
1737430 371
1737440 371
1737450 371
1737460 371
1737470 371
1737480 371
1737490 371
1737500 371
1737510 371
1737520 371
1737530 371
1737540 371
1737550 371
1737560 371
1737570 371
1737580 371
1737590 371
1737600 371
1737610 371
1737620 371
1737630 371
1737640 371
1737650 371
1737660 371
1737670 371
1737680 371
1737690 371
1737700 371
1737710 371
1737720 371
1737730 370
1737740 370
1737750 369
1737760 369
1737770 369
1737780 369
1737790 370
1737800 370
1737810 370
1737820 370
1737830 371
1737840 371
1737850 371
1737860 371
1737870 371
1737880 371
1737890 371
1737900 371
1737910 371
1737920 371
1737930 371
1737940 371
1737950 371
1737960 371
1737970 371
1737980 371
1737990 371
1738000 371
1738010 371
1738020 371
1738030 371
1738040 371
1738050 371
1738060 371
1738070 371
1738080 371
1738090 371
1738100 371
1738110 371
1738120 371
1738130 371
1738140 370
1738150 370
1738160 370
1738170 369
1738180 369
1738190 369
1738200 369
1738210 369
1738220 369
1738230 369
1738240 369
1738250 369
1738260 369
1738270 369
1738280 370
1738290 370
1738300 370
1738310 370
1738320 370
1738330 370
1738340 370
1738350 370
1738360 370
1738370 370
1738380 371
1738390 371
1738400 371
1738410 371
1738420 371
1738430 371
1738440 371
1738450 372
1738460 373
1738470 373
1738480 375
1738490 375
1738500 376
1738510 377
1738520 378
1738530 379
1738540 381
1738550 383
1738560 385
1738570 388
1738580 389
1738590 392
1738600 395
1738610 398
1738620 401
1738630 404
1738640 407
1738650 410
1738660 414
1738670 417
1738680 420
1738690 424
1738700 427
1738710 430
1738720 433
1738730 437
1738740 441
1738750 444
1738760 446
1738770 448
1738780 448
1738790 448
1738800 449
1738810 449
1738820 449
1738830 449
1738840 449
1738850 449
1738860 449
1738870 449
1738880 449
1738890 449
1738900 449
1738910 449
1738920 449
1738930 449
1738940 449
1738950 449
1738960 449
1738970 449
1738980 449
1738990 449
1739000 449
1739010 449
1739020 448
1739030 448
1739040 448
1739050 447
1739060 447
1739070 447
1739080 446
1739090 446
1739100 445
1739110 445
1739120 445
1739130 444
1739140 444
1739150 443
1739160 443
1739170 443
1739180 443
1739190 443
1739200 443
1739210 443
1739220 442
1739230 441
1739240 441
1739250 440
1739260 440
1739270 440
1739280 440
1739290 439
1739300 439
1739310 439
1739320 439
1739330 439
1739340 439
1739350 438
1739360 438
1739370 438
1739380 438
1739390 438
1739400 438
1739410 438
1739420 437
1739430 437
1739440 437
1739450 437
1739460 437
1739470 437
1739480 436
1739490 436
1739500 436
1739510 436
1739520 436
1739530 436
1739540 436
1739550 435
1739560 435
1739570 435
1739580 435
1739590 435
1739600 435
1739610 435
1739620 434
1739630 434
1739640 434
1739650 434
1739660 434
1739670 434
1739680 433
1739690 433
1739700 433
1739710 433
1739720 432
1739730 432
1739740 432
1739750 432
1739760 432
1739770 432
1739780 432
1739790 431
1739800 431
1739810 431
1739820 431
1739830 431
1739840 430
1739850 430
1739860 430
1739870 430
1739880 430
1739890 430
1739900 429
1739910 429
1739920 429
1739930 429
1739940 429
1739950 429
1739960 427
1739970 426
1739980 426
1739990 426
