1720000 458
1720010 459
1720020 460
1720030 460
1720040 460
1720050 461
1720060 461
1720070 461
1720080 461
1720090 462
1720100 462
1720110 462
1720120 463
1720130 463
1720140 464
1720150 464
1720160 465
1720170 465
1720180 465
1720190 465
1720200 466
1720210 466
1720220 466
1720230 467
1720240 467
1720250 467
1720260 467
1720270 467
1720280 467
1720290 467
1720300 466
1720310 466
1720320 466
1720330 466
1720340 466
1720350 466
1720360 465
1720370 465
1720380 465
1720390 465
1720400 465
1720410 465
1720420 465
1720430 465
1720440 465
1720450 465
1720460 465
1720470 465
1720480 465
1720490 465
1720500 465
1720510 465
1720520 465
1720530 465
1720540 465
1720550 465
1720560 465
1720570 464
1720580 464
1720590 464
1720600 464
1720610 464
1720620 464
1720630 463
1720640 463
1720650 463
1720660 463
1720670 463
1720680 463
1720690 463
1720700 463
1720710 463
1720720 462
1720730 462
1720740 462
1720750 462
1720760 462
1720770 462
1720780 462
1720790 462
1720800 462
1720810 462
1720820 462
1720830 463
1720840 463
1720850 463
1720860 463
1720870 463
1720880 463
1720890 464
1720900 464
1720910 464
1720920 464
1720930 465
1720940 465
1720950 466
1720960 466
1720970 466
1720980 466
1720990 466
1721000 466
1721010 467
1721020 467
1721030 467
1721040 468
1721050 468
1721060 468
1721070 468
1721080 469
1721090 469
1721100 469
1721110 469
1721120 469
1721130 469
1721140 470
1721150 470
1721160 470
1721170 470
1721180 470
1721190 471
1721200 471
1721210 471
1721220 471
1721230 471
1721240 472
1721250 472
1721260 472
1721270 472
1721280 472
1721290 472
1721300 472
1721310 472
1721320 472
1721330 472
1721340 472
1721350 471
1721360 471
1721370 471
1721380 471
1721390 471
1721400 471
1721410 470
1721420 470
1721430 470
1721440 470
1721450 470
1721460 469
1721470 469
1721480 469
1721490 469
1721500 469
1721510 469
1721520 468
1721530 468
1721540 467
1721550 467
1721560 467
1721570 467
1721580 466
1721590 466
1721600 466
1721610 466
1721620 465
1721630 465
1721640 465
1721650 465
1721660 465
1721670 464
1721680 464
1721690 464
1721700 464
1721710 463
1721720 463
1721730 463
1721740 462
1721750 462
1721760 462
1721770 462
1721780 462
1721790 461
1721800 461
1721810 461
1721820 460
1721830 459
1721840 458
1721850 457
1721860 456
1721870 456
1721880 455
1721890 455
1721900 454
1721910 453
1721920 453
1721930 452
1721940 452
1721950 451
1721960 451
1721970 450
1721980 449
1721990 449
1722000 448
1722010 448
1722020 447
1722030 447
1722040 447
1722050 447
1722060 447
1722070 447
1722080 447
1722090 446
1722100 445
1722110 444
1722120 443
1722130 443
1722140 442
1722150 442
1722160 442
1722170 441
1722180 441
1722190 441
1722200 440
1722210 440
1722220 440
1722230 439
1722240 439
1722250 439
1722260 439
1722270 438
1722280 438
1722290 437
1722300 437
1722310 436
1722320 434
1722330 432
1722340 428
1722350 428
1722360 429
1722370 430
1722380 432
1722390 433
1722400 436
1722410 439
1722420 441
1722430 441
1722440 441
1722450 441
1722460 440
1722470 439
1722480 438
1722490 437
1722500 436
1722510 435
1722520 434
1722530 433
1722540 432
1722550 430
1722560 429
1722570 427
1722580 426
1722590 424
1722600 422
1722610 417
1722620 413
1722630 408
1722640 407
1722650 407
1722660 407
1722670 407
1722680 408
1722690 408
1722700 408
1722710 408
1722720 408
1722730 408
1722740 408
1722750 408
1722760 408
1722770 408
1722780 408
1722790 408
1722800 408
1722810 408
1722820 408
1722830 408
1722840 408
1722850 408
1722860 408
1722870 408
1722880 408
1722890 408
1722900 408
1722910 408
1722920 408
1722930 408
1722940 410
1722950 413
1722960 416
1722970 418
1722980 421
1722990 423
1723000 426
1723010 428
1723020 430
1723030 432
1723040 434
1723050 436
1723060 437
1723070 438
1723080 440
1723090 441
1723100 441
1723110 442
1723120 443
1723130 444
1723140 445
1723150 445
1723160 446
1723170 446
1723180 446
1723190 446
1723200 446
1723210 446
1723220 446
1723230 446
1723240 447
1723250 447
1723260 447
1723270 447
1723280 448
1723290 448
1723300 448
1723310 448
1723320 449
1723330 449
1723340 449
1723350 450
1723360 450
1723370 450
1723380 451
1723390 451
1723400 452
1723410 453
1723420 453
1723430 454
1723440 455
1723450 455
1723460 456
1723470 457
1723480 457
1723490 458
1723500 459
1723510 460
1723520 461
1723530 462
1723540 463
1723550 464
1723560 465
1723570 466
1723580 466
1723590 467
1723600 468
1723610 469
1723620 469
1723630 470
1723640 470
1723650 470
1723660 471
1723670 471
1723680 471
1723690 472
1723700 472
1723710 473
1723720 473
1723730 474
1723740 474
1723750 475
1723760 475
1723770 476
1723780 476
1723790 477
1723800 477
1723810 478
1723820 479
1723830 479
1723840 480
1723850 480
1723860 481
1723870 482
1723880 482
1723890 483
1723900 484
1723910 484
1723920 485
1723930 485
1723940 486
1723950 486
1723960 487
1723970 488
1723980 488
1723990 489
1724000 489
1724010 490
1724020 490
1724030 490
1724040 491
1724050 491
1724060 491
1724070 492
1724080 492
1724090 492
1724100 492
1724110 492
1724120 493
1724130 493
1724140 493
1724150 493
1724160 493
1724170 493
1724180 493
1724190 493
1724200 494
1724210 494
1724220 494
1724230 494
1724240 494
1724250 494
1724260 494
1724270 493
1724280 493
1724290 493
1724300 494
1724310 493
1724320 493
1724330 493
1724340 493
1724350 493
1724360 493
1724370 493
1724380 493
1724390 493
1724400 493
1724410 493
1724420 493
1724430 492
1724440 492
1724450 492
1724460 492
1724470 492
1724480 492
1724490 491
1724500 491
1724510 491
1724520 491
1724530 491
1724540 491
1724550 491
1724560 492
1724570 492
1724580 492
1724590 492
1724600 492
1724610 492
1724620 492
1724630 492
1724640 492
1724650 492
1724660 492
1724670 492
1724680 492
1724690 492
1724700 491
1724710 491
1724720 492
1724730 491
1724740 491
1724750 491
1724760 491
1724770 491
1724780 491
1724790 491
1724800 491
1724810 491
1724820 491
1724830 491
1724840 491
1724850 491
1724860 491
1724870 491
1724880 491
1724890 491
1724900 491
1724910 491
1724920 491
1724930 491
1724940 491
1724950 491
1724960 491
1724970 490
1724980 490
1724990 490
1725000 490
1725010 490
1725020 490
1725030 490
1725040 490
1725050 491
1725060 491
1725070 491
1725080 490
1725090 490
1725100 490
1725110 490
1725120 490
1725130 490
1725140 490
1725150 490
1725160 490
1725170 490
1725180 489
1725190 489
1725200 488
1725210 488
1725220 489
1725230 489
1725240 489
1725250 489
1725260 489
1725270 489
1725280 489
1725290 489
1725300 489
1725310 489
1725320 489
1725330 489
1725340 489
1725350 489
1725360 489
1725370 489
1725380 489
1725390 489
1725400 489
1725410 489
1725420 489
1725430 489
1725440 489
1725450 489
1725460 489
1725470 489
1725480 489
1725490 489
1725500 489
1725510 489
1725520 489
1725530 489
1725540 489
1725550 489
1725560 489
1725570 489
1725580 489
1725590 489
1725600 489
1725610 488
1725620 488
1725630 488
1725640 488
1725650 488
1725660 488
1725670 487
1725680 487
1725690 488
1725700 488
1725710 488
1725720 488
1725730 488
1725740 488
1725750 488
1725760 488
1725770 487
1725780 487
1725790 487
1725800 487
1725810 487
1725820 487
1725830 487
1725840 487
1725850 487
1725860 487
1725870 487
1725880 487
1725890 487
1725900 487
1725910 487
1725920 487
1725930 487
1725940 487
1725950 487
1725960 486
1725970 485
1725980 485
1725990 485
1726000 486
1726010 486
1726020 486
1726030 486
1726040 486
1726050 486
1726060 486
1726070 486
1726080 486
1726090 486
1726100 486
1726110 486
1726120 486
1726130 486
1726140 486
1726150 486
1726160 486
1726170 486
1726180 486
1726190 486
1726200 486
1726210 487
1726220 487
1726230 487
1726240 487
1726250 488
1726260 488
1726270 488
1726280 488
1726290 488
1726300 489
1726310 489
1726320 489
1726330 489
1726340 489
1726350 489
1726360 490
1726370 490
1726380 490
1726390 490
1726400 490
1726410 490
1726420 490
1726430 490
1726440 490
1726450 490
1726460 490
1726470 490
1726480 490
1726490 490
1726500 490
1726510 490
1726520 490
1726530 489
1726540 489
1726550 489
1726560 489
1726570 489
1726580 489
1726590 488
1726600 488
1726610 488
1726620 488
1726630 487
1726640 487
1726650 487
1726660 487
1726670 487
1726680 487
1726690 487
1726700 487
1726710 487
1726720 487
1726730 487
1726740 487
1726750 487
1726760 488
1726770 488
1726780 488
1726790 488
1726800 488
1726810 488
1726820 488
1726830 488
1726840 488
1726850 488
1726860 488
1726870 489
1726880 489
1726890 489
1726900 489
1726910 489
1726920 489
1726930 489
1726940 489
1726950 489
1726960 490
1726970 490
1726980 490
1726990 490
1727000 490
1727010 490
1727020 490
1727030 490
1727040 490
1727050 490
1727060 490
1727070 490
1727080 490
1727090 490
1727100 490
1727110 490
1727120 490
1727130 490
1727140 490
1727150 490
1727160 490
1727170 490
1727180 490
1727190 491
1727200 491
1727210 491
1727220 491
1727230 491
1727240 491
1727250 491
1727260 491
1727270 491
1727280 491
1727290 491
1727300 491
1727310 491
1727320 492
1727330 492
1727340 492
1727350 492
1727360 492
1727370 492
1727380 492
1727390 493
1727400 493
1727410 493
1727420 493
1727430 493
1727440 493
1727450 493
1727460 493
1727470 493
1727480 494
1727490 494
1727500 494
1727510 494
1727520 494
1727530 494
1727540 494
1727550 494
1727560 495
1727570 495
1727580 495
1727590 495
1727600 496
1727610 496
1727620 496
1727630 496
1727640 497
1727650 497
1727660 497
1727670 497
1727680 498
1727690 498
1727700 498
1727710 499
1727720 499
1727730 500
1727740 500
1727750 500
1727760 500
1727770 500
1727780 501
1727790 501
1727800 501
1727810 501
1727820 502
1727830 502
1727840 502
1727850 502
1727860 503
1727870 503
1727880 503
1727890 503
1727900 504
1727910 504
1727920 504
1727930 505
1727940 505
1727950 505
1727960 505
1727970 506
1727980 506
1727990 506
1728000 507
1728010 507
1728020 507
1728030 508
1728040 508
1728050 508
1728060 509
1728070 509
1728080 509
1728090 510
1728100 510
1728110 510
1728120 511
1728130 511
1728140 512
1728150 512
1728160 513
1728170 513
1728180 513
1728190 514
1728200 514
1728210 515
1728220 516
1728230 517
1728240 518
1728250 519
1728260 520
1728270 520
1728280 520
1728290 521
1728300 521
1728310 522
1728320 523
1728330 523
1728340 524
1728350 525
1728360 526
1728370 527
1728380 527
1728390 528
1728400 528
1728410 529
1728420 530
1728430 530
1728440 531
1728450 531
1728460 531
1728470 532
1728480 532
1728490 532
1728500 532
1728510 533
1728520 533
1728530 533
1728540 534
1728550 534
1728560 534
1728570 534
1728580 535
1728590 535
1728600 536
1728610 536
1728620 537
1728630 537
1728640 537
1728650 537
1728660 537
1728670 538
1728680 538
1728690 538
1728700 538
1728710 538
1728720 538
1728730 538
1728740 538
1728750 539
1728760 539
1728770 538
1728780 538
1728790 538
1728800 538
1728810 538
1728820 538
1728830 538
1728840 537
1728850 537
1728860 537
1728870 537
1728880 537
1728890 537
1728900 537
1728910 537
1728920 536
1728930 536
1728940 536
1728950 536
1728960 536
1728970 536
1728980 536
1728990 536
1729000 536
1729010 535
1729020 535
1729030 535
1729040 535
1729050 535
1729060 535
1729070 535
1729080 535
1729090 535
1729100 535
1729110 535
1729120 534
1729130 534
1729140 534
1729150 534
1729160 534
1729170 534
1729180 534
1729190 534
1729200 534
1729210 534
1729220 534
1729230 533
1729240 533
1729250 533
1729260 533
1729270 533
1729280 533
1729290 533
1729300 533
1729310 533
1729320 533
1729330 532
1729340 532
1729350 532
1729360 532
1729370 532
1729380 532
1729390 532
1729400 532
1729410 532
1729420 532
1729430 532
1729440 531
1729450 531
1729460 531
1729470 531
1729480 531
1729490 531
1729500 531
1729510 531
1729520 531
1729530 531
1729540 531
1729550 531
1729560 530
1729570 530
1729580 530
1729590 530
1729600 530
1729610 530
1729620 530
1729630 530
1729640 530
1729650 530
1729660 529
1729670 529
1729680 529
1729690 529
1729700 529
1729710 529
1729720 529
1729730 529
1729740 529
1729750 529
1729760 529
1729770 528
1729780 528
1729790 528
1729800 528
1729810 528
1729820 528
1729830 528
1729840 528
1729850 527
1729860 527
1729870 527
1729880 527
1729890 527
1729900 527
1729910 526
1729920 526
1729930 526
1729940 526
1729950 526
1729960 526
1729970 526
1729980 526
1729990 525
1730000 525
1730010 525
1730020 525
1730030 525
1730040 525
1730050 525
1730060 525
1730070 524
1730080 524
1730090 524
1730100 524
1730110 523
1730120 523
1730130 523
1730140 523
1730150 522
1730160 522
1730170 522
1730180 522
1730190 521
1730200 521
1730210 521
1730220 520
1730230 520
1730240 520
1730250 519
1730260 519
1730270 519
1730280 519
1730290 519
1730300 519
1730310 519
1730320 518
1730330 518
1730340 517
1730350 517
1730360 517
1730370 517
1730380 516
1730390 516
1730400 516
1730410 516
1730420 516
1730430 516
1730440 516
1730450 516
1730460 515
1730470 515
1730480 515
1730490 515
1730500 514
1730510 514
1730520 514
1730530 514
1730540 513
1730550 513
1730560 513
1730570 513
1730580 512
1730590 512
1730600 511
1730610 511
1730620 511
1730630 511
1730640 510
1730650 510
1730660 509
1730670 509
1730680 509
1730690 508
1730700 508
1730710 507
1730720 507
1730730 507
1730740 506
1730750 506
1730760 505
1730770 505
1730780 505
1730790 504
1730800 504
1730810 504
1730820 503
1730830 503
1730840 503
1730850 502
1730860 502
1730870 501
1730880 501
1730890 501
1730900 500
1730910 500
1730920 499
1730930 498
1730940 498
1730950 497
1730960 497
1730970 496
1730980 495
1730990 494
1731000 493
1731010 492
1731020 492
1731030 491
1731040 491
1731050 491
1731060 491
1731070 491
1731080 491
1731090 490
1731100 491
1731110 491
1731120 492
1731130 493
1731140 494
1731150 495
1731160 497
1731170 499
1731180 501
1731190 502
1731200 504
1731210 506
1731220 507
1731230 509
1731240 511
1731250 512
1731260 514
1731270 515
1731280 516
1731290 517
1731300 517
1731310 518
1731320 518
1731330 519
1731340 519
1731350 520
1731360 520
1731370 521
1731380 521
1731390 521
1731400 521
1731410 521
1731420 522
1731430 522
1731440 522
1731450 522
1731460 522
1731470 521
1731480 521
1731490 521
1731500 521
1731510 521
1731520 521
1731530 521
1731540 521
1731550 521
1731560 521
1731570 521
1731580 521
1731590 521
1731600 522
1731610 522
1731620 522
1731630 523
1731640 523
1731650 523
1731660 523
1731670 524
1731680 524
1731690 524
1731700 525
1731710 525
1731720 526
1731730 526
1731740 526
1731750 527
1731760 527
1731770 527
1731780 528
1731790 528
1731800 528
1731810 529
1731820 529
1731830 530
1731840 530
1731850 531
1731860 531
1731870 531
1731880 532
1731890 532
1731900 532
1731910 532
1731920 532
1731930 532
1731940 532
1731950 531
1731960 530
1731970 529
1731980 528
1731990 528
1732000 527
1732010 526
1732020 525
1732030 525
1732040 524
1732050 523
1732060 523
1732070 522
1732080 521
1732090 520
1732100 519
1732110 518
1732120 518
1732130 517
1732140 516
1732150 515
1732160 514
1732170 514
1732180 513
1732190 512
1732200 511
1732210 510
1732220 509
1732230 508
1732240 507
1732250 506
1732260 505
1732270 504
1732280 503
1732290 501
1732300 500
1732310 499
1732320 498
1732330 496
1732340 495
1732350 493
1732360 492
1732370 491
1732380 489
1732390 488
1732400 486
1732410 485
1732420 483
1732430 481
1732440 479
1732450 478
1732460 476
1732470 475
1732480 473
1732490 472
1732500 470
1732510 469
1732520 468
1732530 467
1732540 466
1732550 464
1732560 461
1732570 459
1732580 460
1732590 463
1732600 465
1732610 467
1732620 469
1732630 471
1732640 473
1732650 476
1732660 478
1732670 480
1732680 482
1732690 482
1732700 483
1732710 484
1732720 484
1732730 485
1732740 485
1732750 486
1732760 486
1732770 486
1732780 486
1732790 485
1732800 485
1732810 485
1732820 484
1732830 484
1732840 484
1732850 483
1732860 483
1732870 483
1732880 482
1732890 482
1732900 481
1732910 481
1732920 480
1732930 480
1732940 479
1732950 479
1732960 478
1732970 477
1732980 477
1732990 476
1733000 475
1733010 475
1733020 474
1733030 474
1733040 473
1733050 473
1733060 472
1733070 472
1733080 471
1733090 471
1733100 471
1733110 470
1733120 470
1733130 469
1733140 469
1733150 469
1733160 468
1733170 468
1733180 468
1733190 467
1733200 467
1733210 467
1733220 466
1733230 466
1733240 465
1733250 465
1733260 465
1733270 465
1733280 465
1733290 465
1733300 465
1733310 464
1733320 464
1733330 464
1733340 464
1733350 463
1733360 463
1733370 463
1733380 463
1733390 463
1733400 462
1733410 462
1733420 462
1733430 461
1733440 461
1733450 460
1733460 460
1733470 459
1733480 459
1733490 458
1733500 458
1733510 457
1733520 455
1733530 453
1733540 453
1733550 452
1733560 452
1733570 453
1733580 454
1733590 454
1733600 453
1733610 452
1733620 451
1733630 451
1733640 450
1733650 450
1733660 449
1733670 448
1733680 447
1733690 447
1733700 448
1733710 449
1733720 449
1733730 449
1733740 449
1733750 449
1733760 450
1733770 450
1733780 451
1733790 451
1733800 451
1733810 452
1733820 452
1733830 452
1733840 453
1733850 453
1733860 452
1733870 452
1733880 452
1733890 452
1733900 452
1733910 451
1733920 451
1733930 449
1733940 446
1733950 441
1733960 436
1733970 431
1733980 427
1733990 423
1734000 420
1734010 417
1734020 416
1734030 415
1734040 412
1734050 411
1734060 412
1734070 416
1734080 420
1734090 424
1734100 427
1734110 429
1734120 432
1734130 435
1734140 437
1734150 439
1734160 440
1734170 441
1734180 442
1734190 443
1734200 444
1734210 444
1734220 443
1734230 442
1734240 440
1734250 438
1734260 436
1734270 435
1734280 434
1734290 433
1734300 432
1734310 430
1734320 427
1734330 424
1734340 422
1734350 420
1734360 417
1734370 413
1734380 408
1734390 403
1734400 399
1734410 394
1734420 393
1734430 391
1734440 389
1734450 386
1734460 383
1734470 381
1734480 379
1734490 377
1734500 376
1734510 375
1734520 375
1734530 374
1734540 374
1734550 374
1734560 373
1734570 373
1734580 373
1734590 374
1734600 375
1734610 376
1734620 376
1734630 377
1734640 377
1734650 377
1734660 378
1734670 379
1734680 380
1734690 380
1734700 380
1734710 381
1734720 381
1734730 381
1734740 382
1734750 382
1734760 383
1734770 384
1734780 384
1734790 385
1734800 385
1734810 386
1734820 386
1734830 386
1734840 386
1734850 386
1734860 386
1734870 384
1734880 382
1734890 379
1734900 378
1734910 379
1734920 382
1734930 385
1734940 387
1734950 388
1734960 389
1734970 390
1734980 391
1734990 391
1735000 392
1735010 392
1735020 393
1735030 394
1735040 395
1735050 396
1735060 397
1735070 397
1735080 398
1735090 398
1735100 398
1735110 398
1735120 398
1735130 398
1735140 399
1735150 401
1735160 403
1735170 404
1735180 405
1735190 406
1735200 407
1735210 410
1735220 412
1735230 415
1735240 416
1735250 417
1735260 419
1735270 419
1735280 419
1735290 418
1735300 417
1735310 416
1735320 414
1735330 417
1735340 420
1735350 424
1735360 427
1735370 430
1735380 432
1735390 434
1735400 435
1735410 437
1735420 437
1735430 438
1735440 438
1735450 438
1735460 438
1735470 438
1735480 439
1735490 441
1735500 441
1735510 441
1735520 442
1735530 442
1735540 443
1735550 444
1735560 444
1735570 445
1735580 445
1735590 446
1735600 446
1735610 446
1735620 446
1735630 446
1735640 446
1735650 446
1735660 446
1735670 446
1735680 446
1735690 446
1735700 446
1735710 446
1735720 446
1735730 446
1735740 446
1735750 446
1735760 446
1735770 446
1735780 446
1735790 446
1735800 446
1735810 446
1735820 446
1735830 446
1735840 446
1735850 446
1735860 446
1735870 446
1735880 446
1735890 446
1735900 446
1735910 446
1735920 446
1735930 446
1735940 446
1735950 446
1735960 446
1735970 447
1735980 447
1735990 447
1736000 447
1736010 447
1736020 447
1736030 447
1736040 447
1736050 448
1736060 448
1736070 449
1736080 449
1736090 450
1736100 450
1736110 450
1736120 450
1736130 451
1736140 451
1736150 451
1736160 452
1736170 452
1736180 452
1736190 452
1736200 452
1736210 452
1736220 453
1736230 453
1736240 453
1736250 453
1736260 453
1736270 453
1736280 453
1736290 453
1736300 453
1736310 453
1736320 454
1736330 454
1736340 454
1736350 453
1736360 453
1736370 453
1736380 453
1736390 453
1736400 453
1736410 453
1736420 452
1736430 452
1736440 452
1736450 452
1736460 452
1736470 451
1736480 451
1736490 451
1736500 451
1736510 450
1736520 450
1736530 450
1736540 450
1736550 449
1736560 449
1736570 449
1736580 448
1736590 448
1736600 448
1736610 447
1736620 447
1736630 447
1736640 447
1736650 446
1736660 446
1736670 446
1736680 446
1736690 445
1736700 445
1736710 445
1736720 444
1736730 444
1736740 444
1736750 443
1736760 443
1736770 443
1736780 442
1736790 442
1736800 442
1736810 441
1736820 441
1736830 441
1736840 440
1736850 440
1736860 440
1736870 439
1736880 439
1736890 439
1736900 439
1736910 438
1736920 438
1736930 438
1736940 437
1736950 437
1736960 437
1736970 436
1736980 436
1736990 436
1737000 435
1737010 435
1737020 435
1737030 434
1737040 434
1737050 434
1737060 433
1737070 433
1737080 432
1737090 432
1737100 432
1737110 432
1737120 432
1737130 431
1737140 431
1737150 431
1737160 430
1737170 430
1737180 430
1737190 429
1737200 429
1737210 429
1737220 428
1737230 428
1737240 428
1737250 428
1737260 427
1737270 427
1737280 426
1737290 426
1737300 426
1737310 425
1737320 425
1737330 424
1737340 423
1737350 423
1737360 422
1737370 422
1737380 421
1737390 420
1737400 419
1737410 417
1737420 415
1737430 414
1737440 413
1737450 412
1737460 411
1737470 410
1737480 409
1737490 408
1737500 407
1737510 406
1737520 405
1737530 405
1737540 403
1737550 402
1737560 399
1737570 396
1737580 393
1737590 392
1737600 392
1737610 392
1737620 391
1737630 391
1737640 392
1737650 392
1737660 391
1737670 391
1737680 393
1737690 395
1737700 396
1737710 396
1737720 396
1737730 396
1737740 396
1737750 396
1737760 395
1737770 395
1737780 394
1737790 394
1737800 394
1737810 393
1737820 392
1737830 391
1737840 391
1737850 390
1737860 389
1737870 388
1737880 387
1737890 387
1737900 387
1737910 387
1737920 388
1737930 388
1737940 389
1737950 390
1737960 390
1737970 391
1737980 392
1737990 392
1738000 392
1738010 392
1738020 393
1738030 393
1738040 393
1738050 394
1738060 394
1738070 395
1738080 396
1738090 398
1738100 399
1738110 400
1738120 401
1738130 402
1738140 403
1738150 403
1738160 403
1738170 403
1738180 403
1738190 403
1738200 404
1738210 404
1738220 405
1738230 405
1738240 405
1738250 406
1738260 406
1738270 406
1738280 406
1738290 406
1738300 405
1738310 405
1738320 405
1738330 405
1738340 404
1738350 404
1738360 403
1738370 403
1738380 402
1738390 400
1738400 397
1738410 394
1738420 391
1738430 389
1738440 387
1738450 385
1738460 383
1738470 382
1738480 381
1738490 379
1738500 378
1738510 376
1738520 375
1738530 375
1738540 374
1738550 373
1738560 373
1738570 372
1738580 371
1738590 371
1738600 370
1738610 370
1738620 370
1738630 369
1738640 369
1738650 370
1738660 370
1738670 370
1738680 369
1738690 369
1738700 369
1738710 369
1738720 369
1738730 369
1738740 369
1738750 369
1738760 372
1738770 375
1738780 380
1738790 385
1738800 389
1738810 394
1738820 398
1738830 402
1738840 404
1738850 406
1738860 409
1738870 414
1738880 418
1738890 421
1738900 425
1738910 427
1738920 429
1738930 431
1738940 431
1738950 432
1738960 433
1738970 433
1738980 434
1738990 434
1739000 434
1739010 433
1739020 433
1739030 433
1739040 433
1739050 432
1739060 432
1739070 432
1739080 432
1739090 431
1739100 430
1739110 429
1739120 428
1739130 428
1739140 428
1739150 429
1739160 429
1739170 429
1739180 429
1739190 428
1739200 428
1739210 428
1739220 427
1739230 427
1739240 427
1739250 426
1739260 426
1739270 426
1739280 425
1739290 425
1739300 425
1739310 425
1739320 424
1739330 424
1739340 424
1739350 423
1739360 423
1739370 422
1739380 422
1739390 421
1739400 421
1739410 421
1739420 421
1739430 421
1739440 421
1739450 421
1739460 422
1739470 422
1739480 422
1739490 421
1739500 421
1739510 421
1739520 421
1739530 421
1739540 421
1739550 420
1739560 420
1739570 420
1739580 420
1739590 420
1739600 420
1739610 420
1739620 420
1739630 419
1739640 418
1739650 418
1739660 417
1739670 416
1739680 416
1739690 416
1739700 415
1739710 414
1739720 414
1739730 413
1739740 413
1739750 413
1739760 412
1739770 412
1739780 411
1739790 411
1739800 410
1739810 410
1739820 409
1739830 408
1739840 404
1739850 402
1739860 400
1739870 399
1739880 396
1739890 392
1739900 389
1739910 386
1739920 383
1739930 379
1739940 375
1739950 372
1739960 370
1739970 370
1739980 371
1739990 371
