1720000 452
1720010 452
1720020 452
1720030 452
1720040 452
1720050 452
1720060 452
1720070 452
1720080 453
1720090 454
1720100 456
1720110 457
1720120 458
1720130 458
1720140 459
1720150 459
1720160 460
1720170 460
1720180 460
1720190 461
1720200 461
1720210 462
1720220 462
1720230 462
1720240 462
1720250 462
1720260 462
1720270 462
1720280 462
1720290 462
1720300 463
1720310 463
1720320 463
1720330 463
1720340 463
1720350 463
1720360 463
1720370 463
1720380 463
1720390 463
1720400 463
1720410 463
1720420 463
1720430 463
1720440 463
1720450 463
1720460 463
1720470 463
1720480 463
1720490 463
1720500 463
1720510 463
1720520 463
1720530 463
1720540 463
1720550 463
1720560 463
1720570 463
1720580 463
1720590 463
1720600 463
1720610 463
1720620 463
1720630 463
1720640 463
1720650 463
1720660 463
1720670 463
1720680 463
1720690 463
1720700 463
1720710 463
1720720 462
1720730 462
1720740 462
1720750 462
1720760 462
1720770 462
1720780 462
1720790 462
1720800 462
1720810 462
1720820 462
1720830 463
1720840 463
1720850 463
1720860 464
1720870 464
1720880 464
1720890 465
1720900 465
1720910 465
1720920 466
1720930 466
1720940 466
1720950 467
1720960 467
1720970 467
1720980 468
1720990 468
1721000 468
1721010 469
1721020 469
1721030 469
1721040 469
1721050 469
1721060 470
1721070 470
1721080 470
1721090 470
1721100 470
1721110 471
1721120 471
1721130 471
1721140 472
1721150 472
1721160 472
1721170 473
1721180 473
1721190 473
1721200 473
1721210 473
1721220 473
1721230 473
1721240 473
1721250 473
1721260 473
1721270 472
1721280 472
1721290 472
1721300 472
1721310 472
1721320 471
1721330 471
1721340 471
1721350 471
1721360 471
1721370 470
1721380 470
1721390 470
1721400 470
1721410 470
1721420 469
1721430 469
1721440 469
1721450 469
1721460 469
1721470 468
1721480 468
1721490 468
1721500 468
1721510 468
1721520 467
1721530 467
1721540 467
1721550 467
1721560 467
1721570 467
1721580 467
1721590 466
1721600 466
1721610 466
1721620 466
1721630 466
1721640 466
1721650 466
1721660 466
1721670 465
1721680 465
1721690 465
1721700 465
1721710 464
1721720 463
1721730 462
1721740 463
1721750 464
1721760 464
1721770 464
1721780 464
1721790 464
1721800 464
1721810 464
1721820 463
1721830 463
1721840 463
1721850 463
1721860 463
1721870 463
1721880 463
1721890 462
1721900 462
1721910 462
1721920 462
1721930 461
1721940 461
1721950 461
1721960 460
1721970 460
1721980 460
1721990 459
1722000 459
1722010 459
1722020 458
1722030 458
1722040 457
1722050 457
1722060 457
1722070 456
1722080 456
1722090 455
1722100 455
1722110 454
1722120 453
1722130 453
1722140 452
1722150 451
1722160 451
1722170 450
1722180 449
1722190 448
1722200 446
1722210 444
1722220 442
1722230 440
1722240 438
1722250 437
1722260 435
1722270 434
1722280 434
1722290 433
1722300 432
1722310 431
1722320 430
1722330 429
1722340 428
1722350 427
1722360 427
1722370 426
1722380 425
1722390 424
1722400 424
1722410 424
1722420 423
1722430 422
1722440 421
1722450 420
1722460 422
1722470 425
1722480 427
1722490 429
1722500 431
1722510 432
1722520 433
1722530 434
1722540 433
1722550 432
1722560 430
1722570 429
1722580 427
1722590 424
1722600 422
1722610 419
1722620 417
1722630 414
1722640 411
1722650 409
1722660 409
1722670 408
1722680 408
1722690 407
1722700 407
1722710 408
1722720 408
1722730 408
1722740 408
1722750 408
1722760 408
1722770 408
1722780 408
1722790 408
1722800 408
1722810 408
1722820 408
1722830 408
1722840 408
1722850 408
1722860 408
1722870 408
1722880 408
1722890 408
1722900 408
1722910 408
1722920 408
1722930 408
1722940 408
1722950 408
1722960 408
1722970 409
1722980 410
1722990 413
1723000 415
1723010 417
1723020 420
1723030 422
1723040 423
1723050 425
1723060 426
1723070 428
1723080 429
1723090 431
1723100 433
1723110 434
1723120 436
1723130 437
1723140 439
1723150 441
1723160 442
1723170 443
1723180 444
1723190 445
1723200 445
1723210 446
1723220 446
1723230 447
1723240 447
1723250 448
1723260 448
1723270 449
1723280 449
1723290 450
1723300 451
1723310 452
1723320 453
1723330 454
1723340 455
1723350 456
1723360 457
1723370 458
1723380 460
1723390 461
1723400 463
1723410 464
1723420 466
1723430 467
1723440 469
1723450 470
1723460 471
1723470 473
1723480 474
1723490 475
1723500 477
1723510 477
1723520 478
1723530 479
1723540 479
1723550 480
1723560 480
1723570 481
1723580 481
1723590 482
1723600 482
1723610 483
1723620 483
1723630 483
1723640 483
1723650 483
1723660 482
1723670 482
1723680 482
1723690 482
1723700 482
1723710 482
1723720 482
1723730 482
1723740 482
1723750 482
1723760 482
1723770 482
1723780 482
1723790 483
1723800 483
1723810 483
1723820 483
1723830 484
1723840 484
1723850 484
1723860 484
1723870 485
1723880 485
1723890 485
1723900 486
1723910 486
1723920 486
1723930 486
1723940 487
1723950 487
1723960 488
1723970 488
1723980 489
1723990 489
1724000 489
1724010 490
1724020 490
1724030 490
1724040 491
1724050 491
1724060 491
1724070 491
1724080 491
1724090 491
1724100 492
1724110 492
1724120 492
1724130 492
1724140 492
1724150 492
1724160 492
1724170 491
1724180 491
1724190 491
1724200 491
1724210 491
1724220 491
1724230 491
1724240 491
1724250 490
1724260 490
1724270 490
1724280 490
1724290 490
1724300 490
1724310 490
1724320 490
1724330 490
1724340 490
1724350 490
1724360 490
1724370 490
1724380 490
1724390 490
1724400 490
1724410 490
1724420 490
1724430 490
1724440 490
1724450 490
1724460 491
1724470 491
1724480 491
1724490 491
1724500 491
1724510 491
1724520 491
1724530 491
1724540 491
1724550 491
1724560 491
1724570 492
1724580 492
1724590 492
1724600 492
1724610 492
1724620 492
1724630 492
1724640 492
1724650 492
1724660 492
1724670 492
1724680 493
1724690 493
1724700 493
1724710 493
1724720 493
1724730 493
1724740 493
1724750 493
1724760 493
1724770 493
1724780 493
1724790 493
1724800 494
1724810 494
1724820 494
1724830 494
1724840 494
1724850 494
1724860 494
1724870 494
1724880 494
1724890 494
1724900 494
1724910 493
1724920 493
1724930 493
1724940 493
1724950 493
1724960 493
1724970 493
1724980 493
1724990 493
1725000 493
1725010 493
1725020 493
1725030 493
1725040 493
1725050 493
1725060 493
1725070 493
1725080 493
1725090 493
1725100 493
1725110 493
1725120 493
1725130 493
1725140 493
1725150 493
1725160 493
1725170 493
1725180 493
1725190 493
1725200 493
1725210 493
1725220 493
1725230 493
1725240 493
1725250 493
1725260 493
1725270 493
1725280 493
1725290 493
1725300 493
1725310 493
1725320 493
1725330 494
1725340 494
1725350 494
1725360 494
1725370 494
1725380 494
1725390 494
1725400 494
1725410 494
1725420 494
1725430 494
1725440 494
1725450 494
1725460 494
1725470 494
1725480 494
1725490 494
1725500 494
1725510 494
1725520 493
1725530 493
1725540 493
1725550 493
1725560 493
1725570 493
1725580 493
1725590 493
1725600 493
1725610 493
1725620 493
1725630 493
1725640 493
1725650 492
1725660 492
1725670 492
1725680 492
1725690 492
1725700 492
1725710 491
1725720 491
1725730 491
1725740 491
1725750 492
1725760 492
1725770 492
1725780 491
1725790 491
1725800 491
1725810 491
1725820 491
1725830 491
1725840 491
1725850 491
1725860 491
1725870 491
1725880 491
1725890 491
1725900 491
1725910 491
1725920 491
1725930 491
1725940 491
1725950 491
1725960 491
1725970 491
1725980 491
1725990 491
1726000 491
1726010 490
1726020 490
1726030 489
1726040 488
1726050 487
1726060 487
1726070 488
1726080 488
1726090 488
1726100 488
1726110 488
1726120 488
1726130 489
1726140 489
1726150 489
1726160 489
1726170 489
1726180 489
1726190 489
1726200 489
1726210 489
1726220 489
1726230 489
1726240 489
1726250 489
1726260 489
1726270 489
1726280 490
1726290 490
1726300 490
1726310 490
1726320 490
1726330 490
1726340 490
1726350 490
1726360 491
1726370 491
1726380 491
1726390 491
1726400 492
1726410 492
1726420 492
1726430 492
1726440 492
1726450 492
1726460 492
1726470 492
1726480 492
1726490 492
1726500 492
1726510 492
1726520 492
1726530 492
1726540 492
1726550 492
1726560 492
1726570 492
1726580 492
1726590 492
1726600 492
1726610 492
1726620 492
1726630 492
1726640 492
1726650 492
1726660 492
1726670 492
1726680 492
1726690 492
1726700 492
1726710 492
1726720 492
1726730 492
1726740 493
1726750 493
1726760 494
1726770 494
1726780 495
1726790 495
1726800 495
1726810 496
1726820 496
1726830 496
1726840 496
1726850 496
1726860 496
1726870 496
1726880 495
1726890 495
1726900 495
1726910 495
1726920 495
1726930 495
1726940 495
1726950 495
1726960 496
1726970 496
1726980 496
1726990 496
1727000 496
1727010 496
1727020 496
1727030 496
1727040 496
1727050 496
1727060 496
1727070 496
1727080 496
1727090 496
1727100 496
1727110 496
1727120 496
1727130 496
1727140 496
1727150 496
1727160 496
1727170 496
1727180 496
1727190 495
1727200 495
1727210 495
1727220 495
1727230 495
1727240 495
1727250 495
1727260 495
1727270 495
1727280 495
1727290 495
1727300 495
1727310 495
1727320 495
1727330 495
1727340 495
1727350 495
1727360 495
1727370 495
1727380 495
1727390 495
1727400 495
1727410 495
1727420 495
1727430 495
1727440 495
1727450 495
1727460 495
1727470 495
1727480 495
1727490 495
1727500 495
1727510 495
1727520 495
1727530 495
1727540 495
1727550 495
1727560 495
1727570 496
1727580 496
1727590 496
1727600 496
1727610 496
1727620 497
1727630 497
1727640 498
1727650 498
1727660 498
1727670 499
1727680 499
1727690 499
1727700 499
1727710 499
1727720 499
1727730 499
1727740 499
1727750 500
1727760 500
1727770 500
1727780 501
1727790 501
1727800 501
1727810 501
1727820 502
1727830 502
1727840 502
1727850 502
1727860 503
1727870 503
1727880 503
1727890 503
1727900 504
1727910 504
1727920 504
1727930 504
1727940 505
1727950 505
1727960 505
1727970 505
1727980 506
1727990 506
1728000 506
1728010 507
1728020 507
1728030 507
1728040 508
1728050 508
1728060 508
1728070 509
1728080 509
1728090 509
1728100 510
1728110 510
1728120 511
1728130 511
1728140 512
1728150 512
1728160 512
1728170 513
1728180 513
1728190 514
1728200 515
1728210 515
1728220 516
1728230 516
1728240 517
1728250 518
1728260 518
1728270 518
1728280 519
1728290 519
1728300 520
1728310 520
1728320 521
1728330 521
1728340 522
1728350 522
1728360 523
1728370 523
1728380 524
1728390 524
1728400 524
1728410 525
1728420 525
1728430 525
1728440 526
1728450 526
1728460 526
1728470 527
1728480 527
1728490 528
1728500 528
1728510 528
1728520 528
1728530 529
1728540 529
1728550 529
1728560 530
1728570 530
1728580 530
1728590 531
1728600 531
1728610 531
1728620 531
1728630 531
1728640 532
1728650 532
1728660 532
1728670 533
1728680 533
1728690 533
1728700 533
1728710 533
1728720 533
1728730 533
1728740 533
1728750 533
1728760 534
1728770 534
1728780 534
1728790 534
1728800 534
1728810 534
1728820 534
1728830 534
1728840 534
1728850 534
1728860 534
1728870 534
1728880 534
1728890 534
1728900 534
1728910 534
1728920 534
1728930 534
1728940 534
1728950 534
1728960 534
1728970 534
1728980 534
1728990 534
1729000 534
1729010 534
1729020 534
1729030 534
1729040 534
1729050 534
1729060 534
1729070 534
1729080 534
1729090 534
1729100 534
1729110 534
1729120 534
1729130 534
1729140 534
1729150 534
1729160 534
1729170 534
1729180 534
1729190 533
1729200 533
1729210 533
1729220 533
1729230 533
1729240 533
1729250 533
1729260 533
1729270 533
1729280 533
1729290 533
1729300 533
1729310 533
1729320 533
1729330 533
1729340 533
1729350 533
1729360 533
1729370 533
1729380 533
1729390 533
1729400 533
1729410 533
1729420 533
1729430 533
1729440 533
1729450 533
1729460 533
1729470 533
1729480 533
1729490 533
1729500 533
1729510 533
1729520 533
1729530 533
1729540 533
1729550 533
1729560 533
1729570 533
1729580 533
1729590 533
1729600 533
1729610 533
1729620 533
1729630 533
1729640 533
1729650 533
1729660 533
1729670 533
1729680 532
1729690 532
1729700 532
1729710 532
1729720 532
1729730 532
1729740 532
1729750 532
1729760 532
1729770 532
1729780 532
1729790 532
1729800 532
1729810 532
1729820 532
1729830 532
1729840 531
1729850 531
1729860 531
1729870 531
1729880 531
1729890 531
1729900 531
1729910 530
1729920 530
1729930 530
1729940 530
1729950 530
1729960 530
1729970 529
1729980 529
1729990 529
1730000 529
1730010 529
1730020 529
1730030 529
1730040 528
1730050 528
1730060 528
1730070 528
1730080 528
1730090 528
1730100 527
1730110 527
1730120 527
1730130 527
1730140 526
1730150 526
1730160 526
1730170 526
1730180 525
1730190 525
1730200 525
1730210 525
1730220 524
1730230 524
1730240 524
1730250 524
1730260 523
1730270 523
1730280 523
1730290 522
1730300 522
1730310 521
1730320 521
1730330 521
1730340 520
1730350 520
1730360 520
1730370 519
1730380 518
1730390 518
1730400 517
1730410 516
1730420 516
1730430 515
1730440 515
1730450 514
1730460 514
1730470 514
1730480 513
1730490 513
1730500 513
1730510 512
1730520 512
1730530 511
1730540 511
1730550 510
1730560 509
1730570 509
1730580 508
1730590 508
1730600 507
1730610 506
1730620 505
1730630 505
1730640 504
1730650 504
1730660 503
1730670 502
1730680 502
1730690 502
1730700 501
1730710 501
1730720 500
1730730 500
1730740 499
1730750 499
1730760 499
1730770 499
1730780 499
1730790 498
1730800 498
1730810 498
1730820 498
1730830 497
1730840 497
1730850 497
1730860 497
1730870 497
1730880 497
1730890 497
1730900 497
1730910 497
1730920 497
1730930 497
1730940 497
1730950 497
1730960 497
1730970 497
1730980 497
1730990 497
1731000 498
1731010 498
1731020 499
1731030 499
1731040 500
1731050 500
1731060 501
1731070 501
1731080 500
1731090 500
1731100 499
1731110 499
1731120 499
1731130 500
1731140 500
1731150 500
1731160 500
1731170 501
1731180 502
1731190 502
1731200 503
1731210 503
1731220 504
1731230 504
1731240 505
1731250 505
1731260 506
1731270 506
1731280 506
1731290 507
1731300 507
1731310 508
1731320 509
1731330 509
1731340 510
1731350 510
1731360 510
1731370 511
1731380 511
1731390 512
1731400 512
1731410 512
1731420 512
1731430 513
1731440 513
1731450 513
1731460 513
1731470 514
1731480 514
1731490 514
1731500 515
1731510 515
1731520 515
1731530 515
1731540 516
1731550 516
1731560 516
1731570 517
1731580 517
1731590 518
1731600 518
1731610 519
1731620 519
1731630 519
1731640 520
1731650 520
1731660 520
1731670 521
1731680 521
1731690 522
1731700 522
1731710 523
1731720 523
1731730 524
1731740 524
1731750 525
1731760 525
1731770 526
1731780 526
1731790 526
1731800 527
1731810 527
1731820 527
1731830 527
1731840 527
1731850 527
1731860 527
1731870 527
1731880 527
1731890 527
1731900 526
1731910 526
1731920 525
1731930 525
1731940 524
1731950 524
1731960 523
1731970 523
1731980 522
1731990 522
1732000 521
1732010 520
1732020 520
1732030 519
1732040 518
1732050 518
1732060 517
1732070 516
1732080 515
1732090 515
1732100 514
1732110 513
1732120 512
1732130 511
1732140 511
1732150 510
1732160 509
1732170 508
1732180 507
1732190 506
1732200 505
1732210 505
1732220 504
1732230 503
1732240 501
1732250 500
1732260 499
1732270 498
1732280 497
1732290 496
1732300 495
1732310 493
1732320 492
1732330 490
1732340 488
1732350 487
1732360 486
1732370 484
1732380 483
1732390 482
1732400 481
1732410 479
1732420 478
1732430 477
1732440 477
1732450 476
1732460 475
1732470 474
1732480 473
1732490 472
1732500 470
1732510 470
1732520 470
1732530 468
1732540 469
1732550 470
1732560 474
1732570 477
1732580 479
1732590 481
1732600 482
1732610 484
1732620 485
1732630 486
1732640 486
1732650 487
1732660 488
1732670 489
1732680 489
1732690 490
1732700 490
1732710 491
1732720 491
1732730 491
1732740 490
1732750 490
1732760 490
1732770 490
1732780 489
1732790 489
1732800 488
1732810 488
1732820 487
1732830 487
1732840 486
1732850 486
1732860 485
1732870 485
1732880 484
1732890 484
1732900 483
1732910 483
1732920 482
1732930 482
1732940 481
1732950 481
1732960 480
1732970 480
1732980 479
1732990 479
1733000 478
1733010 478
1733020 477
1733030 477
1733040 476
1733050 476
1733060 475
1733070 475
1733080 474
1733090 474
1733100 473
1733110 473
1733120 472
1733130 472
1733140 471
1733150 471
1733160 471
1733170 470
1733180 470
1733190 469
1733200 469
1733210 468
1733220 468
1733230 468
1733240 467
1733250 467
1733260 467
1733270 466
1733280 466
1733290 466
1733300 465
1733310 465
1733320 464
1733330 464
1733340 464
1733350 464
1733360 464
1733370 463
1733380 463
1733390 463
1733400 463
1733410 463
1733420 462
1733430 462
1733440 462
1733450 461
1733460 461
1733470 461
1733480 461
1733490 461
1733500 460
1733510 460
1733520 460
1733530 460
1733540 460
1733550 460
1733560 460
1733570 459
1733580 459
1733590 459
1733600 459
1733610 458
1733620 459
1733630 459
1733640 460
1733650 460
1733660 460
1733670 460
1733680 459
1733690 459
1733700 458
1733710 458
1733720 457
1733730 457
1733740 457
1733750 457
1733760 457
1733770 457
1733780 456
1733790 456
1733800 456
1733810 455
1733820 455
1733830 455
1733840 454
1733850 454
1733860 453
1733870 452
1733880 448
1733890 444
1733900 439
1733910 435
1733920 433
1733930 430
1733940 428
1733950 426
1733960 424
1733970 424
1733980 425
1733990 426
1734000 428
1734010 432
1734020 436
1734030 440
1734040 443
1734050 446
1734060 449
1734070 451
1734080 453
1734090 454
1734100 455
1734110 455
1734120 455
1734130 455
1734140 455
1734150 454
1734160 454
1734170 454
1734180 454
1734190 454
1734200 454
1734210 454
1734220 454
1734230 453
1734240 453
1734250 453
1734260 453
1734270 452
1734280 452
1734290 452
1734300 451
1734310 450
1734320 450
1734330 449
1734340 449
1734350 448
1734360 448
1734370 447
1734380 446
1734390 446
1734400 446
1734410 446
1734420 446
1734430 446
1734440 446
1734450 446
1734460 446
1734470 446
1734480 446
1734490 446
1734500 447
1734510 447
1734520 447
1734530 447
1734540 447
1734550 447
1734560 447
1734570 447
1734580 447
1734590 447
1734600 447
1734610 446
1734620 446
1734630 446
1734640 445
1734650 444
1734660 443
1734670 441
1734680 439
1734690 437
1734700 435
1734710 432
1734720 429
1734730 427
1734740 424
1734750 421
1734760 418
1734770 415
1734780 413
1734790 409
1734800 407
1734810 407
1734820 408
1734830 410
1734840 411
1734850 414
1734860 416
1734870 419
1734880 421
1734890 423
1734900 425
1734910 427
1734920 429
1734930 431
1734940 433
1734950 436
1734960 438
1734970 441
1734980 443
1734990 445
1735000 447
1735010 448
1735020 449
1735030 450
1735040 451
1735050 451
1735060 452
1735070 453
1735080 453
1735090 454
1735100 454
1735110 455
1735120 455
1735130 455
1735140 456
1735150 456
1735160 456
1735170 456
1735180 456
1735190 457
1735200 457
1735210 457
1735220 457
1735230 457
1735240 457
1735250 457
1735260 457
1735270 457
1735280 457
1735290 456
1735300 456
1735310 456
1735320 456
1735330 456
1735340 456
1735350 455
1735360 455
1735370 455
1735380 455
1735390 455
1735400 455
1735410 454
1735420 454
1735430 454
1735440 454
1735450 455
1735460 455
1735470 455
1735480 455
1735490 455
1735500 455
1735510 455
1735520 455
1735530 455
1735540 455
1735550 455
1735560 455
1735570 455
1735580 455
1735590 454
1735600 454
1735610 454
1735620 454
1735630 455
1735640 455
1735650 455
1735660 455
1735670 455
1735680 454
1735690 454
1735700 454
1735710 454
1735720 454
1735730 454
1735740 454
1735750 454
1735760 454
1735770 454
1735780 454
1735790 454
1735800 454
1735810 454
1735820 454
1735830 454
1735840 454
1735850 454
1735860 454
1735870 454
1735880 454
1735890 454
1735900 453
1735910 453
1735920 453
1735930 454
1735940 454
1735950 453
1735960 453
1735970 453
1735980 453
1735990 453
1736000 453
1736010 453
1736020 453
1736030 453
1736040 453
1736050 453
1736060 453
1736070 453
1736080 453
1736090 453
1736100 453
1736110 453
1736120 453
1736130 453
1736140 453
1736150 453
1736160 453
1736170 452
1736180 452
1736190 452
1736200 452
1736210 452
1736220 452
1736230 452
1736240 452
1736250 452
1736260 452
1736270 452
1736280 451
1736290 451
1736300 451
1736310 451
1736320 451
1736330 451
1736340 450
1736350 450
1736360 450
1736370 450
1736380 449
1736390 449
1736400 449
1736410 448
1736420 448
1736430 447
1736440 447
1736450 447
1736460 447
1736470 447
1736480 446
1736490 446
1736500 446
1736510 445
1736520 445
1736530 444
1736540 444
1736550 444
1736560 443
1736570 443
1736580 443
1736590 442
1736600 442
1736610 442
1736620 441
1736630 441
1736640 440
1736650 440
1736660 439
1736670 439
1736680 439
1736690 438
1736700 438
1736710 437
1736720 437
1736730 437
1736740 436
1736750 436
1736760 435
1736770 435
1736780 435
1736790 434
1736800 434
1736810 434
1736820 433
1736830 433
1736840 433
1736850 432
1736860 431
1736870 430
1736880 429
1736890 428
1736900 427
1736910 426
1736920 425
1736930 423
1736940 422
1736950 421
1736960 421
1736970 420
1736980 420
1736990 419
1737000 418
1737010 417
1737020 416
1737030 414
1737040 413
1737050 412
1737060 411
1737070 411
1737080 409
1737090 408
1737100 407
1737110 406
1737120 406
1737130 406
1737140 406
1737150 406
1737160 406
1737170 406
1737180 406
1737190 407
1737200 407
1737210 407
1737220 407
1737230 407
1737240 407
1737250 405
1737260 404
1737270 403
1737280 402
1737290 402
1737300 403
1737310 406
1737320 408
1737330 409
1737340 410
1737350 410
1737360 411
1737370 410
1737380 410
1737390 411
1737400 412
1737410 414
1737420 416
1737430 417
1737440 418
1737450 418
1737460 418
1737470 418
1737480 418
1737490 418
1737500 418
1737510 419
1737520 419
1737530 419
1737540 420
1737550 420
1737560 420
1737570 420
1737580 421
1737590 421
1737600 422
1737610 422
1737620 422
1737630 423
1737640 424
1737650 424
1737660 425
1737670 426
1737680 426
1737690 426
1737700 427
1737710 427
1737720 426
1737730 426
1737740 426
1737750 425
1737760 425
1737770 425
1737780 424
1737790 424
1737800 423
1737810 423
1737820 422
1737830 422
1737840 422
1737850 422
1737860 421
1737870 421
1737880 421
1737890 420
1737900 420
1737910 419
1737920 418
1737930 418
1737940 417
1737950 417
1737960 416
1737970 416
1737980 415
1737990 415
1738000 414
1738010 414
1738020 413
1738030 413
1738040 412
1738050 411
1738060 411
1738070 410
1738080 410
1738090 409
1738100 408
1738110 407
1738120 407
1738130 406
1738140 405
1738150 404
1738160 404
1738170 403
1738180 402
1738190 401
1738200 401
1738210 401
1738220 400
1738230 400
1738240 400
1738250 400
1738260 399
1738270 399
1738280 399
1738290 398
1738300 398
1738310 398
1738320 398
1738330 398
1738340 398
1738350 398
1738360 398
1738370 397
1738380 397
1738390 395
1738400 394
1738410 392
1738420 391
1738430 389
1738440 387
1738450 386
1738460 384
1738470 383
1738480 382
1738490 381
1738500 380
1738510 379
1738520 378
1738530 377
1738540 376
1738550 375
1738560 374
1738570 373
1738580 372
1738590 371
1738600 371
1738610 370
1738620 370
1738630 370
1738640 370
1738650 369
1738660 369
1738670 369
1738680 369
1738690 370
1738700 370
1738710 370
1738720 369
1738730 369
1738740 369
1738750 369
1738760 368
1738770 369
1738780 369
1738790 369
1738800 370
1738810 373
1738820 377
1738830 382
1738840 387
1738850 392
1738860 395
1738870 400
1738880 404
1738890 407
1738900 410
1738910 411
1738920 413
1738930 415
1738940 417
1738950 418
1738960 419
1738970 419
1738980 419
1738990 419
1739000 420
1739010 420
1739020 420
1739030 420
1739040 420
1739050 420
1739060 420
1739070 421
1739080 421
1739090 422
1739100 422
1739110 422
1739120 422
1739130 422
1739140 422
1739150 422
1739160 422
1739170 422
1739180 422
1739190 422
1739200 422
1739210 422
1739220 422
1739230 422
1739240 421
1739250 421
1739260 420
1739270 419
1739280 418
1739290 417
1739300 416
1739310 415
1739320 415
1739330 414
1739340 414
1739350 414
1739360 414
1739370 414
1739380 414
1739390 414
1739400 414
1739410 414
1739420 414
1739430 414
1739440 414
1739450 413
1739460 412
1739470 411
1739480 411
1739490 410
1739500 410
1739510 409
1739520 408
1739530 407
1739540 407
1739550 406
1739560 406
1739570 405
1739580 405
1739590 404
1739600 404
1739610 404
1739620 403
1739630 402
1739640 401
1739650 400
1739660 398
1739670 396
1739680 394
1739690 393
1739700 392
1739710 390
1739720 389
1739730 388
1739740 388
1739750 388
1739760 388
1739770 388
1739780 387
1739790 387
1739800 387
1739810 387
1739820 387
1739830 386
1739840 385
1739850 384
1739860 384
1739870 383
1739880 382
1739890 380
1739900 377
1739910 374
1739920 371
1739930 370
1739940 369
1739950 370
1739960 370
1739970 371
1739980 371
1739990 371
