1720000 496
1720010 496
1720020 496
1720030 496
1720040 496
1720050 496
1720060 496
1720070 496
1720080 496
1720090 496
1720100 496
1720110 496
1720120 496
1720130 496
1720140 496
1720150 495
1720160 495
1720170 495
1720180 495
1720190 495
1720200 495
1720210 495
1720220 495
1720230 494
1720240 494
1720250 494
1720260 494
1720270 494
1720280 494
1720290 493
1720300 493
1720310 493
1720320 493
1720330 493
1720340 492
1720350 492
1720360 492
1720370 492
1720380 492
1720390 491
1720400 491
1720410 491
1720420 491
1720430 491
1720440 490
1720450 490
1720460 490
1720470 490
1720480 490
1720490 489
1720500 489
1720510 489
1720520 489
1720530 488
1720540 488
1720550 488
1720560 487
1720570 487
1720580 487
1720590 486
1720600 486
1720610 486
1720620 486
1720630 485
1720640 485
1720650 485
1720660 484
1720670 484
1720680 483
1720690 483
1720700 483
1720710 482
1720720 482
1720730 482
1720740 481
1720750 481
1720760 480
1720770 480
1720780 480
1720790 479
1720800 479
1720810 479
1720820 478
1720830 478
1720840 477
1720850 477
1720860 477
1720870 476
1720880 476
1720890 475
1720900 475
1720910 474
1720920 474
1720930 474
1720940 474
1720950 473
1720960 473
1720970 473
1720980 472
1720990 472
1721000 472
1721010 471
1721020 471
1721030 471
1721040 470
1721050 470
1721060 470
1721070 469
1721080 469
1721090 469
1721100 469
1721110 469
1721120 468
1721130 468
1721140 468
1721150 467
1721160 467
1721170 467
1721180 467
1721190 467
1721200 466
1721210 466
1721220 466
1721230 466
1721240 466
1721250 466
1721260 465
1721270 465
1721280 465
1721290 465
1721300 465
1721310 465
1721320 465
1721330 464
1721340 464
1721350 464
1721360 464
1721370 464
1721380 464
1721390 464
1721400 464
1721410 463
1721420 463
1721430 463
1721440 463
1721450 463
1721460 463
1721470 463
1721480 463
1721490 462
1721500 462
1721510 462
1721520 462
1721530 462
1721540 462
1721550 462
1721560 462
1721570 462
1721580 462
1721590 462
1721600 462
1721610 462
1721620 462
1721630 462
1721640 462
1721650 462
1721660 462
1721670 462
1721680 462
1721690 462
1721700 462
1721710 462
1721720 463
1721730 463
1721740 463
1721750 463
1721760 463
1721770 463
1721780 463
1721790 463
1721800 464
1721810 464
1721820 464
1721830 464
1721840 464
1721850 464
1721860 464
1721870 464
1721880 464
1721890 464
1721900 464
1721910 464
1721920 464
1721930 464
1721940 464
1721950 464
1721960 464
1721970 464
1721980 464
1721990 464
1722000 463
1722010 463
1722020 463
1722030 463
1722040 463
1722050 463
1722060 463
1722070 462
1722080 462
1722090 462
1722100 462
1722110 462
1722120 461
1722130 461
1722140 461
1722150 461
1722160 461
1722170 461
1722180 460
1722190 460
1722200 460
1722210 460
1722220 459
1722230 459
1722240 458
1722250 458
1722260 458
1722270 457
1722280 457
1722290 456
1722300 456
1722310 455
1722320 455
1722330 453
1722340 451
1722350 447
1722360 442
1722370 437
1722380 431
1722390 428
1722400 426
1722410 426
1722420 426
1722430 426
1722440 425
1722450 425
1722460 425
1722470 425
1722480 425
1722490 425
1722500 425
1722510 425
1722520 425
1722530 425
1722540 425
1722550 425
1722560 425
1722570 425
1722580 425
1722590 425
1722600 425
1722610 425
1722620 425
1722630 425
1722640 425
1722650 426
1722660 426
1722670 426
1722680 426
1722690 426
1722700 426
1722710 426
1722720 425
1722730 425
1722740 425
1722750 426
1722760 426
1722770 426
1722780 426
1722790 426
1722800 426
1722810 426
1722820 426
1722830 426
1722840 426
1722850 426
1722860 426
1722870 426
1722880 425
1722890 425
1722900 425
1722910 425
1722920 425
1722930 425
1722940 425
1722950 426
1722960 426
1722970 426
1722980 426
1722990 425
1723000 425
1723010 425
1723020 425
1723030 426
1723040 426
1723050 426
1723060 426
1723070 426
1723080 426
1723090 426
1723100 426
1723110 426
1723120 426
1723130 426
1723140 426
1723150 426
1723160 426
1723170 426
1723180 426
1723190 426
1723200 426
1723210 426
1723220 426
1723230 426
1723240 426
1723250 426
1723260 426
1723270 426
1723280 426
1723290 426
1723300 426
1723310 426
1723320 426
1723330 426
1723340 426
1723350 426
1723360 426
1723370 426
1723380 426
1723390 426
1723400 426
1723410 426
1723420 426
1723430 426
1723440 426
1723450 426
1723460 426
1723470 426
1723480 426
1723490 427
1723500 427
1723510 427
1723520 427
1723530 427
1723540 427
1723550 427
1723560 426
1723570 426
1723580 426
1723590 426
1723600 426
1723610 427
1723620 427
1723630 427
1723640 427
1723650 427
1723660 427
1723670 427
1723680 428
1723690 428
1723700 429
1723710 429
1723720 429
1723730 429
1723740 429
1723750 429
1723760 429
1723770 429
1723780 430
1723790 430
1723800 430
1723810 431
1723820 432
1723830 433
1723840 435
1723850 436
1723860 438
1723870 440
1723880 442
1723890 444
1723900 446
1723910 448
1723920 449
1723930 451
1723940 452
1723950 452
1723960 453
1723970 453
1723980 453
1723990 454
1724000 454
1724010 455
1724020 455
1724030 455
1724040 454
1724050 454
1724060 455
1724070 455
1724080 456
1724090 457
1724100 458
1724110 459
1724120 460
1724130 460
1724140 461
1724150 461
1724160 461
1724170 462
1724180 462
1724190 462
1724200 462
1724210 462
1724220 462
1724230 462
1724240 463
1724250 463
1724260 463
1724270 464
1724280 464
1724290 465
1724300 465
1724310 465
1724320 465
1724330 466
1724340 466
1724350 465
1724360 464
1724370 463
1724380 463
1724390 461
1724400 459
1724410 457
1724420 456
1724430 457
1724440 458
1724450 459
1724460 460
1724470 461
1724480 462
1724490 463
1724500 463
1724510 462
1724520 462
1724530 462
1724540 462
1724550 462
1724560 462
1724570 463
1724580 463
1724590 463
1724600 462
1724610 462
1724620 462
1724630 462
1724640 462
1724650 461
1724660 461
1724670 462
1724680 462
1724690 464
1724700 465
1724710 467
1724720 469
1724730 470
1724740 472
1724750 473
1724760 474
1724770 475
1724780 475
1724790 475
1724800 476
1724810 477
1724820 477
1724830 477
1724840 477
1724850 477
1724860 478
1724870 478
1724880 478
1724890 479
1724900 479
1724910 479
1724920 479
1724930 479
1724940 479
1724950 479
1724960 479
1724970 479
1724980 479
1724990 479
1725000 478
1725010 478
1725020 477
1725030 477
1725040 478
1725050 478
1725060 478
1725070 478
1725080 478
1725090 478
1725100 478
1725110 478
1725120 479
1725130 479
1725140 479
1725150 479
1725160 479
1725170 479
1725180 479
1725190 479
1725200 480
1725210 480
1725220 480
1725230 480
1725240 480
1725250 480
1725260 480
1725270 480
1725280 481
1725290 481
1725300 481
1725310 481
1725320 482
1725330 482
1725340 482
1725350 483
1725360 483
1725370 483
1725380 484
1725390 484
1725400 484
1725410 485
1725420 485
1725430 486
1725440 486
1725450 486
1725460 487
1725470 487
1725480 487
1725490 488
1725500 488
1725510 489
1725520 489
1725530 490
1725540 490
1725550 490
1725560 490
1725570 491
1725580 491
1725590 492
1725600 493
1725610 494
1725620 494
1725630 494
1725640 494
1725650 494
1725660 495
1725670 495
1725680 495
1725690 495
1725700 495
1725710 495
1725720 495
1725730 495
1725740 495
1725750 495
1725760 495
1725770 495
1725780 495
1725790 496
1725800 495
1725810 496
1725820 496
1725830 496
1725840 496
1725850 496
1725860 496
1725870 496
1725880 496
1725890 496
1725900 496
1725910 496
1725920 496
1725930 496
1725940 496
1725950 496
1725960 496
1725970 496
1725980 496
1725990 496
1726000 496
1726010 496
1726020 496
1726030 496
1726040 496
1726050 496
1726060 496
1726070 496
1726080 496
1726090 496
1726100 496
1726110 496
1726120 496
1726130 496
1726140 496
1726150 496
1726160 496
1726170 496
1726180 496
1726190 496
1726200 496
1726210 497
1726220 497
1726230 497
1726240 497
1726250 497
1726260 497
1726270 497
1726280 497
1726290 497
1726300 497
1726310 497
1726320 498
1726330 498
1726340 498
1726350 498
1726360 498
1726370 498
1726380 498
1726390 498
1726400 498
1726410 498
1726420 498
1726430 498
1726440 498
