1720000 470
1720010 469
1720020 469
1720030 469
1720040 469
1720050 469
1720060 469
1720070 469
1720080 469
1720090 469
1720100 468
1720110 468
1720120 468
1720130 468
1720140 468
1720150 468
1720160 468
1720170 468
1720180 468
1720190 468
1720200 468
1720210 468
1720220 468
1720230 468
1720240 468
1720250 468
1720260 468
1720270 468
1720280 468
1720290 468
1720300 468
1720310 468
1720320 468
1720330 468
1720340 468
1720350 469
1720360 469
1720370 469
1720380 469
1720390 469
1720400 469
1720410 469
1720420 469
1720430 469
1720440 469
1720450 469
1720460 469
1720470 469
1720480 469
1720490 469
1720500 469
1720510 469
1720520 469
1720530 469
1720540 469
1720550 469
1720560 468
1720570 468
1720580 468
1720590 468
1720600 468
1720610 468
1720620 468
1720630 467
1720640 467
1720650 467
1720660 467
1720670 466
1720680 466
1720690 465
1720700 465
1720710 465
1720720 464
1720730 464
1720740 463
1720750 463
1720760 463
1720770 462
1720780 462
1720790 461
1720800 461
1720810 461
1720820 460
1720830 460
1720840 460
1720850 459
1720860 459
1720870 459
1720880 458
1720890 458
1720900 458
1720910 457
1720920 457
1720930 457
1720940 456
1720950 456
1720960 456
1720970 455
1720980 455
1720990 454
1721000 453
1721010 452
1721020 450
1721030 448
1721040 446
1721050 446
1721060 448
1721070 450
1721080 453
1721090 455
1721100 456
1721110 456
1721120 456
1721130 455
1721140 455
1721150 455
1721160 454
1721170 454
1721180 454
1721190 454
1721200 454
1721210 453
1721220 453
1721230 453
1721240 453
1721250 452
1721260 452
1721270 452
1721280 451
1721290 451
1721300 450
1721310 450
1721320 450
1721330 449
1721340 449
1721350 449
1721360 449
1721370 449
1721380 449
1721390 449
1721400 448
1721410 448
1721420 448
1721430 447
1721440 447
1721450 447
1721460 446
1721470 445
1721480 443
1721490 442
1721500 441
1721510 440
1721520 439
1721530 439
1721540 438
1721550 437
1721560 436
1721570 436
1721580 436
1721590 436
1721600 437
1721610 438
1721620 441
1721630 442
1721640 443
1721650 444
1721660 446
1721670 446
1721680 447
1721690 447
1721700 448
1721710 449
1721720 449
1721730 449
1721740 449
1721750 450
1721760 450
1721770 450
1721780 451
1721790 451
1721800 451
1721810 452
1721820 452
1721830 452
1721840 453
1721850 453
1721860 453
1721870 454
1721880 454
1721890 454
1721900 454
1721910 454
1721920 455
1721930 455
1721940 455
1721950 455
1721960 455
1721970 455
1721980 456
1721990 456
1722000 456
1722010 456
1722020 456
1722030 456
1722040 456
1722050 456
1722060 456
1722070 456
1722080 456
1722090 456
1722100 456
1722110 455
1722120 455
1722130 454
1722140 454
1722150 453
1722160 453
1722170 452
1722180 450
1722190 447
1722200 444
1722210 440
1722220 436
1722230 433
1722240 432
1722250 431
1722260 431
1722270 431
1722280 431
1722290 431
1722300 431
1722310 431
1722320 431
1722330 431
1722340 431
1722350 431
1722360 431
1722370 431
1722380 431
1722390 430
1722400 430
1722410 430
1722420 430
1722430 431
1722440 431
1722450 433
1722460 435
1722470 438
1722480 441
1722490 444
1722500 448
1722510 452
1722520 455
1722530 458
1722540 459
1722550 460
1722560 461
1722570 462
1722580 462
1722590 462
1722600 463
1722610 463
1722620 463
1722630 463
1722640 463
1722650 464
1722660 464
1722670 464
1722680 464
1722690 465
1722700 465
1722710 465
1722720 465
1722730 465
1722740 466
1722750 466
1722760 466
1722770 466
1722780 467
1722790 467
1722800 467
1722810 467
1722820 467
1722830 468
1722840 468
1722850 468
1722860 469
1722870 469
1722880 470
1722890 470
1722900 471
1722910 471
1722920 471
1722930 472
1722940 472
1722950 473
1722960 473
1722970 474
1722980 474
1722990 475
1723000 476
1723010 476
1723020 477
1723030 477
1723040 477
1723050 478
1723060 478
1723070 479
1723080 479
1723090 480
1723100 480
1723110 480
1723120 481
1723130 481
1723140 481
1723150 481
1723160 482
1723170 482
1723180 482
1723190 482
1723200 482
1723210 483
1723220 483
1723230 483
1723240 483
1723250 484
1723260 484
1723270 484
1723280 484
1723290 485
1723300 485
1723310 485
1723320 485
1723330 486
1723340 486
1723350 486
1723360 486
1723370 486
1723380 487
1723390 487
1723400 487
1723410 487
1723420 488
1723430 488
1723440 488
1723450 488
1723460 489
1723470 489
1723480 489
1723490 489
1723500 490
1723510 490
1723520 490
1723530 490
1723540 491
1723550 491
1723560 491
1723570 491
1723580 492
1723590 492
1723600 492
1723610 492
1723620 493
1723630 493
1723640 493
1723650 493
1723660 493
1723670 493
1723680 494
1723690 494
1723700 494
1723710 494
1723720 494
1723730 495
1723740 495
1723750 495
1723760 495
1723770 495
1723780 495
1723790 496
1723800 496
1723810 496
1723820 496
1723830 497
1723840 497
1723850 497
1723860 497
1723870 497
1723880 498
1723890 498
1723900 498
1723910 498
1723920 498
1723930 498
1723940 498
1723950 499
1723960 499
1723970 499
1723980 499
1723990 499
1724000 499
1724010 499
1724020 499
1724030 499
1724040 499
1724050 500
1724060 500
1724070 500
1724080 500
1724090 500
1724100 500
1724110 500
1724120 500
1724130 500
1724140 500
1724150 500
1724160 500
1724170 501
1724180 501
1724190 501
1724200 501
1724210 501
1724220 501
1724230 501
1724240 501
1724250 501
1724260 501
1724270 501
1724280 501
1724290 501
1724300 501
1724310 501
1724320 501
1724330 501
1724340 501
1724350 501
1724360 501
1724370 501
1724380 501
1724390 501
1724400 501
1724410 501
1724420 501
1724430 501
1724440 501
1724450 501
1724460 501
1724470 501
1724480 501
1724490 501
1724500 501
1724510 501
1724520 501
1724530 501
1724540 501
1724550 502
1724560 502
1724570 502
1724580 501
1724590 501
1724600 501
1724610 501
1724620 501
1724630 501
1724640 501
1724650 501
1724660 501
1724670 501
1724680 501
1724690 501
1724700 501
1724710 501
1724720 501
1724730 501
1724740 501
1724750 500
1724760 500
1724770 500
1724780 500
1724790 500
1724800 500
1724810 500
1724820 500
1724830 499
1724840 499
1724850 499
1724860 499
1724870 499
1724880 498
1724890 498
1724900 498
1724910 498
1724920 498
1724930 498
1724940 498
1724950 497
1724960 497
1724970 497
1724980 497
1724990 497
1725000 496
1725010 496
1725020 496
1725030 496
1725040 495
1725050 495
1725060 495
1725070 495
1725080 495
1725090 495
1725100 494
1725110 494
1725120 494
1725130 494
1725140 494
1725150 494
1725160 494
1725170 493
1725180 493
1725190 493
1725200 493
1725210 493
1725220 493
1725230 493
1725240 493
1725250 492
1725260 492
1725270 492
1725280 492
1725290 492
1725300 492
1725310 492
1725320 492
1725330 492
1725340 492
1725350 492
1725360 492
1725370 491
1725380 491
1725390 491
1725400 491
1725410 491
1725420 491
1725430 491
1725440 491
1725450 491
1725460 491
1725470 491
1725480 491
1725490 491
1725500 491
1725510 490
1725520 490
